0 0.075 0.9546875 0.059375 0.04375
0 0.08671875 0.89765625 0.0578125 0.0546875
0 0.115625 0.8453125 0.046875 0.05
0 0.16875 0.825 0.05 0.053125
0 0.26171875 0.88203125 0.0578125 0.0484375
0 0.015625 0.54453125 0.03125 0.0515625
0 0.44375 0.7390625 0.1125 0.125
0 0.31171875 0.5421875 0.1109375 0.10625
0 0.3875 0.49921875 0.0875 0.1140625
0 0.5046875 0.4953125 0.11875 0.11875
0 0.6140625 0.5609375 0.090625 0.1
0 0.74921875 0.61171875 0.0546875 0.0546875
0 0.825 0.4484375 0.06875 0.053125
0 0.19921875 0.284375 0.1046875 0.10625
0 0.4453125 0.02421875 0.053125 0.0484375
0 0.80546875 0.2890625 0.1171875 0.1125
0 0.72734375 0.0125 0.0796875 0.025
0 0.9328125 0.0265625 0.078125 0.053125