0 0.09921875 0.96953125 0.1171875 0.0609375
0 0.03046875 0.7 0.0609375 0.0625
0 0.01015625 0.2671875 0.0203125 0.034375
0 0.34140625 0.790625 0.1015625 0.090625
0 0.2265625 0.7296875 0.078125 0.059375
0 0.20625 0.621875 0.075 0.065625
0 0.5453125 0.45 0.084375 0.078125
0 0.78828125 0.5046875 0.0890625 0.078125
0 0.8640625 0.690625 0.059375 0.040625
0 0.834375 0.803125 0.053125 0.0375
0 0.82890625 0.9 0.0609375 0.05
0 0.82578125 0.9875 0.0515625 0.025
0 0.13984375 0.246875 0.0484375 0.040625
0 0.12265625 0.1609375 0.0546875 0.034375