0 0.90234375 0.03046875 0.1171875 0.0609375
0 0.96953125 0.3 0.0609375 0.0625
0 0.98984375 0.7328125 0.0203125 0.034375
0 0.65859375 0.2109375 0.1015625 0.090625
0 0.7734375 0.271875 0.078125 0.059375
0 0.7953125 0.378125 0.075 0.065625
0 0.4546875 0.5515625 0.084375 0.078125
0 0.21171875 0.496875 0.0890625 0.078125
0 0.1375 0.309375 0.059375 0.040625
0 0.1671875 0.1984375 0.053125 0.0375
0 0.171875 0.1 0.0625 0.05
0 0.17578125 0.0140625 0.0515625 0.025
0 0.86015625 0.7546875 0.0484375 0.040625
0 0.87734375 0.840625 0.0546875 0.034375