0 0.5328125 0.22265625 0.040625 0.0359375
0 0.69375 0.490625 0.08359375 0.08203125
0 0.8421875 0.54140625 0.046875 0.0359375
0 0.821875 0.584375 0.04609375 0.034375
0 0.3140625 0.44921875 0.07265625 0.0546875
0 0.315625 0.51484375 0.065625 0.0484375
0 0.471875 0.5984375 0.05859375 0.071875
0 0.4 0.56328125 0.059375 0.0703125
0 0.6109375 0.6703125 0.0625 0.07734375
0 0.23125 0.734375 0.084375 0.06484375
0 0.703125 0.84453125 0.04921875 0.0546875
0 0.54375 0.975 0.05234375 0.04765625
0 0.459375 0.965625 0.05 0.05234375
0 0.36953125 0.9265625 0.0859375 0.10546875
0 0.29609375 0.84609375 0.0546875 0.0671875
0 0.1859375 0.834375 0.08515625 0.103125
0 0.09375 0.784375 0.08515625 0.10703125