0 0.9875 0.32421875 0.025 0.0828125
0 0.965625 0.59609375 0.059375 0.0578125
0 0.9109375 0.63984375 0.0625 0.0578125
0 0.83828125 0.446875 0.0421875 0.0625
0 0.88125 0.72734375 0.059375 0.0484375
0 0.86328125 0.790625 0.0609375 0.053125
0 0.81484375 0.84375 0.0546875 0.059375
0 0.75078125 0.8625 0.0484375 0.05625
0 0.6921875 0.89921875 0.053125 0.0609375
0 0.5328125 0.7765625 0.05625 0.05
0 0.5765625 0.6515625 0.053125 0.046875
0 0.353125 0.6640625 0.05625 0.05
0 0.1890625 0.59375 0.046875 0.046875
0 0.221875 0.534375 0.053125 0.053125
0 0.2578125 0.465625 0.08125 0.065625
0 0.41875 0.5390625 0.0625 0.0625
0 0.0453125 0.4828125 0.05625 0.05
0 0.02265625 0.540625 0.0421875 0.059375
0 0.86171875 0.0109375 0.0546875 0.021875