0 0.6296875 0.2984375 0.05703125 0.04609375
0 0.0140625 0.490625 0.028125 0.08125
0 0.1359375 0.54140625 0.046875 0.0359375
0 0.1140625 0.584375 0.04609375 0.034375
0 0.36875 0.6171875 0.05234375 0.06640625
0 0.32421875 0.69453125 0.0828125 0.0765625
0 0.440625 0.65625 0.05546875 0.05546875
0 0.50703125 0.6875 0.0703125 0.05234375
0 0.5953125 0.740625 0.05703125 0.059375
0 0.63984375 0.796875 0.0578125 0.06171875
0 0.446875 0.86953125 0.0625 0.0421875
0 0.7265625 0.8265625 0.04765625 0.059375
0 0.790625 0.84453125 0.05234375 0.0609375
0 0.8421875 0.89296875 0.06015625 0.0546875
0 0.8625 0.95703125 0.05625 0.0484375
0 0.0109375 0.84453125 0.02109375 0.0546875