0 0.1375 0.1703125 0.04765625 0.05234375
0 0.29375 0.259375 0.04375 0.04296875
0 0.4296875 0.3546875 0.0375 0.05234375
0 0.4703125 0.403125 0.03671875 0.04296875
0 0.515625 0.38828125 0.046875 0.0421875
0 0.5375 0.4453125 0.03671875 0.03984375
0 0.25 0.5140625 0.04921875 0.046875
0 0.66953125 0.5140625 0.0328125 0.03515625
0 0.6875 0.48125 0.025 0.02734375
0 0.8296875 0.56875 0.03359375 0.03203125
0 0.8609375 0.5953125 0.03984375 0.03828125
0 0.8640625 0.634375 0.03828125 0.025
0 0.83828125 0.64375 0.0296875 0.0375