0 0.3890625 0.0265625 0.06640625 0.04765625
0 0.4984375 0.096875 0.06328125 0.075
0 0.3765625 0.0953125 0.065625 0.05703125
0 0.715625 0.215625 0.07109375 0.07109375
0 0.15625 0.31640625 0.06953125 0.0453125
0 0.128125 0.36953125 0.06640625 0.0484375
0 0.4 0.48359375 0.06484375 0.0734375
0 0.28359375 0.55546875 0.0703125 0.0453125
0 0.29296875 0.6296875 0.0609375 0.04765625
0 0.35 0.66484375 0.04765625 0.0640625
0 0.4859375 0.6046875 0.04609375 0.06015625
0 0.5625 0.61796875 0.04375 0.0671875
0 0.62265625 0.76484375 0.0703125 0.0484375
0 0.63515625 0.83125 0.0640625 0.04765625
0 0.5140625 0.871875 0.05078125 0.053125
0 0.45625 0.8890625 0.04765625 0.05234375
0 0.45546875 0.94765625 0.0578125 0.0546875
0 0.471875 0.9890625 0.05703125 0.02109375
0 0.8359375 0.90703125 0.05234375 0.0484375