0 0.9734375 0.6109375 0.046875 0.065625
0 0.903125 0.5015625 0.075 0.0625
0 0.9046875 0.6234375 0.05625 0.065625
0 0.784375 0.2859375 0.071875 0.071875
0 0.68515625 0.84296875 0.0453125 0.0703125
0 0.63203125 0.871875 0.0484375 0.065625
0 0.51640625 0.6 0.0734375 0.065625
0 0.44609375 0.71796875 0.0453125 0.0703125
0 0.3703125 0.70859375 0.046875 0.0609375
0 0.33515625 0.65 0.0640625 0.046875
0 0.3953125 0.5140625 0.059375 0.046875
0 0.38203125 0.4390625 0.0671875 0.04375
0 0.23515625 0.37890625 0.0484375 0.0703125
0 0.16875 0.36640625 0.046875 0.0640625
0 0.1296875 0.4859375 0.053125 0.05
0 0.1125 0.54375 0.053125 0.046875
0 0.05390625 0.54609375 0.0546875 0.0578125
0 0.0109375 0.528125 0.021875 0.05625
0 0.09453125 0.165625 0.0484375 0.053125