2 0.04875 0.0613265625 0.028749999999999998 0.0613265625 0.028749999999999998 0.07259062499999999 0.04875 0.07259062499999999 0.04875 0.0613265625
2 0.70375 0.42678281250000005 0.69625 0.42678281250000005 0.69625 0.4392984375 0.70375 0.4392984375 0.70375 0.42678281250000005
2 0.7125 0.42428125000000005 0.70625 0.42428125000000005 0.70625 0.43929999999999997 0.7125 0.43929999999999997 0.7125 0.42428125000000005
2 0.73 0.42678281250000005 0.7224999999999999 0.42678281250000005 0.7224999999999999 0.4392984375 0.73 0.4392984375 0.73 0.42678281250000005
2 0.74875 0.42678281250000005 0.74 0.42678281250000005 0.74 0.441803125 0.74875 0.441803125 0.74875 0.42678281250000005
2 0.7575000000000001 0.428034375 0.75 0.428034375 0.75 0.44555625 0.7575000000000001 0.44555625 0.7575000000000001 0.428034375
2 0.7675 0.4305390625 0.76 0.4305390625 0.76 0.44430625 0.7675 0.44430625 0.7675 0.4305390625
2 0.78625 0.4330421875 0.78 0.4330421875 0.78 0.4468078125 0.78625 0.4468078125 0.78625 0.4330421875
2 0.7575000000000001 0.1714640625 0.7462500000000001 0.1714640625 0.7462500000000001 0.1789734375 0.7575000000000001 0.1789734375 0.7575000000000001 0.1714640625
2 0.83125 0.15519375 0.82125 0.15519375 0.82125 0.16145156249999998 0.83125 0.16145156249999998 0.83125 0.15519375
2 0.51125 0.102628125 0.5025000000000001 0.102628125 0.5025000000000001 0.1088859375 0.51125 0.1088859375 0.51125 0.102628125
2 0.15875 0.0738421875 0.14750000000000002 0.0738421875 0.14750000000000002 0.07884843750000001 0.15875 0.07884843750000001 0.15875 0.0738421875
2 0.08125 0.0663328125 0.06999999999999999 0.0663328125 0.06999999999999999 0.07259062499999999 0.08125 0.07259062499999999 0.08125 0.0663328125
2 0.32375 0.08510625000000001 0.3125 0.08510625000000001 0.3125 0.0913640625 0.32375 0.0913640625 0.32375 0.08510625000000001
2 0.5662499999999999 0.43554375 0.5599999999999999 0.43554375 0.5599999999999999 0.4468078125 0.5662499999999999 0.4468078125 0.5662499999999999 0.43554375
2 0.5700000000000001 0.43804687500000006 0.5650000000000001 0.43804687500000006 0.5650000000000001 0.4468078125 0.5700000000000001 0.4468078125 0.5700000000000001 0.43804687500000006
2 0.58 0.43804687500000006 0.57375 0.43804687500000006 0.57375 0.4468078125 0.58 0.4468078125 0.58 0.43804687500000006
2 0.86 0.4593234375 0.85375 0.4593234375 0.85375 0.471840625 0.86 0.471840625 0.86 0.4593234375
2 0.71 0.5932421875 0.70375 0.5932421875 0.70375 0.6032546875 0.71 0.6032546875 0.71 0.5932421875
2 0.71375 0.5932421875 0.7075 0.5932421875 0.7075 0.6032546875 0.71375 0.6032546875 0.71375 0.5932421875
2 0.73625 0.53441875 0.73 0.53441875 0.73 0.54568125 0.73625 0.54568125 0.73625 0.53441875
2 0.74 0.53441875 0.735 0.53441875 0.735 0.54568125 0.74 0.54568125 0.74 0.53441875
2 0.705 0.5619515625 0.7 0.5619515625 0.7 0.573215625 0.705 0.573215625 0.705 0.5619515625
2 0.8225 0.5869828125 0.8175000000000001 0.5869828125 0.8175000000000001 0.59574375 0.8225 0.59574375 0.8225 0.5869828125
2 0.7212500000000001 0.5832296875 0.7162499999999999 0.5832296875 0.7162499999999999 0.591990625 0.7212500000000001 0.591990625 0.7212500000000001 0.5832296875
2 0.8225 0.596996875 0.8175000000000001 0.596996875 0.8175000000000001 0.6057578125 0.8225 0.6057578125 0.8225 0.596996875
2 0.86625 0.5894859375 0.8612500000000001 0.5894859375 0.8612500000000001 0.5995 0.86625 0.5995 0.86625 0.5894859375
2 0.85 0.5982484375 0.845 0.5982484375 0.845 0.6095125 0.85 0.6095125 0.85 0.5982484375
2 0.85375 0.5995 0.8487500000000001 0.5995 0.8487500000000001 0.6095125 0.85375 0.6095125 0.85375 0.5995
2 0.87625 0.9687109375 0.8675 0.9687109375 0.8675 0.97496875 0.87625 0.97496875 0.87625 0.9687109375
2 0.905 0.9574468749999999 0.89625 0.9574468749999999 0.89625 0.962453125 0.905 0.962453125 0.905 0.9574468749999999
2 0.9037499999999999 0.952440625 0.89375 0.952440625 0.89375 0.9574468749999999 0.9037499999999999 0.9574468749999999 0.9037499999999999 0.952440625
2 0.9225 0.9386734375 0.91375 0.9386734375 0.91375 0.9461828125 0.9225 0.9461828125 0.9225 0.9386734375
2 0.9237500000000001 0.9461828125 0.91375 0.9461828125 0.91375 0.9536921875000001 0.9237500000000001 0.9536921875000001 0.9237500000000001 0.9461828125
2 0.9237500000000001 0.9511890624999999 0.91625 0.9511890624999999 0.91625 0.9586984375000001 0.9237500000000001 0.9586984375000001 0.9237500000000001 0.9511890624999999
2 0.925 0.95494375 0.9199999999999999 0.95494375 0.9199999999999999 0.967459375 0.925 0.967459375 0.925 0.95494375
2 0.9375 1 0.9375 0.9887359375000001 0.92875 0.9887359375000001 0.92875 1 0.9375 1
2 0.9375 0.5995 0.93125 0.5995 0.93125 0.61451875 0.9375 0.61451875 0.9375 0.5995
2 0.9012499999999999 0.5707125 0.89375 0.5707125 0.89375 0.5832296875 0.9012499999999999 0.5832296875 0.9012499999999999 0.5707125
2 0.9087500000000001 0.541928125 0.9025000000000001 0.541928125 0.9025000000000001 0.5519406250000001 0.9087500000000001 0.5519406250000001 0.9087500000000001 0.541928125
2 1 0.4831046875 0.99375 0.4831046875 0.99375 0.4956203125 1 0.4956203125 1 0.4831046875
2 0.93625 0.47809843750000003 0.9262499999999999 0.47809843750000003 0.9262499999999999 0.48435625 0.93625 0.48435625 0.93625 0.47809843750000003
2 0.9525 0.4793484375 0.9425000000000001 0.4793484375 0.9425000000000001 0.48435468750000005 0.9525 0.48435468750000005 0.9525 0.4793484375
2 0.73 0.583228125 0.72375 0.583228125 0.72375 0.5932421875 0.73 0.5932421875 0.73 0.583228125
2 0.795 0.598246875 0.79125 0.598246875 0.79125 0.6070078125 0.795 0.6070078125 0.795 0.598246875
2 0.7424999999999999 0.591990625 0.73625 0.591990625 0.73625 0.6032546875 0.7424999999999999 0.6032546875 0.7424999999999999 0.591990625
2 0.9237500000000001 0.5894859375 0.9175000000000001 0.5894859375 0.9175000000000001 0.5995 0.9237500000000001 0.5995 0.9237500000000001 0.5894859375
2 0.9 0.602003125 0.8949999999999999 0.602003125 0.8949999999999999 0.6107640625 0.9 0.6107640625 0.9 0.602003125
2 0.9425000000000001 0.571965625 0.93625 0.571965625 0.93625 0.58448125 0.9425000000000001 0.58448125 0.9425000000000001 0.571965625