2 0.30625 0.79625 0.29 0.79625 0.29 0.8012499999999999 0.30625 0.8012499999999999 0.30625 0.79625
2 0.3325 0.86875 0.31625000000000003 0.86875 0.31625000000000003 0.875 0.3325 0.875 0.3325 0.86875
2 0.22749999999999998 0.88125 0.2225 0.88125 0.2225 0.9 0.22749999999999998 0.9 0.22749999999999998 0.88125
2 0.2375 0.89375 0.22999999999999998 0.89375 0.22999999999999998 0.9099999999999999 0.2375 0.9099999999999999 0.2375 0.89375
2 0.25375000000000003 0.9775 0.24625 0.9775 0.24625 0.9949999999999999 0.25375000000000003 0.9949999999999999 0.25375000000000003 0.9775
2 0.78125 0.98125 0.77 0.98125 0.77 0.9949999999999999 0.78125 0.9949999999999999 0.78125 0.98125
2 0.7825 0.975 0.7725 0.975 0.7725 0.9887499999999999 0.7825 0.9887499999999999 0.7825 0.975
2 0.825 0.875 0.8150000000000001 0.875 0.8150000000000001 0.8875 0.825 0.8875 0.825 0.875
2 0.8400000000000001 0.8675 0.8300000000000001 0.8675 0.8300000000000001 0.88125 0.8400000000000001 0.88125 0.8400000000000001 0.8675
2 0.8462500000000001 0.8637499999999999 0.8387499999999999 0.8637499999999999 0.8387499999999999 0.875 0.8462500000000001 0.875 0.8462500000000001 0.8637499999999999
2 0.67125 0.6625 0.6587500000000001 0.6625 0.6587500000000001 0.66875 0.67125 0.66875 0.67125 0.6625
2 0.6849999999999999 0.66125 0.67375 0.66125 0.67375 0.6675 0.6849999999999999 0.6675 0.6849999999999999 0.66125
2 0.9037499999999999 0.61 0.89625 0.61 0.89625 0.62625 0.9037499999999999 0.62625 0.9037499999999999 0.61