2 0.645 0.76875 0.63375 0.76875 0.63375 0.79875 0.645 0.79875 0.645 0.76875
2 0.63375 0.64375 0.62375 0.64375 0.62375 0.6625 0.63375 0.6625 0.63375 0.64375
2 0.62375 0.06 0.615 0.06 0.615 0.08 0.62375 0.08 0.62375 0.06
2 0.625 0.195 0.62 0.195 0.62 0.205 0.625 0.205 0.625 0.195
2 0.6325000000000001 0.51375 0.6287499999999999 0.51375 0.6287499999999999 0.5237499999999999 0.6325000000000001 0.5237499999999999 0.6325000000000001 0.51375
2 0.635 0.5375 0.63 0.5375 0.63 0.5475 0.635 0.5475 0.635 0.5375
2 0.635 0.58375 0.63 0.58375 0.63 0.5925 0.635 0.5925 0.635 0.58375
2 0.635 0.61 0.63 0.61 0.63 0.6212500000000001 0.635 0.6212500000000001 0.635 0.61
2 0.64125 0.6224999999999999 0.63625 0.6224999999999999 0.63625 0.6325000000000001 0.64125 0.6325000000000001 0.64125 0.6224999999999999
2 0.63625 0.6900000000000001 0.63 0.6900000000000001 0.63 0.70125 0.63625 0.70125 0.63625 0.6900000000000001
2 0.49625 0.7025 0.47750000000000004 0.7025 0.47750000000000004 0.71 0.49625 0.71 0.49625 0.7025
2 0.5375 0.70875 0.5225 0.70875 0.5225 0.7150000000000001 0.5375 0.7150000000000001 0.5375 0.70875
2 0.6375 0.7125 0.6325000000000001 0.7125 0.6325000000000001 0.72 0.6375 0.72 0.6375 0.7125
2 0.635 0.75 0.63 0.75 0.63 0.75875 0.635 0.75875 0.635 0.75
2 0.64625 0.8012499999999999 0.64125 0.8012499999999999 0.64125 0.81125 0.64625 0.81125 0.64625 0.8012499999999999
2 0.64 0.75625 0.635 0.75625 0.635 0.765 0.64 0.765 0.64 0.75625
2 0.645 0.875 0.64125 0.875 0.64125 0.8825 0.645 0.8825 0.645 0.875
2 0.64125 0.8300000000000001 0.63625 0.8300000000000001 0.63625 0.8412499999999999 0.64125 0.8412499999999999 0.64125 0.8300000000000001
2 0.6425 0.8875 0.6375 0.8875 0.6375 0.8949999999999999 0.6425 0.8949999999999999 0.6425 0.8875
2 0.63375 0.89375 0.6287499999999999 0.89375 0.6287499999999999 0.9037499999999999 0.63375 0.9037499999999999 0.63375 0.89375
2 0.63625 0.9075 0.63125 0.9075 0.63125 0.91625 0.63625 0.91625 0.63625 0.9075
2 0.635 0.9199999999999999 0.63 0.9199999999999999 0.63 0.93 0.635 0.93 0.635 0.9199999999999999
2 0.64125 0.93125 0.63625 0.93125 0.63625 0.9400000000000001 0.64125 0.9400000000000001 0.64125 0.93125
2 0.64375 0.9425000000000001 0.64 0.9425000000000001 0.64 0.95 0.64375 0.95 0.64375 0.9425000000000001
2 0.645 0.9650000000000001 0.64125 0.9650000000000001 0.64125 0.9737500000000001 0.645 0.9737500000000001 0.645 0.9650000000000001
2 0.64375 0.98375 0.63875 0.98375 0.63875 0.9925 0.64375 0.9925 0.64375 0.98375
2 0.635 0.9475 0.63 0.9475 0.63 0.95875 0.635 0.95875 0.635 0.9475
2 0.215 0.47125000000000006 0.20875 0.47125000000000006 0.20875 0.485 0.215 0.485 0.215 0.47125000000000006
2 0.15 0.6487499999999999 0.13125 0.6487499999999999 0.13125 0.66875 0.15 0.66875 0.15 0.6487499999999999
2 0.29874999999999996 0.7224999999999999 0.29125 0.7224999999999999 0.29125 0.7325 0.29874999999999996 0.7325 0.29874999999999996 0.7224999999999999
2 0.22000000000000003 0.375 0.215 0.375 0.215 0.38375 0.22000000000000003 0.38375 0.22000000000000003 0.375