1 0.93 0.6975 0.9087500000000001 0.6975 0.9087500000000001 0.7212500000000001 0.93 0.7212500000000001 0.93 0.6975
1 0.5125 0.75125 0.50125 0.75125 0.50125 0.765 0.5125 0.765 0.5125 0.75125
1 0.865 0.7150000000000001 0.85125 0.7150000000000001 0.85125 0.7325 0.865 0.7325 0.865 0.7150000000000001
1 0.5912499999999999 0.7325 0.5725 0.7325 0.5725 0.745 0.5912499999999999 0.745 0.5912499999999999 0.7325
1 0.5525 0.75 0.5387500000000001 0.75 0.5387500000000001 0.7675 0.5525 0.7675 0.5525 0.75
1 0.5287499999999999 0.755 0.51625 0.755 0.51625 0.77 0.5287499999999999 0.77 0.5287499999999999 0.755
1 0.45 0.775 0.4325 0.775 0.4325 0.78625 0.45 0.78625 0.45 0.775
1 0.89375 0.7025 0.88125 0.7025 0.88125 0.72375 0.89375 0.72375 0.89375 0.7025
1 0.5375 0.75125 0.5287499999999999 0.75125 0.5287499999999999 0.765 0.5375 0.765 0.5375 0.75125
1 0.26375000000000004 0.90625 0.24874999999999997 0.90625 0.24874999999999997 0.92125 0.26375000000000004 0.92125 0.26375000000000004 0.90625
1 0.69875 0.7212500000000001 0.675 0.7212500000000001 0.675 0.7525000000000001 0.69875 0.7525000000000001 0.69875 0.7212500000000001
1 0.61 0.73625 0.5962500000000001 0.73625 0.5962500000000001 0.7525000000000001 0.61 0.7525000000000001 0.61 0.73625
1 0.8400000000000001 0.7075 0.8300000000000001 0.7075 0.8300000000000001 0.7212500000000001 0.8400000000000001 0.7212500000000001 0.8400000000000001 0.7075
1 0.24500000000000002 0.9025000000000001 0.22999999999999998 0.9025000000000001 0.22999999999999998 0.9175000000000001 0.24500000000000002 0.9175000000000001 0.24500000000000002 0.9025000000000001