1 0.7825 0.5974999999999999 0.77 0.5974999999999999 0.77 0.61125 0.7825 0.61125 0.7825 0.5974999999999999
1 0.7224999999999999 0.84375 0.675 0.84375 0.675 0.8625 0.7224999999999999 0.8625 0.7224999999999999 0.84375
1 0.7975 0.8300000000000001 0.7375 0.8300000000000001 0.7375 0.8487500000000001 0.7975 0.8487500000000001 0.7975 0.8300000000000001
1 0.5875 0.795 0.57875 0.795 0.57875 0.81125 0.5875 0.81125 0.5875 0.795
1 0.9337500000000001 0.55125 0.8875 0.55125 0.8875 0.6287499999999999 0.9337500000000001 0.6287499999999999 0.9337500000000001 0.55125
1 0.8925000000000001 0.5587500000000001 0.8612500000000001 0.5587500000000001 0.8612500000000001 0.62 0.8925000000000001 0.62 0.8925000000000001 0.5587500000000001
1 0.8150000000000001 0.5775 0.80625 0.5775 0.80625 0.58875 0.8150000000000001 0.58875 0.8150000000000001 0.5775
1 0.8237500000000001 0.5825 0.8012499999999999 0.5825 0.8012499999999999 0.60375 0.8237500000000001 0.60375 0.8237500000000001 0.5825
1 0.61125 0.74875 0.5974999999999999 0.74875 0.5974999999999999 0.75875 0.61125 0.75875 0.61125 0.74875
1 0.94625 0.5337500000000001 0.9349999999999999 0.5337500000000001 0.9349999999999999 0.5475 0.94625 0.5475 0.94625 0.5337500000000001
1 0.8 0.85125 0.6725 0.85125 0.6725 0.8875 0.8 0.8875 0.8 0.85125
1 0.8425 0.5650000000000001 0.8300000000000001 0.5650000000000001 0.8300000000000001 0.58125 0.8425 0.58125 0.8425 0.5650000000000001
1 0.93125 0.5387500000000001 0.915 0.5387500000000001 0.915 0.55125 0.93125 0.55125 0.93125 0.5387500000000001
1 0.6825 0.67625 0.655 0.67625 0.655 0.6925 0.6825 0.6925 0.6825 0.67625
1 0.61625 0.735 0.60375 0.735 0.60375 0.745 0.61625 0.745 0.61625 0.735
1 0.76875 0.60875 0.7575000000000001 0.60875 0.7575000000000001 0.61875 0.76875 0.61875 0.76875 0.60875
1 0.68125 0.6675 0.66625 0.6675 0.66625 0.67625 0.68125 0.67625 0.68125 0.6675
1 0.69625 0.6525000000000001 0.68625 0.6525000000000001 0.68625 0.6625 0.69625 0.6625 0.69625 0.6525000000000001