1 0.2375 0.03125 0.2225 0.03125 0.2225 0.04625 0.2375 0.04625 0.2375 0.03125
1 0.59875 0.41500000000000004 0.55625 0.41500000000000004 0.55625 0.48375 0.59875 0.48375 0.59875 0.41500000000000004
1 0.76875 0.5675 0.7075 0.5675 0.7075 0.6599999999999999 0.76875 0.6599999999999999 0.76875 0.5675
1 0.5125 0.225 0.50125 0.225 0.50125 0.24375 0.5125 0.24375 0.5125 0.225
1 0.49124999999999996 0.1675 0.48250000000000004 0.1675 0.48250000000000004 0.18 0.49124999999999996 0.18 0.49124999999999996 0.1675
1 0.27 0.04375 0.22125 0.04375 0.22125 0.095 0.27 0.095 0.27 0.04375
1 0.25 0.0375 0.21125 0.0375 0.21125 0.08 0.25 0.08 0.25 0.0375
1 0.47750000000000004 0.14625 0.46875 0.14625 0.46875 0.15625 0.47750000000000004 0.15625 0.47750000000000004 0.14625
1 0.225 0.05125 0.21375000000000002 0.05125 0.21375000000000002 0.06375 0.225 0.06375 0.225 0.05125
1 0.69625 0.25 0.6537499999999999 0.25 0.6537499999999999 0.32125 0.69625 0.32125 0.69625 0.25
1 0.24 0.03625 0.22749999999999998 0.03625 0.22749999999999998 0.04875 0.24 0.04875 0.24 0.03625
1 0.22125 0.04625 0.21125 0.04625 0.21125 0.061250000000000006 0.22125 0.061250000000000006 0.22125 0.04625