0 0.8015625 0.35390625 0.075 0.0859375
0 0.37109375 0.45859375 0.0359375 0.0515625
0 0.45234375 0.446875 0.0703125 0.0875
0 0.5359375 0.428125 0.065625 0.090625
0 0.6171875 0.40625 0.075 0.09375
0 0.6203125 0.584375 0.059375 0.059375
0 0.3296875 0.55859375 0.084375 0.0796875
0 0.53515625 0.63828125 0.0796875 0.0953125
0 0.34765625 0.64609375 0.0796875 0.0671875
0 0.184375 0.7796875 0.071875 0.071875
0 0.20703125 0.8671875 0.0796875 0.075
0 0.41328125 0.89921875 0.0796875 0.0703125
0 0.7953125 0.5390625 0.046875 0.04375
0 0.69609375 0.83046875 0.0296875 0.0359375
0 0.04375 0.2078125 0.04375 0.046875
0 0.065625 0.2734375 0.046875 0.034375