0 0.6671875 0.02578125 0.071875 0.0515625
0 0.590625 0.028125 0.046875 0.05
0 0.7109375 0.19609375 0.04375 0.0484375
0 0.565625 0.2296875 0.04375 0.053125
0 0.5171875 0.3265625 0.05 0.04375
0 0.5421875 0.4078125 0.075 0.078125
0 0.696875 0.5515625 0.05 0.053125
0 0.55859375 0.496875 0.0453125 0.040625
0 0.82265625 0.75859375 0.0484375 0.0421875
0 0.6078125 0.665625 0.053125 0.046875
0 0.378125 0.546875 0.08125 0.071875
0 0.4 0.634375 0.071875 0.065625
0 0.4234375 0.7171875 0.071875 0.075
0 0.0953125 0.35390625 0.075 0.0859375
0 0.0890625 0.5390625 0.046875 0.04375