0 0.97421875 0.6671875 0.0515625 0.071875
0 0.9734375 0.590625 0.05 0.046875
0 0.80546875 0.7109375 0.0484375 0.04375
0 0.7703125 0.565625 0.053125 0.04375
0 0.6734375 0.5171875 0.04375 0.05
0 0.59375 0.5421875 0.078125 0.075
0 0.45 0.696875 0.053125 0.05
0 0.503125 0.55859375 0.040625 0.0453125
0 0.24140625 0.82265625 0.0421875 0.0484375
0 0.334375 0.6078125 0.046875 0.053125
0 0.453125 0.378125 0.071875 0.08125
0 0.3671875 0.4 0.065625 0.071875
0 0.284375 0.4234375 0.075 0.071875
0 0.64765625 0.0953125 0.0859375 0.075
0 0.4609375 0.0890625 0.04375 0.046875