0 0.334375 0.02578125 0.071875 0.0515625
0 0.4109375 0.028125 0.046875 0.05
0 0.2890625 0.19609375 0.04296875 0.0484375
0 0.434375 0.2296875 0.04453125 0.053125
0 0.484375 0.3265625 0.04921875 0.04296875
0 0.459375 0.4078125 0.075 0.07734375
0 0.3046875 0.5515625 0.05 0.053125
0 0.44296875 0.496875 0.0453125 0.03984375
0 0.17890625 0.75859375 0.0484375 0.0421875
0 0.3921875 0.665625 0.053125 0.046875
0 0.621875 0.546875 0.08046875 0.071875
0 0.6 0.6328125 0.071875 0.06640625
0 0.5765625 0.715625 0.07265625 0.07578125
0 0.90625 0.35390625 0.07421875 0.0859375
0 0.9109375 0.5390625 0.04765625 0.04296875