0 0.2 0.35390625 0.07421875 0.0859375
0 0.62890625 0.45859375 0.0359375 0.0515625
0 0.54765625 0.446875 0.0703125 0.08828125
0 0.4640625 0.428125 0.06640625 0.09140625
0 0.3828125 0.40625 0.07421875 0.09296875
0 0.38125 0.584375 0.059375 0.059375
0 0.6703125 0.55859375 0.084375 0.0796875
0 0.46484375 0.63828125 0.0796875 0.0953125
0 0.65234375 0.64609375 0.0796875 0.0671875
0 0.8171875 0.7796875 0.07109375 0.07109375
0 0.79296875 0.8671875 0.0796875 0.075
0 0.58828125 0.89921875 0.0796875 0.0703125
0 0.2046875 0.5390625 0.04765625 0.04296875
0 0.30390625 0.83046875 0.0296875 0.0359375
0 0.9578125 0.2078125 0.04375 0.04609375
0 0.9359375 0.2734375 0.04609375 0.034375