0 0.5046875 0.01953125 0.090625 0.0390625
0 0.6953125 0.028125 0.059375 0.05625
0 0.8171875 0.0359375 0.09375 0.071875
0 0.93203125 0.04765625 0.0796875 0.0953125
0 0.9203125 0.4640625 0.04375 0.065625
0 0.6234375 0.42734375 0.053125 0.0671875
0 0.4640625 0.390625 0.096875 0.1125
0 0.3328125 0.3734375 0.10625 0.1125
0 0.19609375 0.35859375 0.0953125 0.0921875
0 0.175 0.8234375 0.128125 0.109375
0 0.3640625 0.6515625 0.096875 0.1
0 0.571875 0.6734375 0.090625 0.096875
0 0.78046875 0.70625 0.0984375 0.09375