0 0.01953125 0.5046875 0.0390625 0.08984375
0 0.028125 0.6953125 0.05625 0.05859375
0 0.0359375 0.8171875 0.07109375 0.09296875
0 0.04765625 0.93203125 0.0953125 0.0796875
0 0.4640625 0.9203125 0.065625 0.04296875
0 0.42734375 0.6234375 0.0671875 0.05234375
0 0.390625 0.4640625 0.11171875 0.09765625
0 0.3734375 0.3328125 0.1125 0.10703125
0 0.35859375 0.19609375 0.0921875 0.0953125
0 0.8234375 0.175 0.109375 0.128125
0 0.6515625 0.3640625 0.10078125 0.096875
0 0.6734375 0.571875 0.09765625 0.08984375
0 0.7046875 0.78046875 0.09453125 0.0984375