0 0.4953125 0.98046875 0.090625 0.0390625
0 0.30625 0.971875 0.059375 0.05625
0 0.1828125 0.9640625 0.09375 0.071875
0 0.06796875 0.95234375 0.0796875 0.0953125
0 0.08125 0.5359375 0.04375 0.065625
0 0.378125 0.57421875 0.053125 0.0671875
0 0.5359375 0.6109375 0.096875 0.1125
0 0.6671875 0.6265625 0.10625 0.1125
0 0.80390625 0.64296875 0.0953125 0.0921875
0 0.8265625 0.1765625 0.128125 0.109375
0 0.6375 0.3484375 0.096875 0.1
0 0.4296875 0.3265625 0.090625 0.096875
0 0.21953125 0.2953125 0.0984375 0.09375