2 0.6212500000000001 0.1975 0.5525 0.1975 0.5525 0.20875 0.6212500000000001 0.20875 0.6212500000000001 0.1975
2 0.55625 0.36625 0.5337500000000001 0.36625 0.5337500000000001 0.38125 0.55625 0.38125 0.55625 0.36625
2 0.6125 0.25125000000000003 0.5925 0.25125000000000003 0.5925 0.26125 0.6125 0.26125 0.6125 0.25125000000000003
2 0.5287499999999999 0.40125 0.51 0.40125 0.51 0.4125 0.5287499999999999 0.4125 0.5287499999999999 0.40125
2 0.54625 0.37875000000000003 0.5275000000000001 0.37875000000000003 0.5275000000000001 0.39125 0.54625 0.39125 0.54625 0.37875000000000003
2 0.5912499999999999 0.32999999999999996 0.5725 0.32999999999999996 0.5725 0.34125 0.5912499999999999 0.34125 0.5912499999999999 0.32999999999999996
2 0.70625 0.32125 0.6925 0.32125 0.6925 0.33625 0.70625 0.33625 0.70625 0.32125
2 0.72875 0.3275 0.71375 0.3275 0.71375 0.34500000000000003 0.72875 0.34500000000000003 0.72875 0.3275
2 0.70125 0.35875 0.6925 0.35875 0.6925 0.375 0.70125 0.375 0.70125 0.35875
2 0.4175 0.58125 0.395 0.58125 0.395 0.59875 0.4175 0.59875 0.4175 0.58125
2 0.8387499999999999 0.35875 0.81875 0.35875 0.81875 0.3825 0.8387499999999999 0.3825 0.8387499999999999 0.35875
2 0.875 0.0075 0.8612500000000001 0.0075 0.8612500000000001 0.02375 0.875 0.02375 0.875 0.0075
2 0.22749999999999998 0.10124999999999999 0.21125 0.10124999999999999 0.21125 0.12 0.22749999999999998 0.12 0.22749999999999998 0.10124999999999999
2 0.36375 0.36625 0.34249999999999997 0.36625 0.34249999999999997 0.37625000000000003 0.36375 0.37625000000000003 0.36375 0.36625
2 0.1625 0.325 0.15375 0.325 0.15375 0.34125 0.1625 0.34125 0.1625 0.325
2 0.095 0.34375 0.075 0.34375 0.075 0.3525 0.095 0.3525 0.095 0.34375
2 0.04375 0.3225 0.034999999999999996 0.3225 0.034999999999999996 0.33875 0.04375 0.33875 0.04375 0.3225
2 0.25375000000000003 0.09125 0.24 0.09125 0.24 0.10625 0.25375000000000003 0.10625 0.25375000000000003 0.09125
2 0.24500000000000002 0.11374999999999999 0.22875 0.11374999999999999 0.22875 0.12625 0.24500000000000002 0.12625 0.24500000000000002 0.11374999999999999
2 0.22999999999999998 0.058750000000000004 0.2125 0.058750000000000004 0.2125 0.06999999999999999 0.22999999999999998 0.06999999999999999 0.22999999999999998 0.058750000000000004
2 0.41 0.1925 0.39249999999999996 0.1925 0.39249999999999996 0.20249999999999999 0.41 0.20249999999999999 0.41 0.1925
2 0.72 0.21625 0.7025 0.21625 0.7025 0.22374999999999998 0.72 0.22374999999999998 0.72 0.21625
2 0.6174999999999999 0.32875 0.6012500000000001 0.32875 0.6012500000000001 0.34125 0.6174999999999999 0.34125 0.6174999999999999 0.32875
2 0.58125 0.34500000000000003 0.56375 0.34500000000000003 0.56375 0.35625 0.58125 0.35625 0.58125 0.34500000000000003