2 0.13374999999999998 0.00375 0.11875 0.00375 0.11875 0.015 0.13374999999999998 0.015 0.13374999999999998 0.00375
2 0.13625 0.025 0.12125 0.025 0.12125 0.0325 0.13625 0.0325 0.13625 0.025
2 0.1325 0.16499999999999998 0.11374999999999999 0.16499999999999998 0.11374999999999999 0.175 0.1325 0.175 0.1325 0.16499999999999998
2 0.34125 0.28250000000000003 0.325 0.28250000000000003 0.325 0.28875 0.34125 0.28875 0.34125 0.28250000000000003
2 0.34375 0.29 0.3275 0.29 0.3275 0.29500000000000004 0.34375 0.29500000000000004 0.34375 0.29
2 0.33875 0.29625 0.325 0.29625 0.325 0.3025 0.33875 0.3025 0.33875 0.29625
2 0.34249999999999997 0.305 0.325 0.305 0.325 0.3125 0.34249999999999997 0.3125 0.34249999999999997 0.305
2 0.39875 0.30125 0.38125 0.30125 0.38125 0.315 0.39875 0.315 0.39875 0.30125
2 0.05 0.28500000000000003 0.03375 0.28500000000000003 0.03375 0.2925 0.05 0.2925 0.05 0.28500000000000003
2 0.05 0.29500000000000004 0.034999999999999996 0.29500000000000004 0.034999999999999996 0.30125 0.05 0.30125 0.05 0.29500000000000004
2 0.05375 0.46375 0.04625 0.46375 0.04625 0.47750000000000004 0.05375 0.47750000000000004 0.05375 0.46375
2 0.19 0.5175 0.18125 0.5175 0.18125 0.5337500000000001 0.19 0.5337500000000001 0.19 0.5175
2 0.058750000000000004 0.54 0.041249999999999995 0.54 0.041249999999999995 0.54875 0.058750000000000004 0.54875 0.058750000000000004 0.54
2 0.65625 0.86625 0.635 0.86625 0.635 0.875 0.65625 0.875 0.65625 0.86625
2 0.8087500000000001 0.86875 0.7925 0.86875 0.7925 0.8775000000000001 0.8087500000000001 0.8775000000000001 0.8087500000000001 0.86875
2 0.9112500000000001 0.765 0.905 0.765 0.905 0.78125 0.9112500000000001 0.78125 0.9112500000000001 0.765
2 0.9475 0.8012499999999999 0.9375 0.8012499999999999 0.9375 0.8175000000000001 0.9475 0.8175000000000001 0.9475 0.8012499999999999
2 0.9724999999999999 0.8012499999999999 0.9637499999999999 0.8012499999999999 0.9637499999999999 0.82 0.9724999999999999 0.82 0.9724999999999999 0.8012499999999999
2 0.9875 0.79875 0.9775 0.79875 0.9775 0.81375 0.9875 0.81375 0.9875 0.79875
2 0.55125 0.13 0.5387500000000001 0.13 0.5387500000000001 0.13625 0.55125 0.13625 0.55125 0.13
2 0.08625000000000001 0.63875 0.0725 0.63875 0.0725 0.645 0.08625000000000001 0.645 0.08625000000000001 0.63875
2 0.11374999999999999 0.83625 0.10375000000000001 0.83625 0.10375000000000001 0.85 0.11374999999999999 0.85 0.11374999999999999 0.83625
2 0.9012499999999999 0.9099999999999999 0.8925000000000001 0.9099999999999999 0.8925000000000001 0.9275 0.9012499999999999 0.9275 0.9012499999999999 0.9099999999999999
2 0.985 0.62375 0.97875 0.62375 0.97875 0.6375 0.985 0.6375 0.985 0.62375
2 0.99375 0.64125 0.9862500000000001 0.64125 0.9862500000000001 0.6575 0.99375 0.6575 0.99375 0.64125
2 0.97875 0.6775 0.97 0.6775 0.97 0.69375 0.97875 0.69375 0.97875 0.6775
2 0.9862500000000001 0.76125 0.9775 0.76125 0.9775 0.7787499999999999 0.9862500000000001 0.7787499999999999 0.9862500000000001 0.76125
2 0.9025000000000001 0.76625 0.8949999999999999 0.76625 0.8949999999999999 0.78125 0.9025000000000001 0.78125 0.9025000000000001 0.76625
2 0.8949999999999999 0.7675 0.8862500000000001 0.7675 0.8862500000000001 0.78125 0.8949999999999999 0.78125 0.8949999999999999 0.7675
2 0.99 0.905 0.9824999999999999 0.905 0.9824999999999999 0.9199999999999999 0.99 0.9199999999999999 0.99 0.905
2 0.9962500000000001 0.21125 0.9862500000000001 0.21125 0.9862500000000001 0.22749999999999998 0.9962500000000001 0.22749999999999998 0.9962500000000001 0.21125