2 0.01 0.175 0.005 0.175 0.005 0.18875 0.01 0.18875 0.01 0.175
2 0.015 0.18625 0.01125 0.18625 0.01125 0.2 0.015 0.2 0.015 0.18625
2 0.0225 0.175 0.017499999999999998 0.175 0.017499999999999998 0.18625 0.0225 0.18625 0.0225 0.175
2 0.045 0.18875 0.041249999999999995 0.18875 0.041249999999999995 0.2 0.045 0.2 0.045 0.18875
2 0.05375 0.17875000000000002 0.04875 0.17875000000000002 0.04875 0.19 0.05375 0.19 0.05375 0.17875000000000002
2 0.06 0.1775 0.05500000000000001 0.1775 0.05500000000000001 0.1925 0.06 0.1925 0.06 0.1775
2 0.07125000000000001 0.18125 0.06625 0.18125 0.06625 0.19624999999999998 0.07125000000000001 0.19624999999999998 0.07125000000000001 0.18125
2 0.075 0.21375000000000002 0.06999999999999999 0.21375000000000002 0.06999999999999999 0.22749999999999998 0.075 0.22749999999999998 0.075 0.21375000000000002
2 0.08249999999999999 0.21375000000000002 0.07875 0.21375000000000002 0.07875 0.22625 0.08249999999999999 0.22625 0.08249999999999999 0.21375000000000002
2 0.08875 0.21375000000000002 0.08499999999999999 0.21375000000000002 0.08499999999999999 0.22625 0.08875 0.22625 0.08875 0.21375000000000002
2 0.10500000000000001 0.22125 0.10124999999999999 0.22125 0.10124999999999999 0.2325 0.10500000000000001 0.2325 0.10500000000000001 0.22125
2 0.34500000000000003 0.2625 0.335 0.2625 0.335 0.26749999999999996 0.34500000000000003 0.26749999999999996 0.34500000000000003 0.2625
2 0.35750000000000004 0.25875 0.34500000000000003 0.25875 0.34500000000000003 0.26375000000000004 0.35750000000000004 0.26375000000000004 0.35750000000000004 0.25875
2 0.38875000000000004 0.2625 0.37625000000000003 0.2625 0.37625000000000003 0.26749999999999996 0.38875000000000004 0.26749999999999996 0.38875000000000004 0.2625
2 0.39875 0.24125000000000002 0.3875 0.24125000000000002 0.3875 0.24874999999999997 0.39875 0.24874999999999997 0.39875 0.24125000000000002
2 0.41500000000000004 0.2475 0.4025 0.2475 0.4025 0.2525 0.41500000000000004 0.2525 0.41500000000000004 0.2475
2 0.49625 0.25 0.48624999999999996 0.25 0.48624999999999996 0.255 0.49625 0.255 0.49625 0.25
2 0.4725 0.2925 0.46749999999999997 0.2925 0.46749999999999997 0.30375 0.4725 0.30375 0.4725 0.2925
2 0.44749999999999995 0.27375 0.43499999999999994 0.27375 0.43499999999999994 0.27749999999999997 0.44749999999999995 0.27749999999999997 0.44749999999999995 0.27375
2 0.44625000000000004 0.27625 0.43624999999999997 0.27625 0.43624999999999997 0.28125 0.44625000000000004 0.28125 0.44625000000000004 0.27625
2 0.44625000000000004 0.2875 0.43499999999999994 0.2875 0.43499999999999994 0.29125 0.44625000000000004 0.29125 0.44625000000000004 0.2875
2 0.44875 0.31875 0.43499999999999994 0.31875 0.43499999999999994 0.32375 0.44875 0.32375 0.44875 0.31875
2 0.44749999999999995 0.3225 0.43624999999999997 0.3225 0.43624999999999997 0.3275 0.44749999999999995 0.3275 0.44749999999999995 0.3225
2 0.9637499999999999 0.1775 0.95875 0.1775 0.95875 0.1925 0.9637499999999999 0.1925 0.9637499999999999 0.1775
2 0.3875 0.013750000000000002 0.38375 0.013750000000000002 0.38375 0.02375 0.3875 0.02375 0.3875 0.013750000000000002