2 0.026250000000000002 0.6775 0.00625 0.6775 0.00625 0.6875 0.026250000000000002 0.6875 0.026250000000000002 0.6775
2 0.05 0.67 0.034999999999999996 0.67 0.034999999999999996 0.67625 0.05 0.67625 0.05 0.67
2 0.09375 0.66625 0.0775 0.66625 0.0775 0.6725 0.09375 0.6725 0.09375 0.66625
2 0.11374999999999999 0.64625 0.1025 0.64625 0.1025 0.6575 0.11374999999999999 0.6575 0.11374999999999999 0.64625
2 0.1375 0.6325000000000001 0.13125 0.6325000000000001 0.13125 0.64625 0.1375 0.64625 0.1375 0.6325000000000001
2 0.1775 0.6625 0.16 0.6625 0.16 0.67 0.1775 0.67 0.1775 0.6625
2 0.0975 0.70625 0.08 0.70625 0.08 0.71375 0.0975 0.71375 0.0975 0.70625
2 0.30375 0.6287499999999999 0.2925 0.6287499999999999 0.2925 0.645 0.30375 0.645 0.30375 0.6287499999999999
2 0.41500000000000004 0.47750000000000004 0.40125 0.47750000000000004 0.40125 0.485 0.41500000000000004 0.485 0.41500000000000004 0.47750000000000004
2 0.67875 0.73625 0.67125 0.73625 0.67125 0.74875 0.67875 0.74875 0.67875 0.73625
2 0.55625 0.7025 0.5387500000000001 0.7025 0.5387500000000001 0.7112499999999999 0.55625 0.7112499999999999 0.55625 0.7025
2 0.68125 0.75 0.6725 0.75 0.6725 0.7625 0.68125 0.7625 0.68125 0.75
2 0.6825 0.7675 0.6725 0.7675 0.6725 0.78 0.6825 0.78 0.6825 0.7675
2 0.66875 0.78625 0.65125 0.78625 0.65125 0.7925 0.66875 0.7925 0.66875 0.78625
2 0.64625 0.7925 0.6287499999999999 0.7925 0.6287499999999999 0.8012499999999999 0.64625 0.8012499999999999 0.64625 0.7925
2 0.6637500000000001 0.80625 0.64625 0.80625 0.64625 0.81375 0.6637500000000001 0.81375 0.6637500000000001 0.80625
2 0.645 0.8074999999999999 0.6287499999999999 0.8074999999999999 0.6287499999999999 0.8150000000000001 0.645 0.8150000000000001 0.645 0.8074999999999999
2 0.5625 0.8087500000000001 0.54625 0.8087500000000001 0.54625 0.8150000000000001 0.5625 0.8150000000000001 0.5625 0.8087500000000001
2 0.5625 0.83375 0.54625 0.83375 0.54625 0.84375 0.5625 0.84375 0.5625 0.83375
2 0.6475 0.8300000000000001 0.63375 0.8300000000000001 0.63375 0.83625 0.6475 0.83625 0.6475 0.8300000000000001
2 0.6637500000000001 0.83375 0.64 0.83375 0.64 0.84375 0.6637500000000001 0.84375 0.6637500000000001 0.83375
2 0.6599999999999999 0.9025000000000001 0.64125 0.9025000000000001 0.64125 0.9099999999999999 0.6599999999999999 0.9099999999999999 0.6599999999999999 0.9025000000000001
2 0.6900000000000001 0.86875 0.6825 0.86875 0.6825 0.885 0.6900000000000001 0.885 0.6900000000000001 0.86875
2 0.6950000000000001 0.92875 0.6849999999999999 0.92875 0.6849999999999999 0.945 0.6950000000000001 0.945 0.6950000000000001 0.92875
2 0.6950000000000001 0.945 0.6849999999999999 0.945 0.6849999999999999 0.96 0.6950000000000001 0.96 0.6950000000000001 0.945
2 0.53125 0.017499999999999998 0.51375 0.017499999999999998 0.51375 0.02375 0.53125 0.02375 0.53125 0.017499999999999998
2 0.09 0.30375 0.08249999999999999 0.30375 0.08249999999999999 0.31875 0.09 0.31875 0.09 0.30375
2 0.0975 0.29125 0.09125 0.29125 0.09125 0.305 0.0975 0.305 0.0975 0.29125