2 0.33125 0.24375 0.3175 0.24375 0.3175 0.25 0.33125 0.25 0.33125 0.24375
2 0.29500000000000004 0.2475 0.275 0.2475 0.275 0.25375000000000003 0.29500000000000004 0.25375000000000003 0.29500000000000004 0.2475
2 0.26749999999999996 0.2475 0.2525 0.2475 0.2525 0.2575 0.26749999999999996 0.2575 0.26749999999999996 0.2475
2 0.1775 0.25875 0.16375 0.25875 0.16375 0.265 0.1775 0.265 0.1775 0.25875
2 0.03375 0.27125 0.02 0.27125 0.02 0.27749999999999997 0.03375 0.27749999999999997 0.03375 0.27125
2 0.061250000000000006 0.27 0.04875 0.27 0.04875 0.275 0.061250000000000006 0.275 0.061250000000000006 0.27
2 0.8975 0.39 0.8875 0.39 0.8875 0.40625 0.8975 0.40625 0.8975 0.39
2 0.9125 0.4725 0.905 0.4725 0.905 0.48875 0.9125 0.48875 0.9125 0.4725
2 0.8275 0.04625 0.82 0.04625 0.82 0.061250000000000006 0.8275 0.061250000000000006 0.8275 0.04625
2 0.81875 0.08875 0.8099999999999999 0.08875 0.8099999999999999 0.10625 0.81875 0.10625 0.81875 0.08875
2 0.9712500000000001 0.7837500000000001 0.95375 0.7837500000000001 0.95375 0.7975 0.9712500000000001 0.7975 0.9712500000000001 0.7837500000000001
2 0.7224999999999999 0.8637499999999999 0.70625 0.8637499999999999 0.70625 0.885 0.7224999999999999 0.885 0.7224999999999999 0.8637499999999999
2 0.05375 0.19 0.045 0.19 0.045 0.20625 0.05375 0.20625 0.05375 0.19
2 0.065 0.18625 0.058750000000000004 0.18625 0.058750000000000004 0.2 0.065 0.2 0.065 0.18625
2 0.2525 0.20249999999999999 0.24500000000000002 0.20249999999999999 0.24500000000000002 0.21749999999999997 0.2525 0.21749999999999997 0.2525 0.20249999999999999
2 0.25125000000000003 0.25 0.24 0.25 0.24 0.25875 0.25125000000000003 0.25875 0.25125000000000003 0.25
2 0.43 0.22125 0.41624999999999995 0.22125 0.41624999999999995 0.23125 0.43 0.23125 0.43 0.22125
2 0.42374999999999996 0.2325 0.41125 0.2325 0.41125 0.24125000000000002 0.42374999999999996 0.24125000000000002 0.42374999999999996 0.2325
2 0.6012500000000001 0.275 0.5912499999999999 0.275 0.5912499999999999 0.28875 0.6012500000000001 0.28875 0.6012500000000001 0.275
2 0.55375 0.10874999999999999 0.54125 0.10874999999999999 0.54125 0.11875 0.55375 0.11875 0.55375 0.10874999999999999
2 0.68875 0.1775 0.6799999999999999 0.1775 0.6799999999999999 0.19375 0.68875 0.19375 0.68875 0.1775
2 0.7 0.30375 0.6925 0.30375 0.6925 0.3175 0.7 0.3175 0.7 0.30375
2 0.9887499999999999 0.5625 0.9737500000000001 0.5625 0.9737500000000001 0.57125 0.9887499999999999 0.57125 0.9887499999999999 0.5625