2 0.155 0.2125 0.14125000000000001 0.2125 0.14125000000000001 0.24625 0.155 0.24625 0.155 0.2125
2 0.205 0.0675 0.19125 0.0675 0.19125 0.0925 0.205 0.0925 0.205 0.0675
2 0.0675 0.01875 0.052500000000000005 0.01875 0.052500000000000005 0.028749999999999998 0.0675 0.028749999999999998 0.0675 0.01875
2 0.06375 0.057499999999999996 0.05500000000000001 0.057499999999999996 0.05500000000000001 0.06875 0.06375 0.06875 0.06375 0.057499999999999996
2 0.057499999999999996 0.058750000000000004 0.05 0.058750000000000004 0.05 0.06999999999999999 0.057499999999999996 0.06999999999999999 0.057499999999999996 0.058750000000000004
2 0.04625 0.06375 0.03875 0.06375 0.03875 0.075 0.04625 0.075 0.04625 0.06375
2 0.03 0.06999999999999999 0.0225 0.06999999999999999 0.0225 0.08375 0.03 0.08375 0.03 0.06999999999999999
2 0.01875 0.07375000000000001 0.0125 0.07375000000000001 0.0125 0.0875 0.01875 0.0875 0.01875 0.07375000000000001
2 0.013750000000000002 0.07625 0.005 0.07625 0.005 0.0925 0.013750000000000002 0.0925 0.013750000000000002 0.07625
2 0.0775 0.07625 0.06999999999999999 0.07625 0.06999999999999999 0.0925 0.0775 0.0925 0.0775 0.07625
2 0.06999999999999999 0.08375 0.06375 0.08375 0.06375 0.09375 0.06999999999999999 0.09375 0.06999999999999999 0.08375
2 0.065 0.08499999999999999 0.057499999999999996 0.08499999999999999 0.057499999999999996 0.09625 0.065 0.09625 0.065 0.08499999999999999
2 0.05375 0.08875 0.0475 0.08875 0.0475 0.10124999999999999 0.05375 0.10124999999999999 0.05375 0.08875
2 0.0475 0.09125 0.041249999999999995 0.09125 0.041249999999999995 0.10375000000000001 0.0475 0.10375000000000001 0.0475 0.09125
2 0.041249999999999995 0.09375 0.034999999999999996 0.09375 0.034999999999999996 0.10375000000000001 0.041249999999999995 0.10375000000000001 0.041249999999999995 0.09375
2 0.03625 0.09625 0.03 0.09625 0.03 0.10625 0.03625 0.10625 0.03625 0.09625
2 0.03125 0.09875 0.026250000000000002 0.09875 0.026250000000000002 0.11125 0.03125 0.11125 0.03125 0.09875
2 0.026250000000000002 0.1 0.01875 0.1 0.01875 0.11374999999999999 0.026250000000000002 0.11374999999999999 0.026250000000000002 0.1
2 0.02 0.1025 0.013750000000000002 0.1025 0.013750000000000002 0.11499999999999999 0.02 0.11499999999999999 0.02 0.1025
2 0.01875 0.11625 0.01125 0.11625 0.01125 0.12625 0.01875 0.12625 0.01875 0.11625
2 0.013750000000000002 0.12 0.00625 0.12 0.00625 0.13125 0.013750000000000002 0.13125 0.013750000000000002 0.12
2 0.0075 0.12125 0.00125 0.12125 0.00125 0.13374999999999998 0.0075 0.13374999999999998 0.0075 0.12125
2 0.0325 0.16125 0.021249999999999998 0.16125 0.021249999999999998 0.17124999999999999 0.0325 0.17124999999999999 0.0325 0.16125
2 0.07125000000000001 0.1375 0.06 0.1375 0.06 0.14625 0.07125000000000001 0.14625 0.07125000000000001 0.1375
2 0.125 0.13125 0.11625 0.13125 0.11625 0.13999999999999999 0.125 0.13999999999999999 0.125 0.13125
2 0.17375000000000002 0.04 0.16625 0.04 0.16625 0.05125 0.17375000000000002 0.05125 0.17375000000000002 0.04
2 0.19375 0.0075 0.18375 0.0075 0.18375 0.0225 0.19375 0.0225 0.19375 0.0075
2 0.18625 0.05500000000000001 0.18 0.05500000000000001 0.18 0.06875 0.18625 0.06875 0.18625 0.05500000000000001
2 0.1775 0.057499999999999996 0.16875 0.057499999999999996 0.16875 0.0725 0.1775 0.0725 0.1775 0.057499999999999996
2 0.16499999999999998 0.0725 0.15875 0.0725 0.15875 0.08625000000000001 0.16499999999999998 0.08625000000000001 0.16499999999999998 0.0725
2 0.20750000000000002 0.034999999999999996 0.2 0.034999999999999996 0.2 0.04875 0.20750000000000002 0.04875 0.20750000000000002 0.034999999999999996
2 0.205 0.05 0.1975 0.05 0.1975 0.0625 0.205 0.0625 0.205 0.05
2 0.16875 0.09 0.1625 0.09 0.1625 0.10375000000000001 0.16875 0.10375000000000001 0.16875 0.09
2 0.15875 0.10375000000000001 0.15125 0.10375000000000001 0.15125 0.11875 0.15875 0.11875 0.15875 0.10375000000000001
2 0.16499999999999998 0.12625 0.1575 0.12625 0.1575 0.14125000000000001 0.16499999999999998 0.14125000000000001 0.16499999999999998 0.12625
2 0.15375 0.14125000000000001 0.14750000000000002 0.14125000000000001 0.14750000000000002 0.155 0.15375 0.155 0.15375 0.14125000000000001
2 0.16125 0.1575 0.15375 0.1575 0.15375 0.17124999999999999 0.16125 0.17124999999999999 0.16125 0.1575
2 0.1575 0.225 0.14875 0.225 0.14875 0.24 0.1575 0.24 0.1575 0.225
2 0.16 0.19125 0.1525 0.19125 0.1525 0.205 0.16 0.205 0.16 0.19125
2 0.14625 0.255 0.1375 0.255 0.1375 0.275 0.14625 0.275 0.14625 0.255
2 0.03375 0.27125 0.026250000000000002 0.27125 0.026250000000000002 0.28125 0.03375 0.28125 0.03375 0.27125
2 0.15625 0.3825 0.15 0.3825 0.15 0.3975 0.15625 0.3975 0.15625 0.3825
2 0.1575 0.27625 0.14875 0.27625 0.14875 0.29 0.1575 0.29 0.1575 0.27625
2 0.16125 0.5337500000000001 0.15375 0.5337500000000001 0.15375 0.54875 0.16125 0.54875 0.16125 0.5337500000000001
2 0.17625 0.5587500000000001 0.16999999999999998 0.5587500000000001 0.16999999999999998 0.58125 0.17625 0.58125 0.17625 0.5587500000000001
2 0.1775 0.63625 0.17124999999999999 0.63625 0.17124999999999999 0.65 0.1775 0.65 0.1775 0.63625
2 0.1625 0.6587500000000001 0.15625 0.6587500000000001 0.15625 0.67125 0.1625 0.67125 0.1625 0.6587500000000001
2 0.04375 0.7025 0.03625 0.7025 0.03625 0.7150000000000001 0.04375 0.7150000000000001 0.04375 0.7025
2 0.11499999999999999 0.9075 0.10375000000000001 0.9075 0.10375000000000001 0.92125 0.11499999999999999 0.92125 0.11499999999999999 0.9075
2 0.17875000000000002 0.88375 0.16999999999999998 0.88375 0.16999999999999998 0.9012499999999999 0.17875000000000002 0.9012499999999999 0.17875000000000002 0.88375
2 0.22374999999999998 0.7224999999999999 0.21749999999999997 0.7224999999999999 0.21749999999999997 0.7375 0.22374999999999998 0.7375 0.22374999999999998 0.7224999999999999
2 0.21749999999999997 0.72 0.21000000000000002 0.72 0.21000000000000002 0.73625 0.21749999999999997 0.73625 0.21749999999999997 0.72
2 0.20750000000000002 0.7212500000000001 0.20125 0.7212500000000001 0.20125 0.73375 0.20750000000000002 0.73375 0.20750000000000002 0.7212500000000001
2 0.1825 0.905 0.175 0.905 0.175 0.9175000000000001 0.1825 0.9175000000000001 0.1825 0.905
2 0.18625 0.9412499999999999 0.17875000000000002 0.9412499999999999 0.17875000000000002 0.9550000000000001 0.18625 0.9550000000000001 0.18625 0.9412499999999999
2 0.06999999999999999 0.9775 0.06 0.9775 0.06 0.99 0.06999999999999999 0.99 0.06999999999999999 0.9775
2 0.31875 0.95375 0.305 0.95375 0.305 0.96125 0.31875 0.96125 0.31875 0.95375
2 0.385 0.8474999999999999 0.37124999999999997 0.8474999999999999 0.37124999999999997 0.8550000000000001 0.385 0.8550000000000001 0.385 0.8474999999999999
2 0.4 0.8487500000000001 0.38875000000000004 0.8487500000000001 0.38875000000000004 0.85625 0.4 0.85625 0.4 0.8487500000000001
2 0.46875 0.9662499999999999 0.4625 0.9662499999999999 0.4625 0.98125 0.46875 0.98125 0.46875 0.9662499999999999
2 0.47375 0.9862500000000001 0.46624999999999994 0.9862500000000001 0.46624999999999994 0.99875 0.47375 0.99875 0.47375 0.9862500000000001
2 0.5475 0.86 0.5337500000000001 0.86 0.5337500000000001 0.86875 0.5475 0.86875 0.5475 0.86
2 0.56875 0.8699999999999999 0.5575 0.8699999999999999 0.5575 0.8775000000000001 0.56875 0.8775000000000001 0.56875 0.8699999999999999
2 0.7575000000000001 0.9349999999999999 0.75125 0.9349999999999999 0.75125 0.94625 0.7575000000000001 0.94625 0.7575000000000001 0.9349999999999999
2 0.735 0.7275 0.72375 0.7275 0.72375 0.73375 0.735 0.73375 0.735 0.7275
2 0.73625 0.72 0.72375 0.72 0.72375 0.7275 0.73625 0.7275 0.73625 0.72
2 0.73625 0.71375 0.7212500000000001 0.71375 0.7212500000000001 0.72 0.73625 0.72 0.73625 0.71375
2 0.9125 0.38375 0.9025000000000001 0.38375 0.9025000000000001 0.39375 0.9125 0.39375 0.9125 0.38375
2 0.8375 0.44749999999999995 0.8300000000000001 0.44749999999999995 0.8300000000000001 0.45875000000000005 0.8375 0.45875000000000005 0.8375 0.44749999999999995
2 0.8162499999999999 0.47000000000000003 0.805 0.47000000000000003 0.805 0.47625 0.8162499999999999 0.47625 0.8162499999999999 0.47000000000000003
2 0.75875 0.5287499999999999 0.745 0.5287499999999999 0.745 0.5349999999999999 0.75875 0.5349999999999999 0.75875 0.5287499999999999
2 0.7150000000000001 0.54375 0.70375 0.54375 0.70375 0.54875 0.7150000000000001 0.54875 0.7150000000000001 0.54375
2 0.7150000000000001 0.55125 0.7025 0.55125 0.7025 0.5575 0.7150000000000001 0.5575 0.7150000000000001 0.55125
2 0.7162499999999999 0.55625 0.7025 0.55625 0.7025 0.56375 0.7162499999999999 0.56375 0.7162499999999999 0.55625
2 0.7162499999999999 0.56875 0.7025 0.56875 0.7025 0.575 0.7162499999999999 0.575 0.7162499999999999 0.56875
2 0.7150000000000001 0.5862499999999999 0.70125 0.5862499999999999 0.70125 0.59375 0.7150000000000001 0.59375 0.7150000000000001 0.5862499999999999
2 0.74125 0.6174999999999999 0.73 0.6174999999999999 0.73 0.62375 0.74125 0.62375 0.74125 0.6174999999999999
2 0.745 0.5337500000000001 0.73375 0.5337500000000001 0.73375 0.54 0.745 0.54 0.745 0.5337500000000001
2 0.7462500000000001 0.54125 0.73375 0.54125 0.73375 0.5475 0.7462500000000001 0.5475 0.7462500000000001 0.54125
2 0.745 0.5525 0.7325 0.5525 0.7325 0.5599999999999999 0.745 0.5599999999999999 0.745 0.5525
2 0.7575000000000001 0.5337500000000001 0.7462500000000001 0.5337500000000001 0.7462500000000001 0.54125 0.7575000000000001 0.54125 0.7575000000000001 0.5337500000000001
2 0.75625 0.54125 0.7462500000000001 0.54125 0.7462500000000001 0.54625 0.75625 0.54625 0.75625 0.54125
2 0.75625 0.5475 0.745 0.5475 0.745 0.55375 0.75625 0.55375 0.75625 0.5475
2 0.75625 0.5862499999999999 0.74375 0.5862499999999999 0.74375 0.595 0.75625 0.595 0.75625 0.5862499999999999
2 0.74375 0.56875 0.73125 0.56875 0.73125 0.5775 0.74375 0.5775 0.74375 0.56875
2 0.74125 0.5825 0.7325 0.5825 0.7325 0.58875 0.74125 0.58875 0.74125 0.5825
2 0.7424999999999999 0.5875 0.73125 0.5875 0.73125 0.59375 0.7424999999999999 0.59375 0.7424999999999999 0.5875
2 0.8225 0.76125 0.8162499999999999 0.76125 0.8162499999999999 0.7737499999999999 0.8225 0.7737499999999999 0.8225 0.76125
2 0.05125 0.74 0.03625 0.74 0.03625 0.74875 0.05125 0.74875 0.05125 0.74
2 0.32125 0.23875000000000002 0.31375000000000003 0.23875000000000002 0.31375000000000003 0.25125000000000003 0.32125 0.25125000000000003 0.32125 0.23875000000000002
2 0.315 0.26125 0.30125 0.26125 0.30125 0.27875 0.315 0.27875 0.315 0.26125
2 0.335 0.26875 0.31625000000000003 0.26875 0.31625000000000003 0.2875 0.335 0.2875 0.335 0.26875
2 0.31875 0.30625 0.305 0.30625 0.305 0.31375000000000003 0.31875 0.31375000000000003 0.31875 0.30625
2 0.31875 0.315 0.305 0.315 0.305 0.3225 0.31875 0.3225 0.31875 0.315
2 0.31875 0.32375 0.30625 0.32375 0.30625 0.33125 0.31875 0.33125 0.31875 0.32375
2 0.3175 0.3325 0.30625 0.3325 0.30625 0.33999999999999997 0.3175 0.33999999999999997 0.3175 0.3325
2 0.3025 0.3875 0.29125 0.3875 0.29125 0.39375 0.3025 0.39375 0.3025 0.3875
2 0.30375 0.3675 0.29375 0.3675 0.29375 0.375 0.30375 0.375 0.30375 0.3675
2 0.25375000000000003 0.45125000000000004 0.2475 0.45125000000000004 0.2475 0.46375 0.25375000000000003 0.46375 0.25375000000000003 0.45125000000000004
2 0.23125 0.45125000000000004 0.22625 0.45125000000000004 0.22625 0.46624999999999994 0.23125 0.46624999999999994 0.23125 0.45125000000000004
2 0.195 0.51 0.1825 0.51 0.1825 0.5175 0.195 0.5175 0.195 0.51
2 0.24375 0.47375 0.2325 0.47375 0.2325 0.48250000000000004 0.24375 0.48250000000000004 0.24375 0.47375
2 0.24500000000000002 0.48125 0.2375 0.48125 0.2375 0.49375 0.24500000000000002 0.49375 0.24500000000000002 0.48125
2 0.24 0.54125 0.23125 0.54125 0.23125 0.5475 0.24 0.5475 0.24 0.54125
2 0.265 0.5662499999999999 0.25375000000000003 0.5662499999999999 0.25375000000000003 0.575 0.265 0.575 0.265 0.5662499999999999
2 0.265 0.575 0.2525 0.575 0.2525 0.5825 0.265 0.5825 0.265 0.575
2 0.19624999999999998 0.49375 0.18375 0.49375 0.18375 0.5 0.19624999999999998 0.5 0.19624999999999998 0.49375
2 0.19624999999999998 0.50125 0.185 0.50125 0.185 0.5075000000000001 0.19624999999999998 0.5075000000000001 0.19624999999999998 0.50125
2 0.19375 0.5275000000000001 0.1825 0.5275000000000001 0.1825 0.5337500000000001 0.19375 0.5337500000000001 0.19375 0.5275000000000001
2 0.1975 0.5337500000000001 0.1875 0.5337500000000001 0.1875 0.54125 0.1975 0.54125 0.1975 0.5337500000000001
2 0.1975 0.54625 0.18625 0.54625 0.18625 0.5549999999999999 0.1975 0.5549999999999999 0.1975 0.54625
2 0.275 0.58 0.26749999999999996 0.58 0.26749999999999996 0.595 0.275 0.595 0.275 0.58
2 0.275 0.5962500000000001 0.26749999999999996 0.5962500000000001 0.26749999999999996 0.6075 0.275 0.6075 0.275 0.5962500000000001
2 0.28125 0.5912499999999999 0.27375 0.5912499999999999 0.27375 0.605 0.28125 0.605 0.28125 0.5912499999999999
2 0.135 0.6675 0.1275 0.6675 0.1275 0.68125 0.135 0.68125 0.135 0.6675
2 0.8712500000000001 0.85125 0.86 0.85125 0.86 0.86 0.8712500000000001 0.86 0.8712500000000001 0.85125
2 0.8074999999999999 0.32 0.79375 0.32 0.79375 0.32875 0.8074999999999999 0.32875 0.8074999999999999 0.32
2 0.80375 0.3275 0.7925 0.3275 0.7925 0.335 0.80375 0.335 0.80375 0.3275
2 0.81375 0.29500000000000004 0.8012499999999999 0.29500000000000004 0.8012499999999999 0.30375 0.81375 0.30375 0.81375 0.29500000000000004
2 0.74125 0.3325 0.7275 0.3325 0.7275 0.34249999999999997 0.74125 0.34249999999999997 0.74125 0.3325
2 0.71375 0.32375 0.7025 0.32375 0.7025 0.33125 0.71375 0.33125 0.71375 0.32375
2 0.6950000000000001 0.3175 0.6837500000000001 0.3175 0.6837500000000001 0.3275 0.6950000000000001 0.3275 0.6950000000000001 0.3175
2 0.6849999999999999 0.315 0.6725 0.315 0.6725 0.32375 0.6849999999999999 0.32375 0.6849999999999999 0.315
2 0.6587500000000001 0.27999999999999997 0.645 0.27999999999999997 0.645 0.28875 0.6587500000000001 0.28875 0.6587500000000001 0.27999999999999997
2 0.65625 0.2875 0.6425 0.2875 0.6425 0.29625 0.65625 0.29625 0.65625 0.2875
2 0.67625 0.215 0.665 0.215 0.665 0.225 0.67625 0.225 0.67625 0.215
2 0.6912499999999999 0.24375 0.68125 0.24375 0.68125 0.255 0.6912499999999999 0.255 0.6912499999999999 0.24375
2 0.5862499999999999 0.4225 0.57125 0.4225 0.57125 0.42874999999999996 0.5862499999999999 0.42874999999999996 0.5862499999999999 0.4225
2 0.6 0.43 0.5875 0.43 0.5875 0.4375 0.6 0.4375 0.6 0.43
2 0.6125 0.42874999999999996 0.6 0.42874999999999996 0.6 0.44125 0.6125 0.44125 0.6125 0.42874999999999996
2 0.5237499999999999 0.38125 0.5175 0.38125 0.5175 0.39375 0.5237499999999999 0.39375 0.5237499999999999 0.38125
2 0.6275000000000001 0.29625 0.61375 0.29625 0.61375 0.30625 0.6275000000000001 0.30625 0.6275000000000001 0.29625
2 0.3725 0.39875 0.36625 0.39875 0.36625 0.41 0.3725 0.41 0.3725 0.39875
2 0.365 0.38 0.35875 0.38 0.35875 0.39375 0.365 0.39375 0.365 0.38
2 0.36625 0.39875 0.35875 0.39875 0.35875 0.41125 0.36625 0.41125 0.36625 0.39875
2 0.38 0.39875 0.37374999999999997 0.39875 0.37374999999999997 0.4125 0.38 0.4125 0.38 0.39875
2 0.43375 0.37625000000000003 0.42874999999999996 0.37625000000000003 0.42874999999999996 0.39 0.43375 0.39 0.43375 0.37625000000000003
2 0.4575 0.37625000000000003 0.45125000000000004 0.37625000000000003 0.45125000000000004 0.39125 0.4575 0.39125 0.4575 0.37625000000000003
2 0.44749999999999995 0.37625000000000003 0.44125 0.37625000000000003 0.44125 0.39125 0.44749999999999995 0.39125 0.44749999999999995 0.37625000000000003
2 0.45375 0.34750000000000003 0.44749999999999995 0.34750000000000003 0.44749999999999995 0.36 0.45375 0.36 0.45375 0.34750000000000003
2 0.46624999999999994 0.34875 0.45999999999999996 0.34875 0.45999999999999996 0.36 0.46624999999999994 0.36 0.46624999999999994 0.34875
2 0.49000000000000005 0.34875 0.48375 0.34875 0.48375 0.36 0.49000000000000005 0.36 0.49000000000000005 0.34875
2 0.42750000000000005 0.3775 0.42000000000000004 0.3775 0.42000000000000004 0.38875000000000004 0.42750000000000005 0.38875000000000004 0.42750000000000005 0.3775
2 0.38625 0.3975 0.37875000000000003 0.3975 0.37875000000000003 0.41125 0.38625 0.41125 0.38625 0.3975
2 0.3875 0.2975 0.38 0.2975 0.38 0.31124999999999997 0.3875 0.31124999999999997 0.3875 0.2975
2 0.38625 0.2475 0.3775 0.2475 0.3775 0.2625 0.38625 0.2625 0.38625 0.2475
2 0.3975 0.22125 0.3875 0.22125 0.3875 0.23625 0.3975 0.23625 0.3975 0.22125
2 0.43499999999999994 0.20375000000000001 0.42374999999999996 0.20375000000000001 0.42374999999999996 0.215 0.43499999999999994 0.215 0.43499999999999994 0.20375000000000001
2 0.47625 0.22875 0.465 0.22875 0.465 0.2425 0.47625 0.2425 0.47625 0.22875
2 0.4175 0.30375 0.41 0.30375 0.41 0.3175 0.4175 0.3175 0.4175 0.30375
2 0.9375 0.67 0.93 0.67 0.93 0.6849999999999999 0.9375 0.6849999999999999 0.9375 0.67