2 0.26875 0.2325 0.25125000000000003 0.2325 0.25125000000000003 0.25 0.26875 0.25 0.26875 0.2325
2 0.45875000000000005 0.38875000000000004 0.44375 0.38875000000000004 0.44375 0.40499999999999997 0.45875000000000005 0.40499999999999997 0.45875000000000005 0.38875000000000004
2 0.42625 0.39625 0.4125 0.39625 0.4125 0.4125 0.42625 0.4125 0.42625 0.39625
2 0.5225 0.3675 0.505 0.3675 0.505 0.37875000000000003 0.5225 0.37875000000000003 0.5225 0.3675
2 0.60625 0.395 0.5912499999999999 0.395 0.5912499999999999 0.41125 0.60625 0.41125 0.60625 0.395
2 0.605 0.37124999999999997 0.58875 0.37124999999999997 0.58875 0.38375 0.605 0.38375 0.605 0.37124999999999997
2 0.52 0.6475 0.49874999999999997 0.6475 0.49874999999999997 0.665 0.52 0.665 0.52 0.6475
2 0.49000000000000005 0.6775 0.475 0.6775 0.475 0.6900000000000001 0.49000000000000005 0.6900000000000001 0.49000000000000005 0.6775
2 0.26125 0.25875 0.24375 0.25875 0.24375 0.27375 0.26125 0.27375 0.26125 0.25875
2 0.18125 0.35375 0.16875 0.35375 0.16875 0.37 0.18125 0.37 0.18125 0.35375
2 0.42125 0.425 0.40875000000000006 0.425 0.40875000000000006 0.4375 0.42125 0.4375 0.42125 0.425
2 0.4125 0.4375 0.39375 0.4375 0.39375 0.45 0.4125 0.45 0.4125 0.4375
2 0.33999999999999997 0.44749999999999995 0.325 0.44749999999999995 0.325 0.46125 0.33999999999999997 0.46125 0.33999999999999997 0.44749999999999995
2 0.1625 0.6587500000000001 0.145 0.6587500000000001 0.145 0.6725 0.1625 0.6725 0.1625 0.6587500000000001
2 0.185 0.63875 0.16625 0.63875 0.16625 0.6525000000000001 0.185 0.6525000000000001 0.185 0.63875
2 0.23500000000000001 0.5862499999999999 0.22125 0.5862499999999999 0.22125 0.59875 0.23500000000000001 0.59875 0.23500000000000001 0.5862499999999999
2 0.39375 0.47125000000000006 0.3775 0.47125000000000006 0.3775 0.485 0.39375 0.485 0.39375 0.47125000000000006
2 0.0775 0.7537499999999999 0.061250000000000006 0.7537499999999999 0.061250000000000006 0.765 0.0775 0.765 0.0775 0.7537499999999999
2 0.33375 0.835 0.32 0.835 0.32 0.8474999999999999 0.33375 0.8474999999999999 0.33375 0.835
2 0.6625 0.76125 0.6525000000000001 0.76125 0.6525000000000001 0.77625 0.6625 0.77625 0.6625 0.76125
2 0.63875 0.82 0.625 0.82 0.625 0.83375 0.63875 0.83375 0.63875 0.82
2 0.6775 0.8300000000000001 0.6587500000000001 0.8300000000000001 0.6587500000000001 0.845 0.6775 0.845 0.6775 0.8300000000000001
2 0.6599999999999999 0.8462500000000001 0.6475 0.8462500000000001 0.6475 0.86 0.6599999999999999 0.86 0.6599999999999999 0.8462500000000001
2 0.9275 0.92125 0.9099999999999999 0.92125 0.9099999999999999 0.9412499999999999 0.9275 0.9412499999999999 0.9275 0.92125
2 0.6475 0.8975 0.6287499999999999 0.8975 0.6287499999999999 0.91625 0.6475 0.91625 0.6475 0.8975
2 0.03 0.50125 0.01875 0.50125 0.01875 0.5125 0.03 0.5125 0.03 0.50125
2 0.0325 0.14125000000000001 0.01625 0.14125000000000001 0.01625 0.15 0.0325 0.15 0.0325 0.14125000000000001
2 0.0325 0.15 0.017499999999999998 0.15 0.017499999999999998 0.15875 0.0325 0.15875 0.0325 0.15
2 0.2475 0.01125 0.23125 0.01125 0.23125 0.021249999999999998 0.2475 0.021249999999999998 0.2475 0.01125
2 0.2525 0.00125 0.2375 0.00125 0.2375 0.008749999999999999 0.2525 0.008749999999999999 0.2525 0.00125
2 0.25875 0.5900000000000001 0.24625 0.5900000000000001 0.24625 0.6012500000000001 0.25875 0.6012500000000001 0.25875 0.5900000000000001
2 0.3725 0.39875 0.35625 0.39875 0.35625 0.41125 0.3725 0.41125 0.3725 0.39875
2 0.13625 0.68875 0.12250000000000001 0.68875 0.12250000000000001 0.7 0.13625 0.7 0.13625 0.68875
2 0.027500000000000004 0.7925 0.017499999999999998 0.7925 0.017499999999999998 0.805 0.027500000000000004 0.805 0.027500000000000004 0.7925
2 0.17124999999999999 0.9724999999999999 0.16 0.9724999999999999 0.16 0.98125 0.17124999999999999 0.98125 0.17124999999999999 0.9724999999999999
2 0.10500000000000001 0.9862500000000001 0.09375 0.9862500000000001 0.09375 0.9962500000000001 0.10500000000000001 0.9962500000000001 0.10500000000000001 0.9862500000000001
2 0.26625 0.87625 0.255 0.87625 0.255 0.89 0.26625 0.89 0.26625 0.87625
2 0.27125 0.5275000000000001 0.26 0.5275000000000001 0.26 0.5375 0.27125 0.5375 0.27125 0.5275000000000001
2 0.32875 0.5599999999999999 0.32 0.5599999999999999 0.32 0.5725 0.32875 0.5725 0.32875 0.5599999999999999
2 0.56125 0.9262499999999999 0.54875 0.9262499999999999 0.54875 0.93625 0.56125 0.93625 0.56125 0.9262499999999999
2 0.5700000000000001 0.9175000000000001 0.5599999999999999 0.9175000000000001 0.5599999999999999 0.9262499999999999 0.5700000000000001 0.9262499999999999 0.5700000000000001 0.9175000000000001
2 0.6025 0.81875 0.58875 0.81875 0.58875 0.83125 0.6025 0.83125 0.6025 0.81875
2 0.9712500000000001 0.975 0.9625 0.975 0.9625 0.9887499999999999 0.9712500000000001 0.9887499999999999 0.9712500000000001 0.975