2 0.59375 0.32125 0.57875 0.32125 0.57875 0.34125 0.59375 0.34125 0.59375 0.32125
2 0.6325000000000001 0.38125 0.62 0.38125 0.62 0.39625 0.6325000000000001 0.39625 0.6325000000000001 0.38125
2 0.58125 0.45125000000000004 0.5650000000000001 0.45125000000000004 0.5650000000000001 0.47375 0.58125 0.47375 0.58125 0.45125000000000004
2 0.355 0.39 0.32875 0.39 0.32875 0.40125 0.355 0.40125 0.355 0.39
2 0.4225 0.29 0.40125 0.29 0.40125 0.3 0.4225 0.3 0.4225 0.29
2 0.43499999999999994 0.26625 0.41125 0.26625 0.41125 0.27875 0.43499999999999994 0.27875 0.43499999999999994 0.26625
2 0.45375 0.23500000000000001 0.43375 0.23500000000000001 0.43375 0.24375 0.45375 0.24375 0.45375 0.23500000000000001
2 0.6125 0.61 0.6 0.61 0.6 0.62625 0.6125 0.62625 0.6125 0.61
2 0.58125 0.61625 0.5650000000000001 0.61625 0.5650000000000001 0.6375 0.58125 0.6375 0.58125 0.61625
2 0.5925 0.6875 0.57125 0.6875 0.57125 0.7025 0.5925 0.7025 0.5925 0.6875
2 0.40499999999999997 0.5375 0.39375 0.5375 0.39375 0.5575 0.40499999999999997 0.5575 0.40499999999999997 0.5375
2 0.37 0.7575000000000001 0.35375 0.7575000000000001 0.35375 0.7787499999999999 0.37 0.7787499999999999 0.37 0.7575000000000001
2 0.33125 0.825 0.31625000000000003 0.825 0.31625000000000003 0.8474999999999999 0.33125 0.8474999999999999 0.33125 0.825