2 0.36375 0.47625 0.35375 0.47625 0.35375 0.4925 0.36375 0.4925 0.36375 0.47625
2 0.4025 0.46749999999999997 0.39 0.46749999999999997 0.39 0.475 0.4025 0.475 0.4025 0.46749999999999997
2 0.38 0.47125000000000006 0.37 0.47125000000000006 0.37 0.48875 0.38 0.48875 0.38 0.47125000000000006
2 0.33125 0.48624999999999996 0.3225 0.48624999999999996 0.3225 0.50125 0.33125 0.50125 0.33125 0.48624999999999996
2 0.3775 0.50625 0.36375 0.50625 0.36375 0.51625 0.3775 0.51625 0.3775 0.50625
2 0.26625 0.5337500000000001 0.25375000000000003 0.5337500000000001 0.25375000000000003 0.54125 0.26625 0.54125 0.26625 0.5337500000000001
2 0.3325 0.51875 0.32 0.51875 0.32 0.52625 0.3325 0.52625 0.3325 0.51875
2 0.30625 0.51875 0.29375 0.51875 0.29375 0.525 0.30625 0.525 0.30625 0.51875
2 0.30874999999999997 0.49124999999999996 0.3 0.49124999999999996 0.3 0.5037499999999999 0.30874999999999997 0.5037499999999999 0.30874999999999997 0.49124999999999996
2 0.29125 0.495 0.28250000000000003 0.495 0.28250000000000003 0.51 0.29125 0.51 0.29125 0.495
2 0.28375 0.5 0.27375 0.5 0.27375 0.5125 0.28375 0.5125 0.28375 0.5
2 0.275 0.5 0.26625 0.5 0.26625 0.51375 0.275 0.51375 0.275 0.5
2 0.265 0.5025000000000001 0.2575 0.5025000000000001 0.2575 0.51625 0.265 0.51625 0.265 0.5025000000000001
2 0.25875 0.5037499999999999 0.2475 0.5037499999999999 0.2475 0.52 0.25875 0.52 0.25875 0.5037499999999999
2 0.25 0.50875 0.24125000000000002 0.50875 0.24125000000000002 0.5225 0.25 0.5225 0.25 0.50875
2 0.21875 0.79375 0.205 0.79375 0.205 0.80375 0.21875 0.80375 0.21875 0.79375
2 0.26625 0.8262499999999999 0.25625 0.8262499999999999 0.25625 0.8425 0.26625 0.8425 0.26625 0.8262499999999999
2 0.28125 0.8237500000000001 0.27375 0.8237500000000001 0.27375 0.8375 0.28125 0.8375 0.28125 0.8237500000000001
2 0.23500000000000001 0.83375 0.225 0.83375 0.225 0.8474999999999999 0.23500000000000001 0.8474999999999999 0.23500000000000001 0.83375
2 0.2925 0.8237500000000001 0.28500000000000003 0.8237500000000001 0.28500000000000003 0.8400000000000001 0.2925 0.8400000000000001 0.2925 0.8237500000000001
2 0.20249999999999999 0.86875 0.19624999999999998 0.86875 0.19624999999999998 0.88375 0.20249999999999999 0.88375 0.20249999999999999 0.86875
2 0.23875000000000002 0.8699999999999999 0.23125 0.8699999999999999 0.23125 0.88375 0.23875000000000002 0.88375 0.23875000000000002 0.8699999999999999
2 0.28125 0.8625 0.2725 0.8625 0.2725 0.875 0.28125 0.875 0.28125 0.8625
2 0.14625 0.91375 0.13625 0.91375 0.13625 0.93125 0.14625 0.93125 0.14625 0.91375
2 0.15375 0.9112500000000001 0.14625 0.9112500000000001 0.14625 0.93 0.15375 0.93 0.15375 0.9112500000000001
2 0.1625 0.9087500000000001 0.15375 0.9087500000000001 0.15375 0.9237500000000001 0.1625 0.9237500000000001 0.1625 0.9087500000000001
2 0.175 0.9087500000000001 0.16499999999999998 0.9087500000000001 0.16499999999999998 0.9275 0.175 0.9275 0.175 0.9087500000000001
2 0.9475 0.75125 0.93875 0.75125 0.93875 0.7675 0.9475 0.7675 0.9475 0.75125
2 0.9925 0.9037499999999999 0.98375 0.9037499999999999 0.98375 0.91875 0.9925 0.91875 0.9925 0.9037499999999999
2 0.94375 0.8025 0.9349999999999999 0.8025 0.9349999999999999 0.8175000000000001 0.94375 0.8175000000000001 0.94375 0.8025
2 0.9637499999999999 0.80625 0.9574999999999999 0.80625 0.9574999999999999 0.8237500000000001 0.9637499999999999 0.8237500000000001 0.9637499999999999 0.80625
2 0.9512499999999999 0.8324999999999999 0.9412499999999999 0.8324999999999999 0.9412499999999999 0.8474999999999999 0.9512499999999999 0.8474999999999999 0.9512499999999999 0.8324999999999999
2 0.95625 0.85625 0.9475 0.85625 0.9475 0.8712500000000001 0.95625 0.8712500000000001 0.95625 0.85625
2 0.8300000000000001 0.7025 0.82125 0.7025 0.82125 0.71875 0.8300000000000001 0.71875 0.8300000000000001 0.7025
2 0.8699999999999999 0.6900000000000001 0.85875 0.6900000000000001 0.85875 0.70625 0.8699999999999999 0.70625 0.8699999999999999 0.6900000000000001
2 0.89125 0.68625 0.88375 0.68625 0.88375 0.69875 0.89125 0.69875 0.89125 0.68625
2 0.9025000000000001 0.635 0.8925000000000001 0.635 0.8925000000000001 0.6525000000000001 0.9025000000000001 0.6525000000000001 0.9025000000000001 0.635
2 0.8887499999999999 0.62625 0.8800000000000001 0.62625 0.8800000000000001 0.6425 0.8887499999999999 0.6425 0.8887499999999999 0.62625
2 0.915 0.63625 0.905 0.63625 0.905 0.65 0.915 0.65 0.915 0.63625
2 0.9087500000000001 0.62 0.9 0.62 0.9 0.63625 0.9087500000000001 0.63625 0.9087500000000001 0.62
2 0.8800000000000001 0.5974999999999999 0.8712500000000001 0.5974999999999999 0.8712500000000001 0.61125 0.8800000000000001 0.61125 0.8800000000000001 0.5974999999999999
2 0.9025000000000001 0.60625 0.89625 0.60625 0.89625 0.61625 0.9025000000000001 0.61625 0.9025000000000001 0.60625
2 0.87375 0.575 0.865 0.575 0.865 0.5900000000000001 0.87375 0.5900000000000001 0.87375 0.575
2 0.8787499999999999 0.52125 0.8699999999999999 0.52125 0.8699999999999999 0.5387500000000001 0.8787499999999999 0.5387500000000001 0.8787499999999999 0.52125
2 0.8300000000000001 0.44625000000000004 0.8175000000000001 0.44625000000000004 0.8175000000000001 0.46375 0.8300000000000001 0.46375 0.8300000000000001 0.44625000000000004
2 0.67875 0.027500000000000004 0.665 0.027500000000000004 0.665 0.0375 0.67875 0.0375 0.67875 0.027500000000000004
2 0.62 0.021249999999999998 0.61 0.021249999999999998 0.61 0.034999999999999996 0.62 0.034999999999999996 0.62 0.021249999999999998
2 0.64125 0.0725 0.6325000000000001 0.0725 0.6325000000000001 0.08875 0.64125 0.08875 0.64125 0.0725
2 0.7262500000000001 0.01625 0.7125 0.01625 0.7125 0.026250000000000002 0.7262500000000001 0.026250000000000002 0.7262500000000001 0.01625
2 0.70375 0.04375 0.69625 0.04375 0.69625 0.06 0.70375 0.06 0.70375 0.04375
2 0.70125 0.026250000000000002 0.6900000000000001 0.026250000000000002 0.6900000000000001 0.04 0.70125 0.04 0.70125 0.026250000000000002
2 0.7424999999999999 0.06999999999999999 0.72875 0.06999999999999999 0.72875 0.07875 0.7424999999999999 0.07875 0.7424999999999999 0.06999999999999999
2 0.7474999999999999 0.0875 0.7325 0.0875 0.7325 0.0975 0.7474999999999999 0.0975 0.7474999999999999 0.0875
2 0.75 0.095 0.73875 0.095 0.73875 0.10375000000000001 0.75 0.10375000000000001 0.75 0.095
2 0.7537499999999999 0.1025 0.74 0.1025 0.74 0.1125 0.7537499999999999 0.1125 0.7537499999999999 0.1025
2 0.75625 0.10874999999999999 0.745 0.10874999999999999 0.745 0.12 0.75625 0.12 0.75625 0.10874999999999999
2 0.76375 0.1375 0.74875 0.1375 0.74875 0.14875 0.76375 0.14875 0.76375 0.1375
2 0.77125 0.1625 0.75625 0.1625 0.75625 0.17375000000000002 0.77125 0.17375000000000002 0.77125 0.1625
2 0.15875 0.31 0.1375 0.31 0.1375 0.32375 0.15875 0.32375 0.15875 0.31
2 0.15625 0.32125 0.14250000000000002 0.32125 0.14250000000000002 0.32999999999999996 0.15625 0.32999999999999996 0.15625 0.32125
2 0.21375000000000002 0.30375 0.2 0.30375 0.2 0.3125 0.21375000000000002 0.3125 0.21375000000000002 0.30375
2 0.21000000000000002 0.28625 0.2 0.28625 0.2 0.29375 0.21000000000000002 0.29375 0.21000000000000002 0.28625
2 0.23374999999999999 0.185 0.22374999999999998 0.185 0.22374999999999998 0.20249999999999999 0.23374999999999999 0.20249999999999999 0.23374999999999999 0.185
2 0.24125000000000002 0.215 0.2325 0.215 0.2325 0.2325 0.24125000000000002 0.2325 0.24125000000000002 0.215
2 0.22875 0.27125 0.21625 0.27125 0.21625 0.27875 0.22875 0.27875 0.22875 0.27125
2 0.22374999999999998 0.25 0.20750000000000002 0.25 0.20750000000000002 0.25625 0.22374999999999998 0.25625 0.22374999999999998 0.25
2 0.22749999999999998 0.16875 0.21875 0.16875 0.21875 0.18375 0.22749999999999998 0.18375 0.22749999999999998 0.16875
2 0.22374999999999998 0.1525 0.2125 0.1525 0.2125 0.1675 0.22374999999999998 0.1675 0.22374999999999998 0.1525
2 0.20375000000000001 0.175 0.19 0.175 0.19 0.18625 0.20375000000000001 0.18625 0.20375000000000001 0.175
2 0.20875 0.1975 0.195 0.1975 0.195 0.205 0.20875 0.205 0.20875 0.1975
2 0.21125 0.20375000000000001 0.195 0.20375000000000001 0.195 0.2125 0.21125 0.2125 0.21125 0.20375000000000001
2 0.2125 0.12 0.20249999999999999 0.12 0.20249999999999999 0.135 0.2125 0.135 0.2125 0.12
2 0.21875 0.135 0.20750000000000002 0.135 0.20750000000000002 0.15125 0.21875 0.15125 0.21875 0.135
2 0.20875 0.1 0.1975 0.1 0.1975 0.11625 0.20875 0.11625 0.20875 0.1
2 0.10874999999999999 0.11374999999999999 0.095 0.11374999999999999 0.095 0.12375 0.10874999999999999 0.12375 0.10874999999999999 0.11374999999999999
2 0.13 0.07375000000000001 0.11625 0.07375000000000001 0.11625 0.08499999999999999 0.13 0.08499999999999999 0.13 0.07375000000000001
2 0.02 0.10874999999999999 0.005 0.10874999999999999 0.005 0.12 0.02 0.12 0.02 0.10874999999999999
2 0.02375 0.13874999999999998 0.00625 0.13874999999999998 0.00625 0.14875 0.02375 0.14875 0.02375 0.13874999999999998
2 0.24625 0.04 0.23374999999999999 0.04 0.23374999999999999 0.05 0.24625 0.05 0.24625 0.04
2 0.26 0.034999999999999996 0.24874999999999997 0.034999999999999996 0.24874999999999997 0.0475 0.26 0.0475 0.26 0.034999999999999996
2 0.27749999999999997 0.03375 0.2625 0.03375 0.2625 0.04375 0.27749999999999997 0.04375 0.27749999999999997 0.03375
2 0.3 0.02375 0.28625 0.02375 0.28625 0.034999999999999996 0.3 0.034999999999999996 0.3 0.02375
2 0.35125 0.0075 0.33625 0.0075 0.33625 0.02 0.35125 0.02 0.35125 0.0075
2 0.36625 0.00375 0.355 0.00375 0.355 0.013750000000000002 0.36625 0.013750000000000002 0.36625 0.00375
2 0.43875000000000003 0.06 0.43125 0.06 0.43125 0.07625 0.43875000000000003 0.07625 0.43875000000000003 0.06
2 0.46624999999999994 0.0625 0.45625 0.0625 0.45625 0.07875 0.46624999999999994 0.07875 0.46624999999999994 0.0625
2 0.44749999999999995 0.08499999999999999 0.43875000000000003 0.08499999999999999 0.43875000000000003 0.10124999999999999 0.44749999999999995 0.10124999999999999 0.44749999999999995 0.08499999999999999
2 0.47125000000000006 0.0875 0.4625 0.0875 0.4625 0.1025 0.47125000000000006 0.1025 0.47125000000000006 0.0875
2 0.46749999999999997 0.14875 0.45625 0.14875 0.45625 0.16375 0.46749999999999997 0.16375 0.46749999999999997 0.14875
2 0.49000000000000005 0.14750000000000002 0.48 0.14750000000000002 0.48 0.16125 0.49000000000000005 0.16125 0.49000000000000005 0.14750000000000002
2 0.49625 0.1625 0.48624999999999996 0.1625 0.48624999999999996 0.18 0.49625 0.18 0.49625 0.1625
2 0.55 0.04375 0.5387500000000001 0.04375 0.5387500000000001 0.058750000000000004 0.55 0.058750000000000004 0.55 0.04375
2 0.5175 0.05125 0.505 0.05125 0.505 0.06625 0.5175 0.06625 0.5175 0.05125
2 0.5 0.057499999999999996 0.49000000000000005 0.057499999999999996 0.49000000000000005 0.07125000000000001 0.5 0.07125000000000001 0.5 0.057499999999999996
2 0.54875 0.08875 0.5375 0.08875 0.5375 0.1025 0.54875 0.1025 0.54875 0.08875
2 0.53125 0.09 0.5237499999999999 0.09 0.5237499999999999 0.10375000000000001 0.53125 0.10375000000000001 0.53125 0.09
2 0.5237499999999999 0.09125 0.515 0.09125 0.515 0.10500000000000001 0.5237499999999999 0.10500000000000001 0.5237499999999999 0.09125
2 0.51 0.09375 0.50125 0.09375 0.50125 0.10874999999999999 0.51 0.10874999999999999 0.51 0.09375
2 0.495 0.1 0.4875 0.1 0.4875 0.11499999999999999 0.495 0.11499999999999999 0.495 0.1
2 0.54875 0.195 0.5325 0.195 0.5325 0.205 0.54875 0.205 0.54875 0.195
2 0.56375 0.21125 0.5475 0.21125 0.5475 0.22000000000000003 0.56375 0.22000000000000003 0.56375 0.21125
2 0.68625 0.05 0.67375 0.05 0.67375 0.06 0.68625 0.06 0.68625 0.05
2 0.9875 0.0725 0.9775 0.0725 0.9775 0.09 0.9875 0.09 0.9875 0.0725
2 0.99875 0.01 0.99 0.01 0.99 0.026250000000000002 0.99875 0.026250000000000002 0.99875 0.01
2 0.9712500000000001 0.24125000000000002 0.9574999999999999 0.24125000000000002 0.9574999999999999 0.25 0.9712500000000001 0.25 0.9712500000000001 0.24125000000000002
2 0.99375 0.9724999999999999 0.985 0.9724999999999999 0.985 0.99 0.99375 0.99 0.99375 0.9724999999999999
2 0.9887499999999999 0.9550000000000001 0.97875 0.9550000000000001 0.97875 0.9724999999999999 0.9887499999999999 0.9724999999999999 0.9887499999999999 0.9550000000000001
2 0.98375 0.93625 0.975 0.93625 0.975 0.95375 0.98375 0.95375 0.98375 0.93625
2 0.9775 0.915 0.96875 0.915 0.96875 0.9349999999999999 0.9775 0.9349999999999999 0.9775 0.915
2 0.11625 0.9199999999999999 0.10625 0.9199999999999999 0.10625 0.9375 0.11625 0.9375 0.11625 0.9199999999999999
2 0.1075 0.9237500000000001 0.0975 0.9237500000000001 0.0975 0.9375 0.1075 0.9375 0.1075 0.9237500000000001
2 0.1 0.9237500000000001 0.0925 0.9237500000000001 0.0925 0.9400000000000001 0.1 0.9400000000000001 0.1 0.9237500000000001
2 0.08625000000000001 0.925 0.0775 0.925 0.0775 0.9412499999999999 0.08625000000000001 0.9412499999999999 0.08625000000000001 0.925
2 0.028749999999999998 0.9712500000000001 0.02 0.9712500000000001 0.02 0.9875 0.028749999999999998 0.9875 0.028749999999999998 0.9712500000000001
2 0.9875 0.68625 0.9737500000000001 0.68625 0.9737500000000001 0.6950000000000001 0.9875 0.6950000000000001 0.9875 0.68625