2 0.11374999999999999 0.6012500000000001 0.09 0.6012500000000001 0.09 0.615 0.11374999999999999 0.615 0.11374999999999999 0.6012500000000001
2 0.026250000000000002 0.42125 0.00125 0.42125 0.00125 0.4375 0.026250000000000002 0.4375 0.026250000000000002 0.42125
2 0.04625 0.4375 0.03625 0.4375 0.03625 0.44375 0.04625 0.44375 0.04625 0.4375
2 0.06375 0.44125 0.05375 0.44125 0.05375 0.44625000000000004 0.06375 0.44625000000000004 0.06375 0.44125
2 0.09375 0.45499999999999996 0.08625000000000001 0.45499999999999996 0.08625000000000001 0.45999999999999996 0.09375 0.45999999999999996 0.09375 0.45499999999999996
2 0.1025 0.46624999999999994 0.09375 0.46624999999999994 0.09375 0.4725 0.1025 0.4725 0.1025 0.46624999999999994
2 0.13999999999999999 0.5175 0.13374999999999998 0.5175 0.13374999999999998 0.5275000000000001 0.13999999999999999 0.5275000000000001 0.13999999999999999 0.5175
2 0.14375 0.5375 0.135 0.5375 0.135 0.54875 0.14375 0.54875 0.14375 0.5375
2 0.155 0.5387500000000001 0.14875 0.5387500000000001 0.14875 0.55 0.155 0.55 0.155 0.5387500000000001
2 0.1575 0.5549999999999999 0.14750000000000002 0.5549999999999999 0.14750000000000002 0.5662499999999999 0.1575 0.5662499999999999 0.1575 0.5549999999999999
2 0.33625 0.68875 0.3275 0.68875 0.3275 0.69625 0.33625 0.69625 0.33625 0.68875
2 0.48624999999999996 0.8237500000000001 0.47750000000000004 0.8237500000000001 0.47750000000000004 0.8324999999999999 0.48624999999999996 0.8324999999999999 0.48624999999999996 0.8237500000000001
2 0.475 0.8525 0.46624999999999994 0.8525 0.46624999999999994 0.8612500000000001 0.475 0.8612500000000001 0.475 0.8525
2 0.49124999999999996 0.8375 0.48375 0.8375 0.48375 0.845 0.49124999999999996 0.845 0.49124999999999996 0.8375
2 0.52625 0.885 0.51875 0.885 0.51875 0.89375 0.52625 0.89375 0.52625 0.885
2 0.215 0.64625 0.20625 0.64625 0.20625 0.6537499999999999 0.215 0.6537499999999999 0.215 0.64625
2 0.1325 0.6224999999999999 0.12375 0.6224999999999999 0.12375 0.6275000000000001 0.1325 0.6275000000000001 0.1325 0.6224999999999999
2 0.14750000000000002 0.6275000000000001 0.1375 0.6275000000000001 0.1375 0.63375 0.14750000000000002 0.63375 0.14750000000000002 0.6275000000000001
2 0.24375 0.33999999999999997 0.2375 0.33999999999999997 0.2375 0.34750000000000003 0.24375 0.34750000000000003 0.24375 0.33999999999999997
2 0.54 0.95625 0.5325 0.95625 0.5325 0.9650000000000001 0.54 0.9650000000000001 0.54 0.95625