2 0.77 0.01875 0.7525000000000001 0.01875 0.7525000000000001 0.03375 0.77 0.03375 0.77 0.01875
2 0.76625 0.034999999999999996 0.74875 0.034999999999999996 0.74875 0.05125 0.76625 0.05125 0.76625 0.034999999999999996
2 0.9175000000000001 0.05625 0.9099999999999999 0.05625 0.9099999999999999 0.065 0.9175000000000001 0.065 0.9175000000000001 0.05625
2 0.89375 0.13874999999999998 0.8875 0.13874999999999998 0.8875 0.15125 0.89375 0.15125 0.89375 0.13874999999999998
2 0.17625 0.225 0.16625 0.225 0.16625 0.23500000000000001 0.17625 0.23500000000000001 0.17625 0.225
2 0.42625 0.335 0.41375 0.335 0.41375 0.34750000000000003 0.42625 0.34750000000000003 0.42625 0.335
2 0.3 0.19375 0.29375 0.19375 0.29375 0.205 0.3 0.205 0.3 0.19375
2 0.31124999999999997 0.19375 0.305 0.19375 0.305 0.20750000000000002 0.31124999999999997 0.20750000000000002 0.31124999999999997 0.19375
2 0.2875 0.22374999999999998 0.27625 0.22374999999999998 0.27625 0.23374999999999999 0.2875 0.23374999999999999 0.2875 0.22374999999999998
2 0.29125 0.22749999999999998 0.28375 0.22749999999999998 0.28375 0.2375 0.29125 0.2375 0.29125 0.22749999999999998
2 0.29500000000000004 0.23125 0.2875 0.23125 0.2875 0.2425 0.29500000000000004 0.2425 0.29500000000000004 0.23125
2 0.3 0.2325 0.29500000000000004 0.2325 0.29500000000000004 0.24375 0.3 0.24375 0.3 0.2325
2 0.32125 0.23875000000000002 0.31375000000000003 0.23875000000000002 0.31375000000000003 0.25 0.32125 0.25 0.32125 0.23875000000000002
2 0.31 0.23500000000000001 0.3025 0.23500000000000001 0.3025 0.24625 0.31 0.24625 0.31 0.23500000000000001
2 0.1775 0.095 0.1625 0.095 0.1625 0.1 0.1775 0.1 0.1775 0.095
2 0.43624999999999997 0.19375 0.42374999999999996 0.19375 0.42374999999999996 0.20875 0.43624999999999997 0.20875 0.43624999999999997 0.19375
2 0.4 0.17250000000000001 0.39375 0.17250000000000001 0.39375 0.18375 0.4 0.18375 0.4 0.17250000000000001
2 0.40625 0.17250000000000001 0.40125 0.17250000000000001 0.40125 0.18625 0.40625 0.18625 0.40625 0.17250000000000001
2 0.9025000000000001 0.825 0.89125 0.825 0.89125 0.84375 0.9025000000000001 0.84375 0.9025000000000001 0.825
2 0.81875 0.47625 0.80375 0.47625 0.80375 0.48624999999999996 0.81875 0.48624999999999996 0.81875 0.47625