2 0.28875 0.2975 0.27375 0.2975 0.27375 0.3075 0.28875 0.3075 0.28875 0.2975
2 0.19 0.21000000000000002 0.1775 0.21000000000000002 0.1775 0.22374999999999998 0.19 0.22374999999999998 0.19 0.21000000000000002
2 0.155 0.18 0.145 0.18 0.145 0.19375 0.155 0.19375 0.155 0.18
2 0.17250000000000001 0.20249999999999999 0.16375 0.20249999999999999 0.16375 0.215 0.17250000000000001 0.215 0.17250000000000001 0.20249999999999999
2 0.6725 0.17875000000000002 0.6599999999999999 0.17875000000000002 0.6599999999999999 0.1925 0.6725 0.1925 0.6725 0.17875000000000002
2 0.48125 0.82125 0.47125000000000006 0.82125 0.47125000000000006 0.8400000000000001 0.48125 0.8400000000000001 0.48125 0.82125
2 0.465 0.8625 0.45625 0.8625 0.45625 0.87625 0.465 0.87625 0.465 0.8625
2 0.4625 0.89625 0.45 0.89625 0.45 0.9125 0.4625 0.9125 0.4625 0.89625
2 0.45999999999999996 0.91625 0.45 0.91625 0.45 0.9275 0.45999999999999996 0.9275 0.45999999999999996 0.91625
2 0.45499999999999996 0.9349999999999999 0.445 0.9349999999999999 0.445 0.9475 0.45499999999999996 0.9475 0.45499999999999996 0.9349999999999999
2 0.17875000000000002 0.20750000000000002 0.16999999999999998 0.20750000000000002 0.16999999999999998 0.22000000000000003 0.17875000000000002 0.22000000000000003 0.17875000000000002 0.20750000000000002
2 0.36625 0.31875 0.35750000000000004 0.31875 0.35750000000000004 0.3325 0.36625 0.3325 0.36625 0.31875
2 0.39875 0.07125000000000001 0.38625 0.07125000000000001 0.38625 0.08125 0.39875 0.08125 0.39875 0.07125000000000001
2 0.36124999999999996 0.11750000000000001 0.3525 0.11750000000000001 0.3525 0.13125 0.36124999999999996 0.13125 0.36124999999999996 0.11750000000000001