0 0.7296875 0.7265625 0.046875 0.04765625
0 0.675 0.7828125 0.05234375 0.05
0 0.60703125 0.7640625 0.0453125 0.04765625
0 0.56328125 0.709375 0.0484375 0.046875
0 0.746875 0.6125 0.05 0.05
0 0.715625 0.546875 0.04765625 0.05
0 0.6890625 0.49453125 0.04921875 0.0484375
0 0.6640625 0.4453125 0.05 0.040625
0 0.6328125 0.39453125 0.04765625 0.0484375
0 0.48515625 0.53203125 0.0484375 0.0484375
0 0.60546875 0.34375 0.0515625 0.046875
0 0.165625 0.25 0.04765625 0.05234375
0 0.07265625 0.34921875 0.0515625 0.0515625
0 0.15703125 0.4203125 0.0515625 0.053125