0 0.2734375 0.7296875 0.046875 0.046875
0 0.2171875 0.675 0.05 0.053125
0 0.2359375 0.60703125 0.046875 0.0453125
0 0.290625 0.56328125 0.046875 0.0484375
0 0.3890625 0.746875 0.05 0.05
0 0.453125 0.715625 0.05 0.046875
0 0.50546875 0.6890625 0.0484375 0.05
0 0.55625 0.6640625 0.040625 0.05
0 0.60703125 0.634375 0.0484375 0.046875
0 0.46796875 0.48515625 0.0484375 0.0484375
0 0.6578125 0.60546875 0.046875 0.0515625
0 0.7515625 0.1671875 0.053125 0.046875
0 0.65078125 0.07265625 0.0515625 0.0515625
0 0.5796875 0.15703125 0.053125 0.0515625