2 0.46624999999999994 0.42374999999999996 0.44875 0.42374999999999996 0.44875 0.4375 0.46624999999999994 0.4375 0.46624999999999994 0.42374999999999996
2 0.5275000000000001 0.4 0.51375 0.4 0.51375 0.4175 0.5275000000000001 0.4175 0.5275000000000001 0.4
2 0.5287499999999999 0.4025 0.52125 0.4025 0.52125 0.41500000000000004 0.5287499999999999 0.41500000000000004 0.5287499999999999 0.4025
2 0.5375 0.4025 0.525 0.4025 0.525 0.41624999999999995 0.5375 0.41624999999999995 0.5375 0.4025
2 0.54125 0.40625 0.5337500000000001 0.40625 0.5337500000000001 0.41875 0.54125 0.41875 0.54125 0.40625
2 0.55375 0.4125 0.54625 0.4125 0.54625 0.425 0.55375 0.425 0.55375 0.4125
2 0.5599999999999999 0.41500000000000004 0.55125 0.41500000000000004 0.55125 0.42750000000000005 0.5599999999999999 0.42750000000000005 0.5599999999999999 0.41500000000000004
2 0.5700000000000001 0.41624999999999995 0.56125 0.41624999999999995 0.56125 0.42874999999999996 0.5700000000000001 0.42874999999999996 0.5700000000000001 0.41624999999999995
2 0.57875 0.41875 0.5725 0.41875 0.5725 0.4325 0.57875 0.4325 0.57875 0.41875
2 0.58375 0.42125 0.5775 0.42125 0.5775 0.43375 0.58375 0.43375 0.58375 0.42125
2 0.5925 0.4225 0.585 0.4225 0.585 0.4375 0.5925 0.4375 0.5925 0.4225
2 0.605 0.42750000000000005 0.5925 0.42750000000000005 0.5925 0.44000000000000006 0.605 0.44000000000000006 0.605 0.42750000000000005