2 0.61875 0.365 0.59875 0.365 0.59875 0.3725 0.61875 0.3725 0.61875 0.365
2 0.61875 0.375 0.60375 0.375 0.60375 0.38125 0.61875 0.38125 0.61875 0.375
2 0.6212500000000001 0.38375 0.6 0.38375 0.6 0.39125 0.6212500000000001 0.39125 0.6212500000000001 0.38375
2 0.61875 0.39375 0.6025 0.39375 0.6025 0.4 0.61875 0.4 0.61875 0.39375
2 0.62 0.40374999999999994 0.6025 0.40374999999999994 0.6025 0.41 0.62 0.41 0.62 0.40374999999999994
2 0.61875 0.43125 0.6 0.43125 0.6 0.43875000000000003 0.61875 0.43875000000000003 0.61875 0.43125
2 0.6212500000000001 0.4925 0.6025 0.4925 0.6025 0.49874999999999997 0.6212500000000001 0.49874999999999997 0.6212500000000001 0.4925
2 0.6212500000000001 0.51125 0.6025 0.51125 0.6025 0.51875 0.6212500000000001 0.51875 0.6212500000000001 0.51125
2 0.62 0.52125 0.6012500000000001 0.52125 0.6012500000000001 0.5287499999999999 0.62 0.5287499999999999 0.62 0.52125
2 0.61875 0.6375 0.5974999999999999 0.6375 0.5974999999999999 0.64625 0.61875 0.64625 0.61875 0.6375
2 0.62 0.6875 0.5974999999999999 0.6875 0.5974999999999999 0.69625 0.62 0.69625 0.62 0.6875
2 0.6174999999999999 0.6775 0.6012500000000001 0.6775 0.6012500000000001 0.6837500000000001 0.6174999999999999 0.6837500000000001 0.6174999999999999 0.6775
2 0.73875 0.67 0.73 0.67 0.73 0.68625 0.73875 0.68625 0.73875 0.67
2 0.75625 0.6675 0.7462500000000001 0.6675 0.7462500000000001 0.6875 0.75625 0.6875 0.75625 0.6675
2 0.73875 0.7150000000000001 0.72875 0.7150000000000001 0.72875 0.73375 0.73875 0.73375 0.73875 0.7150000000000001
2 0.74875 0.7150000000000001 0.7424999999999999 0.7150000000000001 0.7424999999999999 0.73125 0.74875 0.73125 0.74875 0.7150000000000001
2 0.75875 0.7150000000000001 0.75125 0.7150000000000001 0.75125 0.7325 0.75875 0.7325 0.75875 0.7150000000000001
2 0.7675 0.7162499999999999 0.75875 0.7162499999999999 0.75875 0.7325 0.7675 0.7325 0.7675 0.7162499999999999
2 0.7775000000000001 0.7162499999999999 0.77 0.7162499999999999 0.77 0.73375 0.7775000000000001 0.73375 0.7775000000000001 0.7162499999999999
2 0.83125 0.67 0.825 0.67 0.825 0.68125 0.83125 0.68125 0.83125 0.67
2 0.87375 0.67 0.8675 0.67 0.8675 0.6875 0.87375 0.6875 0.87375 0.67
2 0.885 0.67 0.87625 0.67 0.87625 0.6875 0.885 0.6875 0.885 0.67
2 0.89625 0.66875 0.8875 0.66875 0.8875 0.6849999999999999 0.89625 0.6849999999999999 0.89625 0.66875
2 0.925 0.67125 0.9175000000000001 0.67125 0.9175000000000001 0.68625 0.925 0.68625 0.925 0.67125
2 0.9349999999999999 0.67125 0.9275 0.67125 0.9275 0.6875 0.9349999999999999 0.6875 0.9349999999999999 0.67125
2 0.94625 0.67125 0.93875 0.67125 0.93875 0.68625 0.94625 0.68625 0.94625 0.67125
2 0.98125 0.6487499999999999 0.9737500000000001 0.6487499999999999 0.9737500000000001 0.665 0.98125 0.665 0.98125 0.6487499999999999
2 0.89375 0.5775 0.885 0.5775 0.885 0.59875 0.89375 0.59875 0.89375 0.5775
2 0.8862500000000001 0.60375 0.8800000000000001 0.60375 0.8800000000000001 0.61625 0.8862500000000001 0.61625 0.8862500000000001 0.60375
2 0.905 0.5974999999999999 0.8975 0.5974999999999999 0.8975 0.61125 0.905 0.61125 0.905 0.5974999999999999
2 0.9037499999999999 0.57625 0.8975 0.57625 0.8975 0.5925 0.9037499999999999 0.5925 0.9037499999999999 0.57625
2 0.91625 0.575 0.9075 0.575 0.9075 0.5962500000000001 0.91625 0.5962500000000001 0.91625 0.575
2 0.04375 0.7625 0.03625 0.7625 0.03625 0.775 0.04375 0.775 0.04375 0.7625
2 0.05125 0.7625 0.04375 0.7625 0.04375 0.77625 0.05125 0.77625 0.05125 0.7625
2 0.06 0.7625 0.05375 0.7625 0.05375 0.7787499999999999 0.06 0.7787499999999999 0.06 0.7625
2 0.07875 0.76375 0.07125000000000001 0.76375 0.07125000000000001 0.7787499999999999 0.07875 0.7787499999999999 0.07875 0.76375
2 0.09125 0.76375 0.08249999999999999 0.76375 0.08249999999999999 0.78125 0.09125 0.78125 0.09125 0.76375
2 0.1 0.76375 0.09125 0.76375 0.09125 0.7775000000000001 0.1 0.7775000000000001 0.1 0.76375
2 0.1075 0.76375 0.1025 0.76375 0.1025 0.7787499999999999 0.1075 0.7787499999999999 0.1075 0.76375
2 0.11750000000000001 0.76375 0.11125 0.76375 0.11125 0.78125 0.11750000000000001 0.78125 0.11750000000000001 0.76375
2 0.12625 0.7625 0.12 0.7625 0.12 0.7787499999999999 0.12625 0.7787499999999999 0.12625 0.7625
2 0.028749999999999998 0.7887500000000001 0.01125 0.7887500000000001 0.01125 0.79625 0.028749999999999998 0.79625 0.028749999999999998 0.7887500000000001
2 0.026250000000000002 0.8162499999999999 0.01 0.8162499999999999 0.01 0.8237500000000001 0.026250000000000002 0.8237500000000001 0.026250000000000002 0.8162499999999999
2 0.026250000000000002 0.8375 0.0125 0.8375 0.0125 0.84375 0.026250000000000002 0.84375 0.026250000000000002 0.8375
2 0.028749999999999998 0.85625 0.015 0.85625 0.015 0.8625 0.028749999999999998 0.8625 0.028749999999999998 0.85625
2 0.025 0.88125 0.01 0.88125 0.01 0.8887499999999999 0.025 0.8887499999999999 0.025 0.88125
2 0.026250000000000002 0.8925000000000001 0.008749999999999999 0.8925000000000001 0.008749999999999999 0.9 0.026250000000000002 0.9 0.026250000000000002 0.8925000000000001
2 0.10625 0.82125 0.0875 0.82125 0.0875 0.82875 0.10625 0.82875 0.10625 0.82125
2 0.1025 0.83125 0.0875 0.83125 0.0875 0.8387499999999999 0.1025 0.8387499999999999 0.1025 0.83125
2 0.10375000000000001 0.85125 0.08499999999999999 0.85125 0.08499999999999999 0.85875 0.10375000000000001 0.85875 0.10375000000000001 0.85125
2 0.1025 0.8625 0.08499999999999999 0.8625 0.08499999999999999 0.86875 0.1025 0.86875 0.1025 0.8625
2 0.145 0.79 0.13125 0.79 0.13125 0.795 0.145 0.795 0.145 0.79
2 0.14625 0.79875 0.12875 0.79875 0.12875 0.805 0.14625 0.805 0.14625 0.79875
2 0.14750000000000002 0.8087500000000001 0.13125 0.8087500000000001 0.13125 0.8150000000000001 0.14750000000000002 0.8150000000000001 0.14750000000000002 0.8087500000000001
2 0.14625 0.81875 0.1325 0.81875 0.1325 0.8237500000000001 0.14625 0.8237500000000001 0.14625 0.81875
2 0.14875 0.8275 0.1325 0.8275 0.1325 0.83375 0.14875 0.83375 0.14875 0.8275
2 0.15 0.8375 0.1325 0.8375 0.1325 0.84375 0.15 0.84375 0.15 0.8375
2 0.14750000000000002 0.8474999999999999 0.13125 0.8474999999999999 0.13125 0.85375 0.14750000000000002 0.85375 0.14750000000000002 0.8474999999999999
2 0.07375000000000001 0.9087500000000001 0.0675 0.9087500000000001 0.0675 0.9237500000000001 0.07375000000000001 0.9237500000000001 0.07375000000000001 0.9087500000000001
2 0.0925 0.9075 0.08625000000000001 0.9075 0.08625000000000001 0.925 0.0925 0.925 0.0925 0.9075
2 0.1125 0.9099999999999999 0.10625 0.9099999999999999 0.10625 0.925 0.1125 0.925 0.1125 0.9099999999999999
2 0.1325 0.9099999999999999 0.125 0.9099999999999999 0.125 0.925 0.1325 0.925 0.1325 0.9099999999999999
2 0.15125 0.9112500000000001 0.14375 0.9112500000000001 0.14375 0.9262499999999999 0.15125 0.9262499999999999 0.15125 0.9112500000000001
2 0.16499999999999998 0.8612500000000001 0.1575 0.8612500000000001 0.1575 0.87625 0.16499999999999998 0.87625 0.16499999999999998 0.8612500000000001