2 0.5525 0.09125 0.53625 0.09125 0.53625 0.12125 0.5525 0.12125 0.5525 0.09125
2 0.58 0.10375000000000001 0.5662499999999999 0.10375000000000001 0.5662499999999999 0.125 0.58 0.125 0.58 0.10375000000000001
2 0.60875 0.10500000000000001 0.59375 0.10500000000000001 0.59375 0.13125 0.60875 0.13125 0.60875 0.10500000000000001
2 0.53125 0.13374999999999998 0.51375 0.13374999999999998 0.51375 0.15875 0.53125 0.15875 0.53125 0.13374999999999998
2 0.5587500000000001 0.135 0.5425 0.135 0.5425 0.16375 0.5587500000000001 0.16375 0.5587500000000001 0.135
2 0.06 0.042499999999999996 0.03875 0.042499999999999996 0.03875 0.05375 0.06 0.05375 0.06 0.042499999999999996
2 0.05625 0.05625 0.03 0.05625 0.03 0.06875 0.05625 0.06875 0.05625 0.05625
2 0.05500000000000001 0.06625 0.025 0.06625 0.025 0.08249999999999999 0.05500000000000001 0.08249999999999999 0.05500000000000001 0.06625
2 0.052500000000000005 0.08375 0.027500000000000004 0.08375 0.027500000000000004 0.0975 0.052500000000000005 0.0975 0.052500000000000005 0.08375
2 0.04625 0.1075 0.02 0.1075 0.02 0.12375 0.04625 0.12375 0.04625 0.1075
2 0.041249999999999995 0.12375 0.01625 0.12375 0.01625 0.13874999999999998 0.041249999999999995 0.13874999999999998 0.041249999999999995 0.12375