2 0.1975 0.40625 0.18 0.40625 0.18 0.41375 0.1975 0.41375 0.1975 0.40625
2 0.13125 0.4175 0.11374999999999999 0.4175 0.11374999999999999 0.425 0.13125 0.425 0.13125 0.4175
2 0.36124999999999996 0.40625 0.34625 0.40625 0.34625 0.4125 0.36124999999999996 0.4125 0.36124999999999996 0.40625
2 0.37875000000000003 0.40499999999999997 0.36625 0.40499999999999997 0.36625 0.41125 0.37875000000000003 0.41125 0.37875000000000003 0.40499999999999997
2 0.4925 0.39625 0.47750000000000004 0.39625 0.47750000000000004 0.40625 0.4925 0.40625 0.4925 0.39625
2 0.5075000000000001 0.3975 0.495 0.3975 0.495 0.4025 0.5075000000000001 0.4025 0.5075000000000001 0.3975
2 0.7849999999999999 0.3875 0.77625 0.3875 0.77625 0.40499999999999997 0.7849999999999999 0.40499999999999997 0.7849999999999999 0.3875
2 0.9650000000000001 0.17375000000000002 0.9475 0.17375000000000002 0.9475 0.18125 0.9650000000000001 0.18125 0.9650000000000001 0.17375000000000002
2 0.69625 0.56875 0.6875 0.56875 0.6875 0.58125 0.69625 0.58125 0.69625 0.56875
2 0.73375 0.81875 0.725 0.81875 0.725 0.835 0.73375 0.835 0.73375 0.81875
2 0.445 0.7224999999999999 0.42750000000000005 0.7224999999999999 0.42750000000000005 0.73 0.445 0.73 0.445 0.7224999999999999
2 0.3375 0.9262499999999999 0.3225 0.9262499999999999 0.3225 0.9349999999999999 0.3375 0.9349999999999999 0.3375 0.9262499999999999
2 0.35750000000000004 0.9237500000000001 0.33999999999999997 0.9237500000000001 0.33999999999999997 0.9337500000000001 0.35750000000000004 0.9337500000000001 0.35750000000000004 0.9237500000000001
2 0.5037499999999999 0.9199999999999999 0.48 0.9199999999999999 0.48 0.9275 0.5037499999999999 0.9275 0.5037499999999999 0.9199999999999999
2 0.5725 0.9125 0.54125 0.9125 0.54125 0.9262499999999999 0.5725 0.9262499999999999 0.5725 0.9125
2 0.03 0.67625 0.013750000000000002 0.67625 0.013750000000000002 0.6849999999999999 0.03 0.6849999999999999 0.03 0.67625
2 0.0975 0.6725 0.07875 0.6725 0.07875 0.68125 0.0975 0.68125 0.0975 0.6725
2 0.1925 0.66875 0.17375000000000002 0.66875 0.17375000000000002 0.6775 0.1925 0.6775 0.1925 0.66875
2 0.26125 0.665 0.24 0.665 0.24 0.6725 0.26125 0.6725 0.26125 0.665
2 0.02375 0.06999999999999999 0.0075 0.06999999999999999 0.0075 0.07625 0.02375 0.07625 0.02375 0.06999999999999999
2 0.22749999999999998 0.07125000000000001 0.21375000000000002 0.07125000000000001 0.21375000000000002 0.08 0.22749999999999998 0.08 0.22749999999999998 0.07125000000000001
2 0.1 0.23374999999999999 0.09 0.23374999999999999 0.09 0.2475 0.1 0.2475 0.1 0.23374999999999999
2 0.1075 0.28375 0.09625 0.28375 0.09625 0.29874999999999996 0.1075 0.29874999999999996 0.1075 0.28375
2 0.09125 0.26749999999999996 0.0775 0.26749999999999996 0.0775 0.275 0.09125 0.275 0.09125 0.26749999999999996
2 0.10375000000000001 0.34875 0.08875 0.34875 0.08875 0.35875 0.10375000000000001 0.35875 0.10375000000000001 0.34875
2 0.06999999999999999 0.21625 0.05375 0.21625 0.05375 0.2225 0.06999999999999999 0.2225 0.06999999999999999 0.21625
2 0.1525 0.43499999999999994 0.14250000000000002 0.43499999999999994 0.14250000000000002 0.44875 0.1525 0.44875 0.1525 0.43499999999999994
2 0.2875 0.4375 0.27375 0.4375 0.27375 0.44625000000000004 0.2875 0.44625000000000004 0.2875 0.4375
2 0.135 0.6725 0.12125 0.6725 0.12125 0.6799999999999999 0.135 0.6799999999999999 0.135 0.6725
2 0.22000000000000003 0.6475 0.20125 0.6475 0.20125 0.65625 0.22000000000000003 0.65625 0.22000000000000003 0.6475
2 0.03 0.6287499999999999 0.02375 0.6287499999999999 0.02375 0.645 0.03 0.645 0.03 0.6287499999999999
2 0.37124999999999997 0.95 0.36 0.95 0.36 0.9625 0.37124999999999997 0.9625 0.37124999999999997 0.95
2 0.6975 0.835 0.68625 0.835 0.68625 0.86 0.6975 0.86 0.6975 0.835
2 0.61 0.705 0.60375 0.705 0.60375 0.72 0.61 0.72 0.61 0.705
2 0.62375 0.705 0.6174999999999999 0.705 0.6174999999999999 0.7175 0.62375 0.7175 0.62375 0.705
2 0.56125 0.69875 0.55625 0.69875 0.55625 0.71 0.56125 0.71 0.56125 0.69875
2 0.8574999999999999 0.73 0.835 0.73 0.835 0.73875 0.8574999999999999 0.73875 0.8574999999999999 0.73
2 0.87625 0.44625000000000004 0.8612500000000001 0.44625000000000004 0.8612500000000001 0.45499999999999996 0.87625 0.45499999999999996 0.87625 0.44625000000000004