2 0.27375 0.025 0.25625 0.025 0.25625 0.03375 0.27375 0.03375 0.27375 0.025
2 0.25875 0.08125 0.24625 0.08125 0.24625 0.08875 0.25875 0.08875 0.25875 0.08125
2 0.2575 0.09375 0.24625 0.09375 0.24625 0.1 0.2575 0.1 0.2575 0.09375
2 0.26749999999999996 0.057499999999999996 0.25375000000000003 0.057499999999999996 0.25375000000000003 0.06625 0.26749999999999996 0.06625 0.26749999999999996 0.057499999999999996
2 0.27375 0.00375 0.25625 0.00375 0.25625 0.0125 0.27375 0.0125 0.27375 0.00375
2 0.27375 0.03625 0.25625 0.03625 0.25625 0.045 0.27375 0.045 0.27375 0.03625
2 0.37 0.03875 0.34875 0.03875 0.34875 0.0475 0.37 0.0475 0.37 0.03875
2 0.37124999999999997 0.05 0.35125 0.05 0.35125 0.058750000000000004 0.37124999999999997 0.058750000000000004 0.37124999999999997 0.05
2 0.37625000000000003 0.08375 0.35375 0.08375 0.35375 0.095 0.37625000000000003 0.095 0.37625000000000003 0.08375
2 0.40625 0.12250000000000001 0.39 0.12250000000000001 0.39 0.14125000000000001 0.40625 0.14125000000000001 0.40625 0.12250000000000001
2 0.38375 0.09125 0.35875 0.09125 0.35875 0.1075 0.38375 0.1075 0.38375 0.09125
2 0.45875000000000005 0.145 0.44625000000000004 0.145 0.44625000000000004 0.16375 0.45875000000000005 0.16375 0.45875000000000005 0.145
2 0.54625 0.11750000000000001 0.5275000000000001 0.11750000000000001 0.5275000000000001 0.13625 0.54625 0.13625 0.54625 0.11750000000000001
2 0.5325 0.12875 0.5175 0.12875 0.5175 0.14625 0.5325 0.14625 0.5325 0.12875
2 0.47625 0.08125 0.45999999999999996 0.08125 0.45999999999999996 0.10375000000000001 0.47625 0.10375000000000001 0.47625 0.08125
2 0.2925 0.08625000000000001 0.28250000000000003 0.08625000000000001 0.28250000000000003 0.10625 0.2925 0.10625 0.2925 0.08625000000000001
2 0.425 0.89 0.41375 0.89 0.41375 0.9125 0.425 0.9125 0.425 0.89
2 0.49124999999999996 0.9087500000000001 0.4725 0.9087500000000001 0.4725 0.9175000000000001 0.49124999999999996 0.9175000000000001 0.49124999999999996 0.9087500000000001
2 0.49625 0.92125 0.475 0.92125 0.475 0.93125 0.49625 0.93125 0.49625 0.92125
2 0.49625 0.9337500000000001 0.47625 0.9337500000000001 0.47625 0.9425000000000001 0.49625 0.9425000000000001 0.49625 0.9337500000000001
2 0.7837500000000001 0.0675 0.76125 0.0675 0.76125 0.0775 0.7837500000000001 0.0775 0.7837500000000001 0.0675