2 0.17875000000000002 0.13125 0.16999999999999998 0.13125 0.16999999999999998 0.145 0.17875000000000002 0.145 0.17875000000000002 0.13125
2 0.1075 0.5675 0.09125 0.5675 0.09125 0.57375 0.1075 0.57375 0.1075 0.5675
2 0.10375000000000001 0.58125 0.08875 0.58125 0.08875 0.58875 0.10375000000000001 0.58875 0.10375000000000001 0.58125
2 0.33375 0.52625 0.315 0.52625 0.315 0.5349999999999999 0.33375 0.5349999999999999 0.33375 0.52625
2 0.29874999999999996 0.5075000000000001 0.28125 0.5075000000000001 0.28125 0.51625 0.29874999999999996 0.51625 0.29874999999999996 0.5075000000000001
2 0.34625 0.49000000000000005 0.33625 0.49000000000000005 0.33625 0.5037499999999999 0.34625 0.5037499999999999 0.34625 0.49000000000000005
2 0.25375000000000003 0.58 0.24375 0.58 0.24375 0.595 0.25375000000000003 0.595 0.25375000000000003 0.58
2 0.03125 0.63625 0.02375 0.63625 0.02375 0.6537499999999999 0.03125 0.6537499999999999 0.03125 0.63625
2 0.026250000000000002 0.355 0.017499999999999998 0.355 0.017499999999999998 0.37124999999999997 0.026250000000000002 0.37124999999999997 0.026250000000000002 0.355
2 0.74375 0.49749999999999994 0.73125 0.49749999999999994 0.73125 0.51 0.74375 0.51 0.74375 0.49749999999999994
2 0.6775 0.58875 0.6587500000000001 0.58875 0.6587500000000001 0.6025 0.6775 0.6025 0.6775 0.58875
2 0.47125000000000006 0.9349999999999999 0.45125000000000004 0.9349999999999999 0.45125000000000004 0.94375 0.47125000000000006 0.94375 0.47125000000000006 0.9349999999999999
2 0.36375 0.885 0.34750000000000003 0.885 0.34750000000000003 0.8975 0.36375 0.8975 0.36375 0.885
2 0.57625 0.71875 0.5587500000000001 0.71875 0.5587500000000001 0.73125 0.57625 0.73125 0.57625 0.71875
2 0.42000000000000004 0.69625 0.40750000000000003 0.69625 0.40750000000000003 0.7112499999999999 0.42000000000000004 0.7112499999999999 0.42000000000000004 0.69625
2 0.70125 0.885 0.6875 0.885 0.6875 0.89625 0.70125 0.89625 0.70125 0.885
2 0.7925 0.8787499999999999 0.7787499999999999 0.8787499999999999 0.7787499999999999 0.885 0.7925 0.885 0.7925 0.8787499999999999
2 0.76625 0.8525 0.76 0.8525 0.76 0.8675 0.76625 0.8675 0.76625 0.8525
2 0.80625 0.54375 0.79125 0.54375 0.79125 0.55125 0.80625 0.55125 0.80625 0.54375
2 0.8099999999999999 0.55125 0.7975 0.55125 0.7975 0.5587500000000001 0.8099999999999999 0.5587500000000001 0.8099999999999999 0.55125
2 0.8162499999999999 0.55625 0.80375 0.55625 0.80375 0.56375 0.8162499999999999 0.56375 0.8162499999999999 0.55625
2 0.83125 0.5650000000000001 0.81375 0.5650000000000001 0.81375 0.575 0.83125 0.575 0.83125 0.5650000000000001
2 0.83375 0.5725 0.81875 0.5725 0.81875 0.58 0.83375 0.58 0.83375 0.5725
2 0.8400000000000001 0.57625 0.8262499999999999 0.57625 0.8262499999999999 0.5875 0.8400000000000001 0.5875 0.8400000000000001 0.57625
2 0.845 0.5825 0.8324999999999999 0.5825 0.8324999999999999 0.5912499999999999 0.845 0.5912499999999999 0.845 0.5825
2 0.85125 0.5875 0.8375 0.5875 0.8375 0.5974999999999999 0.85125 0.5974999999999999 0.85125 0.5875
2 0.7975 0.5825 0.7837500000000001 0.5825 0.7837500000000001 0.5925 0.7975 0.5925 0.7975 0.5825
2 0.79 0.59875 0.7787499999999999 0.59875 0.7787499999999999 0.61 0.79 0.61 0.79 0.59875
2 0.8525 0.22000000000000003 0.83375 0.22000000000000003 0.83375 0.22749999999999998 0.8525 0.22749999999999998 0.8525 0.22000000000000003
2 1 0.3 0.9925 0.3 0.9925 0.31625000000000003 1 0.31625000000000003 1 0.3
2 0.1625 0.1675 0.15375 0.1675 0.15375 0.18 0.1625 0.18 0.1625 0.1675
2 0.2625 0.58 0.255 0.58 0.255 0.5925 0.2625 0.5925 0.2625 0.58
2 0.058750000000000004 0.74 0.04875 0.74 0.04875 0.7537499999999999 0.058750000000000004 0.7537499999999999 0.058750000000000004 0.74
2 0.027500000000000004 0.76375 0.008749999999999999 0.76375 0.008749999999999999 0.77125 0.027500000000000004 0.77125 0.027500000000000004 0.76375
2 0.0625 0.8099999999999999 0.05500000000000001 0.8099999999999999 0.05500000000000001 0.825 0.0625 0.825 0.0625 0.8099999999999999
2 0.35375 0.75125 0.3375 0.75125 0.3375 0.76375 0.35375 0.76375 0.35375 0.75125
2 0.36375 0.96125 0.3525 0.96125 0.3525 0.9737500000000001 0.36375 0.9737500000000001 0.36375 0.96125
2 0.9 0.81875 0.89125 0.81875 0.89125 0.83625 0.9 0.83625 0.9 0.81875
2 0.78125 0.5662499999999999 0.76875 0.5662499999999999 0.76875 0.57875 0.78125 0.57875 0.78125 0.5662499999999999
2 0.8074999999999999 0.595 0.79625 0.595 0.79625 0.60375 0.8074999999999999 0.60375 0.8074999999999999 0.595
2 0.8125 0.6 0.80375 0.6 0.80375 0.61 0.8125 0.61 0.8125 0.6
2 0.82 0.60625 0.8074999999999999 0.60625 0.8074999999999999 0.6174999999999999 0.82 0.6174999999999999 0.82 0.60625
2 0.5662499999999999 0.7075 0.55 0.7075 0.55 0.7175 0.5662499999999999 0.7175 0.5662499999999999 0.7075