2 0.9087500000000001 0.03625 0.8975 0.03625 0.8975 0.05500000000000001 0.9087500000000001 0.05500000000000001 0.9087500000000001 0.03625
2 0.8225 0.24 0.8125 0.24 0.8125 0.27125 0.8225 0.27125 0.8225 0.24
2 0.84375 0.35375 0.8375 0.35375 0.8375 0.375 0.84375 0.375 0.84375 0.35375
2 0.845 0.4 0.8387499999999999 0.4 0.8387499999999999 0.41500000000000004 0.845 0.41500000000000004 0.845 0.4
2 0.82125 0.39625 0.8125 0.39625 0.8125 0.41375 0.82125 0.41375 0.82125 0.39625
2 0.81875 0.70625 0.8099999999999999 0.70625 0.8099999999999999 0.73875 0.81875 0.73875 0.81875 0.70625
2 0.8474999999999999 0.7 0.8387499999999999 0.7 0.8387499999999999 0.7212500000000001 0.8474999999999999 0.7212500000000001 0.8474999999999999 0.7
2 0.85125 0.5900000000000001 0.8425 0.5900000000000001 0.8425 0.61375 0.85125 0.61375 0.85125 0.5900000000000001
2 0.8125 0.76125 0.805 0.76125 0.805 0.7925 0.8125 0.7925 0.8125 0.76125
2 0.8400000000000001 0.74375 0.83125 0.74375 0.83125 0.7625 0.8400000000000001 0.7625 0.8400000000000001 0.74375
2 0.8462500000000001 0.7625 0.8375 0.7625 0.8375 0.7775000000000001 0.8462500000000001 0.7775000000000001 0.8462500000000001 0.7625
2 0.83625 0.8074999999999999 0.8300000000000001 0.8074999999999999 0.8300000000000001 0.8225 0.83625 0.8225 0.83625 0.8074999999999999
2 0.8462500000000001 0.8712500000000001 0.8375 0.8712500000000001 0.8375 0.8949999999999999 0.8462500000000001 0.8949999999999999 0.8462500000000001 0.8712500000000001
2 0.81125 0.90625 0.8025 0.90625 0.8025 0.92875 0.81125 0.92875 0.81125 0.90625
2 0.81375 0.8175000000000001 0.80375 0.8175000000000001 0.80375 0.8425 0.81375 0.8425 0.81375 0.8175000000000001
2 0.8150000000000001 0.86625 0.8074999999999999 0.86625 0.8074999999999999 0.89375 0.8150000000000001 0.89375 0.8150000000000001 0.86625
2 0.85125 0.9512499999999999 0.8425 0.9512499999999999 0.8425 0.98125 0.85125 0.98125 0.85125 0.9512499999999999
2 0.76125 0.8162499999999999 0.755 0.8162499999999999 0.755 0.8387499999999999 0.76125 0.8387499999999999 0.76125 0.8162499999999999
2 0.76375 0.915 0.75625 0.915 0.75625 0.9375 0.76375 0.9375 0.76375 0.915
2 0.73125 0.82 0.71875 0.82 0.71875 0.8825 0.73125 0.8825 0.73125 0.82
2 0.7625 0.89375 0.755 0.89375 0.755 0.9025000000000001 0.7625 0.9025000000000001 0.7625 0.89375
2 0.8412499999999999 0.6599999999999999 0.83375 0.6599999999999999 0.83375 0.675 0.8412499999999999 0.675 0.8412499999999999 0.6599999999999999
2 0.69375 0.11625 0.6837500000000001 0.11625 0.6837500000000001 0.135 0.69375 0.135 0.69375 0.11625
2 0.69625 0.06625 0.6875 0.06625 0.6875 0.0875 0.69625 0.0875 0.69625 0.06625
2 0.6925 0.16999999999999998 0.6837500000000001 0.16999999999999998 0.6837500000000001 0.19375 0.6925 0.19375 0.6925 0.16999999999999998
2 0.6925 0.1975 0.6837500000000001 0.1975 0.6837500000000001 0.22000000000000003 0.6925 0.22000000000000003 0.6925 0.1975
2 0.69625 0.23500000000000001 0.6875 0.23500000000000001 0.6875 0.25625 0.69625 0.25625 0.69625 0.23500000000000001
2 0.7262500000000001 0.21000000000000002 0.71875 0.21000000000000002 0.71875 0.22125 0.7262500000000001 0.22125 0.7262500000000001 0.21000000000000002
2 0.74375 0.2 0.7375 0.2 0.7375 0.22374999999999998 0.74375 0.22374999999999998 0.74375 0.2
2 0.85875 0.22625 0.85125 0.22625 0.85125 0.24125000000000002 0.85875 0.24125000000000002 0.85875 0.22625