2 0.34249999999999997 0.62625 0.32125 0.62625 0.32125 0.63375 0.34249999999999997 0.63375 0.34249999999999997 0.62625
2 0.315 0.85 0.29874999999999996 0.85 0.29874999999999996 0.8574999999999999 0.315 0.8574999999999999 0.315 0.85
2 0.46125 0.7825 0.445 0.7825 0.445 0.79 0.46125 0.79 0.46125 0.7825
2 0.465 0.79875 0.445 0.79875 0.445 0.80625 0.465 0.80625 0.465 0.79875
2 0.46749999999999997 0.8225 0.45 0.8225 0.45 0.83125 0.46749999999999997 0.83125 0.46749999999999997 0.8225
2 0.46749999999999997 0.8375 0.45 0.8375 0.45 0.8462500000000001 0.46749999999999997 0.8462500000000001 0.46749999999999997 0.8375
2 0.5349999999999999 0.77625 0.52125 0.77625 0.52125 0.7849999999999999 0.5349999999999999 0.7849999999999999 0.5349999999999999 0.77625
2 0.5375 0.7837500000000001 0.51875 0.7837500000000001 0.51875 0.79125 0.5375 0.79125 0.5375 0.7837500000000001
2 0.5349999999999999 0.7925 0.51625 0.7925 0.51625 0.8025 0.5349999999999999 0.8025 0.5349999999999999 0.7925
2 0.5325 0.8125 0.51375 0.8125 0.51375 0.82 0.5325 0.82 0.5325 0.8125
2 0.5287499999999999 0.825 0.51125 0.825 0.51125 0.83125 0.5287499999999999 0.83125 0.5287499999999999 0.825
2 0.5325 0.8400000000000001 0.51625 0.8400000000000001 0.51625 0.8487500000000001 0.5325 0.8487500000000001 0.5325 0.8400000000000001
2 0.5325 0.8487500000000001 0.515 0.8487500000000001 0.515 0.85625 0.5325 0.85625 0.5325 0.8487500000000001
2 0.5287499999999999 0.8574999999999999 0.51125 0.8574999999999999 0.51125 0.86625 0.5287499999999999 0.86625 0.5287499999999999 0.8574999999999999
2 0.53125 0.86625 0.51 0.86625 0.51 0.87375 0.53125 0.87375 0.53125 0.86625
2 0.5325 0.87375 0.51625 0.87375 0.51625 0.88125 0.5325 0.88125 0.5325 0.87375
2 0.46749999999999997 0.845 0.45 0.845 0.45 0.85125 0.46749999999999997 0.85125 0.46749999999999997 0.845
2 0.46875 0.8525 0.45 0.8525 0.45 0.8612500000000001 0.46875 0.8612500000000001 0.46875 0.8525
2 0.9125 0.32375 0.9037499999999999 0.32375 0.9037499999999999 0.34125 0.9125 0.34125 0.9125 0.32375
2 0.8099999999999999 0.3275 0.79875 0.3275 0.79875 0.34500000000000003 0.8099999999999999 0.34500000000000003 0.8099999999999999 0.3275
2 0.9275 0.3075 0.9175000000000001 0.3075 0.9175000000000001 0.3225 0.9275 0.3225 0.9275 0.3075
2 0.74125 0.40125 0.725 0.40125 0.725 0.40875000000000006 0.74125 0.40875000000000006 0.74125 0.40125
2 0.7424999999999999 0.41375 0.725 0.41375 0.725 0.41875 0.7424999999999999 0.41875 0.7424999999999999 0.41375
2 0.9862500000000001 0.34875 0.9662499999999999 0.34875 0.9662499999999999 0.36 0.9862500000000001 0.36 0.9862500000000001 0.34875
2 0.9199999999999999 0.36124999999999996 0.89875 0.36124999999999996 0.89875 0.37124999999999997 0.9199999999999999 0.37124999999999997 0.9199999999999999 0.36124999999999996
2 0.29375 0.06999999999999999 0.28625 0.06999999999999999 0.28625 0.08249999999999999 0.29375 0.08249999999999999 0.29375 0.06999999999999999
2 0.21375000000000002 0.24 0.20625 0.24 0.20625 0.25125000000000003 0.21375000000000002 0.25125000000000003 0.21375000000000002 0.24
2 0.07625 0.57625 0.05500000000000001 0.57625 0.05500000000000001 0.58375 0.07625 0.58375 0.07625 0.57625
2 0.08 0.5825 0.07375000000000001 0.5825 0.07375000000000001 0.595 0.08 0.595 0.08 0.5825
2 0.07875 0.59375 0.065 0.59375 0.065 0.6 0.07875 0.6 0.07875 0.59375
2 0.0875 0.585 0.08249999999999999 0.585 0.08249999999999999 0.5974999999999999 0.0875 0.5974999999999999 0.0875 0.585
2 0.09625 0.5825 0.09 0.5825 0.09 0.59875 0.09625 0.59875 0.09625 0.5825
2 0.10500000000000001 0.585 0.0975 0.585 0.0975 0.59875 0.10500000000000001 0.59875 0.10500000000000001 0.585
2 0.11499999999999999 0.57625 0.1 0.57625 0.1 0.5825 0.11499999999999999 0.5825 0.11499999999999999 0.57625
2 0.13374999999999998 0.55125 0.11750000000000001 0.55125 0.11750000000000001 0.55625 0.13374999999999998 0.55625 0.13374999999999998 0.55125
2 0.15 0.55 0.13374999999999998 0.55 0.13374999999999998 0.55625 0.15 0.55625 0.15 0.55
2 0.15 0.55625 0.13625 0.55625 0.13625 0.5625 0.15 0.5625 0.15 0.55625
2 0.1325 0.55625 0.11499999999999999 0.55625 0.11499999999999999 0.5650000000000001 0.1325 0.5650000000000001 0.1325 0.55625
2 0.11750000000000001 0.56875 0.10124999999999999 0.56875 0.10124999999999999 0.575 0.11750000000000001 0.575 0.11750000000000001 0.56875
2 0.1325 0.5662499999999999 0.11499999999999999 0.5662499999999999 0.11499999999999999 0.57375 0.1325 0.57375 0.1325 0.5662499999999999
2 0.13374999999999998 0.5725 0.11875 0.5725 0.11875 0.58125 0.13374999999999998 0.58125 0.13374999999999998 0.5725
2 0.12125 0.5825 0.1125 0.5825 0.1125 0.595 0.12125 0.595 0.12125 0.5825
2 0.12875 0.58 0.12125 0.58 0.12125 0.5962500000000001 0.12875 0.5962500000000001 0.12875 0.58
2 0.14875 0.585 0.1325 0.585 0.1325 0.5912499999999999 0.14875 0.5912499999999999 0.14875 0.585
2 0.14875 0.58 0.13374999999999998 0.58 0.13374999999999998 0.5862499999999999 0.14875 0.5862499999999999 0.14875 0.58
2 0.14750000000000002 0.5725 0.1325 0.5725 0.1325 0.57875 0.14750000000000002 0.57875 0.14750000000000002 0.5725
2 0.15125 0.56875 0.1375 0.56875 0.1375 0.57375 0.15125 0.57375 0.15125 0.56875
2 0.16375 0.57875 0.15 0.57875 0.15 0.585 0.16375 0.585 0.16375 0.57875
2 0.16625 0.57375 0.15 0.57375 0.15 0.57875 0.16625 0.57875 0.16625 0.57375
2 0.1675 0.5725 0.15 0.5725 0.15 0.57875 0.1675 0.57875 0.1675 0.5725
2 0.1675 0.5675 0.15125 0.5675 0.15125 0.57375 0.1675 0.57375 0.1675 0.5675
2 0.16625 0.5625 0.1525 0.5625 0.1525 0.5675 0.16625 0.5675 0.16625 0.5625
2 0.16625 0.5575 0.155 0.5575 0.155 0.56125 0.16625 0.56125 0.16625 0.5575
2 0.16625 0.585 0.15 0.585 0.15 0.5925 0.16625 0.5925 0.16625 0.585
2 0.18 0.58375 0.16625 0.58375 0.16625 0.5900000000000001 0.18 0.5900000000000001 0.18 0.58375
2 0.19875 0.585 0.1825 0.585 0.1825 0.5900000000000001 0.19875 0.5900000000000001 0.19875 0.585
2 0.1975 0.57875 0.18125 0.57875 0.18125 0.585 0.1975 0.585 0.1975 0.57875
2 0.18 0.57875 0.16499999999999998 0.57875 0.16499999999999998 0.58375 0.18 0.58375 0.18 0.57875
2 0.18125 0.5725 0.16625 0.5725 0.16625 0.57875 0.18125 0.57875 0.18125 0.5725
2 0.19875 0.5725 0.1825 0.5725 0.1825 0.5775 0.19875 0.5775 0.19875 0.5725
2 0.19875 0.5675 0.1825 0.5675 0.1825 0.5725 0.19875 0.5725 0.19875 0.5675
2 0.1875 0.55375 0.1675 0.55375 0.1675 0.5599999999999999 0.1875 0.5599999999999999 0.1875 0.55375
2 0.335 0.48624999999999996 0.3175 0.48624999999999996 0.3175 0.49625 0.335 0.49625 0.335 0.48624999999999996
2 0.18 0.96125 0.15875 0.96125 0.15875 0.97 0.18 0.97 0.18 0.96125
2 0.1775 0.97 0.16 0.97 0.16 0.97875 0.1775 0.97875 0.1775 0.97
2 0.1775 0.83625 0.16125 0.83625 0.16125 0.845 0.1775 0.845 0.1775 0.83625
2 0.21875 0.835 0.20125 0.835 0.20125 0.8425 0.21875 0.8425 0.21875 0.835
2 0.6849999999999999 0.19875 0.67625 0.19875 0.67625 0.21625 0.6849999999999999 0.21625 0.6849999999999999 0.19875
2 0.68625 0.21625 0.67875 0.21625 0.67875 0.23125 0.68625 0.23125 0.68625 0.21625
2 0.7162499999999999 0.22875 0.70875 0.22875 0.70875 0.2425 0.7162499999999999 0.2425 0.7162499999999999 0.22875