0 0.0859375 0.01796875 0.10625 0.0359375
0 0.13515625 0.084375 0.0984375 0.078125
0 0.1796875 0.1734375 0.103125 0.07578125
0 0.24140625 0.2734375 0.1078125 0.08984375
0 0.2921875 0.3609375 0.10390625 0.084375
0 0.4359375 0.371875 0.08046875 0.09921875
0 0.39140625 0.52265625 0.0953125 0.0796875
0 0.4484375 0.6328125 0.09609375 0.08125
0 0.4796875 0.76015625 0.08203125 0.0765625
0 0.53671875 0.85234375 0.0953125 0.0796875
0 0.81328125 0.7 0.0703125 0.084375
0 0.90625 0.6515625 0.06015625 0.07421875
0 0.74375 0.315625 0.09921875 0.08359375
0 0.471875 0.121875 0.065625 0.046875
0 0.5703125 0.059375 0.04921875 0.04609375