0 0.98203125 0.9140625 0.0359375 0.10625
0 0.915625 0.86640625 0.078125 0.0984375
0 0.8265625 0.8203125 0.075 0.103125
0 0.7265625 0.76015625 0.090625 0.1078125
0 0.640625 0.7078125 0.084375 0.103125
0 0.628125 0.5640625 0.1 0.08125
0 0.47890625 0.60859375 0.0796875 0.0953125
0 0.36875 0.553125 0.08125 0.096875
0 0.23984375 0.5203125 0.0765625 0.08125
0 0.14765625 0.46328125 0.0796875 0.0953125
0 0.3015625 0.18671875 0.084375 0.0703125
0 0.3484375 0.09375 0.075 0.059375
0 0.684375 0.25625 0.084375 0.1
0 0.878125 0.528125 0.046875 0.065625
0 0.940625 0.4296875 0.046875 0.05