0 0.9 0.10703125 0.08203125 0.0796875
0 0.7375 0.196875 0.07578125 0.0875
0 0.6546875 0.24375 0.07890625 0.084375
0 0.34375 0.540625 0.09609375 0.08046875
0 0.32265625 0.684375 0.0796875 0.08046875
0 0.409375 0.6328125 0.07890625 0.08828125
0 0.4890625 0.57734375 0.07890625 0.0796875
0 0.6015625 0.51875 0.07890625 0.078125
0 0.6890625 0.46875 0.075 0.08046875
0 0.7765625 0.415625 0.084375 0.09453125
0 0.8671875 0.36640625 0.075 0.0953125
0 0.9546875 0.3109375 0.084375 0.10078125
0 0.79375 0.7046875 0.10703125 0.07734375
0 0.84140625 0.790625 0.0984375 0.078125
0 0.8875 0.8796875 0.103125 0.07578125
0 0.94609375 0.9671875 0.1078125 0.065625