2 0.19875 0.54625 0.17124999999999999 0.54625 0.17124999999999999 0.55625 0.19875 0.55625 0.19875 0.54625
2 0.385 0.54125 0.35375 0.54125 0.35375 0.54875 0.385 0.54875 0.385 0.54125
2 0.56125 0.45625 0.5 0.45625 0.5 0.465 0.56125 0.465 0.56125 0.45625
2 0.51375 0.43499999999999994 0.48375 0.43499999999999994 0.48375 0.44375 0.51375 0.44375 0.51375 0.43499999999999994
2 0.51875 0.39 0.49000000000000005 0.39 0.49000000000000005 0.39625 0.51875 0.39625 0.51875 0.39
2 0.51625 0.40750000000000003 0.49375 0.40750000000000003 0.49375 0.4125 0.51625 0.4125 0.51625 0.40750000000000003
2 0.5625 0.40499999999999997 0.54375 0.40499999999999997 0.54375 0.4125 0.5625 0.4125 0.5625 0.40499999999999997
2 0.55375 0.42625 0.5349999999999999 0.42625 0.5349999999999999 0.43375 0.55375 0.43375 0.55375 0.42625
2 0.5925 0.40374999999999994 0.56875 0.40374999999999994 0.56875 0.4125 0.5925 0.4125 0.5925 0.40374999999999994
2 0.58875 0.38875000000000004 0.5575 0.38875000000000004 0.5575 0.3975 0.58875 0.3975 0.58875 0.38875000000000004
2 0.46624999999999994 0.365 0.45875000000000005 0.365 0.45875000000000005 0.375 0.46624999999999994 0.375 0.46624999999999994 0.365
2 0.37374999999999997 0.605 0.34500000000000003 0.605 0.34500000000000003 0.61375 0.37374999999999997 0.61375 0.37374999999999997 0.605
2 0.4425 0.625 0.39375 0.625 0.39375 0.6325000000000001 0.4425 0.6325000000000001 0.4425 0.625
2 0.42750000000000005 0.6475 0.39249999999999996 0.6475 0.39249999999999996 0.6575 0.42750000000000005 0.6575 0.42750000000000005 0.6475