2 0.89 0.475 0.85875 0.475 0.85875 0.4875 0.89 0.4875 0.89 0.475
2 0.8949999999999999 0.49375 0.8637499999999999 0.49375 0.8637499999999999 0.5037499999999999 0.8949999999999999 0.5037499999999999 0.8949999999999999 0.49375
2 0.9275 0.47125000000000006 0.9025000000000001 0.47125000000000006 0.9025000000000001 0.48125 0.9275 0.48125 0.9275 0.47125000000000006
2 0.48125 0.655 0.475 0.655 0.475 0.66625 0.48125 0.66625 0.48125 0.655
2 0.505 0.6475 0.49749999999999994 0.6475 0.49749999999999994 0.665 0.505 0.665 0.505 0.6475
2 0.5125 0.6487499999999999 0.505 0.6487499999999999 0.505 0.6637500000000001 0.5125 0.6637500000000001 0.5125 0.6487499999999999
2 0.52125 0.6475 0.5125 0.6475 0.5125 0.6637500000000001 0.52125 0.6637500000000001 0.52125 0.6475
2 0.5337500000000001 0.63625 0.51875 0.63625 0.51875 0.645 0.5337500000000001 0.645 0.5337500000000001 0.63625
2 0.5287499999999999 0.64625 0.5225 0.64625 0.5225 0.6637500000000001 0.5287499999999999 0.6637500000000001 0.5287499999999999 0.64625
2 0.53625 0.64625 0.5287499999999999 0.64625 0.5287499999999999 0.66125 0.53625 0.66125 0.53625 0.64625
2 0.545 0.6475 0.5387500000000001 0.6475 0.5387500000000001 0.6637500000000001 0.545 0.6637500000000001 0.545 0.6475
2 0.55 0.645 0.54375 0.645 0.54375 0.66125 0.55 0.66125 0.55 0.645
2 0.5599999999999999 0.64625 0.55375 0.64625 0.55375 0.6599999999999999 0.5599999999999999 0.6599999999999999 0.5599999999999999 0.64625
2 0.5675 0.64125 0.56125 0.64125 0.56125 0.6587500000000001 0.5675 0.6587500000000001 0.5675 0.64125
2 0.575 0.64125 0.56875 0.64125 0.56875 0.66125 0.575 0.66125 0.575 0.64125
2 0.58375 0.6425 0.5775 0.6425 0.5775 0.65625 0.58375 0.65625 0.58375 0.6425
2 0.49625 0.6487499999999999 0.49000000000000005 0.6487499999999999 0.49000000000000005 0.66625 0.49625 0.66625 0.49625 0.6487499999999999
2 0.51125 0.67 0.5037499999999999 0.67 0.5037499999999999 0.6849999999999999 0.51125 0.6849999999999999 0.51125 0.67
2 0.51875 0.67 0.5125 0.67 0.5125 0.68625 0.51875 0.68625 0.51875 0.67
2 0.5275000000000001 0.66875 0.52125 0.66875 0.52125 0.6837500000000001 0.5275000000000001 0.6837500000000001 0.5275000000000001 0.66875
2 0.5349999999999999 0.67 0.5275000000000001 0.67 0.5275000000000001 0.6825 0.5349999999999999 0.6825 0.5349999999999999 0.67
2 0.5912499999999999 0.6849999999999999 0.57375 0.6849999999999999 0.57375 0.69375 0.5912499999999999 0.69375 0.5912499999999999 0.6849999999999999
2 0.5900000000000001 0.69625 0.57375 0.69625 0.57375 0.705 0.5900000000000001 0.705 0.5900000000000001 0.69625
2 0.5375 0.7 0.5225 0.7 0.5225 0.70875 0.5375 0.70875 0.5375 0.7
2 0.5525 0.7 0.5375 0.7 0.5375 0.7075 0.5525 0.7075 0.5525 0.7
2 0.55 0.71 0.54125 0.71 0.54125 0.7262500000000001 0.55 0.7262500000000001 0.55 0.71
2 0.2875 0.83625 0.28125 0.83625 0.28125 0.8525 0.2875 0.8525 0.2875 0.83625
2 0.29375 0.8324999999999999 0.28875 0.8324999999999999 0.28875 0.8487500000000001 0.29375 0.8487500000000001 0.29375 0.8324999999999999
2 0.3025 0.8300000000000001 0.29500000000000004 0.8300000000000001 0.29500000000000004 0.845 0.3025 0.845 0.3025 0.8300000000000001
2 0.31 0.8262499999999999 0.30375 0.8262499999999999 0.30375 0.8425 0.31 0.8425 0.31 0.8262499999999999
2 0.32 0.8125 0.3025 0.8125 0.3025 0.8225 0.32 0.8225 0.32 0.8125
2 0.3325 0.81375 0.32625000000000004 0.81375 0.32625000000000004 0.83125 0.3325 0.83125 0.3325 0.81375
2 0.34125 0.81375 0.33375 0.81375 0.33375 0.83125 0.34125 0.83125 0.34125 0.81375
2 0.34875 0.81125 0.34125 0.81125 0.34125 0.8262499999999999 0.34875 0.8262499999999999 0.34875 0.81125
2 0.355 0.8087500000000001 0.34875 0.8087500000000001 0.34875 0.8262499999999999 0.355 0.8262499999999999 0.355 0.8087500000000001
2 0.4375 0.75875 0.42874999999999996 0.75875 0.42874999999999996 0.7737499999999999 0.4375 0.7737499999999999 0.4375 0.75875
2 0.42000000000000004 0.7224999999999999 0.41 0.7224999999999999 0.41 0.73625 0.42000000000000004 0.73625 0.42000000000000004 0.7224999999999999
2 0.44749999999999995 0.8175000000000001 0.43624999999999997 0.8175000000000001 0.43624999999999997 0.8275 0.44749999999999995 0.8275 0.44749999999999995 0.8175000000000001
2 0.45375 0.82125 0.4425 0.82125 0.4425 0.83375 0.45375 0.83375 0.45375 0.82125
2 0.48250000000000004 0.7975 0.47750000000000004 0.7975 0.47750000000000004 0.8099999999999999 0.48250000000000004 0.8099999999999999 0.48250000000000004 0.7975
2 0.49124999999999996 0.795 0.48375 0.795 0.48375 0.8087500000000001 0.49124999999999996 0.8087500000000001 0.49124999999999996 0.795
2 0.465 0.71875 0.45125000000000004 0.71875 0.45125000000000004 0.7262500000000001 0.465 0.7262500000000001 0.465 0.71875
2 0.46749999999999997 0.72875 0.4525 0.72875 0.4525 0.735 0.46749999999999997 0.735 0.46749999999999997 0.72875
2 0.46875 0.735 0.45 0.735 0.45 0.74125 0.46875 0.74125 0.46875 0.735
2 0.47125000000000006 0.7424999999999999 0.45625 0.7424999999999999 0.45625 0.74875 0.47125000000000006 0.74875 0.47125000000000006 0.7424999999999999
2 0.485 0.7275 0.46875 0.7275 0.46875 0.73375 0.485 0.73375 0.485 0.7275
2 0.4875 0.735 0.47000000000000003 0.735 0.47000000000000003 0.7424999999999999 0.4875 0.7424999999999999 0.4875 0.735
2 0.48624999999999996 0.74375 0.47125000000000006 0.74375 0.47125000000000006 0.75125 0.48624999999999996 0.75125 0.48624999999999996 0.74375
2 0.485 0.7525000000000001 0.47000000000000003 0.7525000000000001 0.47000000000000003 0.75875 0.485 0.75875 0.485 0.7525000000000001
2 0.5075000000000001 0.7375 0.49000000000000005 0.7375 0.49000000000000005 0.7462500000000001 0.5075000000000001 0.7462500000000001 0.5075000000000001 0.7375
2 0.50875 0.7462500000000001 0.49124999999999996 0.7462500000000001 0.49124999999999996 0.7537499999999999 0.50875 0.7537499999999999 0.50875 0.7462500000000001
2 0.5075000000000001 0.76 0.49375 0.76 0.49375 0.7675 0.5075000000000001 0.7675 0.5075000000000001 0.76
2 0.5075000000000001 0.775 0.4925 0.775 0.4925 0.78125 0.5075000000000001 0.78125 0.5075000000000001 0.775
2 0.51 0.7825 0.49375 0.7825 0.49375 0.79125 0.51 0.79125 0.51 0.7825
2 0.51 0.79375 0.49375 0.79375 0.49375 0.8 0.51 0.8 0.51 0.79375
2 0.5575 0.735 0.5425 0.735 0.5425 0.7424999999999999 0.5575 0.7424999999999999 0.5575 0.735
2 0.5375 0.7224999999999999 0.5237499999999999 0.7224999999999999 0.5237499999999999 0.72875 0.5375 0.72875 0.5375 0.7224999999999999
2 0.59375 0.7325 0.5775 0.7325 0.5775 0.74 0.59375 0.74 0.59375 0.7325
2 0.5425 0.76625 0.52625 0.76625 0.52625 0.7737499999999999 0.5425 0.7737499999999999 0.5425 0.76625
2 0.54375 0.7737499999999999 0.525 0.7737499999999999 0.525 0.78 0.54375 0.78 0.54375 0.7737499999999999
2 0.5425 0.78 0.52625 0.78 0.52625 0.7875 0.5425 0.7875 0.5425 0.78
2 0.5425 0.795 0.5287499999999999 0.795 0.5287499999999999 0.805 0.5425 0.805 0.5425 0.795
2 0.5387500000000001 0.81125 0.5237499999999999 0.81125 0.5237499999999999 0.81875 0.5387500000000001 0.81875 0.5387500000000001 0.81125
2 0.46624999999999994 0.83125 0.45875000000000005 0.83125 0.45875000000000005 0.8487500000000001 0.46624999999999994 0.8487500000000001 0.46624999999999994 0.83125
2 0.4725 0.8324999999999999 0.46749999999999997 0.8324999999999999 0.46749999999999997 0.8474999999999999 0.4725 0.8474999999999999 0.4725 0.8324999999999999
2 0.48125 0.8324999999999999 0.47375 0.8324999999999999 0.47375 0.8474999999999999 0.48125 0.8474999999999999 0.48125 0.8324999999999999
2 0.5925 0.7787499999999999 0.5775 0.7787499999999999 0.5775 0.7849999999999999 0.5925 0.7849999999999999 0.5925 0.7787499999999999
2 0.5675 0.7737499999999999 0.5599999999999999 0.7737499999999999 0.5599999999999999 0.79125 0.5675 0.79125 0.5675 0.7737499999999999
2 0.54125 0.75125 0.52625 0.75125 0.52625 0.75875 0.54125 0.75875 0.54125 0.75125
2 0.5650000000000001 0.7424999999999999 0.5575 0.7424999999999999 0.5575 0.7575000000000001 0.5650000000000001 0.7575000000000001 0.5650000000000001 0.7424999999999999
2 0.5575 0.7424999999999999 0.54125 0.7424999999999999 0.54125 0.75125 0.5575 0.75125 0.5575 0.7424999999999999
2 0.5549999999999999 0.75125 0.54125 0.75125 0.54125 0.7575000000000001 0.5549999999999999 0.7575000000000001 0.5549999999999999 0.75125
2 0.5587500000000001 0.7725 0.545 0.7725 0.545 0.78 0.5587500000000001 0.78 0.5587500000000001 0.7725
2 0.5599999999999999 0.78 0.545 0.78 0.545 0.78625 0.5599999999999999 0.78625 0.5599999999999999 0.78
2 0.55625 0.7887500000000001 0.5425 0.7887500000000001 0.5425 0.795 0.55625 0.795 0.55625 0.7887500000000001
2 0.5587500000000001 0.79625 0.5425 0.79625 0.5425 0.80375 0.5587500000000001 0.80375 0.5587500000000001 0.79625
2 0.49000000000000005 0.83125 0.48375 0.83125 0.48375 0.8462500000000001 0.49000000000000005 0.8462500000000001 0.49000000000000005 0.83125
2 0.505 0.8324999999999999 0.49749999999999994 0.8324999999999999 0.49749999999999994 0.8474999999999999 0.505 0.8474999999999999 0.505 0.8324999999999999
2 0.5349999999999999 0.8275 0.5287499999999999 0.8275 0.5287499999999999 0.84375 0.5349999999999999 0.84375 0.5349999999999999 0.8275
2 0.54375 0.82875 0.5349999999999999 0.82875 0.5349999999999999 0.84375 0.54375 0.84375 0.54375 0.82875
2 0.56375 0.8275 0.55625 0.8275 0.55625 0.84375 0.56375 0.84375 0.56375 0.8275
2 0.57125 0.8262499999999999 0.56375 0.8262499999999999 0.56375 0.8425 0.57125 0.8425 0.57125 0.8262499999999999
2 0.4225 0.7575000000000001 0.41500000000000004 0.7575000000000001 0.41500000000000004 0.7725 0.4225 0.7725 0.4225 0.7575000000000001
2 0.57875 0.825 0.5725 0.825 0.5725 0.8412499999999999 0.57875 0.8412499999999999 0.57875 0.825
2 0.595 0.8237500000000001 0.5862499999999999 0.8237500000000001 0.5862499999999999 0.8387499999999999 0.595 0.8387499999999999 0.595 0.8237500000000001
2 0.6012500000000001 0.8225 0.595 0.8225 0.595 0.8387499999999999 0.6012500000000001 0.8387499999999999 0.6012500000000001 0.8225
2 0.61 0.8237500000000001 0.6012500000000001 0.8237500000000001 0.6012500000000001 0.8425 0.61 0.8425 0.61 0.8237500000000001
2 0.6174999999999999 0.8237500000000001 0.61 0.8237500000000001 0.61 0.8412499999999999 0.6174999999999999 0.8412499999999999 0.6174999999999999 0.8237500000000001
2 0.61 0.7875 0.6025 0.7875 0.6025 0.8025 0.61 0.8025 0.61 0.7875
2 0.6174999999999999 0.78625 0.61125 0.78625 0.61125 0.8025 0.6174999999999999 0.8025 0.6174999999999999 0.78625
2 0.62625 0.7837500000000001 0.61875 0.7837500000000001 0.61875 0.8025 0.62625 0.8025 0.62625 0.7837500000000001
2 0.63375 0.7849999999999999 0.62625 0.7849999999999999 0.62625 0.80375 0.63375 0.80375 0.63375 0.7849999999999999
2 0.64125 0.7837500000000001 0.635 0.7837500000000001 0.635 0.8025 0.64125 0.8025 0.64125 0.7837500000000001
2 0.6487499999999999 0.78625 0.6425 0.78625 0.6425 0.8025 0.6487499999999999 0.8025 0.6487499999999999 0.78625
2 0.65625 0.7849999999999999 0.6487499999999999 0.7849999999999999 0.6487499999999999 0.8025 0.65625 0.8025 0.65625 0.7849999999999999
2 0.6575 0.81875 0.6487499999999999 0.81875 0.6487499999999999 0.83625 0.6575 0.83625 0.6575 0.81875
2 0.66625 0.81875 0.6587500000000001 0.81875 0.6587500000000001 0.835 0.66625 0.835 0.66625 0.81875
2 0.67375 0.81875 0.6675 0.81875 0.6675 0.835 0.67375 0.835 0.67375 0.81875
2 0.6825 0.81875 0.675 0.81875 0.675 0.83625 0.6825 0.83625 0.6825 0.81875
2 0.6912499999999999 0.8175000000000001 0.6825 0.8175000000000001 0.6825 0.8375 0.6912499999999999 0.8375 0.6912499999999999 0.8175000000000001
2 0.6637500000000001 0.7849999999999999 0.6575 0.7849999999999999 0.6575 0.8012499999999999 0.6637500000000001 0.8012499999999999 0.6637500000000001 0.7849999999999999
2 0.6725 0.7849999999999999 0.665 0.7849999999999999 0.665 0.8012499999999999 0.6725 0.8012499999999999 0.6725 0.7849999999999999
2 0.67875 0.7837500000000001 0.67375 0.7837500000000001 0.67375 0.8 0.67875 0.8 0.67875 0.7837500000000001
2 0.6875 0.7825 0.68125 0.7825 0.68125 0.79875 0.6875 0.79875 0.6875 0.7825
2 0.6950000000000001 0.7825 0.68875 0.7825 0.68875 0.7975 0.6950000000000001 0.7975 0.6950000000000001 0.7825
2 0.7 0.81875 0.6912499999999999 0.81875 0.6912499999999999 0.8375 0.7 0.8375 0.7 0.81875
2 0.7175 0.78125 0.71 0.78125 0.71 0.7975 0.7175 0.7975 0.7175 0.78125
2 0.2425 0.9887499999999999 0.22999999999999998 0.9887499999999999 0.22999999999999998 0.9949999999999999 0.2425 0.9949999999999999 0.2425 0.9887499999999999
2 0.2725 0.97 0.265 0.97 0.265 0.9862500000000001 0.2725 0.9862500000000001 0.2725 0.97
2 0.28375 0.9862500000000001 0.27125 0.9862500000000001 0.27125 0.99375 0.28375 0.99375 0.28375 0.9862500000000001
2 0.3 0.9675 0.2925 0.9675 0.2925 0.98375 0.3 0.98375 0.3 0.9675
2 0.30874999999999997 0.9675 0.3 0.9675 0.3 0.985 0.30874999999999997 0.985 0.30874999999999997 0.9675
2 0.5125 0.8300000000000001 0.505 0.8300000000000001 0.505 0.8462500000000001 0.5125 0.8462500000000001 0.5125 0.8300000000000001
2 0.31625000000000003 0.9675 0.30874999999999997 0.9675 0.30874999999999997 0.98375 0.31625000000000003 0.98375 0.31625000000000003 0.9675
2 0.33125 0.9662499999999999 0.32375 0.9662499999999999 0.32375 0.98125 0.33125 0.98125 0.33125 0.9662499999999999
2 0.33999999999999997 0.9637499999999999 0.3325 0.9637499999999999 0.3325 0.9824999999999999 0.33999999999999997 0.9824999999999999 0.33999999999999997 0.9637499999999999
2 0.34875 0.9662499999999999 0.33999999999999997 0.9662499999999999 0.33999999999999997 0.9824999999999999 0.34875 0.9824999999999999 0.34875 0.9662499999999999
2 0.355 0.9650000000000001 0.34750000000000003 0.9650000000000001 0.34750000000000003 0.9800000000000001 0.355 0.9800000000000001 0.355 0.9650000000000001
2 0.36124999999999996 0.9637499999999999 0.355 0.9637499999999999 0.355 0.98125 0.36124999999999996 0.98125 0.36124999999999996 0.9637499999999999
2 0.36875 0.9637499999999999 0.36124999999999996 0.9637499999999999 0.36124999999999996 0.9775 0.36875 0.9775 0.36875 0.9637499999999999
2 0.37625000000000003 0.96125 0.36875 0.96125 0.36875 0.97875 0.37625000000000003 0.97875 0.37625000000000003 0.96125
2 0.41125 0.95875 0.40499999999999997 0.95875 0.40499999999999997 0.97625 0.41125 0.97625 0.41125 0.95875
2 0.6775 0.96125 0.6599999999999999 0.96125 0.6599999999999999 0.97 0.6775 0.97 0.6775 0.96125
2 0.675 0.985 0.66125 0.985 0.66125 0.99375 0.675 0.99375 0.675 0.985
2 0.73375 0.78125 0.7262500000000001 0.78125 0.7262500000000001 0.79625 0.73375 0.79625 0.73375 0.78125
2 0.725 0.78125 0.72 0.78125 0.72 0.7975 0.725 0.7975 0.725 0.78125
2 0.74375 0.7787499999999999 0.735 0.7787499999999999 0.735 0.795 0.74375 0.795 0.74375 0.7787499999999999
2 0.71875 0.81875 0.7125 0.81875 0.7125 0.835 0.71875 0.835 0.71875 0.81875
2 0.7262500000000001 0.81875 0.7212500000000001 0.81875 0.7212500000000001 0.83375 0.7262500000000001 0.83375 0.7262500000000001 0.81875
2 0.73375 0.8175000000000001 0.7275 0.8175000000000001 0.7275 0.8324999999999999 0.73375 0.8324999999999999 0.73375 0.8175000000000001
2 0.74125 0.8175000000000001 0.73375 0.8175000000000001 0.73375 0.8324999999999999 0.74125 0.8324999999999999 0.74125 0.8175000000000001
2 0.74875 0.8175000000000001 0.74125 0.8175000000000001 0.74125 0.8324999999999999 0.74875 0.8324999999999999 0.74875 0.8175000000000001
2 0.75625 0.8162499999999999 0.74875 0.8162499999999999 0.74875 0.8324999999999999 0.75625 0.8324999999999999 0.75625 0.8162499999999999
2 0.78625 0.8150000000000001 0.78 0.8150000000000001 0.78 0.83125 0.78625 0.83125 0.78625 0.8150000000000001
2 0.7925 0.81375 0.78625 0.81375 0.78625 0.83125 0.7925 0.83125 0.7925 0.81375
2 0.8012499999999999 0.8125 0.795 0.8125 0.795 0.82875 0.8012499999999999 0.82875 0.8012499999999999 0.8125
2 0.79 0.7775000000000001 0.7837500000000001 0.7775000000000001 0.7837500000000001 0.79375 0.79 0.79375 0.79 0.7775000000000001
2 0.8074999999999999 0.7775000000000001 0.8 0.7775000000000001 0.8 0.7925 0.8074999999999999 0.7925 0.8074999999999999 0.7775000000000001
2 0.81375 0.77625 0.8087500000000001 0.77625 0.8087500000000001 0.7925 0.81375 0.7925 0.81375 0.77625
2 0.82125 0.775 0.8150000000000001 0.775 0.8150000000000001 0.79 0.82125 0.79 0.82125 0.775
2 0.8074999999999999 0.8099999999999999 0.8025 0.8099999999999999 0.8025 0.8275 0.8074999999999999 0.8275 0.8074999999999999 0.8099999999999999
2 0.8175000000000001 0.8099999999999999 0.8099999999999999 0.8099999999999999 0.8099999999999999 0.82875 0.8175000000000001 0.82875 0.8175000000000001 0.8099999999999999
2 0.8237500000000001 0.81125 0.81875 0.81125 0.81875 0.8275 0.8237500000000001 0.8275 0.8237500000000001 0.81125
2 0.8300000000000001 0.775 0.8225 0.775 0.8225 0.79 0.8300000000000001 0.79 0.8300000000000001 0.775
2 0.83625 0.775 0.8300000000000001 0.775 0.8300000000000001 0.7887500000000001 0.83625 0.7887500000000001 0.83625 0.775
2 0.845 0.7725 0.8375 0.7725 0.8375 0.7925 0.845 0.7925 0.845 0.7725
2 0.85375 0.775 0.8474999999999999 0.775 0.8474999999999999 0.79 0.85375 0.79 0.85375 0.775
2 0.86 0.7737499999999999 0.8550000000000001 0.7737499999999999 0.8550000000000001 0.7887500000000001 0.86 0.7887500000000001 0.86 0.7737499999999999
2 0.86875 0.7737499999999999 0.8625 0.7737499999999999 0.8625 0.7887500000000001 0.86875 0.7887500000000001 0.86875 0.7737499999999999
2 0.87625 0.7725 0.8699999999999999 0.7725 0.8699999999999999 0.7875 0.87625 0.7875 0.87625 0.7725
2 0.88375 0.7725 0.8775000000000001 0.7725 0.8775000000000001 0.79 0.88375 0.79 0.88375 0.7725
2 0.8324999999999999 0.8099999999999999 0.825 0.8099999999999999 0.825 0.82875 0.8324999999999999 0.82875 0.8324999999999999 0.8099999999999999
2 0.8474999999999999 0.8099999999999999 0.8412499999999999 0.8099999999999999 0.8412499999999999 0.8275 0.8474999999999999 0.8275 0.8474999999999999 0.8099999999999999
2 0.8550000000000001 0.8125 0.8487500000000001 0.8125 0.8487500000000001 0.82875 0.8550000000000001 0.82875 0.8550000000000001 0.8125
2 0.8612500000000001 0.81125 0.85625 0.81125 0.85625 0.8275 0.8612500000000001 0.8275 0.8612500000000001 0.81125
2 0.8712500000000001 0.8087500000000001 0.8625 0.8087500000000001 0.8625 0.8262499999999999 0.8712500000000001 0.8262499999999999 0.8712500000000001 0.8087500000000001
2 0.8787499999999999 0.8087500000000001 0.8724999999999999 0.8087500000000001 0.8724999999999999 0.8262499999999999 0.8787499999999999 0.8262499999999999 0.8787499999999999 0.8087500000000001
2 0.9087500000000001 0.61375 0.89 0.61375 0.89 0.62625 0.9087500000000001 0.62625 0.9087500000000001 0.61375
2 0.90625 0.6224999999999999 0.89125 0.6224999999999999 0.89125 0.6325000000000001 0.90625 0.6325000000000001 0.90625 0.6224999999999999
2 0.905 0.6287499999999999 0.89125 0.6287499999999999 0.89125 0.64 0.905 0.64 0.905 0.6287499999999999
2 0.90625 0.63875 0.89375 0.63875 0.89375 0.6487499999999999 0.90625 0.6487499999999999 0.90625 0.63875
2 0.9512499999999999 0.6287499999999999 0.9375 0.6287499999999999 0.9375 0.6375 0.9512499999999999 0.6375 0.9512499999999999 0.6287499999999999
2 0.95625 0.60375 0.95 0.60375 0.95 0.61875 0.95625 0.61875 0.95625 0.60375
2 0.92875 0.60375 0.9199999999999999 0.60375 0.9199999999999999 0.62 0.92875 0.62 0.92875 0.60375
2 0.94625 0.6487499999999999 0.9324999999999999 0.6487499999999999 0.9324999999999999 0.66125 0.94625 0.66125 0.94625 0.6487499999999999
2 0.9512499999999999 0.655 0.93625 0.655 0.93625 0.6675 0.9512499999999999 0.6675 0.9512499999999999 0.655
2 0.9412499999999999 0.67125 0.9262499999999999 0.67125 0.9262499999999999 0.6825 0.9412499999999999 0.6825 0.9412499999999999 0.67125
2 0.9525 0.675 0.9400000000000001 0.675 0.9400000000000001 0.6875 0.9525 0.6875 0.9525 0.675
2 0.9400000000000001 0.70375 0.9262499999999999 0.70375 0.9262499999999999 0.7150000000000001 0.9400000000000001 0.7150000000000001 0.9400000000000001 0.70375
2 0.95375 0.6925 0.9400000000000001 0.6925 0.9400000000000001 0.70625 0.95375 0.70625 0.95375 0.6925
2 0.95375 0.705 0.9400000000000001 0.705 0.9400000000000001 0.7150000000000001 0.95375 0.7150000000000001 0.95375 0.705
2 0.95375 0.7125 0.9400000000000001 0.7125 0.9400000000000001 0.7224999999999999 0.95375 0.7224999999999999 0.95375 0.7125
2 0.95375 0.72 0.9400000000000001 0.72 0.9400000000000001 0.73125 0.95375 0.73125 0.95375 0.72
2 0.95625 0.7275 0.9400000000000001 0.7275 0.9400000000000001 0.7375 0.95625 0.7375 0.95625 0.7275
2 0.95625 0.73375 0.9425000000000001 0.73375 0.9425000000000001 0.745 0.95625 0.745 0.95625 0.73375
2 0.95625 0.75 0.9425000000000001 0.75 0.9425000000000001 0.76125 0.95625 0.76125 0.95625 0.75
2 0.8275 0.9412499999999999 0.81875 0.9412499999999999 0.81875 0.95625 0.8275 0.95625 0.8275 0.9412499999999999
2 0.83375 0.9412499999999999 0.8275 0.9412499999999999 0.8275 0.9550000000000001 0.83375 0.9550000000000001 0.83375 0.9412499999999999
2 0.8425 0.9412499999999999 0.835 0.9412499999999999 0.835 0.9574999999999999 0.8425 0.9574999999999999 0.8425 0.9412499999999999
2 0.85125 0.9400000000000001 0.845 0.9400000000000001 0.845 0.95625 0.85125 0.95625 0.85125 0.9400000000000001
2 0.89625 0.925 0.89 0.925 0.89 0.9400000000000001 0.89625 0.9400000000000001 0.89625 0.925
2 0.9862500000000001 0.73375 0.9712500000000001 0.73375 0.9712500000000001 0.745 0.9862500000000001 0.745 0.9862500000000001 0.73375
2 0.9887499999999999 0.725 0.9712500000000001 0.725 0.9712500000000001 0.735 0.9887499999999999 0.735 0.9887499999999999 0.725
2 0.985 0.7150000000000001 0.9712500000000001 0.7150000000000001 0.9712500000000001 0.725 0.985 0.725 0.985 0.7150000000000001
2 0.9862500000000001 0.70625 0.9712500000000001 0.70625 0.9712500000000001 0.7162499999999999 0.9862500000000001 0.7162499999999999 0.9862500000000001 0.70625
2 0.9862500000000001 0.68875 0.97 0.68875 0.97 0.70125 0.9862500000000001 0.70125 0.9862500000000001 0.68875
2 0.985 0.68125 0.9724999999999999 0.68125 0.9724999999999999 0.6912499999999999 0.985 0.6912499999999999 0.985 0.68125
2 0.9737500000000001 0.5925 0.96 0.5925 0.96 0.6 0.9737500000000001 0.6 0.9737500000000001 0.5925
2 0.98125 0.6224999999999999 0.9662499999999999 0.6224999999999999 0.9662499999999999 0.6287499999999999 0.98125 0.6287499999999999 0.98125 0.6224999999999999
2 0.98125 0.63 0.9675 0.63 0.9675 0.63625 0.98125 0.63625 0.98125 0.63
2 0.9824999999999999 0.64 0.96875 0.64 0.96875 0.64625 0.9824999999999999 0.64625 0.9824999999999999 0.64
2 0.9824999999999999 0.6487499999999999 0.96875 0.6487499999999999 0.96875 0.6575 0.9824999999999999 0.6575 0.9824999999999999 0.6487499999999999
2 0.9962500000000001 0.6325000000000001 0.9862500000000001 0.6325000000000001 0.9862500000000001 0.6375 0.9962500000000001 0.6375 0.9962500000000001 0.6325000000000001
2 0.95 0.60375 0.9425000000000001 0.60375 0.9425000000000001 0.61875 0.95 0.61875 0.95 0.60375
2 0.9349999999999999 0.60375 0.92875 0.60375 0.92875 0.6174999999999999 0.9349999999999999 0.6174999999999999 0.9349999999999999 0.60375
2 0.9425000000000001 0.60375 0.9349999999999999 0.60375 0.9349999999999999 0.62 0.9425000000000001 0.62 0.9425000000000001 0.60375
2 0.04875 0.9412499999999999 0.02 0.9412499999999999 0.02 0.9550000000000001 0.04875 0.9550000000000001 0.04875 0.9412499999999999
2 0.9099999999999999 0.6950000000000001 0.89875 0.6950000000000001 0.89875 0.705 0.9099999999999999 0.705 0.9099999999999999 0.6950000000000001
2 0.9112500000000001 0.705 0.89875 0.705 0.89875 0.71375 0.9112500000000001 0.71375 0.9112500000000001 0.705
2 0.9112500000000001 0.71375 0.9 0.71375 0.9 0.7212500000000001 0.9112500000000001 0.7212500000000001 0.9112500000000001 0.71375
2 0.9112500000000001 0.7212500000000001 0.9012499999999999 0.7212500000000001 0.9012499999999999 0.73125 0.9112500000000001 0.73125 0.9112500000000001 0.7212500000000001
2 0.9112500000000001 0.73 0.9012499999999999 0.73 0.9012499999999999 0.73625 0.9112500000000001 0.73625 0.9112500000000001 0.73
2 0.91375 0.7375 0.9 0.7375 0.9 0.7462500000000001 0.91375 0.7462500000000001 0.91375 0.7375
2 0.91375 0.745 0.9012499999999999 0.745 0.9012499999999999 0.7537499999999999 0.91375 0.7537499999999999 0.91375 0.745
2 0.73125 0.56375 0.72375 0.56375 0.72375 0.5825 0.73125 0.5825 0.73125 0.56375
2 0.11875 0.99 0.1 0.99 0.1 0.99875 0.11875 0.99875 0.11875 0.99
2 0.2425 0.9724999999999999 0.22875 0.9724999999999999 0.22875 0.97875 0.2425 0.97875 0.2425 0.9724999999999999
2 0.5925 0.74875 0.58 0.74875 0.58 0.755 0.5925 0.755 0.5925 0.74875
2 0.5387500000000001 0.70875 0.5237499999999999 0.70875 0.5237499999999999 0.71375 0.5387500000000001 0.71375 0.5387500000000001 0.70875
2 0.5387500000000001 0.72875 0.525 0.72875 0.525 0.73625 0.5387500000000001 0.73625 0.5387500000000001 0.72875
2 0.54 0.73625 0.525 0.73625 0.525 0.7424999999999999 0.54 0.7424999999999999 0.54 0.73625
2 0.54 0.745 0.5237499999999999 0.745 0.5237499999999999 0.75 0.54 0.75 0.54 0.745
2 0.5862499999999999 0.8225 0.58 0.8225 0.58 0.8412499999999999 0.5862499999999999 0.8412499999999999 0.5862499999999999 0.8225
2 0.77125 0.8125 0.765 0.8125 0.765 0.8324999999999999 0.77125 0.8324999999999999 0.77125 0.8125
2 0.7625 0.8162499999999999 0.7575000000000001 0.8162499999999999 0.7575000000000001 0.8300000000000001 0.7625 0.8300000000000001 0.7625 0.8162499999999999
2 0.59375 0.77 0.5775 0.77 0.5775 0.7775000000000001 0.59375 0.7775000000000001 0.59375 0.77
2 0.5075000000000001 0.7537499999999999 0.49124999999999996 0.7537499999999999 0.49124999999999996 0.76 0.5075000000000001 0.76 0.5075000000000001 0.7537499999999999
2 0.54125 0.7575000000000001 0.525 0.7575000000000001 0.525 0.76625 0.54125 0.76625 0.54125 0.7575000000000001
2 0.7825 0.78 0.775 0.78 0.775 0.79625 0.7825 0.79625 0.7825 0.78
2 0.86625 0.93875 0.86 0.93875 0.86 0.9550000000000001 0.86625 0.9550000000000001 0.86625 0.93875
2 0.09375 0.92125 0.07875 0.92125 0.07875 0.93125 0.09375 0.93125 0.09375 0.92125
2 0.16 0.92125 0.14750000000000002 0.92125 0.14750000000000002 0.93125 0.16 0.93125 0.16 0.92125
2 0.20249999999999999 0.91375 0.19 0.91375 0.19 0.92125 0.20249999999999999 0.92125 0.20249999999999999 0.91375
2 0.45499999999999996 0.8875 0.4375 0.8875 0.4375 0.8975 0.45499999999999996 0.8975 0.45499999999999996 0.8875
2 0.6075 0.915 0.5912499999999999 0.915 0.5912499999999999 0.9262499999999999 0.6075 0.9262499999999999 0.6075 0.915