2 0.30375 0.08499999999999999 0.28625 0.08499999999999999 0.28625 0.09375 0.30375 0.09375 0.30375 0.08499999999999999
2 0.7025 0.06375 0.6875 0.06375 0.6875 0.07125000000000001 0.7025 0.07125000000000001 0.7025 0.06375
2 0.67875 0.24125000000000002 0.6599999999999999 0.24125000000000002 0.6599999999999999 0.25 0.67875 0.25 0.67875 0.24125000000000002
2 0.7875 0.1925 0.7775000000000001 0.1925 0.7775000000000001 0.20875 0.7875 0.20875 0.7875 0.1925
2 0.8262499999999999 0.50125 0.8099999999999999 0.50125 0.8099999999999999 0.5075000000000001 0.8262499999999999 0.5075000000000001 0.8262499999999999 0.50125
2 0.76125 0.47750000000000004 0.7525000000000001 0.47750000000000004 0.7525000000000001 0.4925 0.76125 0.4925 0.76125 0.47750000000000004
2 0.26 0.12375 0.2525 0.12375 0.2525 0.1375 0.26 0.1375 0.26 0.12375
2 0.4875 0.09625 0.48 0.09625 0.48 0.11125 0.4875 0.11125 0.4875 0.09625
2 0.82 0.08 0.805 0.08 0.805 0.09 0.82 0.09 0.82 0.08
2 0.8800000000000001 0.05500000000000001 0.8637499999999999 0.05500000000000001 0.8637499999999999 0.06375 0.8800000000000001 0.06375 0.8800000000000001 0.05500000000000001
2 0.8425 0.23374999999999999 0.825 0.23374999999999999 0.825 0.2425 0.8425 0.2425 0.8425 0.23374999999999999
2 0.8125 0.21875 0.7975 0.21875 0.7975 0.22625 0.8125 0.22625 0.8125 0.21875
2 0.71 0.22374999999999998 0.69375 0.22374999999999998 0.69375 0.2325 0.71 0.2325 0.71 0.22374999999999998
2 0.635 0.22875 0.62 0.22875 0.62 0.23500000000000001 0.635 0.23500000000000001 0.635 0.22875
2 0.6587500000000001 0.21000000000000002 0.6487499999999999 0.21000000000000002 0.6487499999999999 0.21875 0.6587500000000001 0.21875 0.6587500000000001 0.21000000000000002
2 0.51875 0.27749999999999997 0.51 0.27749999999999997 0.51 0.29375 0.51875 0.29375 0.51875 0.27749999999999997
2 0.045 0.36 0.0375 0.36 0.0375 0.37374999999999997 0.045 0.37374999999999997 0.045 0.36
2 0.10500000000000001 0.50875 0.08 0.50875 0.08 0.51875 0.10500000000000001 0.51875 0.10500000000000001 0.50875
2 0.1275 0.51375 0.11000000000000001 0.51375 0.11000000000000001 0.5225 0.1275 0.5225 0.1275 0.51375
2 0.1575 0.49749999999999994 0.15 0.49749999999999994 0.15 0.51125 0.1575 0.51125 0.1575 0.49749999999999994
2 0.205 0.51125 0.18875 0.51125 0.18875 0.51875 0.205 0.51875 0.205 0.51125
2 0.0975 0.85875 0.09 0.85875 0.09 0.8712500000000001 0.0975 0.8712500000000001 0.0975 0.85875
2 0.10124999999999999 0.8875 0.09125 0.8875 0.09125 0.9012499999999999 0.10124999999999999 0.9012499999999999 0.10124999999999999 0.8875
2 0.10124999999999999 0.905 0.0925 0.905 0.0925 0.9199999999999999 0.10124999999999999 0.9199999999999999 0.10124999999999999 0.905
2 0.33999999999999997 0.45 0.33375 0.45 0.33375 0.46375 0.33999999999999997 0.46375 0.33999999999999997 0.45
2 0.33999999999999997 0.4375 0.3325 0.4375 0.3325 0.45 0.33999999999999997 0.45 0.33999999999999997 0.4375
2 0.34500000000000003 0.49625 0.3375 0.49625 0.3375 0.51 0.34500000000000003 0.51 0.34500000000000003 0.49625
2 0.60625 0.5237499999999999 0.5862499999999999 0.5237499999999999 0.5862499999999999 0.5337500000000001 0.60625 0.5337500000000001 0.60625 0.5237499999999999
2 0.9775 0.425 0.96 0.425 0.96 0.4325 0.9775 0.4325 0.9775 0.425
2 0.94375 0.4175 0.93125 0.4175 0.93125 0.42874999999999996 0.94375 0.42874999999999996 0.94375 0.4175
2 0.6587500000000001 0.7625 0.65125 0.7625 0.65125 0.7775000000000001 0.6587500000000001 0.7775000000000001 0.6587500000000001 0.7625
2 0.66125 0.78125 0.6525000000000001 0.78125 0.6525000000000001 0.79625 0.66125 0.79625 0.66125 0.78125
2 0.61625 0.06375 0.6 0.06375 0.6 0.06999999999999999 0.61625 0.06999999999999999 0.61625 0.06375