2 0.32375 0.93625 0.3 0.93625 0.3 0.95 0.32375 0.95 0.32375 0.93625
2 0.315 0.9487500000000001 0.29500000000000004 0.9487500000000001 0.29500000000000004 0.9625 0.315 0.9625 0.315 0.9487500000000001
2 0.5275000000000001 0.89375 0.51 0.89375 0.51 0.9087500000000001 0.5275000000000001 0.9087500000000001 0.5275000000000001 0.89375
2 0.44000000000000006 0.0775 0.4175 0.0775 0.4175 0.10500000000000001 0.44000000000000006 0.10500000000000001 0.44000000000000006 0.0775
2 0.45 0.06875 0.4375 0.06875 0.4375 0.095 0.45 0.095 0.45 0.06875
2 0.5599999999999999 0.135 0.5349999999999999 0.135 0.5349999999999999 0.14625 0.5599999999999999 0.14625 0.5599999999999999 0.135
2 0.7837500000000001 0.07125000000000001 0.76 0.07125000000000001 0.76 0.08125 0.7837500000000001 0.08125 0.7837500000000001 0.07125000000000001
2 0.93125 0.20750000000000002 0.9099999999999999 0.20750000000000002 0.9099999999999999 0.21749999999999997 0.93125 0.21749999999999997 0.93125 0.20750000000000002
2 0.04 0.0775 0.028749999999999998 0.0775 0.028749999999999998 0.1025 0.04 0.1025 0.04 0.0775
2 0.9800000000000001 0.58875 0.96875 0.58875 0.96875 0.6075 0.9800000000000001 0.6075 0.9800000000000001 0.58875
2 0.99 0.5912499999999999 0.98125 0.5912499999999999 0.98125 0.60875 0.99 0.60875 0.99 0.5912499999999999