0 0.8296875 0.9640625 0.090625 0.071875
0 0.9609375 0.91171875 0.078125 0.0796875
0 0.9734375 0.78046875 0.053125 0.1015625
0 0.4984375 0.97890625 0.040625 0.0421875
0 0.36796875 0.96484375 0.0796875 0.0703125
0 0.25 0.9203125 0.053125 0.05
0 0.66015625 0.68671875 0.0703125 0.0828125
0 0.58046875 0.725 0.0703125 0.084375
0 0.50234375 0.76328125 0.0734375 0.0796875
0 0.425 0.8015625 0.06875 0.08125
0 0.34609375 0.83203125 0.0796875 0.0796875
0 0.9625 0.48125 0.075 0.065625
0 0.9265625 0.3953125 0.078125 0.065625
0 0.8921875 0.321875 0.05625 0.04375
0 0.7703125 0.52734375 0.0875 0.0796875
0 0.7296875 0.4484375 0.096875 0.078125
0 0.68828125 0.346875 0.0640625 0.05
0 0.60625 0.1953125 0.0875 0.075
0 0.5703125 0.1171875 0.084375 0.071875
0 0.5484375 0.51953125 0.0625 0.0484375
0 0.29609375 0.6375 0.0515625 0.053125
0 0.3609375 0.59375 0.04375 0.053125
0 0.51328125 0.4609375 0.0578125 0.040625
0 0.4546875 0.340625 0.05625 0.04375
0 0.4265625 0.2390625 0.040625 0.0375
0 0.053125 0.653125 0.06875 0.05
0 0.06875 0.5984375 0.05 0.046875
0 0.08515625 0.55 0.0484375 0.04375
0 0.1125 0.4453125 0.053125 0.046875
0 0.01953125 0.0890625 0.0390625 0.059375