0 0.02421875 0.8546875 0.0484375 0.05
0 0.08125 0.70390625 0.0875 0.0734375
0 0.1359375 0.53984375 0.090625 0.0734375
0 0.0359375 0.121875 0.071875 0.090625
0 0.08828125 0.259375 0.0796875 0.0875
0 0.19296875 0.365625 0.1015625 0.078125
0 0.2203125 0.28125 0.103125 0.078125
0 0.259375 0.78671875 0.0875 0.0796875
0 0.2875 0.7046875 0.08125 0.071875
0 0.32265625 0.5953125 0.0796875 0.06875
0 0.34453125 0.51875 0.0515625 0.040625
0 0.3796875 0.428125 0.078125 0.071875
0 0.6078125 0.471875 0.046875 0.05
0 0.5203125 0.25859375 0.065625 0.0796875
0 0.6046875 0.2203125 0.065625 0.078125
0 0.678125 0.1859375 0.04375 0.05625
0 0.47421875 0.0640625 0.0796875 0.0875
0 0.553125 0.0359375 0.078125 0.071875
0 0.2578125 0.97890625 0.065625 0.0421875