0 0.278125 0.82265625 0.08125 0.0828125
0 0.4421875 0.88046875 0.075 0.0796875
0 0.53046875 0.9109375 0.0765625 0.08125
0 0.4015625 0.63125 0.04375 0.053125
0 0.453125 0.64921875 0.04375 0.0484375
0 0.590625 0.628125 0.046875 0.04375
0 0.465625 0.471875 0.05 0.0625
0 0.5171875 0.49375 0.040625 0.053125
0 0.62578125 0.521875 0.0546875 0.04375
0 0.66875 0.66796875 0.05 0.0546875
0 0.640625 0.88359375 0.075 0.0890625
0 0.6125 0.1109375 0.09375 0.078125
0 0.728125 0.8546875 0.05625 0.05
0 0.7875 0.70390625 0.0875 0.0734375
0 0.84375 0.53984375 0.090625 0.0734375
0 0.7359375 0.121875 0.084375 0.090625
0 0.79609375 0.259375 0.0796875 0.0875
0 0.89921875 0.365625 0.1015625 0.078125
0 0.928125 0.28125 0.103125 0.078125
0 0.96015625 0.78671875 0.0796875 0.0796875
0 0.97578125 0.70390625 0.0484375 0.0734375
0 0.965625 0.97890625 0.065625 0.0421875