0 0.8546875 0.02421875 0.05 0.0484375
0 0.70390625 0.08125 0.0734375 0.08671875
0 0.53984375 0.1359375 0.0734375 0.090625
0 0.121875 0.0359375 0.090625 0.07109375
0 0.259375 0.08828125 0.08828125 0.0796875
0 0.365625 0.19296875 0.078125 0.1015625
0 0.28125 0.2203125 0.078125 0.10234375
0 0.78671875 0.2578125 0.0796875 0.08828125
0 0.7046875 0.2875 0.07265625 0.08046875
0 0.5953125 0.32265625 0.06875 0.0796875
0 0.51875 0.34453125 0.040625 0.0515625
0 0.428125 0.3796875 0.07109375 0.07890625
0 0.471875 0.60625 0.05078125 0.04765625
0 0.25859375 0.51875 0.0796875 0.06640625
0 0.2203125 0.6046875 0.07734375 0.06640625
0 0.1859375 0.678125 0.05546875 0.04296875
0 0.0625 0.47421875 0.08828125 0.0796875
0 0.0359375 0.5515625 0.07109375 0.07890625
0 0.97890625 0.2578125 0.0421875 0.065625