2 0.90625 0.0475 0.8925000000000001 0.0475 0.8925000000000001 0.05625 0.90625 0.05625 0.90625 0.0475
2 0.6775 0.34249999999999997 0.6599999999999999 0.34249999999999997 0.6599999999999999 0.3525 0.6775 0.3525 0.6775 0.34249999999999997
2 0.73 0.34750000000000003 0.71375 0.34750000000000003 0.71375 0.35750000000000004 0.73 0.35750000000000004 0.73 0.34750000000000003
2 0.8150000000000001 0.3675 0.79875 0.3675 0.79875 0.3825 0.8150000000000001 0.3825 0.8150000000000001 0.3675
2 0.8262499999999999 0.3825 0.8150000000000001 0.3825 0.8150000000000001 0.4025 0.8262499999999999 0.4025 0.8262499999999999 0.3825
2 0.29125 0.335 0.27749999999999997 0.335 0.27749999999999997 0.34249999999999997 0.29125 0.34249999999999997 0.29125 0.335
2 0.034999999999999996 0.62375 0.01625 0.62375 0.01625 0.635 0.034999999999999996 0.635 0.034999999999999996 0.62375
2 0.07125000000000001 0.645 0.05625 0.645 0.05625 0.6525000000000001 0.07125000000000001 0.6525000000000001 0.07125000000000001 0.645
2 0.11000000000000001 0.6487499999999999 0.095 0.6487499999999999 0.095 0.6587500000000001 0.11000000000000001 0.6587500000000001 0.11000000000000001 0.6487499999999999
2 0.13125 0.65125 0.11750000000000001 0.65125 0.11750000000000001 0.6637500000000001 0.13125 0.6637500000000001 0.13125 0.65125
2 0.15 0.65125 0.13374999999999998 0.65125 0.13374999999999998 0.6625 0.15 0.6625 0.15 0.65125
2 0.1925 0.6537499999999999 0.175 0.6537499999999999 0.175 0.6637500000000001 0.1925 0.6637500000000001 0.1925 0.6537499999999999
2 0.19125 0.63625 0.175 0.63625 0.175 0.64625 0.19125 0.64625 0.19125 0.63625
2 0.20875 0.655 0.195 0.655 0.195 0.66625 0.20875 0.66625 0.20875 0.655
2 0.86 0.35625 0.84375 0.35625 0.84375 0.36375 0.86 0.36375 0.86 0.35625
2 0.61 0.6825 0.59375 0.6825 0.59375 0.6925 0.61 0.6925 0.61 0.6825
2 0.64 0.7125 0.6287499999999999 0.7125 0.6287499999999999 0.72375 0.64 0.72375 0.64 0.7125
2 0.1975 0.31625000000000003 0.18375 0.31625000000000003 0.18375 0.32125 0.1975 0.32125 0.1975 0.31625000000000003
2 0.37124999999999997 0.32375 0.36 0.32375 0.36 0.33125 0.37124999999999997 0.33125 0.37124999999999997 0.32375
2 0.02375 0.9574999999999999 0.00625 0.9574999999999999 0.00625 0.96875 0.02375 0.96875 0.02375 0.9574999999999999
2 0.49625 1 0.49625 0.9925 0.47750000000000004 0.9925 0.47750000000000004 1 0.49625 1
2 0.07375000000000001 0.041249999999999995 0.0675 0.041249999999999995 0.0675 0.057499999999999996 0.07375000000000001 0.057499999999999996 0.07375000000000001 0.041249999999999995
2 0.15625 0.265 0.14875 0.265 0.14875 0.27999999999999997 0.15625 0.27999999999999997 0.15625 0.265
2 0.16875 0.041249999999999995 0.16 0.041249999999999995 0.16 0.057499999999999996 0.16875 0.057499999999999996 0.16875 0.041249999999999995
2 0.58375 0.30125 0.575 0.30125 0.575 0.31875 0.58375 0.31875 0.58375 0.30125
2 0.64375 0.30625 0.63625 0.30625 0.63625 0.31875 0.64375 0.31875 0.64375 0.30625
2 0.645 0.32 0.63375 0.32 0.63375 0.33625 0.645 0.33625 0.645 0.32
2 0.4325 0.36875 0.42374999999999996 0.36875 0.42374999999999996 0.38375 0.4325 0.38375 0.4325 0.36875
2 0.77625 0.61125 0.76625 0.61125 0.76625 0.6275000000000001 0.77625 0.6275000000000001 0.77625 0.61125
2 0.635 0.44125 0.62625 0.44125 0.62625 0.45999999999999996 0.635 0.45999999999999996 0.635 0.44125
2 0.6375 0.49124999999999996 0.6275000000000001 0.49124999999999996 0.6275000000000001 0.5075000000000001 0.6375 0.5075000000000001 0.6375 0.49124999999999996
2 0.03 0.59375 0.015 0.59375 0.015 0.6012500000000001 0.03 0.6012500000000001 0.03 0.59375
2 0.07625 0.96125 0.0625 0.96125 0.0625 0.97 0.07625 0.97 0.07625 0.96125
2 0.01625 0.6224999999999999 0.00125 0.6224999999999999 0.00125 0.6325000000000001 0.01625 0.6325000000000001 0.01625 0.6224999999999999