2 0.05 0.76125 0.0325 0.76125 0.0325 0.7775000000000001 0.05 0.7775000000000001 0.05 0.76125
2 0.20249999999999999 0.5925 0.18125 0.5925 0.18125 0.615 0.20249999999999999 0.615 0.20249999999999999 0.5925
2 0.225 0.5925 0.19375 0.5925 0.19375 0.6224999999999999 0.225 0.6224999999999999 0.225 0.5925
2 0.255 0.5625 0.23500000000000001 0.5625 0.23500000000000001 0.58125 0.255 0.58125 0.255 0.5625
2 0.29500000000000004 0.6075 0.2575 0.6075 0.2575 0.6475 0.29500000000000004 0.6475 0.29500000000000004 0.6075
2 0.37 0.545 0.35125 0.545 0.35125 0.5625 0.37 0.5625 0.37 0.545
2 0.33625 0.51125 0.315 0.51125 0.315 0.53 0.33625 0.53 0.33625 0.51125
2 0.42750000000000005 0.49375 0.4125 0.49375 0.4125 0.51 0.42750000000000005 0.51 0.42750000000000005 0.49375
2 0.47375 0.39875 0.45125000000000004 0.39875 0.45125000000000004 0.41500000000000004 0.47375 0.41500000000000004 0.47375 0.39875
2 0.5125 0.33875 0.48875 0.33875 0.48875 0.36124999999999996 0.5125 0.36124999999999996 0.5125 0.33875
2 0.54875 0.3175 0.5325 0.3175 0.5325 0.335 0.54875 0.335 0.54875 0.3175
2 0.6 0.33999999999999997 0.58125 0.33999999999999997 0.58125 0.36 0.6 0.36 0.6 0.33999999999999997
2 0.6375 0.2325 0.62 0.2325 0.62 0.25125000000000003 0.6375 0.25125000000000003 0.6375 0.2325
2 0.63625 0.18625 0.61875 0.18625 0.61875 0.205 0.63625 0.205 0.63625 0.18625
2 0.5900000000000001 0.16 0.5700000000000001 0.16 0.5700000000000001 0.18 0.5900000000000001 0.18 0.5900000000000001 0.16
2 0.35125 0.3525 0.3325 0.3525 0.3325 0.375 0.35125 0.375 0.35125 0.3525
2 0.3375 0.33999999999999997 0.325 0.33999999999999997 0.325 0.35625 0.3375 0.35625 0.3375 0.33999999999999997
2 0.41 0.33625 0.39249999999999996 0.33625 0.39249999999999996 0.35625 0.41 0.35625 0.41 0.33625
2 0.31 0.40125 0.2875 0.40125 0.2875 0.42374999999999996 0.31 0.42374999999999996 0.31 0.40125
2 0.43499999999999994 0.2725 0.42374999999999996 0.2725 0.42374999999999996 0.29500000000000004 0.43499999999999994 0.29500000000000004 0.43499999999999994 0.2725
2 0.4425 0.26375000000000004 0.43 0.26375000000000004 0.43 0.28625 0.4425 0.28625 0.4425 0.26375000000000004
2 0.47375 0.2375 0.46125 0.2375 0.46125 0.2575 0.47375 0.2575 0.47375 0.2375
2 0.85125 0.1 0.835 0.1 0.835 0.11499999999999999 0.85125 0.11499999999999999 0.85125 0.1
2 0.8324999999999999 0.135 0.805 0.135 0.805 0.1575 0.8324999999999999 0.1575 0.8324999999999999 0.135