2 0.1975 0.18375 0.18375 0.18375 0.18375 0.1875 0.1975 0.1875 0.1975 0.18375
2 0.59375 0.01875 0.58125 0.01875 0.58125 0.03 0.59375 0.03 0.59375 0.01875
2 0.57375 0.07875 0.5650000000000001 0.07875 0.5650000000000001 0.09125 0.57375 0.09125 0.57375 0.07875
2 0.5925 0.10874999999999999 0.5862499999999999 0.10874999999999999 0.5862499999999999 0.12375 0.5925 0.12375 0.5925 0.10874999999999999
2 0.58125 0.20125 0.575 0.20125 0.575 0.215 0.58125 0.215 0.58125 0.20125
2 0.60375 0.25625 0.5974999999999999 0.25625 0.5974999999999999 0.26749999999999996 0.60375 0.26749999999999996 0.60375 0.25625
2 0.605 0.26875 0.5974999999999999 0.26875 0.5974999999999999 0.28250000000000003 0.605 0.28250000000000003 0.605 0.26875
2 0.5862499999999999 0.28375 0.58125 0.28375 0.58125 0.29500000000000004 0.5862499999999999 0.29500000000000004 0.5862499999999999 0.28375
2 0.57375 0.09625 0.5675 0.09625 0.5675 0.11000000000000001 0.57375 0.11000000000000001 0.57375 0.09625
2 0.69875 0.0475 0.6849999999999999 0.0475 0.6849999999999999 0.052500000000000005 0.69875 0.052500000000000005 0.69875 0.0475
2 0.6525000000000001 0.0375 0.64625 0.0375 0.64625 0.05 0.6525000000000001 0.05 0.6525000000000001 0.0375
2 0.69875 0.52625 0.6849999999999999 0.52625 0.6849999999999999 0.5337500000000001 0.69875 0.5337500000000001 0.69875 0.52625
2 0.6950000000000001 0.5525 0.67875 0.5525 0.67875 0.56125 0.6950000000000001 0.56125 0.6950000000000001 0.5525
2 0.5349999999999999 0.5625 0.525 0.5625 0.525 0.575 0.5349999999999999 0.575 0.5349999999999999 0.5625
2 0.52 0.56875 0.51125 0.56875 0.51125 0.58 0.52 0.58 0.52 0.56875
2 0.46749999999999997 0.58125 0.45625 0.58125 0.45625 0.595 0.46749999999999997 0.595 0.46749999999999997 0.58125
2 0.04625 0.2225 0.03 0.2225 0.03 0.22875 0.04625 0.22875 0.04625 0.2225
2 0.9225 0.23875000000000002 0.91625 0.23875000000000002 0.91625 0.25 0.9225 0.25 0.9225 0.23875000000000002
2 0.9262499999999999 0.2525 0.91625 0.2525 0.91625 0.26749999999999996 0.9262499999999999 0.26749999999999996 0.9262499999999999 0.2525
2 0.8925000000000001 0.44875 0.8800000000000001 0.44875 0.8800000000000001 0.4625 0.8925000000000001 0.4625 0.8925000000000001 0.44875
2 0.8125 0.475 0.79875 0.475 0.79875 0.49124999999999996 0.8125 0.49124999999999996 0.8125 0.475
2 0.8012499999999999 0.545 0.7887500000000001 0.545 0.7887500000000001 0.5625 0.8012499999999999 0.5625 0.8012499999999999 0.545
2 0.905 0.28250000000000003 0.8975 0.28250000000000003 0.8975 0.2975 0.905 0.2975 0.905 0.28250000000000003
2 0.39 0.6900000000000001 0.38125 0.6900000000000001 0.38125 0.7025 0.39 0.7025 0.39 0.6900000000000001
2 0.4 0.7125 0.39 0.7125 0.39 0.7262500000000001 0.4 0.7262500000000001 0.4 0.7125
2 0.47125000000000006 0.85125 0.46125 0.85125 0.46125 0.8637499999999999 0.47125000000000006 0.8637499999999999 0.47125000000000006 0.85125
2 0.485 0.89 0.47375 0.89 0.47375 0.9025000000000001 0.485 0.9025000000000001 0.485 0.89
2 0.47874999999999995 0.9324999999999999 0.46749999999999997 0.9324999999999999 0.46749999999999997 0.95 0.47874999999999995 0.95 0.47874999999999995 0.9324999999999999
2 0.09625 0.8225 0.08375 0.8225 0.08375 0.83625 0.09625 0.83625 0.09625 0.8225
2 0.7737499999999999 0.7175 0.7625 0.7175 0.7625 0.73125 0.7737499999999999 0.73125 0.7737499999999999 0.7175
2 0.81375 0.76 0.8025 0.76 0.8025 0.7725 0.81375 0.7725 0.81375 0.76
2 0.8012499999999999 0.7887500000000001 0.7925 0.7887500000000001 0.7925 0.8012499999999999 0.8012499999999999 0.8012499999999999 0.8012499999999999 0.7887500000000001
2 0.86875 0.7887500000000001 0.8550000000000001 0.7887500000000001 0.8550000000000001 0.79625 0.86875 0.79625 0.86875 0.7887500000000001
2 0.82125 0.8525 0.8150000000000001 0.8525 0.8150000000000001 0.8637499999999999 0.82125 0.8637499999999999 0.82125 0.8525
2 0.8699999999999999 0.94625 0.8625 0.94625 0.8625 0.95875 0.8699999999999999 0.95875 0.8699999999999999 0.94625
2 0.8487500000000001 0.95625 0.8425 0.95625 0.8425 0.9662499999999999 0.8487500000000001 0.9662499999999999 0.8487500000000001 0.95625
2 0.875 0.9712500000000001 0.8675 0.9712500000000001 0.8675 0.98375 0.875 0.98375 0.875 0.9712500000000001
2 0.8550000000000001 0.98125 0.8462500000000001 0.98125 0.8462500000000001 0.9949999999999999 0.8550000000000001 0.9949999999999999 0.8550000000000001 0.98125
2 0.8125 0.92875 0.79625 0.92875 0.79625 0.9349999999999999 0.8125 0.9349999999999999 0.8125 0.92875
2 0.28250000000000003 0.505 0.27375 0.505 0.27375 0.52 0.28250000000000003 0.52 0.28250000000000003 0.505
2 0.495 0.82 0.47874999999999995 0.82 0.47874999999999995 0.8275 0.495 0.8275 0.495 0.82
2 0.67 0.09875 0.6637500000000001 0.09875 0.6637500000000001 0.11000000000000001 0.67 0.11000000000000001 0.67 0.09875
2 0.8612500000000001 0.14875 0.845 0.14875 0.845 0.15625 0.8612500000000001 0.15625 0.8612500000000001 0.14875
2 0.89 0.041249999999999995 0.88375 0.041249999999999995 0.88375 0.05375 0.89 0.05375 0.89 0.041249999999999995
2 0.8975 0.86625 0.8800000000000001 0.86625 0.8800000000000001 0.87625 0.8975 0.87625 0.8975 0.86625