2 0.4025 0.6 0.39 0.6 0.39 0.6174999999999999 0.4025 0.6174999999999999 0.4025 0.6
2 0.46749999999999997 0.675 0.45625 0.675 0.45625 0.6849999999999999 0.46749999999999997 0.6849999999999999 0.46749999999999997 0.675
2 0.4625 0.67875 0.45 0.67875 0.45 0.6950000000000001 0.4625 0.6950000000000001 0.4625 0.67875
2 0.16875 0.13999999999999999 0.14750000000000002 0.13999999999999999 0.14750000000000002 0.15375 0.16875 0.15375 0.16875 0.13999999999999999
2 0.72875 0.64625 0.71375 0.64625 0.71375 0.67125 0.72875 0.67125 0.72875 0.64625
2 0.64125 0.57625 0.62375 0.57625 0.62375 0.59375 0.64125 0.59375 0.64125 0.57625
2 0.51 0.50875 0.50125 0.50875 0.50125 0.525 0.51 0.525 0.51 0.50875
2 0.5925 0.40499999999999997 0.5825 0.40499999999999997 0.5825 0.41875 0.5925 0.41875 0.5925 0.40499999999999997
2 0.16375 0.6287499999999999 0.15375 0.6287499999999999 0.15375 0.64125 0.16375 0.64125 0.16375 0.6287499999999999
2 0.18375 0.36124999999999996 0.16875 0.36124999999999996 0.16875 0.3725 0.18375 0.3725 0.18375 0.36124999999999996
2 0.14875 0.3825 0.13625 0.3825 0.13625 0.39 0.14875 0.39 0.14875 0.3825
2 0.545 0.17250000000000001 0.5337500000000001 0.17250000000000001 0.5337500000000001 0.1875 0.545 0.1875 0.545 0.17250000000000001
2 0.03125 0.1825 0.013750000000000002 0.1825 0.013750000000000002 0.19125 0.03125 0.19125 0.03125 0.1825
2 0.16375 0.2125 0.1575 0.2125 0.1575 0.22625 0.16375 0.22625 0.16375 0.2125
2 0.17250000000000001 0.21125 0.16625 0.21125 0.16625 0.225 0.17250000000000001 0.225 0.17250000000000001 0.21125
2 0.19 0.2225 0.17875000000000002 0.2225 0.17875000000000002 0.23125 0.19 0.23125 0.19 0.2225
2 0.0975 0.36625 0.08625000000000001 0.36625 0.08625000000000001 0.37875000000000003 0.0975 0.37875000000000003 0.0975 0.36625
2 0.0975 0.395 0.08125 0.395 0.08125 0.40374999999999994 0.0975 0.40374999999999994 0.0975 0.395
2 0.095 0.40374999999999994 0.08125 0.40374999999999994 0.08125 0.4125 0.095 0.4125 0.095 0.40374999999999994
2 0.1875 0.385 0.1775 0.385 0.1775 0.3975 0.1875 0.3975 0.1875 0.385
2 0.33625 0.29874999999999996 0.3225 0.29874999999999996 0.3225 0.31375000000000003 0.33625 0.31375000000000003 0.33625 0.29874999999999996
2 0.05500000000000001 0.7175 0.041249999999999995 0.7175 0.041249999999999995 0.7275 0.05500000000000001 0.7275 0.05500000000000001 0.7175
2 0.06 0.725 0.04875 0.725 0.04875 0.7325 0.06 0.7325 0.06 0.725
2 0.4325 0.96 0.4175 0.96 0.4175 0.97 0.4325 0.97 0.4325 0.96
2 0.48875 0.7787499999999999 0.47750000000000004 0.7787499999999999 0.47750000000000004 0.79375 0.48875 0.79375 0.48875 0.7787499999999999
2 0.8225 0.875 0.8087500000000001 0.875 0.8087500000000001 0.8875 0.8225 0.8875 0.8225 0.875
2 0.9737500000000001 0.93875 0.9574999999999999 0.93875 0.9574999999999999 0.9475 0.9737500000000001 0.9475 0.9737500000000001 0.93875
2 0.96125 0.9475 0.95 0.9475 0.95 0.9625 0.96125 0.9625 0.96125 0.9475
2 0.67125 0.84375 0.6587500000000001 0.84375 0.6587500000000001 0.85875 0.67125 0.85875 0.67125 0.84375
2 0.395 0.5825 0.38 0.5825 0.38 0.6025 0.395 0.6025 0.395 0.5825
2 0.28875 0.22625 0.27875 0.22625 0.27875 0.23625 0.28875 0.23625 0.28875 0.22625
2 0.29375 0.23125 0.28500000000000003 0.23125 0.28500000000000003 0.2425 0.29375 0.2425 0.29375 0.23125
2 0.30874999999999997 0.21749999999999997 0.29375 0.21749999999999997 0.29375 0.22875 0.30874999999999997 0.22875 0.30874999999999997 0.21749999999999997
2 0.31625000000000003 0.21125 0.3075 0.21125 0.3075 0.21875 0.31625000000000003 0.21875 0.31625000000000003 0.21125
2 0.5175 0.14375 0.50875 0.14375 0.50875 0.1575 0.5175 0.1575 0.5175 0.14375
2 0.5875 0.465 0.57875 0.465 0.57875 0.48250000000000004 0.5875 0.48250000000000004 0.5875 0.465
2 0.6675 0.625 0.6575 0.625 0.6575 0.63875 0.6675 0.63875 0.6675 0.625
2 0.8862500000000001 0.63875 0.86875 0.63875 0.86875 0.6475 0.8862500000000001 0.6475 0.8862500000000001 0.63875
2 0.19 0.14250000000000002 0.18 0.14250000000000002 0.18 0.15375 0.19 0.15375 0.19 0.14250000000000002
2 0.2525 0.1775 0.23500000000000001 0.1775 0.23500000000000001 0.19375 0.2525 0.19375 0.2525 0.1775