2 0.095 0.2325 0.0775 0.2325 0.0775 0.23875000000000002 0.095 0.23875000000000002 0.095 0.2325
2 0.1875 0.18625 0.16999999999999998 0.18625 0.16999999999999998 0.19624999999999998 0.1875 0.19624999999999998 0.1875 0.18625
2 0.66875 0.40499999999999997 0.6487499999999999 0.40499999999999997 0.6487499999999999 0.41500000000000004 0.66875 0.41500000000000004 0.66875 0.40499999999999997
2 0.93875 0.43499999999999994 0.9199999999999999 0.43499999999999994 0.9199999999999999 0.44125 0.93875 0.44125 0.93875 0.43499999999999994
2 0.645 0.5337500000000001 0.635 0.5337500000000001 0.635 0.55125 0.645 0.55125 0.645 0.5337500000000001
2 0.51875 0.7462500000000001 0.5075000000000001 0.7462500000000001 0.5075000000000001 0.76125 0.51875 0.76125 0.51875 0.7462500000000001
2 0.8324999999999999 0.7474999999999999 0.8225 0.7474999999999999 0.8225 0.7625 0.8324999999999999 0.7625 0.8324999999999999 0.7474999999999999
2 0.6837500000000001 0.9199999999999999 0.675 0.9199999999999999 0.675 0.9337500000000001 0.6837500000000001 0.9337500000000001 0.6837500000000001 0.9199999999999999
2 0.86625 0.9574999999999999 0.8487500000000001 0.9574999999999999 0.8487500000000001 0.9662499999999999 0.86625 0.9662499999999999 0.86625 0.9574999999999999
2 0.9525 0.9262499999999999 0.94375 0.9262499999999999 0.94375 0.9412499999999999 0.9525 0.9412499999999999 0.9525 0.9262499999999999
2 0.11750000000000001 0.45875000000000005 0.10500000000000001 0.45875000000000005 0.10500000000000001 0.465 0.11750000000000001 0.465 0.11750000000000001 0.45875000000000005
2 0.03625 0.67125 0.026250000000000002 0.67125 0.026250000000000002 0.68875 0.03625 0.68875 0.03625 0.67125
2 0.034999999999999996 0.7462500000000001 0.017499999999999998 0.7462500000000001 0.017499999999999998 0.7525000000000001 0.034999999999999996 0.7525000000000001 0.034999999999999996 0.7462500000000001
2 0.60875 0.8675 0.5912499999999999 0.8675 0.5912499999999999 0.875 0.60875 0.875 0.60875 0.8675
2 0.08499999999999999 0.19375 0.06875 0.19375 0.06875 0.20249999999999999 0.08499999999999999 0.20249999999999999 0.08499999999999999 0.19375
2 0.13 0.19125 0.11499999999999999 0.19125 0.11499999999999999 0.20125 0.13 0.20125 0.13 0.19125
2 0.46875 0.19 0.4525 0.19 0.4525 0.1975 0.46875 0.1975 0.46875 0.19
2 0.5575 0.18625 0.5425 0.18625 0.5425 0.1925 0.5575 0.1925 0.5575 0.18625
2 0.6487499999999999 0.16375 0.6325000000000001 0.16375 0.6325000000000001 0.17375000000000002 0.6487499999999999 0.17375000000000002 0.6487499999999999 0.16375
2 0.72 0.16125 0.70375 0.16125 0.70375 0.16875 0.72 0.16875 0.72 0.16125
2 0.6675 0.205 0.65125 0.205 0.65125 0.21125 0.6675 0.21125 0.6675 0.205
2 0.7837500000000001 0.195 0.77625 0.195 0.77625 0.20875 0.7837500000000001 0.20875 0.7837500000000001 0.195
2 0.79875 0.195 0.79 0.195 0.79 0.21000000000000002 0.79875 0.21000000000000002 0.79875 0.195
2 0.80625 0.19375 0.79875 0.19375 0.79875 0.20750000000000002 0.80625 0.20750000000000002 0.80625 0.19375
2 0.7887500000000001 0.38875000000000004 0.78 0.38875000000000004 0.78 0.4025 0.7887500000000001 0.4025 0.7887500000000001 0.38875000000000004
2 0.92125 0.41875 0.905 0.41875 0.905 0.42625 0.92125 0.42625 0.92125 0.41875
2 0.045 0.28125 0.03625 0.28125 0.03625 0.29375 0.045 0.29375 0.045 0.28125
2 0.43624999999999997 0.40875000000000006 0.42625 0.40875000000000006 0.42625 0.425 0.43624999999999997 0.425 0.43624999999999997 0.40875000000000006
2 0.60375 0.34875 0.595 0.34875 0.595 0.36375 0.60375 0.36375 0.60375 0.34875
2 0.29 0.53625 0.28125 0.53625 0.28125 0.55125 0.29 0.55125 0.29 0.53625
2 0.8012499999999999 0.96125 0.7837500000000001 0.96125 0.7837500000000001 0.96875 0.8012499999999999 0.96875 0.8012499999999999 0.96125
2 0.46875 0.76875 0.45999999999999996 0.76875 0.45999999999999996 0.7837500000000001 0.46875 0.7837500000000001 0.46875 0.76875
2 0.14375 0.9349999999999999 0.135 0.9349999999999999 0.135 0.94625 0.14375 0.94625 0.14375 0.9349999999999999
2 0.135 0.9175000000000001 0.13 0.9175000000000001 0.13 0.9275 0.135 0.9275 0.135 0.9175000000000001