2 0.07625 0.5525 0.06999999999999999 0.5525 0.06999999999999999 0.5675 0.07625 0.5675 0.07625 0.5525
2 0.08375 0.6475 0.07625 0.6475 0.07625 0.6599999999999999 0.08375 0.6599999999999999 0.08375 0.6475
2 0.07125000000000001 0.755 0.06625 0.755 0.06625 0.76625 0.07125000000000001 0.76625 0.07125000000000001 0.755
2 0.0725 0.76875 0.06625 0.76875 0.06625 0.78 0.0725 0.78 0.0725 0.76875
2 0.10124999999999999 0.1075 0.09 0.1075 0.09 0.1125 0.10124999999999999 0.1125 0.10124999999999999 0.1075
2 0.1325 0.10625 0.11875 0.10625 0.11875 0.11000000000000001 0.1325 0.11000000000000001 0.1325 0.10625
2 0.28875 0.09625 0.27625 0.09625 0.27625 0.1025 0.28875 0.1025 0.28875 0.09625
2 0.24500000000000002 0.7462500000000001 0.22875 0.7462500000000001 0.22875 0.7525000000000001 0.24500000000000002 0.7525000000000001 0.24500000000000002 0.7462500000000001
2 0.24125000000000002 0.755 0.2225 0.755 0.2225 0.76 0.24125000000000002 0.76 0.24125000000000002 0.755
2 0.51125 0.38125 0.495 0.38125 0.495 0.38875000000000004 0.51125 0.38875000000000004 0.51125 0.38125
2 0.53125 0.15125 0.525 0.15125 0.525 0.16625 0.53125 0.16625 0.53125 0.15125
2 0.58 0.99 0.5650000000000001 0.99 0.5650000000000001 0.9962500000000001 0.58 0.9962500000000001 0.58 0.99
2 0.60625 0.9475 0.6 0.9475 0.6 0.9625 0.60625 0.9625 0.60625 0.9475
2 0.60625 0.96 0.6 0.96 0.6 0.9737500000000001 0.60625 0.9737500000000001 0.60625 0.96
2 0.62375 0.92875 0.61625 0.92875 0.61625 0.9412499999999999 0.62375 0.9412499999999999 0.62375 0.92875
2 0.605 0.92875 0.59875 0.92875 0.59875 0.9412499999999999 0.605 0.9412499999999999 0.605 0.92875
2 0.61625 0.83125 0.61 0.83125 0.61 0.84375 0.61625 0.84375 0.61625 0.83125
2 0.6174999999999999 0.86625 0.61125 0.86625 0.61125 0.8800000000000001 0.6174999999999999 0.8800000000000001 0.6174999999999999 0.86625
2 0.61875 0.8825 0.6125 0.8825 0.6125 0.89625 0.61875 0.89625 0.61875 0.8825
2 0.615 0.8099999999999999 0.60875 0.8099999999999999 0.60875 0.82125 0.615 0.82125 0.615 0.8099999999999999
2 0.59375 0.7887500000000001 0.5875 0.7887500000000001 0.5875 0.8012499999999999 0.59375 0.8012499999999999 0.59375 0.7887500000000001
2 0.595 0.80625 0.58875 0.80625 0.58875 0.8162499999999999 0.595 0.8162499999999999 0.595 0.80625
2 0.67 0.7125 0.6537499999999999 0.7125 0.6537499999999999 0.7175 0.67 0.7175 0.67 0.7125
2 0.845 0.26375000000000004 0.8387499999999999 0.26375000000000004 0.8387499999999999 0.27625 0.845 0.27625 0.845 0.26375000000000004
2 0.8375 0.26375000000000004 0.8300000000000001 0.26375000000000004 0.8300000000000001 0.27625 0.8375 0.27625 0.8375 0.26375000000000004
2 0.8375 0.27749999999999997 0.83125 0.27749999999999997 0.83125 0.2925 0.8375 0.2925 0.8375 0.27749999999999997
2 0.08499999999999999 0.9112500000000001 0.07875 0.9112500000000001 0.07875 0.9262499999999999 0.08499999999999999 0.9262499999999999 0.08499999999999999 0.9112500000000001
2 0.0875 0.9337500000000001 0.08 0.9337500000000001 0.08 0.94625 0.0875 0.94625 0.0875 0.9337500000000001
2 0.29375 0.05125 0.28375 0.05125 0.28375 0.06625 0.29375 0.06625 0.29375 0.05125
2 0.87625 0.56125 0.86 0.56125 0.86 0.56875 0.87625 0.56875 0.87625 0.56125
2 0.96125 0.57625 0.9512499999999999 0.57625 0.9512499999999999 0.5912499999999999 0.96125 0.5912499999999999 0.96125 0.57625
2 0.63375 0.28625 0.6275000000000001 0.28625 0.6275000000000001 0.305 0.63375 0.305 0.63375 0.28625