2 0.065 0.29500000000000004 0.04875 0.29500000000000004 0.04875 0.34375 0.065 0.34375 0.065 0.29500000000000004
2 0.6325000000000001 0.51 0.60375 0.51 0.60375 0.525 0.6325000000000001 0.525 0.6325000000000001 0.51
2 0.5525 0.5275000000000001 0.5237499999999999 0.5275000000000001 0.5237499999999999 0.5387500000000001 0.5525 0.5387500000000001 0.5525 0.5275000000000001
2 0.41 0.335 0.38625 0.335 0.38625 0.34500000000000003 0.41 0.34500000000000003 0.41 0.335
2 0.40625 0.3175 0.37625000000000003 0.3175 0.37625000000000003 0.32875 0.40625 0.32875 0.40625 0.3175
2 0.52 0.32 0.49375 0.32 0.49375 0.33125 0.52 0.33125 0.52 0.32
2 0.445 0.35125 0.41875 0.35125 0.41875 0.3625 0.445 0.3625 0.445 0.35125
2 0.41125 0.395 0.38 0.395 0.38 0.40625 0.41125 0.40625 0.41125 0.395
2 0.40750000000000003 0.425 0.37374999999999997 0.425 0.37374999999999997 0.43875000000000003 0.40750000000000003 0.43875000000000003 0.40750000000000003 0.425
2 0.40625 0.4575 0.37374999999999997 0.4575 0.37374999999999997 0.47125000000000006 0.40625 0.47125000000000006 0.40625 0.4575
2 0.44625000000000004 0.30125 0.41125 0.30125 0.41125 0.31625000000000003 0.44625000000000004 0.31625000000000003 0.44625000000000004 0.30125
2 0.04625 0.575 0.01625 0.575 0.01625 0.58875 0.04625 0.58875 0.04625 0.575
2 0.041249999999999995 0.5425 0.015 0.5425 0.015 0.55625 0.041249999999999995 0.55625 0.041249999999999995 0.5425
2 0.47750000000000004 0.215 0.465 0.215 0.465 0.24 0.47750000000000004 0.24 0.47750000000000004 0.215
2 0.445 0.2125 0.43375 0.2125 0.43375 0.23875000000000002 0.445 0.23875000000000002 0.445 0.2125
2 0.40125 0.2125 0.39 0.2125 0.39 0.24125000000000002 0.40125 0.24125000000000002 0.40125 0.2125
2 0.45999999999999996 0.13999999999999999 0.43125 0.13999999999999999 0.43125 0.15 0.45999999999999996 0.15 0.45999999999999996 0.13999999999999999
2 0.39249999999999996 0.1375 0.35750000000000004 0.1375 0.35750000000000004 0.15 0.39249999999999996 0.15 0.39249999999999996 0.1375
2 0.3025 0.1375 0.275 0.1375 0.275 0.15 0.3025 0.15 0.3025 0.1375
2 0.22000000000000003 0.135 0.19375 0.135 0.19375 0.14875 0.22000000000000003 0.14875 0.22000000000000003 0.135
2 0.5599999999999999 0.14250000000000002 0.53125 0.14250000000000002 0.53125 0.1525 0.5599999999999999 0.1525 0.5599999999999999 0.14250000000000002
2 0.28375 0.8574999999999999 0.27 0.8574999999999999 0.27 0.88375 0.28375 0.88375 0.28375 0.8574999999999999
2 0.21749999999999997 0.8550000000000001 0.205 0.8550000000000001 0.205 0.8800000000000001 0.21749999999999997 0.8800000000000001 0.21749999999999997 0.8550000000000001
2 0.18125 0.8825 0.1525 0.8825 0.1525 0.8949999999999999 0.18125 0.8949999999999999 0.18125 0.8825
2 0.17375000000000002 0.7875 0.155 0.7875 0.155 0.7975 0.17375000000000002 0.7975 0.17375000000000002 0.7875
2 0.15125 0.71375 0.12875 0.71375 0.12875 0.725 0.15125 0.725 0.15125 0.71375
2 0.0375 0.8412499999999999 0.005 0.8412499999999999 0.005 0.8637499999999999 0.0375 0.8637499999999999 0.0375 0.8412499999999999
2 0.04 0.72875 0.00625 0.72875 0.00625 0.755 0.04 0.755 0.04 0.72875
2 0.5549999999999999 0.6537499999999999 0.525 0.6537499999999999 0.525 0.66625 0.5549999999999999 0.66625 0.5549999999999999 0.6537499999999999
2 0.365 0.6487499999999999 0.33625 0.6487499999999999 0.33625 0.66125 0.365 0.66125 0.365 0.6487499999999999
2 0.5337500000000001 0.7 0.51875 0.7 0.51875 0.7325 0.5337500000000001 0.7325 0.5337500000000001 0.7
2 0.6975 0.6875 0.67125 0.6875 0.67125 0.7112499999999999 0.6975 0.7112499999999999 0.6975 0.6875
2 0.755 0.5525 0.74125 0.5525 0.74125 0.58375 0.755 0.58375 0.755 0.5525
2 0.5875 0.61 0.57375 0.61 0.57375 0.635 0.5875 0.635 0.5875 0.61
2 0.7112499999999999 0.4625 0.69625 0.4625 0.69625 0.49874999999999997 0.7112499999999999 0.49874999999999997 0.7112499999999999 0.4625
2 0.7112499999999999 0.39875 0.69375 0.39875 0.69375 0.4325 0.7112499999999999 0.4325 0.7112499999999999 0.39875
2 0.71375 0.36124999999999996 0.7 0.36124999999999996 0.7 0.3875 0.71375 0.3875 0.71375 0.36124999999999996
2 0.315 0.85625 0.3025 0.85625 0.3025 0.8825 0.315 0.8825 0.315 0.85625
2 0.4425 0.9375 0.41624999999999995 0.9375 0.41624999999999995 0.9475 0.4425 0.9475 0.4425 0.9375
2 0.73125 0.8925000000000001 0.71375 0.8925000000000001 0.71375 0.9275 0.73125 0.9275 0.73125 0.8925000000000001
2 0.7537499999999999 0.8099999999999999 0.7375 0.8099999999999999 0.7375 0.8387499999999999 0.7537499999999999 0.8387499999999999 0.7537499999999999 0.8099999999999999
2 0.69625 0.8487500000000001 0.66625 0.8487500000000001 0.66625 0.8775000000000001 0.69625 0.8775000000000001 0.69625 0.8487500000000001
2 0.69625 0.8 0.67125 0.8 0.67125 0.8275 0.69625 0.8275 0.69625 0.8
2 0.6975 0.735 0.6725 0.735 0.6725 0.76 0.6975 0.76 0.6975 0.735
2 0.9862500000000001 0.6375 0.9550000000000001 0.6375 0.9550000000000001 0.6525000000000001 0.9862500000000001 0.6525000000000001 0.9862500000000001 0.6375
2 0.91625 0.605 0.905 0.605 0.905 0.63625 0.91625 0.63625 0.91625 0.605
2 0.88125 0.6075 0.8675 0.6075 0.8675 0.63875 0.88125 0.63875 0.88125 0.6075
2 0.8487500000000001 0.61 0.835 0.61 0.835 0.64 0.8487500000000001 0.64 0.8487500000000001 0.61
2 0.82875 0.97 0.8012499999999999 0.97 0.8012499999999999 0.9824999999999999 0.82875 0.9824999999999999 0.82875 0.97
2 0.76375 0.00375 0.75 0.00375 0.75 0.034999999999999996 0.76375 0.034999999999999996 0.76375 0.00375
2 0.5925 0.00125 0.56875 0.00125 0.56875 0.021249999999999998 0.5925 0.021249999999999998 0.5925 0.00125
2 0.49000000000000005 0.027500000000000004 0.47000000000000003 0.027500000000000004 0.47000000000000003 0.0475 0.49000000000000005 0.0475 0.49000000000000005 0.027500000000000004