2 0.14375 0.70375 0.11875 0.70375 0.11875 0.7162499999999999 0.14375 0.7162499999999999 0.14375 0.70375
2 0.38 0.6487499999999999 0.35750000000000004 0.6487499999999999 0.35750000000000004 0.6587500000000001 0.38 0.6587500000000001 0.38 0.6487499999999999
2 0.60375 0.635 0.5900000000000001 0.635 0.5900000000000001 0.6425 0.60375 0.6425 0.60375 0.635
2 0.7150000000000001 0.6625 0.6875 0.6625 0.6875 0.675 0.7150000000000001 0.675 0.7150000000000001 0.6625
2 0.63375 0.7 0.61125 0.7 0.61125 0.7125 0.63375 0.7125 0.63375 0.7
2 0.4225 0.7 0.41 0.7 0.41 0.7212500000000001 0.4225 0.7212500000000001 0.4225 0.7
2 0.4525 0.7 0.43375 0.7 0.43375 0.7112499999999999 0.4525 0.7112499999999999 0.4525 0.7
2 0.9925 0.45 0.97 0.45 0.97 0.465 0.9925 0.465 0.9925 0.45
2 0.99125 0.28500000000000003 0.9724999999999999 0.28500000000000003 0.9724999999999999 0.29500000000000004 0.99125 0.29500000000000004 0.99125 0.28500000000000003
2 0.9237500000000001 0.0725 0.91375 0.0725 0.91375 0.0975 0.9237500000000001 0.0975 0.9237500000000001 0.0725
2 0.9962500000000001 0.41875 0.98375 0.41875 0.98375 0.44125 0.9962500000000001 0.44125 0.9962500000000001 0.41875
2 0.9962500000000001 0.4875 0.97625 0.4875 0.97625 0.49625 0.9962500000000001 0.49625 0.9962500000000001 0.4875
2 1 0.6875 0.99125 0.6875 0.99125 0.7025 1 0.7025 1 0.6875
2 0.76375 0.6837500000000001 0.7525000000000001 0.6837500000000001 0.7525000000000001 0.7025 0.76375 0.7025 0.76375 0.6837500000000001
2 0.55 0.7 0.5287499999999999 0.7 0.5287499999999999 0.7125 0.55 0.7125 0.55 0.7
2 0.61 1 0.61 0.97875 0.6 0.97875 0.6 1 0.61 1
2 0.645 0.98125 0.6224999999999999 0.98125 0.6224999999999999 0.9925 0.645 0.9925 0.645 0.98125