2 0.73 0.39249999999999996 0.7150000000000001 0.39249999999999996 0.7150000000000001 0.40374999999999994 0.73 0.40374999999999994 0.73 0.39249999999999996
2 0.6287499999999999 0.34500000000000003 0.62 0.34500000000000003 0.62 0.35375 0.6287499999999999 0.35375 0.6287499999999999 0.34500000000000003
2 0.6675 0.34500000000000003 0.655 0.34500000000000003 0.655 0.355 0.6675 0.355 0.6675 0.34500000000000003
2 0.6675 0.3625 0.655 0.3625 0.655 0.37124999999999997 0.6675 0.37124999999999997 0.6675 0.3625
2 0.66625 0.385 0.6525000000000001 0.385 0.6525000000000001 0.3975 0.66625 0.3975 0.66625 0.385
2 0.6900000000000001 0.36625 0.67625 0.36625 0.67625 0.37625000000000003 0.6900000000000001 0.37625000000000003 0.6900000000000001 0.36625
2 0.6912499999999999 0.385 0.6799999999999999 0.385 0.6799999999999999 0.395 0.6912499999999999 0.395 0.6912499999999999 0.385
2 0.6925 0.395 0.6799999999999999 0.395 0.6799999999999999 0.40499999999999997 0.6925 0.40499999999999997 0.6925 0.395
2 0.6075 0.31375000000000003 0.59375 0.31375000000000003 0.59375 0.325 0.6075 0.325 0.6075 0.31375000000000003
2 0.5587500000000001 0.29625 0.54375 0.29625 0.54375 0.30625 0.5587500000000001 0.30625 0.5587500000000001 0.29625
2 0.5425 0.31124999999999997 0.5287499999999999 0.31124999999999997 0.5287499999999999 0.31875 0.5425 0.31875 0.5425 0.31124999999999997
2 0.5375 0.3175 0.5225 0.3175 0.5225 0.32625000000000004 0.5375 0.32625000000000004 0.5375 0.3175