2 0.3875 0.39249999999999996 0.3725 0.39249999999999996 0.3725 0.41 0.3875 0.41 0.3875 0.39249999999999996
2 0.38125 0.38625 0.36875 0.38625 0.36875 0.39875 0.38125 0.39875 0.38125 0.38625
2 0.39125 0.40125 0.3775 0.40125 0.3775 0.4175 0.39125 0.4175 0.39125 0.40125
2 0.41125 0.42125 0.39875 0.42125 0.39875 0.43875000000000003 0.41125 0.43875000000000003 0.41125 0.42125
2 0.3975 0.42000000000000004 0.38125 0.42000000000000004 0.38125 0.4325 0.3975 0.4325 0.3975 0.42000000000000004
2 0.90625 0.5912499999999999 0.8887499999999999 0.5912499999999999 0.8887499999999999 0.60375 0.90625 0.60375 0.90625 0.5912499999999999
2 0.9275 0.575 0.91375 0.575 0.91375 0.5875 0.9275 0.5875 0.9275 0.575
2 0.8425 0.70125 0.82 0.70125 0.82 0.73375 0.8425 0.73375 0.8425 0.70125
2 0.86875 0.68875 0.85 0.68875 0.85 0.71375 0.86875 0.71375 0.86875 0.68875
2 0.85375 0.7150000000000001 0.835 0.7150000000000001 0.835 0.74 0.85375 0.74 0.85375 0.7150000000000001
2 0.93125 0.6475 0.9225 0.6475 0.9225 0.66125 0.93125 0.66125 0.93125 0.6475
2 0.95625 0.67125 0.9425000000000001 0.67125 0.9425000000000001 0.6849999999999999 0.95625 0.6849999999999999 0.95625 0.67125
2 0.95625 0.59875 0.9425000000000001 0.59875 0.9425000000000001 0.6075 0.95625 0.6075 0.95625 0.59875
2 0.9475 0.62 0.93875 0.62 0.93875 0.6325000000000001 0.9475 0.6325000000000001 0.9475 0.62
2 0.1625 0.515 0.14875 0.515 0.14875 0.5237499999999999 0.1625 0.5237499999999999 0.1625 0.515
2 0.2325 0.45 0.22625 0.45 0.22625 0.46375 0.2325 0.46375 0.2325 0.45
2 0.19875 0.50625 0.185 0.50625 0.185 0.51875 0.19875 0.51875 0.19875 0.50625
2 0.32999999999999996 0.51625 0.31625000000000003 0.51625 0.31625000000000003 0.525 0.32999999999999996 0.525 0.32999999999999996 0.51625
2 0.34500000000000003 0.5225 0.33125 0.5225 0.33125 0.5349999999999999 0.34500000000000003 0.5349999999999999 0.34500000000000003 0.5225
2 0.1925 0.52125 0.17875000000000002 0.52125 0.17875000000000002 0.5287499999999999 0.1925 0.5287499999999999 0.1925 0.52125
2 0.23374999999999999 0.65625 0.22625 0.65625 0.22625 0.67 0.23374999999999999 0.67 0.23374999999999999 0.65625
2 0.23875000000000002 0.6599999999999999 0.23125 0.6599999999999999 0.23125 0.6725 0.23875000000000002 0.6725 0.23875000000000002 0.6599999999999999
2 0.24874999999999997 0.66625 0.24125000000000002 0.66625 0.24125000000000002 0.6799999999999999 0.24874999999999997 0.6799999999999999 0.24874999999999997 0.66625
2 0.25375000000000003 0.67 0.24625 0.67 0.24625 0.6825 0.25375000000000003 0.6825 0.25375000000000003 0.67
2 0.26 0.6725 0.2525 0.6725 0.2525 0.6849999999999999 0.26 0.6849999999999999 0.26 0.6725
2 0.26749999999999996 0.67625 0.26 0.67625 0.26 0.68875 0.26749999999999996 0.68875 0.26749999999999996 0.67625
2 0.2725 0.67875 0.26625 0.67875 0.26625 0.6925 0.2725 0.6925 0.2725 0.67875
2 0.42000000000000004 0.61 0.4125 0.61 0.4125 0.62375 0.42000000000000004 0.62375 0.42000000000000004 0.61
2 0.45499999999999996 0.55 0.44625000000000004 0.55 0.44625000000000004 0.5625 0.45499999999999996 0.5625 0.45499999999999996 0.55
2 0.49749999999999994 0.51875 0.48875 0.51875 0.48875 0.53125 0.49749999999999994 0.53125 0.49749999999999994 0.51875
2 0.4575 0.58875 0.45 0.58875 0.45 0.6025 0.4575 0.6025 0.4575 0.58875
2 0.43375 0.6287499999999999 0.425 0.6287499999999999 0.425 0.6425 0.43375 0.6425 0.43375 0.6287499999999999
2 0.42750000000000005 0.64125 0.41875 0.64125 0.41875 0.6537499999999999 0.42750000000000005 0.6537499999999999 0.42750000000000005 0.64125
2 0.42125 0.6537499999999999 0.4125 0.6537499999999999 0.4125 0.66625 0.42125 0.66625 0.42125 0.6537499999999999
2 0.46624999999999994 0.5725 0.45875000000000005 0.5725 0.45875000000000005 0.585 0.46624999999999994 0.585 0.46624999999999994 0.5725
2 0.43499999999999994 0.5875 0.4225 0.5875 0.4225 0.6012500000000001 0.43499999999999994 0.6012500000000001 0.43499999999999994 0.5875
2 0.30125 0.9400000000000001 0.27999999999999997 0.9400000000000001 0.27999999999999997 0.9525 0.30125 0.9525 0.30125 0.9400000000000001
2 0.28375 0.9550000000000001 0.26625 0.9550000000000001 0.26625 0.9625 0.28375 0.9625 0.28375 0.9550000000000001
2 0.3225 0.92125 0.30375 0.92125 0.30375 0.93 0.3225 0.93 0.3225 0.92125
2 0.36124999999999996 0.3625 0.34625 0.3625 0.34625 0.37875000000000003 0.36124999999999996 0.37875000000000003 0.36124999999999996 0.3625
2 0.3525 0.39 0.33875 0.39 0.33875 0.4025 0.3525 0.4025 0.3525 0.39
2 0.013750000000000002 0.37124999999999997 0.00125 0.37124999999999997 0.00125 0.38 0.013750000000000002 0.38 0.013750000000000002 0.37124999999999997
2 0.027500000000000004 0.38 0.015 0.38 0.015 0.39125 0.027500000000000004 0.39125 0.027500000000000004 0.38
2 0.0125 0.44000000000000006 0.005 0.44000000000000006 0.005 0.45125000000000004 0.0125 0.45125000000000004 0.0125 0.44000000000000006
2 0.021249999999999998 0.44125 0.013750000000000002 0.44125 0.013750000000000002 0.45375 0.021249999999999998 0.45375 0.021249999999999998 0.44125
2 0.028749999999999998 0.44125 0.021249999999999998 0.44125 0.021249999999999998 0.4575 0.028749999999999998 0.4575 0.028749999999999998 0.44125
2 0.03625 0.44375 0.028749999999999998 0.44375 0.028749999999999998 0.4625 0.03625 0.4625 0.03625 0.44375
2 0.41375 0.85125 0.4 0.85125 0.4 0.8612500000000001 0.41375 0.8612500000000001 0.41375 0.85125
2 0.41375 0.8612500000000001 0.40125 0.8612500000000001 0.40125 0.8712500000000001 0.41375 0.8712500000000001 0.41375 0.8612500000000001
2 0.39875 0.81125 0.39125 0.81125 0.39125 0.8225 0.39875 0.8225 0.39875 0.81125
2 0.4425 0.61625 0.43499999999999994 0.61625 0.43499999999999994 0.6275000000000001 0.4425 0.6275000000000001 0.4425 0.61625
2 0.3275 0.59875 0.32 0.59875 0.32 0.60875 0.3275 0.60875 0.3275 0.59875
2 0.34125 0.57375 0.33375 0.57375 0.33375 0.5862499999999999 0.34125 0.5862499999999999 0.34125 0.57375
2 0.34875 0.56125 0.33875 0.56125 0.33875 0.57375 0.34875 0.57375 0.34875 0.56125
2 0.43499999999999994 0.41375 0.42625 0.41375 0.42625 0.425 0.43499999999999994 0.425 0.43499999999999994 0.41375
2 0.2525 0.46375 0.24500000000000002 0.46375 0.24500000000000002 0.47750000000000004 0.2525 0.47750000000000004 0.2525 0.46375
2 0.205 0.49625 0.19375 0.49625 0.19375 0.5075000000000001 0.205 0.5075000000000001 0.205 0.49625
2 0.8237500000000001 0.9425000000000001 0.81125 0.9425000000000001 0.81125 0.9512499999999999 0.8237500000000001 0.9512499999999999 0.8237500000000001 0.9425000000000001
2 0.75625 0.82 0.745 0.82 0.745 0.82875 0.75625 0.82875 0.75625 0.82
2 0.81875 0.7925 0.8099999999999999 0.7925 0.8099999999999999 0.8025 0.81875 0.8025 0.81875 0.7925
2 0.81125 0.9625 0.79875 0.9625 0.79875 0.9712500000000001 0.81125 0.9712500000000001 0.81125 0.9625
2 0.77 0.7625 0.75875 0.7625 0.75875 0.775 0.77 0.775 0.77 0.7625
2 0.76125 0.7775000000000001 0.7525000000000001 0.7775000000000001 0.7525000000000001 0.78625 0.76125 0.78625 0.76125 0.7775000000000001
2 0.755 0.78625 0.7474999999999999 0.78625 0.7474999999999999 0.7975 0.755 0.7975 0.755 0.78625
2 0.755 0.8074999999999999 0.745 0.8074999999999999 0.745 0.8175000000000001 0.755 0.8175000000000001 0.755 0.8074999999999999
2 0.9425000000000001 0.63125 0.93125 0.63125 0.93125 0.64625 0.9425000000000001 0.64625 0.9425000000000001 0.63125
2 0.89875 0.5337500000000001 0.89125 0.5337500000000001 0.89125 0.545 0.89875 0.545 0.89875 0.5337500000000001
2 0.9550000000000001 0.47000000000000003 0.9487500000000001 0.47000000000000003 0.9487500000000001 0.48125 0.9550000000000001 0.48125 0.9550000000000001 0.47000000000000003