2 0.51875 0.04375 0.51 0.04375 0.51 0.05625 0.51875 0.05625 0.51875 0.04375
2 0.22374999999999998 0.21375000000000002 0.215 0.21375000000000002 0.215 0.22625 0.22374999999999998 0.22625 0.22374999999999998 0.21375000000000002
2 0.34249999999999997 0.275 0.32375 0.275 0.32375 0.28375 0.34249999999999997 0.28375 0.34249999999999997 0.275
2 0.56375 0.27999999999999997 0.545 0.27999999999999997 0.545 0.2875 0.56375 0.2875 0.56375 0.27999999999999997
2 0.665 0.26125 0.64625 0.26125 0.64625 0.26749999999999996 0.665 0.26749999999999996 0.665 0.26125
2 0.72 0.27375 0.70625 0.27375 0.70625 0.27999999999999997 0.72 0.27999999999999997 0.72 0.27375
2 0.475 0.04875 0.45999999999999996 0.04875 0.45999999999999996 0.05500000000000001 0.475 0.05500000000000001 0.475 0.04875
2 0.47750000000000004 0.05500000000000001 0.46125 0.05500000000000001 0.46125 0.061250000000000006 0.47750000000000004 0.061250000000000006 0.47750000000000004 0.05500000000000001
2 0.26875 0.12125 0.25125000000000003 0.12125 0.25125000000000003 0.1275 0.26875 0.1275 0.26875 0.12125
2 0.8400000000000001 0.15 0.8262499999999999 0.15 0.8262499999999999 0.16499999999999998 0.8400000000000001 0.16499999999999998 0.8400000000000001 0.15
2 0.5237499999999999 0.1925 0.5175 0.1925 0.5175 0.20625 0.5237499999999999 0.20625 0.5237499999999999 0.1925
2 0.78 0.27 0.765 0.27 0.765 0.27625 0.78 0.27625 0.78 0.27
2 0.8012499999999999 0.2525 0.7837500000000001 0.2525 0.7837500000000001 0.26125 0.8012499999999999 0.26125 0.8012499999999999 0.2525
2 0.9775 0.78 0.9625 0.78 0.9625 0.79 0.9775 0.79 0.9775 0.78
2 0.97625 0.7675 0.9574999999999999 0.7675 0.9574999999999999 0.7737499999999999 0.97625 0.7737499999999999 0.97625 0.7675
2 0.99375 0.725 0.9862500000000001 0.725 0.9862500000000001 0.73875 0.99375 0.73875 0.99375 0.725
2 0.6587500000000001 0.5875 0.65125 0.5875 0.65125 0.6025 0.6587500000000001 0.6025 0.6587500000000001 0.5875
2 0.46624999999999994 0.5575 0.45875000000000005 0.5575 0.45875000000000005 0.5725 0.46624999999999994 0.5725 0.46624999999999994 0.5575
2 0.6625 0.61 0.6537499999999999 0.61 0.6537499999999999 0.6275000000000001 0.6625 0.6275000000000001 0.6625 0.61
2 0.76625 0.915 0.7525000000000001 0.915 0.7525000000000001 0.92125 0.76625 0.92125 0.76625 0.915
2 0.78625 0.9324999999999999 0.7787499999999999 0.9324999999999999 0.7787499999999999 0.945 0.78625 0.945 0.78625 0.9324999999999999
2 0.7975 0.9324999999999999 0.7887500000000001 0.9324999999999999 0.7887500000000001 0.945 0.7975 0.945 0.7975 0.9324999999999999
2 0.87625 0.89625 0.8612500000000001 0.89625 0.8612500000000001 0.9037499999999999 0.87625 0.9037499999999999 0.87625 0.89625
2 0.9237500000000001 0.90625 0.90625 0.90625 0.90625 0.91625 0.9237500000000001 0.91625 0.9237500000000001 0.90625
2 0.01125 0.7725 0.00125 0.7725 0.00125 0.7887500000000001 0.01125 0.7887500000000001 0.01125 0.7725
2 0.07875 0.9324999999999999 0.061250000000000006 0.9324999999999999 0.061250000000000006 0.9400000000000001 0.07875 0.9400000000000001 0.07875 0.9324999999999999
2 0.2225 0.8699999999999999 0.215 0.8699999999999999 0.215 0.8825 0.2225 0.8825 0.2225 0.8699999999999999
2 0.26875 0.47375 0.2525 0.47375 0.2525 0.48125 0.26875 0.48125 0.26875 0.47375
2 0.021249999999999998 0.017499999999999998 0.0025 0.017499999999999998 0.0025 0.026250000000000002 0.021249999999999998 0.026250000000000002 0.021249999999999998 0.017499999999999998
2 0.22000000000000003 0.15125 0.21000000000000002 0.15125 0.21000000000000002 0.16625 0.22000000000000003 0.16625 0.22000000000000003 0.15125
2 0.21749999999999997 0.13374999999999998 0.21000000000000002 0.13374999999999998 0.21000000000000002 0.14875 0.21749999999999997 0.14875 0.21749999999999997 0.13374999999999998
2 0.18 0.185 0.16375 0.185 0.16375 0.1925 0.18 0.1925 0.18 0.185
2 0.2225 0.185 0.21375000000000002 0.185 0.21375000000000002 0.1975 0.2225 0.1975 0.2225 0.185
2 0.2525 0.1675 0.23500000000000001 0.1675 0.23500000000000001 0.1775 0.2525 0.1775 0.2525 0.1675
2 0.46624999999999994 0.1775 0.4525 0.1775 0.4525 0.18625 0.46624999999999994 0.18625 0.46624999999999994 0.1775
2 0.13125 0.31875 0.12250000000000001 0.31875 0.12250000000000001 0.33375 0.13125 0.33375 0.13125 0.31875
2 0.0325 0.7150000000000001 0.021249999999999998 0.7150000000000001 0.021249999999999998 0.7212500000000001 0.0325 0.7212500000000001 0.0325 0.7150000000000001
2 0.04375 0.74875 0.027500000000000004 0.74875 0.027500000000000004 0.755 0.04375 0.755 0.04375 0.74875
2 0.11000000000000001 0.8975 0.10375000000000001 0.8975 0.10375000000000001 0.9087500000000001 0.11000000000000001 0.9087500000000001 0.11000000000000001 0.8975
2 0.62375 0.7849999999999999 0.605 0.7849999999999999 0.605 0.79375 0.62375 0.79375 0.62375 0.7849999999999999
2 0.625 0.7925 0.61125 0.7925 0.61125 0.8012499999999999 0.625 0.8012499999999999 0.625 0.7925
2 0.73625 0.76375 0.7175 0.76375 0.7175 0.77125 0.73625 0.77125 0.73625 0.76375
2 0.39875 0.73875 0.38 0.73875 0.38 0.745 0.39875 0.745 0.39875 0.73875
2 0.3875 0.49874999999999997 0.37875000000000003 0.49874999999999997 0.37875000000000003 0.515 0.3875 0.515 0.3875 0.49874999999999997
2 0.7424999999999999 0.3 0.73375 0.3 0.73375 0.31375000000000003 0.7424999999999999 0.31375000000000003 0.7424999999999999 0.3
2 0.6224999999999999 0.27625 0.60375 0.27625 0.60375 0.28500000000000003 0.6224999999999999 0.28500000000000003 0.6224999999999999 0.27625
2 0.6875 0.25875 0.6725 0.25875 0.6725 0.26625 0.6875 0.26625 0.6875 0.25875
2 0.7537499999999999 0.255 0.735 0.255 0.735 0.26375000000000004 0.7537499999999999 0.26375000000000004 0.7537499999999999 0.255
2 0.91875 0.355 0.9087500000000001 0.355 0.9087500000000001 0.365 0.91875 0.365 0.91875 0.355
2 0.95 0.425 0.93875 0.425 0.93875 0.43125 0.95 0.43125 0.95 0.425
2 0.9550000000000001 0.44375 0.93875 0.44375 0.93875 0.4525 0.9550000000000001 0.4525 0.9550000000000001 0.44375
2 0.7825 0.85625 0.7775000000000001 0.85625 0.7775000000000001 0.8675 0.7825 0.8675 0.7825 0.85625
2 0.7837500000000001 0.8425 0.77625 0.8425 0.77625 0.8550000000000001 0.7837500000000001 0.8550000000000001 0.7837500000000001 0.8425
2 0.525 0.9275 0.50625 0.9275 0.50625 0.93625 0.525 0.93625 0.525 0.9275
2 0.44125 0.9199999999999999 0.425 0.9199999999999999 0.425 0.92875 0.44125 0.92875 0.44125 0.9199999999999999
2 0.47125000000000006 0.96 0.4625 0.96 0.4625 0.975 0.47125000000000006 0.975 0.47125000000000006 0.96