2 0.91875 0.7725 0.89125 0.7725 0.89125 0.7849999999999999 0.91875 0.7849999999999999 0.91875 0.7725
2 0.72375 0.8087500000000001 0.6975 0.8087500000000001 0.6975 0.8225 0.72375 0.8225 0.72375 0.8087500000000001
2 0.775 0.76875 0.74875 0.76875 0.74875 0.7849999999999999 0.775 0.7849999999999999 0.775 0.76875
2 0.70625 0.7424999999999999 0.6775 0.7424999999999999 0.6775 0.75875 0.70625 0.75875 0.70625 0.7424999999999999
2 0.6837500000000001 0.23875000000000002 0.6725 0.23875000000000002 0.6725 0.26625 0.6837500000000001 0.26625 0.6837500000000001 0.23875000000000002
2 0.725 0.9337500000000001 0.72 0.9337500000000001 0.72 0.94375 0.725 0.94375 0.725 0.9337500000000001
2 0.7262500000000001 0.85625 0.72 0.85625 0.72 0.8675 0.7262500000000001 0.8675 0.7262500000000001 0.85625
2 0.73875 0.805 0.72875 0.805 0.72875 0.8150000000000001 0.73875 0.8150000000000001 0.73875 0.805
2 0.7375 0.74 0.7262500000000001 0.74 0.7262500000000001 0.755 0.7375 0.755 0.7375 0.74
2 0.6875 0.37 0.68125 0.37 0.68125 0.38875000000000004 0.6875 0.38875000000000004 0.6875 0.37
2 0.75875 0.32125 0.7525000000000001 0.32125 0.7525000000000001 0.335 0.75875 0.335 0.75875 0.32125
2 0.71875 0.28500000000000003 0.7125 0.28500000000000003 0.7125 0.3 0.71875 0.3 0.71875 0.28500000000000003
2 0.5237499999999999 0.29500000000000004 0.49625 0.29500000000000004 0.49625 0.3025 0.5237499999999999 0.3025 0.5237499999999999 0.29500000000000004
2 0.58375 0.29625 0.5675 0.29625 0.5675 0.30125 0.58375 0.30125 0.58375 0.29625
2 0.9962500000000001 0.4375 0.98375 0.4375 0.98375 0.445 0.9962500000000001 0.445 0.9962500000000001 0.4375