2 0.24500000000000002 0.08125 0.22999999999999998 0.08125 0.22999999999999998 0.09875 0.24500000000000002 0.09875 0.24500000000000002 0.08125
2 0.18875 0.10124999999999999 0.16999999999999998 0.10124999999999999 0.16999999999999998 0.11374999999999999 0.18875 0.11374999999999999 0.18875 0.10124999999999999
2 0.1975 0.11875 0.18 0.11875 0.18 0.13625 0.1975 0.13625 0.1975 0.11875
2 0.42750000000000005 0.28125 0.40499999999999997 0.28125 0.40499999999999997 0.29625 0.42750000000000005 0.29625 0.42750000000000005 0.28125
2 0.40875000000000006 0.3075 0.39375 0.3075 0.39375 0.32125 0.40875000000000006 0.32125 0.40875000000000006 0.3075
2 0.355 0.3175 0.3375 0.3175 0.3375 0.32999999999999996 0.355 0.32999999999999996 0.355 0.3175
2 0.34249999999999997 0.33625 0.3275 0.33625 0.3275 0.34750000000000003 0.34249999999999997 0.34750000000000003 0.34249999999999997 0.33625
2 0.32999999999999996 0.35 0.315 0.35 0.315 0.36375 0.32999999999999996 0.36375 0.32999999999999996 0.35
2 0.32875 0.35875 0.3075 0.35875 0.3075 0.375 0.32875 0.375 0.32875 0.35875
2 0.39375 0.33999999999999997 0.3725 0.33999999999999997 0.3725 0.35625 0.39375 0.35625 0.39375 0.33999999999999997
2 0.3825 0.35375 0.3625 0.35375 0.3625 0.37 0.3825 0.37 0.3825 0.35375
2 0.365 0.38 0.34875 0.38 0.34875 0.39 0.365 0.39 0.365 0.38
2 0.33625 0.425 0.315 0.425 0.315 0.44125 0.33625 0.44125 0.33625 0.425
2 0.3275 0.44000000000000006 0.30625 0.44000000000000006 0.30625 0.45625 0.3275 0.45625 0.3275 0.44000000000000006
2 0.30375 0.47125000000000006 0.28500000000000003 0.47125000000000006 0.28500000000000003 0.4875 0.30375 0.4875 0.30375 0.47125000000000006
2 0.25875 0.45999999999999996 0.23875000000000002 0.45999999999999996 0.23875000000000002 0.47625 0.25875 0.47625 0.25875 0.45999999999999996
2 0.29125 0.49625 0.27125 0.49625 0.27125 0.51125 0.29125 0.51125 0.29125 0.49625
2 0.2 0.55 0.185 0.55 0.185 0.56375 0.2 0.56375 0.2 0.55
2 0.215 0.61375 0.195 0.61375 0.195 0.63 0.215 0.63 0.215 0.61375
2 0.026250000000000002 0.665 0.00625 0.665 0.00625 0.6799999999999999 0.026250000000000002 0.6799999999999999 0.026250000000000002 0.665
2 0.17124999999999999 0.675 0.1525 0.675 0.1525 0.6900000000000001 0.17124999999999999 0.6900000000000001 0.17124999999999999 0.675
2 0.15625 0.70875 0.13625 0.70875 0.13625 0.7224999999999999 0.15625 0.7224999999999999 0.15625 0.70875
2 0.08499999999999999 0.73125 0.065 0.73125 0.065 0.74875 0.08499999999999999 0.74875 0.08499999999999999 0.73125
2 0.10874999999999999 0.78 0.0875 0.78 0.0875 0.795 0.10874999999999999 0.795 0.10874999999999999 0.78
2 0.12250000000000001 0.28125 0.1025 0.28125 0.1025 0.305 0.12250000000000001 0.305 0.12250000000000001 0.28125
2 0.14875 0.29874999999999996 0.13 0.29874999999999996 0.13 0.32125 0.14875 0.32125 0.14875 0.29874999999999996