2 0.4575 0.83375 0.44875 0.83375 0.44875 0.84375 0.4575 0.84375 0.4575 0.83375
2 0.4625 0.8387499999999999 0.45499999999999996 0.8387499999999999 0.45499999999999996 0.8487500000000001 0.4625 0.8487500000000001 0.4625 0.8387499999999999
2 0.46624999999999994 0.845 0.4575 0.845 0.4575 0.85625 0.46624999999999994 0.85625 0.46624999999999994 0.845
2 0.47375 0.8550000000000001 0.465 0.8550000000000001 0.465 0.8675 0.47375 0.8675 0.47375 0.8550000000000001
2 0.38375 0.905 0.37374999999999997 0.905 0.37374999999999997 0.9099999999999999 0.38375 0.9099999999999999 0.38375 0.905
2 0.6075 0.91875 0.59875 0.91875 0.59875 0.92875 0.6075 0.92875 0.6075 0.91875
2 0.55125 0.925 0.54375 0.925 0.54375 0.9337500000000001 0.55125 0.9337500000000001 0.55125 0.925
2 0.55625 0.9337500000000001 0.5475 0.9337500000000001 0.5475 0.9400000000000001 0.55625 0.9400000000000001 0.55625 0.9337500000000001
2 0.5662499999999999 0.95 0.55625 0.95 0.55625 0.95625 0.5662499999999999 0.95625 0.5662499999999999 0.95
2 0.575 0.9662499999999999 0.5675 0.9662499999999999 0.5675 0.9724999999999999 0.575 0.9724999999999999 0.575 0.9662499999999999
2 0.58375 0.97875 0.575 0.97875 0.575 0.985 0.58375 0.985 0.58375 0.97875
2 0.5587500000000001 0.9800000000000001 0.55 0.9800000000000001 0.55 0.9875 0.5587500000000001 0.9875 0.5587500000000001 0.9800000000000001
2 0.5125 0.9025000000000001 0.50625 0.9025000000000001 0.50625 0.9099999999999999 0.5125 0.9099999999999999 0.5125 0.9025000000000001
2 0.52125 0.9175000000000001 0.515 0.9175000000000001 0.515 0.9262499999999999 0.52125 0.9262499999999999 0.52125 0.9175000000000001
2 0.51625 0.9112500000000001 0.51 0.9112500000000001 0.51 0.91875 0.51625 0.91875 0.51625 0.9112500000000001
2 0.07625 0.7025 0.07125000000000001 0.7025 0.07125000000000001 0.7112499999999999 0.07625 0.7112499999999999 0.07625 0.7025
2 0.07125000000000001 0.7025 0.06625 0.7025 0.06625 0.7125 0.07125000000000001 0.7125 0.07125000000000001 0.7025
2 0.06625 0.70125 0.0625 0.70125 0.0625 0.71 0.06625 0.71 0.06625 0.70125
2 0.08375 0.6599999999999999 0.07875 0.6599999999999999 0.07875 0.67125 0.08375 0.67125 0.08375 0.6599999999999999
2 0.07875 0.6599999999999999 0.07375000000000001 0.6599999999999999 0.07375000000000001 0.67 0.07875 0.67 0.07875 0.6599999999999999
2 0.07125000000000001 0.66125 0.0675 0.66125 0.0675 0.67 0.07125000000000001 0.67 0.07125000000000001 0.66125
2 0.215 0.6325000000000001 0.205 0.6325000000000001 0.205 0.63875 0.215 0.63875 0.215 0.6325000000000001
2 0.5875 0.49749999999999994 0.5775 0.49749999999999994 0.5775 0.5037499999999999 0.5875 0.5037499999999999 0.5875 0.49749999999999994
2 0.5900000000000001 0.5349999999999999 0.57875 0.5349999999999999 0.57875 0.5425 0.5900000000000001 0.5425 0.5900000000000001 0.5349999999999999
2 0.5675 0.52125 0.56125 0.52125 0.56125 0.5325 0.5675 0.5325 0.5675 0.52125
2 0.5549999999999999 0.5 0.545 0.5 0.545 0.505 0.5549999999999999 0.505 0.5549999999999999 0.5
2 0.5862499999999999 0.48375 0.575 0.48375 0.575 0.49000000000000005 0.5862499999999999 0.49000000000000005 0.5862499999999999 0.48375
2 0.58 0.48875 0.5700000000000001 0.48875 0.5700000000000001 0.495 0.58 0.495 0.58 0.48875
2 0.5825 0.47625 0.5725 0.47625 0.5725 0.48250000000000004 0.5825 0.48250000000000004 0.5825 0.47625
2 0.55375 0.49375 0.545 0.49375 0.545 0.49874999999999997 0.55375 0.49874999999999997 0.55375 0.49375
2 0.47750000000000004 0.43624999999999997 0.46624999999999994 0.43624999999999997 0.46624999999999994 0.44125 0.47750000000000004 0.44125 0.47750000000000004 0.43624999999999997
2 0.4375 0.45 0.42874999999999996 0.45 0.42874999999999996 0.45499999999999996 0.4375 0.45499999999999996 0.4375 0.45
2 0.42750000000000005 0.45 0.4175 0.45 0.4175 0.45499999999999996 0.42750000000000005 0.45499999999999996 0.42750000000000005 0.45
2 0.28875 0.11374999999999999 0.27875 0.11374999999999999 0.27875 0.12125 0.28875 0.12125 0.28875 0.11374999999999999
2 0.27875 0.1275 0.26875 0.1275 0.26875 0.13374999999999998 0.27875 0.13374999999999998 0.27875 0.1275
2 0.505 0.026250000000000002 0.49625 0.026250000000000002 0.49625 0.03625 0.505 0.03625 0.505 0.026250000000000002
2 0.51 0.0225 0.50125 0.0225 0.50125 0.0325 0.51 0.0325 0.51 0.0225
2 0.515 0.017499999999999998 0.505 0.017499999999999998 0.505 0.027500000000000004 0.515 0.027500000000000004 0.515 0.017499999999999998
2 0.5275000000000001 0.03375 0.51875 0.03375 0.51875 0.041249999999999995 0.5275000000000001 0.041249999999999995 0.5275000000000001 0.03375
2 0.53625 0.034999999999999996 0.53125 0.034999999999999996 0.53125 0.04375 0.53625 0.04375 0.53625 0.034999999999999996
2 0.5325 0.028749999999999998 0.5225 0.028749999999999998 0.5225 0.0375 0.5325 0.0375 0.5325 0.028749999999999998
2 0.5375 0.017499999999999998 0.53 0.017499999999999998 0.53 0.025 0.5375 0.025 0.5375 0.017499999999999998
2 0.54375 0.015 0.53625 0.015 0.53625 0.026250000000000002 0.54375 0.026250000000000002 0.54375 0.015
2 0.54625 0.01125 0.54 0.01125 0.54 0.01875 0.54625 0.01875 0.54625 0.01125
2 0.55375 0.0075 0.54375 0.0075 0.54375 0.017499999999999998 0.55375 0.017499999999999998 0.55375 0.0075
2 0.5575 0.00375 0.55 0.00375 0.55 0.0125 0.5575 0.0125 0.5575 0.00375
2 0.5625 0.00125 0.5549999999999999 0.00125 0.5549999999999999 0.008749999999999999 0.5625 0.008749999999999999 0.5625 0.00125
2 0.54125 0.0325 0.53625 0.0325 0.53625 0.045 0.54125 0.045 0.54125 0.0325
2 0.54625 0.03125 0.54125 0.03125 0.54125 0.041249999999999995 0.54625 0.041249999999999995 0.54625 0.03125
2 0.55125 0.0325 0.5475 0.0325 0.5475 0.042499999999999996 0.55125 0.042499999999999996 0.55125 0.0325
2 0.55625 0.03375 0.55125 0.03375 0.55125 0.042499999999999996 0.55625 0.042499999999999996 0.55625 0.03375
2 0.575 0.034999999999999996 0.5700000000000001 0.034999999999999996 0.5700000000000001 0.045 0.575 0.045 0.575 0.034999999999999996
2 0.585 0.034999999999999996 0.57875 0.034999999999999996 0.57875 0.045 0.585 0.045 0.585 0.034999999999999996
2 0.585 0.02375 0.57875 0.02375 0.57875 0.034999999999999996 0.585 0.034999999999999996 0.585 0.02375
2 0.5912499999999999 0.02375 0.5862499999999999 0.02375 0.5862499999999999 0.03125 0.5912499999999999 0.03125 0.5912499999999999 0.02375
2 0.5725 0.02375 0.5662499999999999 0.02375 0.5662499999999999 0.03375 0.5725 0.03375 0.5725 0.02375
2 0.5974999999999999 0.03375 0.5912499999999999 0.03375 0.5912499999999999 0.042499999999999996 0.5974999999999999 0.042499999999999996 0.5974999999999999 0.03375
2 0.5912499999999999 0.03375 0.5862499999999999 0.03375 0.5862499999999999 0.04375 0.5912499999999999 0.04375 0.5912499999999999 0.03375
2 0.60375 0.0325 0.5974999999999999 0.0325 0.5974999999999999 0.042499999999999996 0.60375 0.042499999999999996 0.60375 0.0325
2 0.7150000000000001 0.9400000000000001 0.70625 0.9400000000000001 0.70625 0.9475 0.7150000000000001 0.9475 0.7150000000000001 0.9400000000000001
2 0.75625 0.89625 0.74875 0.89625 0.74875 0.905 0.75625 0.905 0.75625 0.89625
2 0.74375 0.9574999999999999 0.73625 0.9574999999999999 0.73625 0.9650000000000001 0.74375 0.9650000000000001 0.74375 0.9574999999999999
2 0.96125 0.9637499999999999 0.9525 0.9637499999999999 0.9525 0.9712500000000001 0.96125 0.9712500000000001 0.96125 0.9637499999999999
2 0.97 0.9625 0.96125 0.9625 0.96125 0.96875 0.97 0.96875 0.97 0.9625
2 0.97625 0.9775 0.9662499999999999 0.9775 0.9662499999999999 0.985 0.97625 0.985 0.97625 0.9775
2 0.96125 0.98375 0.9525 0.98375 0.9525 0.99125 0.96125 0.99125 0.96125 0.98375
2 0.95 0.9875 0.9412499999999999 0.9875 0.9412499999999999 0.9949999999999999 0.95 0.9949999999999999 0.95 0.9875
2 0.8412499999999999 0.8875 0.83375 0.8875 0.83375 0.89875 0.8412499999999999 0.89875 0.8412499999999999 0.8875
2 0.85 0.9125 0.84375 0.9125 0.84375 0.9225 0.85 0.9225 0.85 0.9125
2 0.9650000000000001 0.8474999999999999 0.95875 0.8474999999999999 0.95875 0.8574999999999999 0.9650000000000001 0.8574999999999999 0.9650000000000001 0.8474999999999999