2 0.16375 0.97625 0.14750000000000002 0.97625 0.14750000000000002 0.9824999999999999 0.16375 0.9824999999999999 0.16375 0.97625
2 0.86 0.9400000000000001 0.84375 0.9400000000000001 0.84375 0.94625 0.86 0.94625 0.86 0.9400000000000001
2 0.8925000000000001 0.93625 0.8800000000000001 0.93625 0.8800000000000001 0.94375 0.8925000000000001 0.94375 0.8925000000000001 0.93625
2 0.7224999999999999 0.93 0.705 0.93 0.705 0.93625 0.7224999999999999 0.93625 0.7224999999999999 0.93
2 0.7025 0.94375 0.6875 0.94375 0.6875 0.95 0.7025 0.95 0.7025 0.94375
2 0.67625 0.6525000000000001 0.67 0.6525000000000001 0.67 0.665 0.67625 0.665 0.67625 0.6525000000000001
2 0.8087500000000001 0.60875 0.7975 0.60875 0.7975 0.625 0.8087500000000001 0.625 0.8087500000000001 0.60875
2 0.9925 0.63375 0.98375 0.63375 0.98375 0.6475 0.9925 0.6475 0.9925 0.63375
2 0.6925 0.41375 0.6825 0.41375 0.6825 0.42625 0.6925 0.42625 0.6925 0.41375
2 0.8025 0.1275 0.79125 0.1275 0.79125 0.13874999999999998 0.8025 0.13874999999999998 0.8025 0.1275
2 0.8074999999999999 0.14750000000000002 0.79125 0.14750000000000002 0.79125 0.1575 0.8074999999999999 0.1575 0.8074999999999999 0.14750000000000002
2 0.5974999999999999 0.21625 0.585 0.21625 0.585 0.22749999999999998 0.5974999999999999 0.22749999999999998 0.5974999999999999 0.21625
2 0.60875 0.22374999999999998 0.595 0.22374999999999998 0.595 0.23875000000000002 0.60875 0.23875000000000002 0.60875 0.22374999999999998
2 0.71875 0.1925 0.70625 0.1925 0.70625 0.20375000000000001 0.71875 0.20375000000000001 0.71875 0.1925
2 0.7474999999999999 0.17250000000000001 0.7325 0.17250000000000001 0.7325 0.18375 0.7474999999999999 0.18375 0.7474999999999999 0.17250000000000001
2 0.76125 0.16 0.74875 0.16 0.74875 0.17250000000000001 0.76125 0.17250000000000001 0.76125 0.16
2 0.8825 0.028749999999999998 0.8699999999999999 0.028749999999999998 0.8699999999999999 0.041249999999999995 0.8825 0.041249999999999995 0.8825 0.028749999999999998
2 0.76 0.13125 0.75 0.13125 0.75 0.14750000000000002 0.76 0.14750000000000002 0.76 0.13125
2 0.79875 0.09 0.7849999999999999 0.09 0.7849999999999999 0.10124999999999999 0.79875 0.10124999999999999 0.79875 0.09
2 0.6 0.39375 0.5900000000000001 0.39375 0.5900000000000001 0.40875000000000006 0.6 0.40875000000000006 0.6 0.39375
2 0.5225 0.48375 0.50875 0.48375 0.50875 0.49749999999999994 0.5225 0.49749999999999994 0.5225 0.48375
2 0.5075000000000001 0.49375 0.495 0.49375 0.495 0.5075000000000001 0.5075000000000001 0.5075000000000001 0.5075000000000001 0.49375
2 0.5175 0.78125 0.5025000000000001 0.78125 0.5025000000000001 0.7887500000000001 0.5175 0.7887500000000001 0.5175 0.78125
2 0.6425 0.9337500000000001 0.62625 0.9337500000000001 0.62625 0.9425000000000001 0.6425 0.9425000000000001 0.6425 0.9337500000000001
2 0.6637500000000001 0.93125 0.6475 0.93125 0.6475 0.9400000000000001 0.6637500000000001 0.9400000000000001 0.6637500000000001 0.93125
2 0.85875 0.8800000000000001 0.85375 0.8800000000000001 0.85375 0.8925000000000001 0.85875 0.8925000000000001 0.85875 0.8800000000000001
2 0.14250000000000002 0.9737500000000001 0.1275 0.9737500000000001 0.1275 0.985 0.14250000000000002 0.985 0.14250000000000002 0.9737500000000001
2 0.18875 0.975 0.16999999999999998 0.975 0.16999999999999998 0.98375 0.18875 0.98375 0.18875 0.975
2 0.017499999999999998 0.19875 0.0025 0.19875 0.0025 0.2125 0.017499999999999998 0.2125 0.017499999999999998 0.19875
2 0.8162499999999999 0.69625 0.8074999999999999 0.69625 0.8074999999999999 0.70875 0.8162499999999999 0.70875 0.8162499999999999 0.69625