2 0.3375 0.9737500000000001 0.32875 0.9737500000000001 0.32875 0.99375 0.3375 0.99375 0.3375 0.9737500000000001
2 0.3025 0.96125 0.28625 0.96125 0.28625 0.975 0.3025 0.975 0.3025 0.96125
2 0.28125 1 0.28125 0.985 0.26625 0.985 0.26625 1 0.28125 1
2 0.9875 0.27999999999999997 0.9737500000000001 0.27999999999999997 0.9737500000000001 0.2975 0.9875 0.2975 0.9875 0.27999999999999997
2 0.9824999999999999 0.28625 0.9675 0.28625 0.9675 0.30375 0.9824999999999999 0.30375 0.9824999999999999 0.28625
2 0.95875 0.34500000000000003 0.9475 0.34500000000000003 0.9475 0.35375 0.95875 0.35375 0.95875 0.34500000000000003
2 0.9349999999999999 0.31124999999999997 0.91875 0.31124999999999997 0.91875 0.32375 0.9349999999999999 0.32375 0.9349999999999999 0.31124999999999997
2 0.01875 0.16625 0.00625 0.16625 0.00625 0.185 0.01875 0.185 0.01875 0.16625
2 0.0225 0.22374999999999998 0.008749999999999999 0.22374999999999998 0.008749999999999999 0.24125000000000002 0.0225 0.24125000000000002 0.0225 0.22374999999999998
2 0.03375 0.21875 0.01875 0.21875 0.01875 0.23625 0.03375 0.23625 0.03375 0.21875
2 0.04875 0.21125 0.03625 0.21125 0.03625 0.22749999999999998 0.04875 0.22749999999999998 0.04875 0.21125
2 0.06625 0.2 0.05125 0.2 0.05125 0.21749999999999997 0.06625 0.21749999999999997 0.06625 0.2
2 0.0775 0.22000000000000003 0.065 0.22000000000000003 0.065 0.23374999999999999 0.0775 0.23374999999999999 0.0775 0.22000000000000003
2 0.06875 0.22125 0.05500000000000001 0.22125 0.05500000000000001 0.23875000000000002 0.06875 0.23875000000000002 0.06875 0.22125
2 0.05625 0.22625 0.04625 0.22625 0.04625 0.24125000000000002 0.05625 0.24125000000000002 0.05625 0.22625
2 0.05 0.23125 0.0375 0.23125 0.0375 0.2475 0.05 0.2475 0.05 0.23125
2 0.042499999999999996 0.23625 0.03 0.23625 0.03 0.25375000000000003 0.042499999999999996 0.25375000000000003 0.042499999999999996 0.23625
2 0.0325 0.24125000000000002 0.021249999999999998 0.24125000000000002 0.021249999999999998 0.255 0.0325 0.255 0.0325 0.24125000000000002
2 0.02 0.24874999999999997 0.00625 0.24874999999999997 0.00625 0.26749999999999996 0.02 0.26749999999999996 0.02 0.24874999999999997
2 0.09125 0.205 0.07625 0.205 0.07625 0.2225 0.09125 0.2225 0.09125 0.205
2 0.1075 0.1925 0.0925 0.1925 0.0925 0.2125 0.1075 0.2125 0.1075 0.1925
2 0.11499999999999999 0.18875 0.10124999999999999 0.18875 0.10124999999999999 0.20625 0.11499999999999999 0.20625 0.11499999999999999 0.18875
2 0.13374999999999998 0.17875000000000002 0.11875 0.17875000000000002 0.11875 0.19624999999999998 0.13374999999999998 0.19624999999999998 0.13374999999999998 0.17875000000000002
2 0.17124999999999999 0.15125 0.16 0.15125 0.16 0.1675 0.17124999999999999 0.1675 0.17124999999999999 0.15125
2 0.1875 0.13999999999999999 0.17124999999999999 0.13999999999999999 0.17124999999999999 0.15875 0.1875 0.15875 0.1875 0.13999999999999999
2 0.195 0.135 0.18125 0.135 0.18125 0.15375 0.195 0.15375 0.195 0.135
2 0.20249999999999999 0.12875 0.18625 0.12875 0.18625 0.14625 0.20249999999999999 0.14625 0.20249999999999999 0.12875
2 0.2 0.19 0.18625 0.19 0.18625 0.20625 0.2 0.20625 0.2 0.19
2 0.18375 0.1975 0.16999999999999998 0.1975 0.16999999999999998 0.215 0.18375 0.215 0.18375 0.1975
2 0.0875 0.265 0.07625 0.265 0.07625 0.28125 0.0875 0.28125 0.0875 0.265
2 0.075 0.27625 0.061250000000000006 0.27625 0.061250000000000006 0.29125 0.075 0.29125 0.075 0.27625
2 0.065 0.28250000000000003 0.052500000000000005 0.28250000000000003 0.052500000000000005 0.2975 0.065 0.2975 0.065 0.28250000000000003
2 0.058750000000000004 0.2875 0.04625 0.2875 0.04625 0.30375 0.058750000000000004 0.30375 0.058750000000000004 0.2875
2 0.05 0.2925 0.03625 0.2925 0.03625 0.30874999999999997 0.05 0.30874999999999997 0.05 0.2925
2 0.041249999999999995 0.2975 0.028749999999999998 0.2975 0.028749999999999998 0.3125 0.041249999999999995 0.3125 0.041249999999999995 0.2975
2 0.0325 0.30375 0.02 0.30375 0.02 0.31875 0.0325 0.31875 0.0325 0.30375
2 0.026250000000000002 0.3075 0.01125 0.3075 0.01125 0.325 0.026250000000000002 0.325 0.026250000000000002 0.3075
2 0.017499999999999998 0.31375000000000003 0.005 0.31375000000000003 0.005 0.33125 0.017499999999999998 0.33125 0.017499999999999998 0.31375000000000003
2 0.01125 0.3175 0.00125 0.3175 0.00125 0.3375 0.01125 0.3375 0.01125 0.3175
2 0.97875 0.8125 0.9637499999999999 0.8125 0.9637499999999999 0.8275 0.97875 0.8275 0.97875 0.8125
2 0.9012499999999999 0.85625 0.8875 0.85625 0.8875 0.87375 0.9012499999999999 0.87375 0.9012499999999999 0.85625
2 0.905 0.825 0.8875 0.825 0.8875 0.83625 0.905 0.83625 0.905 0.825
2 0.008749999999999999 0.23374999999999999 0.00125 0.23374999999999999 0.00125 0.25125000000000003 0.008749999999999999 0.25125000000000003 0.008749999999999999 0.23374999999999999