2 0.76875 0.61875 0.75875 0.61875 0.75875 0.6275000000000001 0.76875 0.6275000000000001 0.76875 0.61875
2 0.7837500000000001 0.6224999999999999 0.77625 0.6224999999999999 0.77625 0.63 0.7837500000000001 0.63 0.7837500000000001 0.6224999999999999
2 0.6025 0.6599999999999999 0.5925 0.6599999999999999 0.5925 0.665 0.6025 0.665 0.6025 0.6599999999999999
2 0.51375 0.73 0.5025000000000001 0.73 0.5025000000000001 0.74125 0.51375 0.74125 0.51375 0.73
2 0.23125 0.76125 0.2225 0.76125 0.2225 0.77125 0.23125 0.77125 0.23125 0.76125
2 0.04375 0.7625 0.0375 0.7625 0.0375 0.7725 0.04375 0.7725 0.04375 0.7625
2 0.16375 0.72 0.1575 0.72 0.1575 0.73125 0.16375 0.73125 0.16375 0.72
2 0.1275 0.69875 0.12125 0.69875 0.12125 0.7112499999999999 0.1275 0.7112499999999999 0.1275 0.69875
2 0.18125 0.70625 0.17250000000000001 0.70625 0.17250000000000001 0.7125 0.18125 0.7125 0.18125 0.70625
2 0.1075 0.73875 0.1 0.73875 0.1 0.75 0.1075 0.75 0.1075 0.73875
2 0.16375 0.7525000000000001 0.15375 0.7525000000000001 0.15375 0.76125 0.16375 0.76125 0.16375 0.7525000000000001
2 0.155 0.6900000000000001 0.15 0.6900000000000001 0.15 0.70125 0.155 0.70125 0.155 0.6900000000000001
2 0.11000000000000001 0.70875 0.1025 0.70875 0.1025 0.72 0.11000000000000001 0.72 0.11000000000000001 0.70875
2 0.1575 0.72 0.15125 0.72 0.15125 0.73 0.1575 0.73 0.1575 0.72
2 0.145 0.7175 0.13625 0.7175 0.13625 0.7262500000000001 0.145 0.7262500000000001 0.145 0.7175
2 0.12375 0.7125 0.11750000000000001 0.7125 0.11750000000000001 0.7224999999999999 0.12375 0.7224999999999999 0.12375 0.7125
2 0.13625 0.7162499999999999 0.13 0.7162499999999999 0.13 0.72375 0.13625 0.72375 0.13625 0.7162499999999999
2 0.13 0.71375 0.12375 0.71375 0.12375 0.72375 0.13 0.72375 0.13 0.71375
2 0.35875 0.6875 0.34875 0.6875 0.34875 0.6925 0.35875 0.6925 0.35875 0.6875
2 0.36124999999999996 0.6925 0.35125 0.6925 0.35125 0.69875 0.36124999999999996 0.69875 0.36124999999999996 0.6925
2 0.37124999999999997 0.71375 0.36 0.71375 0.36 0.72 0.37124999999999997 0.72 0.37124999999999997 0.71375
2 0.23500000000000001 0.41500000000000004 0.21749999999999997 0.41500000000000004 0.21749999999999997 0.4375 0.23500000000000001 0.4375 0.23500000000000001 0.41500000000000004