2 0.25 0.1375 0.23374999999999999 0.1375 0.23374999999999999 0.14375 0.25 0.14375 0.25 0.1375
2 0.34750000000000003 0.1275 0.32999999999999996 0.1275 0.32999999999999996 0.13374999999999998 0.34750000000000003 0.13374999999999998 0.34750000000000003 0.1275
2 0.42625 0.10124999999999999 0.41875 0.10124999999999999 0.41875 0.11374999999999999 0.42625 0.11374999999999999 0.42625 0.10124999999999999
2 0.83625 0.01875 0.8225 0.01875 0.8225 0.03 0.83625 0.03 0.83625 0.01875
2 0.7262500000000001 0.12375 0.70875 0.12375 0.70875 0.13 0.7262500000000001 0.13 0.7262500000000001 0.12375
2 0.58 0.1575 0.575 0.1575 0.575 0.16875 0.58 0.16875 0.58 0.1575
2 0.025 0.20125 0.01125 0.20125 0.01125 0.2125 0.025 0.2125 0.025 0.20125
2 0.01125 0.2125 0.00125 0.2125 0.00125 0.2225 0.01125 0.2225 0.01125 0.2125
2 0.635 0.7725 0.625 0.7725 0.625 0.7825 0.635 0.7825 0.635 0.7725
2 0.9037499999999999 0.64625 0.8975 0.64625 0.8975 0.6599999999999999 0.9037499999999999 0.6599999999999999 0.9037499999999999 0.64625
2 0.795 0.42000000000000004 0.78 0.42000000000000004 0.78 0.42874999999999996 0.795 0.42874999999999996 0.795 0.42000000000000004
2 0.74875 0.39375 0.7424999999999999 0.39375 0.7424999999999999 0.40499999999999997 0.74875 0.40499999999999997 0.74875 0.39375
2 0.6287499999999999 0.51875 0.61 0.51875 0.61 0.5275000000000001 0.6287499999999999 0.5275000000000001 0.6287499999999999 0.51875
2 0.705 0.45375 0.6925 0.45375 0.6925 0.465 0.705 0.465 0.705 0.45375
2 0.21125 0.2125 0.20249999999999999 0.2125 0.20249999999999999 0.22749999999999998 0.21125 0.22749999999999998 0.21125 0.2125
2 0.2 0.18625 0.18875 0.18625 0.18875 0.1975 0.2 0.1975 0.2 0.18625