2 0.8699999999999999 0.5349999999999999 0.8612500000000001 0.5349999999999999 0.8612500000000001 0.5625 0.8699999999999999 0.5625 0.8699999999999999 0.5349999999999999
2 0.7575000000000001 0.41500000000000004 0.74875 0.41500000000000004 0.74875 0.43875000000000003 0.7575000000000001 0.43875000000000003 0.7575000000000001 0.41500000000000004
2 0.79625 0.44125 0.77125 0.44125 0.77125 0.45 0.79625 0.45 0.79625 0.44125
2 0.79625 0.44875 0.77 0.44875 0.77 0.45625 0.79625 0.45625 0.79625 0.44875
2 0.7975 0.4525 0.7737499999999999 0.4525 0.7737499999999999 0.465 0.7975 0.465 0.7975 0.4525
2 0.79125 0.4725 0.76625 0.4725 0.76625 0.48125 0.79125 0.48125 0.79125 0.4725
2 0.90625 0.41500000000000004 0.88125 0.41500000000000004 0.88125 0.42874999999999996 0.90625 0.42874999999999996 0.90625 0.41500000000000004
2 0.9574999999999999 0.40625 0.9349999999999999 0.40625 0.9349999999999999 0.41500000000000004 0.9574999999999999 0.41500000000000004 0.9574999999999999 0.40625
2 0.9099999999999999 0.45375 0.8887499999999999 0.45375 0.8887499999999999 0.46125 0.9099999999999999 0.46125 0.9099999999999999 0.45375
2 0.9349999999999999 0.41500000000000004 0.9125 0.41500000000000004 0.9125 0.42750000000000005 0.9349999999999999 0.42750000000000005 0.9349999999999999 0.41500000000000004
2 0.96125 0.41624999999999995 0.93875 0.41624999999999995 0.93875 0.42874999999999996 0.96125 0.42874999999999996 0.96125 0.41624999999999995
2 0.9637499999999999 0.42374999999999996 0.93875 0.42374999999999996 0.93875 0.43624999999999997 0.9637499999999999 0.43624999999999997 0.9637499999999999 0.42374999999999996
2 0.9637499999999999 0.42874999999999996 0.9412499999999999 0.42874999999999996 0.9412499999999999 0.44125 0.9637499999999999 0.44125 0.9637499999999999 0.42874999999999996
2 0.975 0.585 0.9487500000000001 0.585 0.9487500000000001 0.59875 0.975 0.59875 0.975 0.585
2 0.43125 0.58375 0.40499999999999997 0.58375 0.40499999999999997 0.5912499999999999 0.43125 0.5912499999999999 0.43125 0.58375
2 0.44125 0.5675 0.4225 0.5675 0.4225 0.57625 0.44125 0.57625 0.44125 0.5675
2 0.27999999999999997 0.79 0.2525 0.79 0.2525 0.80375 0.27999999999999997 0.80375 0.27999999999999997 0.79