2 0.5549999999999999 0.10874999999999999 0.5387500000000001 0.10874999999999999 0.5387500000000001 0.12 0.5549999999999999 0.12 0.5549999999999999 0.10874999999999999
2 0.54375 0.15 0.5349999999999999 0.15 0.5349999999999999 0.16999999999999998 0.54375 0.16999999999999998 0.54375 0.15
2 0.42374999999999996 0.425 0.40625 0.425 0.40625 0.4325 0.42374999999999996 0.4325 0.42374999999999996 0.425
2 0.4425 0.4125 0.43125 0.4125 0.43125 0.42374999999999996 0.4425 0.42374999999999996 0.4425 0.4125
2 0.86 0.31625000000000003 0.8462500000000001 0.31625000000000003 0.8462500000000001 0.3225 0.86 0.3225 0.86 0.31625000000000003
2 0.98375 0.17875000000000002 0.97 0.17875000000000002 0.97 0.19 0.98375 0.19 0.98375 0.17875000000000002
2 0.8550000000000001 0.42750000000000005 0.8400000000000001 0.42750000000000005 0.8400000000000001 0.44125 0.8550000000000001 0.44125 0.8550000000000001 0.42750000000000005
2 0.84375 0.41375 0.8275 0.41375 0.8275 0.43 0.84375 0.43 0.84375 0.41375
2 0.9525 0.5675 0.9412499999999999 0.5675 0.9412499999999999 0.58 0.9525 0.58 0.9525 0.5675
2 0.9525 0.9125 0.945 0.9125 0.945 0.9275 0.9525 0.9275 0.9525 0.9125
2 0.945 0.91625 0.93625 0.91625 0.93625 0.92875 0.945 0.92875 0.945 0.91625
2 0.9262499999999999 0.92125 0.9199999999999999 0.92125 0.9199999999999999 0.9349999999999999 0.9262499999999999 0.9349999999999999 0.9262499999999999 0.92125
2 0.9112500000000001 0.9262499999999999 0.9037499999999999 0.9262499999999999 0.9037499999999999 0.9412499999999999 0.9112500000000001 0.9412499999999999 0.9112500000000001 0.9262499999999999
2 0.9175000000000001 0.9225 0.9112500000000001 0.9225 0.9112500000000001 0.93875 0.9175000000000001 0.93875 0.9175000000000001 0.9225
2 0.8825 0.9637499999999999 0.87375 0.9637499999999999 0.87375 0.9800000000000001 0.8825 0.9800000000000001 0.8825 0.9637499999999999
2 0.9 0.96 0.89375 0.96 0.89375 0.975 0.9 0.975 0.9 0.96
2 0.9112500000000001 0.9574999999999999 0.9025000000000001 0.9574999999999999 0.9025000000000001 0.9737500000000001 0.9112500000000001 0.9737500000000001 0.9112500000000001 0.9574999999999999
2 0.9412499999999999 0.95 0.93 0.95 0.93 0.9662499999999999 0.9412499999999999 0.9662499999999999 0.9412499999999999 0.95
2 0.95375 0.945 0.945 0.945 0.945 0.96 0.95375 0.96 0.95375 0.945
2 0.9662499999999999 0.9400000000000001 0.9574999999999999 0.9400000000000001 0.9574999999999999 0.96 0.9662499999999999 0.96 0.9662499999999999 0.9400000000000001
2 0.3775 0.94625 0.3675 0.94625 0.3675 0.96 0.3775 0.96 0.3775 0.94625
2 0.37124999999999997 0.9525 0.36124999999999996 0.9525 0.36124999999999996 0.9650000000000001 0.37124999999999997 0.9650000000000001 0.37124999999999997 0.9525
2 0.365 0.9574999999999999 0.35750000000000004 0.9574999999999999 0.35750000000000004 0.97 0.365 0.97 0.365 0.9574999999999999
2 0.35750000000000004 0.9625 0.34625 0.9625 0.34625 0.97625 0.35750000000000004 0.97625 0.35750000000000004 0.9625
2 0.34500000000000003 0.95875 0.335 0.95875 0.335 0.9737500000000001 0.34500000000000003 0.9737500000000001 0.34500000000000003 0.95875
2 0.3075 0.9662499999999999 0.2975 0.9662499999999999 0.2975 0.98125 0.3075 0.98125 0.3075 0.9662499999999999
2 0.29874999999999996 0.9712500000000001 0.29125 0.9712500000000001 0.29125 0.98375 0.29874999999999996 0.98375 0.29874999999999996 0.9712500000000001
2 0.2925 0.9737500000000001 0.28250000000000003 0.9737500000000001 0.28250000000000003 0.99 0.2925 0.99 0.2925 0.9737500000000001
2 0.28375 0.9800000000000001 0.275 0.9800000000000001 0.275 0.99375 0.28375 0.99375 0.28375 0.9800000000000001
2 0.25125000000000003 0.9 0.23875000000000002 0.9 0.23875000000000002 0.9099999999999999 0.25125000000000003 0.9099999999999999 0.25125000000000003 0.9
2 0.24625 0.915 0.23374999999999999 0.915 0.23374999999999999 0.92125 0.24625 0.92125 0.24625 0.915