2 0.16375 0.20125 0.15125 0.20125 0.15125 0.24375 0.16375 0.24375 0.16375 0.20125
2 0.14375 0.20750000000000002 0.13125 0.20750000000000002 0.13125 0.2575 0.14375 0.2575 0.14375 0.20750000000000002
2 0.13874999999999998 0.28250000000000003 0.13 0.28250000000000003 0.13 0.3325 0.13874999999999998 0.3325 0.13874999999999998 0.28250000000000003
2 0.1525 0.365 0.13999999999999999 0.365 0.13999999999999999 0.40499999999999997 0.1525 0.40499999999999997 0.1525 0.365
2 0.135 0.42750000000000005 0.12250000000000001 0.42750000000000005 0.12250000000000001 0.4525 0.135 0.4525 0.135 0.42750000000000005
2 0.70125 0.38875000000000004 0.68875 0.38875000000000004 0.68875 0.4175 0.70125 0.4175 0.70125 0.38875000000000004
2 0.7150000000000001 0.3875 0.70625 0.3875 0.70625 0.4225 0.7150000000000001 0.4225 0.7150000000000001 0.3875
2 0.725 0.3875 0.7150000000000001 0.3875 0.7150000000000001 0.4225 0.725 0.4225 0.725 0.3875
2 0.255 0.11875 0.24125000000000002 0.11875 0.24125000000000002 0.1275 0.255 0.1275 0.255 0.11875
2 0.26749999999999996 0.155 0.25 0.155 0.25 0.16499999999999998 0.26749999999999996 0.16499999999999998 0.26749999999999996 0.155
2 0.37875000000000003 0.13625 0.36375 0.13625 0.36375 0.145 0.37875000000000003 0.145 0.37875000000000003 0.13625
2 0.515 0.17250000000000001 0.50125 0.17250000000000001 0.50125 0.18 0.515 0.18 0.515 0.17250000000000001
2 0.8525 0.195 0.8400000000000001 0.195 0.8400000000000001 0.20125 0.8525 0.20125 0.8525 0.195
2 0.81375 0.041249999999999995 0.7875 0.041249999999999995 0.7875 0.05125 0.81375 0.05125 0.81375 0.041249999999999995
2 0.9099999999999999 0.05500000000000001 0.89 0.05500000000000001 0.89 0.06375 0.9099999999999999 0.06375 0.9099999999999999 0.05500000000000001
2 1 0.06999999999999999 0.985 0.06999999999999999 0.985 0.08 1 0.08 1 0.06999999999999999
2 0.595 0.02 0.575 0.02 0.575 0.027500000000000004 0.595 0.027500000000000004 0.595 0.02
2 0.27999999999999997 0.72375 0.23500000000000001 0.72375 0.23500000000000001 0.73625 0.27999999999999997 0.73625 0.27999999999999997 0.72375
2 0.3325 0.7262500000000001 0.28500000000000003 0.7262500000000001 0.28500000000000003 0.74 0.3325 0.74 0.3325 0.7262500000000001
2 0.38875000000000004 0.73125 0.3375 0.73125 0.3375 0.74375 0.38875000000000004 0.74375 0.38875000000000004 0.73125
2 0.475 0.73625 0.43 0.73625 0.43 0.7462500000000001 0.475 0.7462500000000001 0.475 0.73625