2 0.041249999999999995 0.5337500000000001 0.015 0.5337500000000001 0.015 0.54 0.041249999999999995 0.54 0.041249999999999995 0.5337500000000001
2 0.41624999999999995 0.5425 0.3875 0.5425 0.3875 0.55125 0.41624999999999995 0.55125 0.41624999999999995 0.5425
2 0.37124999999999997 0.595 0.34500000000000003 0.595 0.34500000000000003 0.60375 0.37124999999999997 0.60375 0.37124999999999997 0.595
2 0.375 0.61125 0.34750000000000003 0.61125 0.34750000000000003 0.6212500000000001 0.375 0.6212500000000001 0.375 0.61125
2 0.40875000000000006 0.5925 0.38375 0.5925 0.38375 0.6012500000000001 0.40875000000000006 0.6012500000000001 0.40875000000000006 0.5925
2 0.35 0.68875 0.32 0.68875 0.32 0.69625 0.35 0.69625 0.35 0.68875
2 0.40374999999999994 0.6950000000000001 0.37625000000000003 0.6950000000000001 0.37625000000000003 0.70375 0.40374999999999994 0.70375 0.40374999999999994 0.6950000000000001
2 0.4 0.66875 0.37124999999999997 0.66875 0.37124999999999997 0.6799999999999999 0.4 0.6799999999999999 0.4 0.66875
2 0.4325 0.67125 0.40499999999999997 0.67125 0.40499999999999997 0.6799999999999999 0.4325 0.6799999999999999 0.4325 0.67125
2 0.43499999999999994 0.6950000000000001 0.40750000000000003 0.6950000000000001 0.40750000000000003 0.7025 0.43499999999999994 0.7025 0.43499999999999994 0.6950000000000001
2 0.43624999999999997 0.63875 0.40875000000000006 0.63875 0.40875000000000006 0.65125 0.43624999999999997 0.65125 0.43624999999999997 0.63875
2 0.4875 0.63875 0.4625 0.63875 0.4625 0.64625 0.4875 0.64625 0.4875 0.63875
2 0.49124999999999996 0.67125 0.4625 0.67125 0.4625 0.67875 0.49124999999999996 0.67875 0.49124999999999996 0.67125
2 0.47874999999999995 0.58375 0.45 0.58375 0.45 0.59375 0.47874999999999995 0.59375 0.47874999999999995 0.58375
2 0.54625 0.6212500000000001 0.5225 0.6212500000000001 0.5225 0.6275000000000001 0.54625 0.6275000000000001 0.54625 0.6212500000000001
2 0.51625 0.64 0.49124999999999996 0.64 0.49124999999999996 0.6487499999999999 0.51625 0.6487499999999999 0.51625 0.64
2 0.6224999999999999 0.5425 0.5925 0.5425 0.5925 0.55 0.6224999999999999 0.55 0.6224999999999999 0.5425
2 0.6425 0.43125 0.61375 0.43125 0.61375 0.44000000000000006 0.6425 0.44000000000000006 0.6425 0.43125