2 0.1925 0.43 0.18375 0.43 0.18375 0.45625 0.1925 0.45625 0.1925 0.43
2 0.19624999999999998 0.6475 0.185 0.6475 0.185 0.6775 0.19624999999999998 0.6775 0.19624999999999998 0.6475
2 0.16125 0.07875 0.15375 0.07875 0.15375 0.1025 0.16125 0.1025 0.16125 0.07875
2 0.16999999999999998 0.0225 0.16375 0.0225 0.16375 0.034999999999999996 0.16999999999999998 0.034999999999999996 0.16999999999999998 0.0225
2 0.1625 0.025 0.1575 0.025 0.1575 0.0375 0.1625 0.0375 0.1625 0.025
2 0.16375 0.041249999999999995 0.15875 0.041249999999999995 0.15875 0.05125 0.16375 0.05125 0.16375 0.041249999999999995
2 0.16375 0.05500000000000001 0.15875 0.05500000000000001 0.15875 0.06625 0.16375 0.06625 0.16375 0.05500000000000001
2 0.16625 0.06875 0.16 0.06875 0.16 0.08 0.16625 0.08 0.16625 0.06875
2 0.18625 0.08125 0.18 0.08125 0.18 0.09375 0.18625 0.09375 0.18625 0.08125
2 0.16999999999999998 0.041249999999999995 0.16375 0.041249999999999995 0.16375 0.052500000000000005 0.16999999999999998 0.052500000000000005 0.16999999999999998 0.041249999999999995
2 0.065 0.13625 0.052500000000000005 0.13625 0.052500000000000005 0.14250000000000002 0.065 0.14250000000000002 0.065 0.13625
2 0.0675 0.14125000000000001 0.052500000000000005 0.14125000000000001 0.052500000000000005 0.14875 0.0675 0.14875 0.0675 0.14125000000000001
2 0.028749999999999998 0.21125 0.01625 0.21125 0.01625 0.21875 0.028749999999999998 0.21875 0.028749999999999998 0.21125
2 0.07625 0.185 0.06375 0.185 0.06375 0.19125 0.07625 0.19125 0.07625 0.185
2 0.07875 0.11499999999999999 0.07125000000000001 0.11499999999999999 0.07125000000000001 0.1275 0.07875 0.1275 0.07875 0.11499999999999999
2 0.09875 0.125 0.0875 0.125 0.0875 0.13125 0.09875 0.13125 0.09875 0.125
2 0.175 0.1275 0.1675 0.1275 0.1675 0.14125000000000001 0.175 0.14125000000000001 0.175 0.1275
2 0.1675 0.21125 0.16125 0.21125 0.16125 0.2225 0.1675 0.2225 0.1675 0.21125
2 0.16999999999999998 0.25 0.16375 0.25 0.16375 0.26 0.16999999999999998 0.26 0.16999999999999998 0.25
2 0.06875 0.31625000000000003 0.06375 0.31625000000000003 0.06375 0.32875 0.06875 0.32875 0.06875 0.31625000000000003
2 0.0625 0.3175 0.05625 0.3175 0.05625 0.32875 0.0625 0.32875 0.0625 0.3175
2 0.0325 0.3225 0.025 0.3225 0.025 0.335 0.0325 0.335 0.0325 0.3225
2 0.017499999999999998 0.3275 0.01 0.3275 0.01 0.3375 0.017499999999999998 0.3375 0.017499999999999998 0.3275
2 0.03625 0.34625 0.02375 0.34625 0.02375 0.35375 0.03625 0.35375 0.03625 0.34625
2 0.05625 0.35750000000000004 0.04375 0.35750000000000004 0.04375 0.36375 0.05625 0.36375 0.05625 0.35750000000000004
2 0.05500000000000001 0.3525 0.04375 0.3525 0.04375 0.35875 0.05500000000000001 0.35875 0.05500000000000001 0.3525
2 0.08125 0.485 0.06875 0.485 0.06875 0.49000000000000005 0.08125 0.49000000000000005 0.08125 0.485
2 0.03625 0.485 0.025 0.485 0.025 0.49124999999999996 0.03625 0.49124999999999996 0.03625 0.485
2 0.025 0.49874999999999997 0.013750000000000002 0.49874999999999997 0.013750000000000002 0.505 0.025 0.505 0.025 0.49874999999999997
2 0.061250000000000006 0.48375 0.04875 0.48375 0.04875 0.49124999999999996 0.061250000000000006 0.49124999999999996 0.061250000000000006 0.48375
2 0.17124999999999999 0.5587500000000001 0.16499999999999998 0.5587500000000001 0.16499999999999998 0.575 0.17124999999999999 0.575 0.17124999999999999 0.5587500000000001
2 0.17875000000000002 0.5900000000000001 0.17250000000000001 0.5900000000000001 0.17250000000000001 0.6025 0.17875000000000002 0.6025 0.17875000000000002 0.5900000000000001
2 0.01875 0.6725 0.008749999999999999 0.6725 0.008749999999999999 0.67875 0.01875 0.67875 0.01875 0.6725
2 0.02 0.67875 0.008749999999999999 0.67875 0.008749999999999999 0.6849999999999999 0.02 0.6849999999999999 0.02 0.67875
2 0.0225 0.6837500000000001 0.01125 0.6837500000000001 0.01125 0.6900000000000001 0.0225 0.6900000000000001 0.0225 0.6837500000000001
2 0.04375 0.67875 0.03375 0.67875 0.03375 0.6849999999999999 0.04375 0.6849999999999999 0.04375 0.67875
2 0.025 0.70875 0.01125 0.70875 0.01125 0.71375 0.025 0.71375 0.025 0.70875
2 0.06625 0.68125 0.052500000000000005 0.68125 0.052500000000000005 0.6875 0.06625 0.6875 0.06625 0.68125
2 0.065 0.675 0.05375 0.675 0.05375 0.68125 0.065 0.68125 0.065 0.675
2 0.06625 0.67 0.052500000000000005 0.67 0.052500000000000005 0.675 0.06625 0.675 0.06625 0.67
2 0.09625 0.7025 0.08249999999999999 0.7025 0.08249999999999999 0.70875 0.09625 0.70875 0.09625 0.7025
2 0.0225 0.72 0.01125 0.72 0.01125 0.7262500000000001 0.0225 0.7262500000000001 0.0225 0.72
2 0.1075 0.71875 0.10124999999999999 0.71875 0.10124999999999999 0.73125 0.1075 0.73125 0.1075 0.71875
2 0.11374999999999999 0.7125 0.1025 0.7125 0.1025 0.71875 0.11374999999999999 0.71875 0.11374999999999999 0.7125
2 0.11625 0.70625 0.10124999999999999 0.70625 0.10124999999999999 0.7125 0.11625 0.7125 0.11625 0.70625
2 0.125 0.705 0.11374999999999999 0.705 0.11374999999999999 0.7112499999999999 0.125 0.7112499999999999 0.125 0.705
2 0.11625 0.70125 0.10625 0.70125 0.10625 0.7075 0.11625 0.7075 0.11625 0.70125
2 0.12375 0.70125 0.11499999999999999 0.70125 0.11499999999999999 0.70625 0.12375 0.70625 0.12375 0.70125
2 0.14250000000000002 0.69375 0.13125 0.69375 0.13125 0.7 0.14250000000000002 0.7 0.14250000000000002 0.69375
2 0.028749999999999998 0.8375 0.017499999999999998 0.8375 0.017499999999999998 0.84375 0.028749999999999998 0.84375 0.028749999999999998 0.8375
2 0.028749999999999998 0.8487500000000001 0.017499999999999998 0.8487500000000001 0.017499999999999998 0.8550000000000001 0.028749999999999998 0.8550000000000001 0.028749999999999998 0.8487500000000001
2 0.027500000000000004 0.85875 0.01625 0.85875 0.01625 0.865 0.027500000000000004 0.865 0.027500000000000004 0.85875
2 0.028749999999999998 0.865 0.01625 0.865 0.01625 0.8699999999999999 0.028749999999999998 0.8699999999999999 0.028749999999999998 0.865
2 0.06 0.9099999999999999 0.05500000000000001 0.9099999999999999 0.05500000000000001 0.92125 0.06 0.92125 0.06 0.9099999999999999
2 0.08875 0.9125 0.08249999999999999 0.9125 0.08249999999999999 0.9262499999999999 0.08875 0.9262499999999999 0.08875 0.9125
2 0.08249999999999999 0.9125 0.07625 0.9125 0.07625 0.9237500000000001 0.08249999999999999 0.9237500000000001 0.08249999999999999 0.9125
2 0.07625 0.91375 0.06999999999999999 0.91375 0.06999999999999999 0.9262499999999999 0.07625 0.9262499999999999 0.07625 0.91375
2 0.09875 0.915 0.09125 0.915 0.09125 0.9275 0.09875 0.9275 0.09875 0.915
2 0.13625 0.9337500000000001 0.13 0.9337500000000001 0.13 0.945 0.13625 0.945 0.13625 0.9337500000000001
2 0.16 0.93625 0.15375 0.93625 0.15375 0.95 0.16 0.95 0.16 0.93625
2 0.16499999999999998 0.8800000000000001 0.1575 0.8800000000000001 0.1575 0.8925000000000001 0.16499999999999998 0.8925000000000001 0.16499999999999998 0.8800000000000001
2 0.16625 0.85125 0.16 0.85125 0.16 0.8637499999999999 0.16625 0.8637499999999999 0.16625 0.85125
2 0.16875 0.8324999999999999 0.16 0.8324999999999999 0.16 0.845 0.16875 0.845 0.16875 0.8324999999999999
2 0.16875 0.81125 0.1625 0.81125 0.1625 0.825 0.16875 0.825 0.16875 0.81125
2 0.08375 0.7212500000000001 0.0775 0.7212500000000001 0.0775 0.7325 0.08375 0.7325 0.08375 0.7212500000000001
2 0.14375 0.6900000000000001 0.13125 0.6900000000000001 0.13125 0.6950000000000001 0.14375 0.6950000000000001 0.14375 0.6900000000000001
2 0.14375 0.6837500000000001 0.13125 0.6837500000000001 0.13125 0.68875 0.14375 0.68875 0.14375 0.6837500000000001
2 0.14625 0.6775 0.1325 0.6775 0.1325 0.6837500000000001 0.14625 0.6837500000000001 0.14625 0.6775
2 0.14625 0.665 0.13125 0.665 0.13125 0.6725 0.14625 0.6725 0.14625 0.665
2 0.14625 0.6599999999999999 0.13125 0.6599999999999999 0.13125 0.66625 0.14625 0.66625 0.14625 0.6599999999999999
2 0.21875 0.72875 0.205 0.72875 0.205 0.7375 0.21875 0.7375 0.21875 0.72875
2 0.27999999999999997 0.68625 0.2725 0.68625 0.2725 0.69875 0.27999999999999997 0.69875 0.27999999999999997 0.68625
2 0.27749999999999997 0.66125 0.27125 0.66125 0.27125 0.675 0.27749999999999997 0.675 0.27749999999999997 0.66125
2 0.22125 0.7375 0.205 0.7375 0.205 0.74875 0.22125 0.74875 0.22125 0.7375
2 0.305 0.66125 0.29500000000000004 0.66125 0.29500000000000004 0.6775 0.305 0.6775 0.305 0.66125
2 0.3275 0.68625 0.32125 0.68625 0.32125 0.7 0.3275 0.7 0.3275 0.68625
2 0.2 0.9275 0.1875 0.9275 0.1875 0.93625 0.2 0.93625 0.2 0.9275
2 0.21749999999999997 0.91875 0.205 0.91875 0.205 0.93 0.21749999999999997 0.93 0.21749999999999997 0.91875
2 0.22749999999999998 0.925 0.21875 0.925 0.21875 0.9337500000000001 0.22749999999999998 0.9337500000000001 0.22749999999999998 0.925
2 0.24625 0.94625 0.2375 0.94625 0.2375 0.95375 0.24625 0.95375 0.24625 0.94625
2 0.24874999999999997 0.9324999999999999 0.23875000000000002 0.9324999999999999 0.23875000000000002 0.9412499999999999 0.24874999999999997 0.9412499999999999 0.24874999999999997 0.9324999999999999
2 0.26625 0.9375 0.25 0.9375 0.25 0.9487500000000001 0.26625 0.9487500000000001 0.26625 0.9375
2 0.26125 0.9512499999999999 0.25 0.9512499999999999 0.25 0.95875 0.26125 0.95875 0.26125 0.9512499999999999
2 0.2725 0.9574999999999999 0.2625 0.9574999999999999 0.2625 0.9637499999999999 0.2725 0.9637499999999999 0.2725 0.9574999999999999
2 0.28125 0.945 0.27 0.945 0.27 0.9525 0.28125 0.9525 0.28125 0.945
2 0.2925 0.96 0.28125 0.96 0.28125 0.9662499999999999 0.2925 0.9662499999999999 0.2925 0.96
2 0.30125 0.96 0.2925 0.96 0.2925 0.9662499999999999 0.30125 0.9662499999999999 0.30125 0.96
2 0.315 0.96 0.305 0.96 0.305 0.9662499999999999 0.315 0.9662499999999999 0.315 0.96
2 0.35375 0.95875 0.34249999999999997 0.95875 0.34249999999999997 0.9662499999999999 0.35375 0.9662499999999999 0.35375 0.95875
2 0.37 0.95875 0.35750000000000004 0.95875 0.35750000000000004 0.9662499999999999 0.37 0.9662499999999999 0.37 0.95875
2 0.40625 0.95625 0.395 0.95625 0.395 0.9637499999999999 0.40625 0.9637499999999999 0.40625 0.95625
2 0.39249999999999996 0.945 0.37875000000000003 0.945 0.37875000000000003 0.95375 0.39249999999999996 0.95375 0.39249999999999996 0.945
2 0.42874999999999996 0.9487500000000001 0.4175 0.9487500000000001 0.4175 0.9574999999999999 0.42874999999999996 0.9574999999999999 0.42874999999999996 0.9487500000000001
2 0.48624999999999996 0.90625 0.475 0.90625 0.475 0.9175000000000001 0.48624999999999996 0.9175000000000001 0.48624999999999996 0.90625
2 0.4925 0.8800000000000001 0.48250000000000004 0.8800000000000001 0.48250000000000004 0.89125 0.4925 0.89125 0.4925 0.8800000000000001
2 0.5037499999999999 0.85 0.49749999999999994 0.85 0.49749999999999994 0.8612500000000001 0.5037499999999999 0.8612500000000001 0.5037499999999999 0.85
2 0.5075000000000001 0.835 0.5 0.835 0.5 0.8487500000000001 0.5075000000000001 0.8487500000000001 0.5075000000000001 0.835
2 0.5225 0.7975 0.51375 0.7975 0.51375 0.8099999999999999 0.5225 0.8099999999999999 0.5225 0.7975
2 0.50875 0.8087500000000001 0.5025000000000001 0.8087500000000001 0.5025000000000001 0.82125 0.50875 0.82125 0.50875 0.8087500000000001
2 0.5225 0.7837500000000001 0.515 0.7837500000000001 0.515 0.795 0.5225 0.795 0.5225 0.7837500000000001
2 0.50875 0.795 0.5025000000000001 0.795 0.5025000000000001 0.8087500000000001 0.50875 0.8087500000000001 0.50875 0.795
2 0.33875 0.90625 0.32875 0.90625 0.32875 0.9125 0.33875 0.9125 0.33875 0.90625
2 0.3375 0.91875 0.32625000000000004 0.91875 0.32625000000000004 0.925 0.3375 0.925 0.3375 0.91875
2 0.17124999999999999 0.32 0.16499999999999998 0.32 0.16499999999999998 0.33125 0.17124999999999999 0.33125 0.17124999999999999 0.32
2 0.17250000000000001 0.35375 0.16499999999999998 0.35375 0.16499999999999998 0.36625 0.17250000000000001 0.36625 0.17250000000000001 0.35375
2 0.17375000000000002 0.37625000000000003 0.16625 0.37625000000000003 0.16625 0.38875000000000004 0.17375000000000002 0.38875000000000004 0.17375000000000002 0.37625000000000003
2 0.175 0.41125 0.16625 0.41125 0.16625 0.42125 0.175 0.42125 0.175 0.41125
2 0.29375 0.06625 0.28625 0.06625 0.28625 0.0775 0.29375 0.0775 0.29375 0.06625
2 0.29874999999999996 0.0625 0.29125 0.0625 0.29125 0.075 0.29874999999999996 0.075 0.29874999999999996 0.0625
2 0.3075 0.057499999999999996 0.3 0.057499999999999996 0.3 0.06875 0.3075 0.06875 0.3075 0.057499999999999996
2 0.325 0.03875 0.31875 0.03875 0.31875 0.05125 0.325 0.05125 0.325 0.03875
2 0.33125 0.03875 0.325 0.03875 0.325 0.052500000000000005 0.33125 0.052500000000000005 0.33125 0.03875
2 0.8237500000000001 0.00625 0.81875 0.00625 0.81875 0.01875 0.8237500000000001 0.01875 0.8237500000000001 0.00625
2 0.70125 0.28500000000000003 0.68625 0.28500000000000003 0.68625 0.29125 0.70125 0.29125 0.70125 0.28500000000000003
2 0.7025 0.29125 0.6912499999999999 0.29125 0.6912499999999999 0.2975 0.7025 0.2975 0.7025 0.29125
2 0.71875 0.36375 0.7112499999999999 0.36375 0.7112499999999999 0.37875000000000003 0.71875 0.37875000000000003 0.71875 0.36375
2 0.6900000000000001 0.3675 0.6825 0.3675 0.6825 0.38375 0.6900000000000001 0.38375 0.6900000000000001 0.3675
2 0.69875 0.42750000000000005 0.6925 0.42750000000000005 0.6925 0.43875000000000003 0.69875 0.43875000000000003 0.69875 0.42750000000000005
2 0.72375 0.4175 0.7162499999999999 0.4175 0.7162499999999999 0.43125 0.72375 0.43125 0.72375 0.4175
2 0.7275 0.4175 0.7224999999999999 0.4175 0.7224999999999999 0.43 0.7275 0.43 0.7275 0.4175
2 0.73625 0.42125 0.73125 0.42125 0.73125 0.43375 0.73625 0.43375 0.73625 0.42125
2 0.745 0.4225 0.73875 0.4225 0.73875 0.43499999999999994 0.745 0.43499999999999994 0.745 0.4225
2 0.7537499999999999 0.4225 0.7462500000000001 0.4225 0.7462500000000001 0.43375 0.7537499999999999 0.43375 0.7537499999999999 0.4225
2 0.76 0.4225 0.7537499999999999 0.4225 0.7537499999999999 0.4325 0.76 0.4325 0.76 0.4225
2 0.7474999999999999 0.4125 0.74125 0.4125 0.74125 0.42374999999999996 0.7474999999999999 0.42374999999999996 0.7474999999999999 0.4125
2 0.7787499999999999 0.39375 0.7725 0.39375 0.7725 0.40750000000000003 0.7787499999999999 0.40750000000000003 0.7787499999999999 0.39375
2 0.7849999999999999 0.39375 0.7787499999999999 0.39375 0.7787499999999999 0.40750000000000003 0.7849999999999999 0.40750000000000003 0.7849999999999999 0.39375
2 0.79 0.395 0.7849999999999999 0.395 0.7849999999999999 0.40750000000000003 0.79 0.40750000000000003 0.79 0.395
2 0.79625 0.39375 0.79 0.39375 0.79 0.40625 0.79625 0.40625 0.79625 0.39375
2 0.8087500000000001 0.375 0.80375 0.375 0.80375 0.385 0.8087500000000001 0.385 0.8087500000000001 0.375
2 0.755 0.41125 0.74875 0.41125 0.74875 0.42374999999999996 0.755 0.42374999999999996 0.755 0.41125
2 0.76 0.41125 0.755 0.41125 0.755 0.42374999999999996 0.76 0.42374999999999996 0.76 0.41125
2 0.76625 0.4125 0.76 0.4125 0.76 0.425 0.76625 0.425 0.76625 0.4125
2 0.7725 0.4125 0.76625 0.4125 0.76625 0.42374999999999996 0.7725 0.42374999999999996 0.7725 0.4125
2 0.7787499999999999 0.4125 0.7725 0.4125 0.7725 0.425 0.7787499999999999 0.425 0.7787499999999999 0.4125
2 0.7849999999999999 0.4125 0.7787499999999999 0.4125 0.7787499999999999 0.425 0.7849999999999999 0.425 0.7849999999999999 0.4125
2 0.79 0.41375 0.7837500000000001 0.41375 0.7837500000000001 0.42625 0.79 0.42625 0.79 0.41375
2 0.79625 0.41375 0.79125 0.41375 0.79125 0.42750000000000005 0.79625 0.42750000000000005 0.79625 0.41375
2 0.80375 0.41375 0.7975 0.41375 0.7975 0.42625 0.80375 0.42625 0.80375 0.41375
2 0.8099999999999999 0.41375 0.8025 0.41375 0.8025 0.42625 0.8099999999999999 0.42625 0.8099999999999999 0.41375
2 0.8012499999999999 0.395 0.79625 0.395 0.79625 0.40750000000000003 0.8012499999999999 0.40750000000000003 0.8012499999999999 0.395
2 0.80625 0.39375 0.8 0.39375 0.8 0.40625 0.80625 0.40625 0.80625 0.39375
2 0.81375 0.395 0.8074999999999999 0.395 0.8074999999999999 0.40750000000000003 0.81375 0.40750000000000003 0.81375 0.395
2 0.81375 0.375 0.8087500000000001 0.375 0.8087500000000001 0.38625 0.81375 0.38625 0.81375 0.375
2 0.82 0.375 0.81375 0.375 0.81375 0.3875 0.82 0.3875 0.82 0.375
2 0.8324999999999999 0.3775 0.8262499999999999 0.3775 0.8262499999999999 0.38875000000000004 0.8324999999999999 0.38875000000000004 0.8324999999999999 0.3775
2 0.8375 0.3775 0.83125 0.3775 0.83125 0.38875000000000004 0.8375 0.38875000000000004 0.8375 0.3775
2 0.8425 0.3775 0.8375 0.3775 0.8375 0.38875000000000004 0.8425 0.38875000000000004 0.8425 0.3775
2 0.8487500000000001 0.3775 0.8425 0.3775 0.8425 0.38875000000000004 0.8487500000000001 0.38875000000000004 0.8487500000000001 0.3775
2 0.8862500000000001 0.29375 0.87625 0.29375 0.87625 0.3 0.8862500000000001 0.3 0.8862500000000001 0.29375
2 0.8875 0.31 0.87375 0.31 0.87375 0.31625000000000003 0.8875 0.31625000000000003 0.8875 0.31
2 0.8925000000000001 0.35750000000000004 0.885 0.35750000000000004 0.885 0.37124999999999997 0.8925000000000001 0.37124999999999997 0.8925000000000001 0.35750000000000004
2 0.87375 0.39625 0.8675 0.39625 0.8675 0.40875000000000006 0.87375 0.40875000000000006 0.87375 0.39625
2 0.85375 0.395 0.8474999999999999 0.395 0.8474999999999999 0.40875000000000006 0.85375 0.40875000000000006 0.85375 0.395
2 0.8525 0.34500000000000003 0.8412499999999999 0.34500000000000003 0.8412499999999999 0.35125 0.8525 0.35125 0.8525 0.34500000000000003
2 0.85375 0.33875 0.8425 0.33875 0.8425 0.34625 0.85375 0.34625 0.85375 0.33875
2 0.8525 0.33375 0.8412499999999999 0.33375 0.8412499999999999 0.33999999999999997 0.8525 0.33999999999999997 0.8525 0.33375
2 0.6950000000000001 0.98375 0.68875 0.98375 0.68875 0.9949999999999999 0.6950000000000001 0.9949999999999999 0.6950000000000001 0.98375
2 0.6837500000000001 0.9712500000000001 0.6775 0.9712500000000001 0.6775 0.9824999999999999 0.6837500000000001 0.9824999999999999 0.6837500000000001 0.9712500000000001
2 0.6849999999999999 0.9824999999999999 0.6775 0.9824999999999999 0.6775 0.99375 0.6849999999999999 0.99375 0.6849999999999999 0.9824999999999999
2 0.6950000000000001 0.94375 0.6900000000000001 0.94375 0.6900000000000001 0.95375 0.6950000000000001 0.95375 0.6950000000000001 0.94375
2 0.68625 0.9 0.6799999999999999 0.9 0.6799999999999999 0.9112500000000001 0.68625 0.9112500000000001 0.68625 0.9
2 0.68625 0.91375 0.67875 0.91375 0.67875 0.9262499999999999 0.68625 0.9262499999999999 0.68625 0.91375
2 0.6975 0.8825 0.6912499999999999 0.8825 0.6912499999999999 0.8949999999999999 0.6975 0.8949999999999999 0.6975 0.8825
2 0.69875 0.8699999999999999 0.6912499999999999 0.8699999999999999 0.6912499999999999 0.8825 0.69875 0.8825 0.69875 0.8699999999999999
2 0.68875 0.84375 0.68125 0.84375 0.68125 0.85875 0.68875 0.85875 0.68875 0.84375
2 0.69875 0.825 0.6912499999999999 0.825 0.6912499999999999 0.8387499999999999 0.69875 0.8387499999999999 0.69875 0.825
2 0.765 0.8474999999999999 0.7537499999999999 0.8474999999999999 0.7537499999999999 0.8550000000000001 0.765 0.8550000000000001 0.765 0.8474999999999999
2 0.7849999999999999 0.8487500000000001 0.7737499999999999 0.8487500000000001 0.7737499999999999 0.85625 0.7849999999999999 0.85625 0.7849999999999999 0.8487500000000001
2 0.76875 0.8637499999999999 0.76375 0.8637499999999999 0.76375 0.875 0.76875 0.875 0.76875 0.8637499999999999
2 0.80375 0.95625 0.7925 0.95625 0.7925 0.9625 0.80375 0.9625 0.80375 0.95625
2 0.805 0.95 0.79375 0.95 0.79375 0.9550000000000001 0.805 0.9550000000000001 0.805 0.95
2 0.8074999999999999 0.94375 0.79375 0.94375 0.79375 0.95 0.8074999999999999 0.95 0.8074999999999999 0.94375
2 0.79625 0.865 0.79 0.865 0.79 0.87625 0.79625 0.87625 0.79625 0.865
2 0.7925 0.8675 0.7849999999999999 0.8675 0.7849999999999999 0.87625 0.7925 0.87625 0.7925 0.8675
2 0.7849999999999999 0.865 0.7787499999999999 0.865 0.7787499999999999 0.875 0.7849999999999999 0.875 0.7849999999999999 0.865
2 0.80625 0.86625 0.8012499999999999 0.86625 0.8012499999999999 0.87625 0.80625 0.87625 0.80625 0.86625
2 0.82875 0.8474999999999999 0.8225 0.8474999999999999 0.8225 0.8574999999999999 0.82875 0.8574999999999999 0.82875 0.8474999999999999
2 0.8375 0.8474999999999999 0.8324999999999999 0.8474999999999999 0.8324999999999999 0.85875 0.8375 0.85875 0.8375 0.8474999999999999
2 0.9262499999999999 0.915 0.9199999999999999 0.915 0.9199999999999999 0.9275 0.9262499999999999 0.9275 0.9262499999999999 0.915
2 0.9275 0.94625 0.92125 0.94625 0.92125 0.95875 0.9275 0.95875 0.9275 0.94625
2 0.925 0.8324999999999999 0.9175000000000001 0.8324999999999999 0.9175000000000001 0.8462500000000001 0.925 0.8462500000000001 0.925 0.8324999999999999
2 0.93875 0.85 0.93 0.85 0.93 0.8612500000000001 0.93875 0.8612500000000001 0.93875 0.85
2 0.9400000000000001 0.8825 0.93125 0.8825 0.93125 0.89375 0.9400000000000001 0.89375 0.9400000000000001 0.8825
2 0.9375 0.9199999999999999 0.93125 0.9199999999999999 0.93125 0.93125 0.9375 0.93125 0.9375 0.9199999999999999
2 0.93875 0.9337500000000001 0.9324999999999999 0.9337500000000001 0.9324999999999999 0.94625 0.93875 0.94625 0.93875 0.9337500000000001
2 0.77125 0.76875 0.75875 0.76875 0.75875 0.77625 0.77125 0.77625 0.77125 0.76875
2 0.9962500000000001 0.42000000000000004 0.99 0.42000000000000004 0.99 0.43375 0.9962500000000001 0.43375 0.9962500000000001 0.42000000000000004
2 1 0.3975 0.99375 0.3975 0.99375 0.41 1 0.41 1 0.3975
2 0.9875 0.3975 0.98125 0.3975 0.98125 0.41 0.9875 0.41 0.9875 0.3975
2 0.99875 0.1675 0.9925 0.1675 0.9925 0.18375 0.99875 0.18375 0.99875 0.1675
2 0.9475 0.5599999999999999 0.93625 0.5599999999999999 0.93625 0.5662499999999999 0.9475 0.5662499999999999 0.9475 0.5599999999999999
2 0.9512499999999999 0.5549999999999999 0.93875 0.5549999999999999 0.93875 0.56125 0.9512499999999999 0.56125 0.9512499999999999 0.5549999999999999
2 0.9512499999999999 0.54875 0.93875 0.54875 0.93875 0.5549999999999999 0.9512499999999999 0.5549999999999999 0.9512499999999999 0.54875
2 0.9525 0.54125 0.9400000000000001 0.54125 0.9400000000000001 0.54875 0.9525 0.54875 0.9525 0.54125
2 0.95375 0.53 0.9425000000000001 0.53 0.9425000000000001 0.53625 0.95375 0.53625 0.95375 0.53
2 0.9574999999999999 0.5175 0.94375 0.5175 0.94375 0.525 0.9574999999999999 0.525 0.9574999999999999 0.5175
2 0.95875 0.51125 0.945 0.51125 0.945 0.5175 0.95875 0.5175 0.95875 0.51125
2 0.9012499999999999 0.5549999999999999 0.8887499999999999 0.5549999999999999 0.8887499999999999 0.56375 0.9012499999999999 0.56375 0.9012499999999999 0.5549999999999999
2 0.9112500000000001 0.665 0.90625 0.665 0.90625 0.6775 0.9112500000000001 0.6775 0.9112500000000001 0.665
2 0.90625 0.665 0.9012499999999999 0.665 0.9012499999999999 0.6775 0.90625 0.6775 0.90625 0.665
2 0.9962500000000001 0.64 0.99 0.64 0.99 0.65125 0.9962500000000001 0.65125 0.9962500000000001 0.64
2 0.9324999999999999 0.6950000000000001 0.92125 0.6950000000000001 0.92125 0.70125 0.9324999999999999 0.70125 0.9324999999999999 0.6950000000000001
2 0.885 0.6637500000000001 0.8775000000000001 0.6637500000000001 0.8775000000000001 0.67625 0.885 0.67625 0.885 0.6637500000000001
2 0.9175000000000001 0.665 0.9112500000000001 0.665 0.9112500000000001 0.6775 0.9175000000000001 0.6775 0.9175000000000001 0.665
2 0.9 0.6637500000000001 0.89375 0.6637500000000001 0.89375 0.67625 0.9 0.67625 0.9 0.6637500000000001
2 0.89375 0.6625 0.8875 0.6625 0.8875 0.67625 0.89375 0.67625 0.89375 0.6625