2 0.8625 0.10625 0.85 0.10625 0.85 0.11750000000000001 0.8625 0.11750000000000001 0.8625 0.10625
2 0.7325 0.21125 0.7224999999999999 0.21125 0.7224999999999999 0.225 0.7325 0.225 0.7325 0.21125
2 0.465 0.335 0.44875 0.335 0.44875 0.34249999999999997 0.465 0.34249999999999997 0.465 0.335
2 0.44875 0.33125 0.4375 0.33125 0.4375 0.34125 0.44875 0.34125 0.44875 0.33125
2 0.47375 0.34875 0.46125 0.34875 0.46125 0.36 0.47375 0.36 0.47375 0.34875
2 0.52 0.40750000000000003 0.49874999999999997 0.40750000000000003 0.49874999999999997 0.42000000000000004 0.52 0.42000000000000004 0.52 0.40750000000000003
2 0.9824999999999999 0.42750000000000005 0.9650000000000001 0.42750000000000005 0.9650000000000001 0.4425 0.9824999999999999 0.4425 0.9824999999999999 0.42750000000000005
2 0.8975 0.57625 0.8875 0.57625 0.8875 0.5912499999999999 0.8975 0.5912499999999999 0.8975 0.57625
2 0.93625 0.6599999999999999 0.9262499999999999 0.6599999999999999 0.9262499999999999 0.6775 0.93625 0.6775 0.93625 0.6599999999999999
2 0.95 0.67625 0.93625 0.67625 0.93625 0.6925 0.95 0.6925 0.95 0.67625
2 0.95625 0.6587500000000001 0.94375 0.6587500000000001 0.94375 0.67125 0.95625 0.67125 0.95625 0.6587500000000001
2 0.24125000000000002 0.00125 0.22749999999999998 0.00125 0.22749999999999998 0.01 0.24125000000000002 0.01 0.24125000000000002 0.00125
2 0.765 0.0725 0.75 0.0725 0.75 0.08499999999999999 0.765 0.08499999999999999 0.765 0.0725
2 0.55375 0.027500000000000004 0.545 0.027500000000000004 0.545 0.04375 0.55375 0.04375 0.55375 0.027500000000000004
2 0.8775000000000001 0.1575 0.86875 0.1575 0.86875 0.17375000000000002 0.8775000000000001 0.17375000000000002 0.8775000000000001 0.1575
2 0.8862500000000001 0.15875 0.8787499999999999 0.15875 0.8787499999999999 0.17625 0.8862500000000001 0.17625 0.8862500000000001 0.15875
2 0.9737500000000001 0.4025 0.9574999999999999 0.4025 0.9574999999999999 0.4125 0.9737500000000001 0.4125 0.9737500000000001 0.4025
2 0.71375 0.16125 0.70375 0.16125 0.70375 0.18375 0.71375 0.18375 0.71375 0.16125
2 0.365 0.20625 0.35750000000000004 0.20625 0.35750000000000004 0.225 0.365 0.225 0.365 0.20625
2 0.595 0.14125000000000001 0.58125 0.14125000000000001 0.58125 0.15625 0.595 0.15625 0.595 0.14125000000000001
2 0.47375 0.34125 0.45999999999999996 0.34125 0.45999999999999996 0.35125 0.47375 0.35125 0.47375 0.34125
2 0.21125 0.7462500000000001 0.20375000000000001 0.7462500000000001 0.20375000000000001 0.76125 0.21125 0.76125 0.21125 0.7462500000000001
2 0.9925 0.6475 0.98125 0.6475 0.98125 0.6587500000000001 0.9925 0.6587500000000001 0.9925 0.6475
2 0.8699999999999999 0.48 0.8625 0.48 0.8625 0.495 0.8699999999999999 0.495 0.8699999999999999 0.48