2 0.1575 0.185 0.15 0.185 0.15 0.195 0.1575 0.195 0.1575 0.185
2 0.18375 0.18875 0.16999999999999998 0.18875 0.16999999999999998 0.1925 0.18375 0.1925 0.18375 0.18875
2 0.255 0.2225 0.2425 0.2225 0.2425 0.22749999999999998 0.255 0.22749999999999998 0.255 0.2225
2 0.27125 0.2325 0.25625 0.2325 0.25625 0.2375 0.27125 0.2375 0.27125 0.2325
2 0.26749999999999996 0.2475 0.25625 0.2475 0.25625 0.25375000000000003 0.26749999999999996 0.25375000000000003 0.26749999999999996 0.2475
2 0.24 0.27125 0.23374999999999999 0.27125 0.23374999999999999 0.28625 0.24 0.28625 0.24 0.27125
2 0.31124999999999997 0.37875000000000003 0.29625 0.37875000000000003 0.29625 0.39125 0.31124999999999997 0.39125 0.31124999999999997 0.37875000000000003
2 0.32875 0.43375 0.31375000000000003 0.43375 0.31375000000000003 0.445 0.32875 0.445 0.32875 0.43375
2 0.17875000000000002 0.47125000000000006 0.16499999999999998 0.47125000000000006 0.16499999999999998 0.47750000000000004 0.17875000000000002 0.47750000000000004 0.17875000000000002 0.47125000000000006
2 0.01875 0.475 0.00375 0.475 0.00375 0.48 0.01875 0.48 0.01875 0.475
2 0.04 0.4725 0.025 0.4725 0.025 0.47874999999999995 0.04 0.47874999999999995 0.04 0.4725
2 0.06 0.47000000000000003 0.0475 0.47000000000000003 0.0475 0.47750000000000004 0.06 0.47750000000000004 0.06 0.47000000000000003