2 0.605 0.025 0.5912499999999999 0.025 0.5912499999999999 0.03625 0.605 0.03625 0.605 0.025
2 0.6525000000000001 0.052500000000000005 0.63625 0.052500000000000005 0.63625 0.065 0.6525000000000001 0.065 0.6525000000000001 0.052500000000000005
2 0.8099999999999999 0.1025 0.7925 0.1025 0.7925 0.1125 0.8099999999999999 0.1125 0.8099999999999999 0.1025
2 0.8675 0.12375 0.85 0.12375 0.85 0.1375 0.8675 0.1375 0.8675 0.12375
2 0.8550000000000001 0.31124999999999997 0.8375 0.31124999999999997 0.8375 0.32125 0.8550000000000001 0.32125 0.8550000000000001 0.31124999999999997
2 0.48875 0.63625 0.4725 0.63625 0.4725 0.6487499999999999 0.48875 0.6487499999999999 0.48875 0.63625
2 0.20750000000000002 0.89375 0.1975 0.89375 0.1975 0.9087500000000001 0.20750000000000002 0.9087500000000001 0.20750000000000002 0.89375
2 0.22749999999999998 0.8862500000000001 0.21125 0.8862500000000001 0.21125 0.8925000000000001 0.22749999999999998 0.8925000000000001 0.22749999999999998 0.8862500000000001
2 0.275 0.72375 0.255 0.72375 0.255 0.7375 0.275 0.7375 0.275 0.72375
2 0.8625 0.525 0.845 0.525 0.845 0.5349999999999999 0.8625 0.5349999999999999 0.8625 0.525
2 0.95625 0.49000000000000005 0.9412499999999999 0.49000000000000005 0.9412499999999999 0.49874999999999997 0.95625 0.49874999999999997 0.95625 0.49000000000000005
2 0.76625 0.16875 0.75875 0.16875 0.75875 0.18125 0.76625 0.18125 0.76625 0.16875
2 0.77 0.15 0.7625 0.15 0.7625 0.16625 0.77 0.16625 0.77 0.15