2 0.1775 0.67875 0.16375 0.67875 0.16375 0.6950000000000001 0.1775 0.6950000000000001 0.1775 0.67875
2 0.2325 0.7787499999999999 0.2225 0.7787499999999999 0.2225 0.79875 0.2325 0.79875 0.2325 0.7787499999999999
2 0.27625 0.8225 0.2625 0.8225 0.2625 0.8400000000000001 0.27625 0.8400000000000001 0.27625 0.8225
2 0.23875000000000002 0.83375 0.22125 0.83375 0.22125 0.8487500000000001 0.23875000000000002 0.8487500000000001 0.23875000000000002 0.83375
2 0.72875 0.57875 0.7162499999999999 0.57875 0.7162499999999999 0.5925 0.72875 0.5925 0.72875 0.57875
2 0.53125 0.00125 0.515 0.00125 0.515 0.0125 0.53125 0.0125 0.53125 0.00125
2 0.645 0.02 0.6325000000000001 0.02 0.6325000000000001 0.027500000000000004 0.645 0.027500000000000004 0.645 0.02
2 0.0325 0.25 0.02 0.25 0.02 0.26625 0.0325 0.26625 0.0325 0.25
2 0.2575 0.30625 0.24125000000000002 0.30625 0.24125000000000002 0.3175 0.2575 0.3175 0.2575 0.30625
2 0.11875 0.925 0.1075 0.925 0.1075 0.93875 0.11875 0.93875 0.11875 0.925
2 0.09875 0.60625 0.08375 0.60625 0.08375 0.6174999999999999 0.09875 0.6174999999999999 0.09875 0.60625
2 0.42874999999999996 0.5175 0.41500000000000004 0.5175 0.41500000000000004 0.5287499999999999 0.42874999999999996 0.5287499999999999 0.42874999999999996 0.5175
2 0.43375 0.98375 0.42000000000000004 0.98375 0.42000000000000004 0.9974999999999999 0.43375 0.9974999999999999 0.43375 0.98375
2 0.48 0.9012499999999999 0.47125000000000006 0.9012499999999999 0.47125000000000006 0.9125 0.48 0.9125 0.48 0.9012499999999999
2 0.54625 0.80625 0.53125 0.80625 0.53125 0.8175000000000001 0.54625 0.8175000000000001 0.54625 0.80625
2 0.6575 0.6849999999999999 0.64625 0.6849999999999999 0.64625 0.70125 0.6575 0.70125 0.6575 0.6849999999999999
2 0.75875 0.6912499999999999 0.74375 0.6912499999999999 0.74375 0.70125 0.75875 0.70125 0.75875 0.6912499999999999
2 0.75875 0.72 0.7474999999999999 0.72 0.7474999999999999 0.73 0.75875 0.73 0.75875 0.72
2 0.61375 0.74875 0.605 0.74875 0.605 0.75875 0.61375 0.75875 0.61375 0.74875
2 0.67625 0.6587500000000001 0.665 0.6587500000000001 0.665 0.67125 0.67625 0.67125 0.67625 0.6587500000000001
2 0.64625 0.3975 0.6325000000000001 0.3975 0.6325000000000001 0.41 0.64625 0.41 0.64625 0.3975
2 0.69625 0.43624999999999997 0.6875 0.43624999999999997 0.6875 0.44875 0.69625 0.44875 0.69625 0.43624999999999997
2 0.53125 0.32625000000000004 0.5175 0.32625000000000004 0.5175 0.33625 0.53125 0.33625 0.53125 0.32625000000000004
2 0.41624999999999995 0.45499999999999996 0.40125 0.45499999999999996 0.40125 0.46624999999999994 0.41624999999999995 0.46624999999999994 0.41624999999999995 0.45499999999999996
2 0.41375 0.11750000000000001 0.39625 0.11750000000000001 0.39625 0.13874999999999998 0.41375 0.13874999999999998 0.41375 0.11750000000000001
2 0.4375 0.13 0.43 0.13 0.43 0.14375 0.4375 0.14375 0.4375 0.13
2 0.5375 0.18 0.5237499999999999 0.18 0.5237499999999999 0.18875 0.5375 0.18875 0.5375 0.18
2 0.69625 0.175 0.6825 0.175 0.6825 0.19 0.69625 0.19 0.69625 0.175
2 0.4375 0.09 0.42874999999999996 0.09 0.42874999999999996 0.11374999999999999 0.4375 0.11374999999999999 0.4375 0.09
2 0.9525 0.6525000000000001 0.9375 0.6525000000000001 0.9375 0.6625 0.9525 0.6625 0.9525 0.6525000000000001