2 0.028749999999999998 0.22875 0.021249999999999998 0.22875 0.021249999999999998 0.25 0.028749999999999998 0.25 0.028749999999999998 0.22875
2 0.0125 0.16875 0.00625 0.16875 0.00625 0.19125 0.0125 0.19125 0.0125 0.16875
2 0.028749999999999998 0.1925 0.0225 0.1925 0.0225 0.20625 0.028749999999999998 0.20625 0.028749999999999998 0.1925
2 0.021249999999999998 0.29375 0.0125 0.29375 0.0125 0.31625000000000003 0.021249999999999998 0.31625000000000003 0.021249999999999998 0.29375
2 0.225 0.3275 0.21749999999999997 0.3275 0.21749999999999997 0.3375 0.225 0.3375 0.225 0.3275
2 0.19 0.37875000000000003 0.185 0.37875000000000003 0.185 0.38875000000000004 0.19 0.38875000000000004 0.19 0.37875000000000003
2 0.065 0.53125 0.057499999999999996 0.53125 0.057499999999999996 0.54 0.065 0.54 0.065 0.53125
2 0.06 0.7175 0.052500000000000005 0.7175 0.052500000000000005 0.74125 0.06 0.74125 0.06 0.7175
2 0.07875 0.85625 0.06999999999999999 0.85625 0.06999999999999999 0.8787499999999999 0.07875 0.8787499999999999 0.07875 0.85625
2 0.08625000000000001 0.9037499999999999 0.0775 0.9037499999999999 0.0775 0.9262499999999999 0.08625000000000001 0.9262499999999999 0.08625000000000001 0.9037499999999999
2 0.70875 0.74 0.70375 0.74 0.70375 0.755 0.70875 0.755 0.70875 0.74
2 0.70875 0.805 0.70375 0.805 0.70375 0.82 0.70875 0.82 0.70875 0.805
2 0.7262500000000001 0.795 0.7212500000000001 0.795 0.7212500000000001 0.81125 0.7262500000000001 0.81125 0.7262500000000001 0.795
2 0.8125 0.98125 0.79875 0.98125 0.79875 0.9875 0.8125 0.9875 0.8125 0.98125
2 0.82875 0.99 0.8162499999999999 0.99 0.8162499999999999 0.9962500000000001 0.82875 0.9962500000000001 0.82875 0.99
2 0.76875 0.255 0.7625 0.255 0.7625 0.26625 0.76875 0.26625 0.76875 0.255
2 0.34125 0.145 0.33125 0.145 0.33125 0.15625 0.34125 0.15625 0.34125 0.145
2 0.034999999999999996 0.5287499999999999 0.03 0.5287499999999999 0.03 0.54125 0.034999999999999996 0.54125 0.034999999999999996 0.5287499999999999
2 0.03875 0.37374999999999997 0.03375 0.37374999999999997 0.03375 0.38375 0.03875 0.38375 0.03875 0.37374999999999997
2 0.034999999999999996 0.30625 0.028749999999999998 0.30625 0.028749999999999998 0.3175 0.034999999999999996 0.3175 0.034999999999999996 0.30625
2 0.028749999999999998 0.3125 0.02375 0.3125 0.02375 0.3225 0.028749999999999998 0.3225 0.028749999999999998 0.3125
2 0.03125 0.33875 0.026250000000000002 0.33875 0.026250000000000002 0.34750000000000003 0.03125 0.34750000000000003 0.03125 0.33875
2 0.045 0.645 0.04 0.645 0.04 0.65625 0.045 0.65625 0.045 0.645
2 0.04 0.59375 0.03625 0.59375 0.03625 0.605 0.04 0.605 0.04 0.59375
2 0.0375 0.6212500000000001 0.03125 0.6212500000000001 0.03125 0.63375 0.0375 0.63375 0.0375 0.6212500000000001
2 0.04 0.65125 0.03375 0.65125 0.03375 0.6637500000000001 0.04 0.6637500000000001 0.04 0.65125
2 0.042499999999999996 0.67875 0.03625 0.67875 0.03625 0.6912499999999999 0.042499999999999996 0.6912499999999999 0.042499999999999996 0.67875
2 0.09375 0.9262499999999999 0.0875 0.9262499999999999 0.0875 0.93875 0.09375 0.93875 0.09375 0.9262499999999999
2 0.08875 0.88125 0.08 0.88125 0.08 0.89375 0.08875 0.89375 0.08875 0.88125
2 0.08249999999999999 0.86 0.075 0.86 0.075 0.8712500000000001 0.08249999999999999 0.8712500000000001 0.08249999999999999 0.86
2 0.04375 0.475 0.03875 0.475 0.03875 0.485 0.04375 0.485 0.04375 0.475
2 0.18 0.42874999999999996 0.17375000000000002 0.42874999999999996 0.17375000000000002 0.4375 0.18 0.4375 0.18 0.42874999999999996
2 0.22875 0.37374999999999997 0.22000000000000003 0.37374999999999997 0.22000000000000003 0.38375 0.22875 0.38375 0.22875 0.37374999999999997
2 0.2225 0.305 0.21375000000000002 0.305 0.21375000000000002 0.31625000000000003 0.2225 0.31625000000000003 0.2225 0.305
2 0.22749999999999998 0.29874999999999996 0.22000000000000003 0.29874999999999996 0.22000000000000003 0.3075 0.22749999999999998 0.3075 0.22749999999999998 0.29874999999999996
2 0.48 0.14375 0.47125000000000006 0.14375 0.47125000000000006 0.1525 0.48 0.1525 0.48 0.14375
2 0.51625 0.11750000000000001 0.50875 0.11750000000000001 0.50875 0.12625 0.51625 0.12625 0.51625 0.11750000000000001
2 0.5275000000000001 0.09875 0.51875 0.09875 0.51875 0.1075 0.5275000000000001 0.1075 0.5275000000000001 0.09875
2 0.6212500000000001 0.12 0.6125 0.12 0.6125 0.12875 0.6212500000000001 0.12875 0.6212500000000001 0.12
2 0.625 0.1275 0.6174999999999999 0.1275 0.6174999999999999 0.13625 0.625 0.13625 0.625 0.1275
2 0.63625 0.15375 0.6275000000000001 0.15375 0.6275000000000001 0.16375 0.63625 0.16375 0.63625 0.15375
2 0.63875 0.16499999999999998 0.6325000000000001 0.16499999999999998 0.6325000000000001 0.175 0.63875 0.175 0.63875 0.16499999999999998
2 0.675 0.25875 0.66625 0.25875 0.66625 0.27 0.675 0.27 0.675 0.25875
2 0.6375 0.20125 0.63125 0.20125 0.63125 0.21125 0.6375 0.21125 0.6375 0.20125
2 0.68625 0.27875 0.67625 0.27875 0.67625 0.28875 0.68625 0.28875 0.68625 0.27875
2 0.6900000000000001 0.2725 0.6837500000000001 0.2725 0.6837500000000001 0.27999999999999997 0.6900000000000001 0.27999999999999997 0.6900000000000001 0.2725
2 0.7 0.29874999999999996 0.69375 0.29874999999999996 0.69375 0.31 0.7 0.31 0.7 0.29874999999999996
2 0.7 0.31625000000000003 0.6912499999999999 0.31625000000000003 0.6912499999999999 0.3275 0.7 0.3275 0.7 0.31625000000000003
2 0.7375 0.37374999999999997 0.73 0.37374999999999997 0.73 0.385 0.7375 0.385 0.7375 0.37374999999999997
2 0.7375 0.39375 0.73125 0.39375 0.73125 0.40499999999999997 0.7375 0.40499999999999997 0.7375 0.39375
2 0.7162499999999999 0.44125 0.71 0.44125 0.71 0.45125000000000004 0.7162499999999999 0.45125000000000004 0.7162499999999999 0.44125
2 0.7150000000000001 0.48250000000000004 0.71 0.48250000000000004 0.71 0.49375 0.7150000000000001 0.49375 0.7150000000000001 0.48250000000000004
2 0.7175 0.49749999999999994 0.7125 0.49749999999999994 0.7125 0.5075000000000001 0.7175 0.5075000000000001 0.7175 0.49749999999999994
2 0.72375 0.5037499999999999 0.71875 0.5037499999999999 0.71875 0.515 0.72375 0.515 0.72375 0.5037499999999999
2 0.72375 0.52125 0.7175 0.52125 0.7175 0.5337500000000001 0.72375 0.5337500000000001 0.72375 0.52125
2 0.71875 0.8825 0.71375 0.8825 0.71375 0.89375 0.71875 0.89375 0.71875 0.8825
2 0.72375 0.9175000000000001 0.71875 0.9175000000000001 0.71875 0.9275 0.72375 0.9275 0.72375 0.9175000000000001
2 0.7075 0.915 0.7025 0.915 0.7025 0.9275 0.7075 0.9275 0.7075 0.915
2 0.7112499999999999 0.9662499999999999 0.705 0.9662499999999999 0.705 0.9800000000000001 0.7112499999999999 0.9800000000000001 0.7112499999999999 0.9662499999999999
2 0.7212500000000001 0.95375 0.7162499999999999 0.95375 0.7162499999999999 0.9650000000000001 0.7212500000000001 0.9650000000000001 0.7212500000000001 0.95375
2 0.31875 0.9225 0.31124999999999997 0.9225 0.31124999999999997 0.9337500000000001 0.31875 0.9337500000000001 0.31875 0.9225