2 0.9650000000000001 0.11875 0.9475 0.11875 0.9475 0.12625 0.9650000000000001 0.12625 0.9650000000000001 0.11875
2 0.7775000000000001 0.175 0.765 0.175 0.765 0.18125 0.7775000000000001 0.18125 0.7775000000000001 0.175
2 0.47750000000000004 0.29625 0.45999999999999996 0.29625 0.45999999999999996 0.30375 0.47750000000000004 0.30375 0.47750000000000004 0.29625
2 0.45875000000000005 0.43499999999999994 0.45125000000000004 0.43499999999999994 0.45125000000000004 0.44749999999999995 0.45875000000000005 0.44749999999999995 0.45875000000000005 0.43499999999999994
2 0.48624999999999996 0.42000000000000004 0.4725 0.42000000000000004 0.4725 0.42625 0.48624999999999996 0.42625 0.48624999999999996 0.42000000000000004
2 0.49000000000000005 0.42625 0.47375 0.42625 0.47375 0.4325 0.49000000000000005 0.4325 0.49000000000000005 0.42625
2 0.7837500000000001 0.36 0.7737499999999999 0.36 0.7737499999999999 0.375 0.7837500000000001 0.375 0.7837500000000001 0.36
2 0.62375 0.5650000000000001 0.6174999999999999 0.5650000000000001 0.6174999999999999 0.5825 0.62375 0.5825 0.62375 0.5650000000000001
2 0.6275000000000001 0.61125 0.6212500000000001 0.61125 0.6212500000000001 0.62375 0.6275000000000001 0.62375 0.6275000000000001 0.61125
2 0.215 0.5337500000000001 0.20125 0.5337500000000001 0.20125 0.54 0.215 0.54 0.215 0.5337500000000001
2 0.27749999999999997 0.5225 0.27125 0.5225 0.27125 0.5375 0.27749999999999997 0.5375 0.27749999999999997 0.5225
2 0.2525 0.54625 0.24625 0.54625 0.24625 0.5587500000000001 0.2525 0.5587500000000001 0.2525 0.54625
2 0.28250000000000003 0.58 0.275 0.58 0.275 0.5925 0.28250000000000003 0.5925 0.28250000000000003 0.58
2 0.25625 0.5875 0.25 0.5875 0.25 0.6025 0.25625 0.6025 0.25625 0.5875
2 0.21375000000000002 0.60875 0.20125 0.60875 0.20125 0.6125 0.21375000000000002 0.6125 0.21375000000000002 0.60875
2 0.28375 0.6275000000000001 0.27749999999999997 0.6275000000000001 0.27749999999999997 0.64 0.28375 0.64 0.28375 0.6275000000000001
2 0.2875 0.6425 0.27999999999999997 0.6425 0.27999999999999997 0.6587500000000001 0.2875 0.6587500000000001 0.2875 0.6425
2 0.29125 0.7 0.28250000000000003 0.7 0.28250000000000003 0.7125 0.29125 0.7125 0.29125 0.7
2 0.29500000000000004 0.71875 0.28625 0.71875 0.28625 0.7424999999999999 0.29500000000000004 0.7424999999999999 0.29500000000000004 0.71875
2 0.2975 0.7775000000000001 0.29125 0.7775000000000001 0.29125 0.78625 0.2975 0.78625 0.2975 0.7775000000000001
2 0.655 0.7224999999999999 0.6475 0.7224999999999999 0.6475 0.735 0.655 0.735 0.655 0.7224999999999999
2 0.6537499999999999 0.7375 0.6487499999999999 0.7375 0.6487499999999999 0.75 0.6537499999999999 0.75 0.6537499999999999 0.7375
2 0.67 0.8300000000000001 0.6637500000000001 0.8300000000000001 0.6637500000000001 0.84375 0.67 0.84375 0.67 0.8300000000000001
2 0.615 0.8462500000000001 0.6 0.8462500000000001 0.6 0.8525 0.615 0.8525 0.615 0.8462500000000001
2 0.665 0.85625 0.6587500000000001 0.85625 0.6587500000000001 0.86875 0.665 0.86875 0.665 0.85625
2 0.7112499999999999 0.7 0.70125 0.7 0.70125 0.70875 0.7112499999999999 0.70875 0.7112499999999999 0.7
2 0.8574999999999999 0.8800000000000001 0.85125 0.8800000000000001 0.85125 0.89375 0.8574999999999999 0.89375 0.8574999999999999 0.8800000000000001
2 0.8225 0.9324999999999999 0.8025 0.9324999999999999 0.8025 0.93875 0.8225 0.93875 0.8225 0.9324999999999999
2 0.77125 0.97625 0.765 0.97625 0.765 0.9875 0.77125 0.9875 0.77125 0.97625
2 0.03 0.95875 0.0125 0.95875 0.0125 0.9662499999999999 0.03 0.9662499999999999 0.03 0.95875
2 0.07625 0.95625 0.06 0.95625 0.06 0.9625 0.07625 0.9625 0.07625 0.95625
2 0.5925 0.51625 0.57375 0.51625 0.57375 0.5225 0.5925 0.5225 0.5925 0.51625
2 0.97625 0.10500000000000001 0.9712500000000001 0.10500000000000001 0.9712500000000001 0.11750000000000001 0.97625 0.11750000000000001 0.97625 0.10500000000000001