2 0.042499999999999996 0.8425 0.03375 0.8425 0.03375 0.8574999999999999 0.042499999999999996 0.8574999999999999 0.042499999999999996 0.8425
2 0.0375 0.635 0.03 0.635 0.03 0.6475 0.0375 0.6475 0.0375 0.635
2 0.15625 0.4375 0.14875 0.4375 0.14875 0.45 0.15625 0.45 0.15625 0.4375
2 0.18375 0.41125 0.1675 0.41125 0.1675 0.42000000000000004 0.18375 0.42000000000000004 0.18375 0.41125
2 0.16125 0.40125 0.14375 0.40125 0.14375 0.40750000000000003 0.16125 0.40750000000000003 0.16125 0.40125
2 0.1125 0.36 0.1025 0.36 0.1025 0.37124999999999997 0.1125 0.37124999999999997 0.1125 0.36
2 0.11374999999999999 0.3075 0.09625 0.3075 0.09625 0.31625000000000003 0.11374999999999999 0.31625000000000003 0.11374999999999999 0.3075
2 0.14250000000000002 0.0375 0.12625 0.0375 0.12625 0.04625 0.14250000000000002 0.04625 0.14250000000000002 0.0375
2 0.23500000000000001 0.03375 0.22125 0.03375 0.22125 0.04 0.23500000000000001 0.04 0.23500000000000001 0.03375
2 0.3775 0.18375 0.37 0.18375 0.37 0.19375 0.3775 0.19375 0.3775 0.18375
2 0.41125 0.15625 0.39375 0.15625 0.39375 0.1625 0.41125 0.1625 0.41125 0.15625
2 0.46875 0.1625 0.4625 0.1625 0.4625 0.175 0.46875 0.175 0.46875 0.1625
2 0.495 0.37875000000000003 0.475 0.37875000000000003 0.475 0.385 0.495 0.385 0.495 0.37875000000000003
2 0.5275000000000001 0.34875 0.52 0.34875 0.52 0.35875 0.5275000000000001 0.35875 0.5275000000000001 0.34875
2 0.6224999999999999 0.38875000000000004 0.61 0.38875000000000004 0.61 0.39375 0.6224999999999999 0.39375 0.6224999999999999 0.38875000000000004
2 0.635 0.395 0.61875 0.395 0.61875 0.40125 0.635 0.40125 0.635 0.395
2 0.7224999999999999 0.375 0.7075 0.375 0.7075 0.38125 0.7224999999999999 0.38125 0.7224999999999999 0.375
2 0.40875000000000006 0.35750000000000004 0.40125 0.35750000000000004 0.40125 0.37 0.40875000000000006 0.37 0.40875000000000006 0.35750000000000004
2 0.49625 0.425 0.49000000000000005 0.425 0.49000000000000005 0.4375 0.49625 0.4375 0.49625 0.425
2 0.83625 0.3775 0.79625 0.3775 0.79625 0.385 0.83625 0.385 0.83625 0.3775
2 0.8724999999999999 0.38375 0.8550000000000001 0.38375 0.8550000000000001 0.39 0.8724999999999999 0.39 0.8724999999999999 0.38375
2 0.7975 0.28875 0.79 0.28875 0.79 0.30375 0.7975 0.30375 0.7975 0.28875
2 0.7112499999999999 0.25625 0.7025 0.25625 0.7025 0.26125 0.7112499999999999 0.26125 0.7112499999999999 0.25625
2 0.7125 0.25 0.7025 0.25 0.7025 0.25375000000000003 0.7125 0.25375000000000003 0.7125 0.25
2 0.66625 0.17875000000000002 0.6599999999999999 0.17875000000000002 0.6599999999999999 0.19 0.66625 0.19 0.66625 0.17875000000000002
2 0.98375 0.41125 0.97625 0.41125 0.97625 0.425 0.98375 0.425 0.98375 0.41125
2 0.94625 0.40499999999999997 0.93875 0.40499999999999997 0.93875 0.42000000000000004 0.94625 0.42000000000000004 0.94625 0.40499999999999997
2 0.34249999999999997 0.6537499999999999 0.32375 0.6537499999999999 0.32375 0.6625 0.34249999999999997 0.6625 0.34249999999999997 0.6537499999999999
2 0.21749999999999997 0.70625 0.205 0.70625 0.205 0.72 0.21749999999999997 0.72 0.21749999999999997 0.70625
2 0.46749999999999997 0.6925 0.45999999999999996 0.6925 0.45999999999999996 0.70125 0.46749999999999997 0.70125 0.46749999999999997 0.6925
2 0.475 0.68875 0.46749999999999997 0.68875 0.46749999999999997 0.70125 0.475 0.70125 0.475 0.68875
2 0.4125 0.69625 0.40625 0.69625 0.40625 0.7112499999999999 0.4125 0.7112499999999999 0.4125 0.69625
2 0.9037499999999999 0.69625 0.8875 0.69625 0.8875 0.7025 0.9037499999999999 0.7025 0.9037499999999999 0.69625
2 0.92125 0.735 0.9125 0.735 0.9125 0.7474999999999999 0.92125 0.7474999999999999 0.92125 0.735
2 0.8875 0.7262500000000001 0.8699999999999999 0.7262500000000001 0.8699999999999999 0.73875 0.8875 0.73875 0.8875 0.7262500000000001
2 0.9087500000000001 0.7325 0.89625 0.7325 0.89625 0.7462500000000001 0.9087500000000001 0.7462500000000001 0.9087500000000001 0.7325
2 0.7525000000000001 0.70125 0.735 0.70125 0.735 0.7112499999999999 0.7525000000000001 0.7112499999999999 0.7525000000000001 0.70125
2 0.7975 0.7 0.7825 0.7 0.7825 0.7075 0.7975 0.7075 0.7975 0.7
2 0.60625 0.6525000000000001 0.59875 0.6525000000000001 0.59875 0.6637500000000001 0.60625 0.6637500000000001 0.60625 0.6525000000000001
2 0.48 0.6287499999999999 0.4725 0.6287499999999999 0.4725 0.64125 0.48 0.64125 0.48 0.6287499999999999
2 0.56375 0.8699999999999999 0.5525 0.8699999999999999 0.5525 0.885 0.56375 0.885 0.56375 0.8699999999999999
2 0.72 0.9225 0.7112499999999999 0.9225 0.7112499999999999 0.9324999999999999 0.72 0.9324999999999999 0.72 0.9225
2 0.725 0.94375 0.71375 0.94375 0.71375 0.95375 0.725 0.95375 0.725 0.94375
2 0.19375 0.5037499999999999 0.18625 0.5037499999999999 0.18625 0.51875 0.19375 0.51875 0.19375 0.5037499999999999
2 0.9737500000000001 0.08375 0.9662499999999999 0.08375 0.9662499999999999 0.09625 0.9737500000000001 0.09625 0.9737500000000001 0.08375
2 0.9949999999999999 0.19375 0.9887499999999999 0.19375 0.9887499999999999 0.20875 0.9949999999999999 0.20875 0.9949999999999999 0.19375
2 0.71375 0.13874999999999998 0.7 0.13874999999999998 0.7 0.145 0.71375 0.145 0.71375 0.13874999999999998
2 0.53125 0.18125 0.51625 0.18125 0.51625 0.18625 0.53125 0.18625 0.53125 0.18125
2 0.34249999999999997 0.27999999999999997 0.335 0.27999999999999997 0.335 0.28875 0.34249999999999997 0.28875 0.34249999999999997 0.27999999999999997
2 0.8275 0.67625 0.82125 0.67625 0.82125 0.6875 0.8275 0.6875 0.8275 0.67625
2 0.8425 0.67125 0.83625 0.67125 0.83625 0.68125 0.8425 0.68125 0.8425 0.67125
2 0.05125 0.17124999999999999 0.041249999999999995 0.17124999999999999 0.041249999999999995 0.17875000000000002 0.05125 0.17875000000000002 0.05125 0.17124999999999999
2 0.05 0.0075 0.04375 0.0075 0.04375 0.01875 0.05 0.01875 0.05 0.0075
2 0.0775 0.26625 0.065 0.26625 0.065 0.27125 0.0775 0.27125 0.0775 0.26625
2 0.45999999999999996 0.5325 0.44125 0.5325 0.44125 0.54 0.45999999999999996 0.54 0.45999999999999996 0.5325
2 0.385 0.6 0.36875 0.6 0.36875 0.60625 0.385 0.60625 0.385 0.6