2 0.735 0.465 0.72375 0.465 0.72375 0.47750000000000004 0.735 0.47750000000000004 0.735 0.465
2 0.4875 0.50125 0.47000000000000003 0.50125 0.47000000000000003 0.51375 0.4875 0.51375 0.4875 0.50125
2 0.57625 0.31375000000000003 0.5650000000000001 0.31375000000000003 0.5650000000000001 0.32125 0.57625 0.32125 0.57625 0.31375000000000003
2 0.62375 0.2925 0.61375 0.2925 0.61375 0.3025 0.62375 0.3025 0.62375 0.2925
2 0.675 0.31625000000000003 0.6637500000000001 0.31625000000000003 0.6637500000000001 0.32625000000000004 0.675 0.32625000000000004 0.675 0.31625000000000003
2 0.42374999999999996 0.53 0.41125 0.53 0.41125 0.5475 0.42374999999999996 0.5475 0.42374999999999996 0.53
2 0.39875 0.58 0.3875 0.58 0.3875 0.6 0.39875 0.6 0.39875 0.58
2 0.9800000000000001 0.11875 0.9675 0.11875 0.9675 0.1325 0.9800000000000001 0.1325 0.9800000000000001 0.11875
2 0.99125 0.1025 0.98125 0.1025 0.98125 0.11625 0.99125 0.11625 0.99125 0.1025
2 0.9875 0.0025 0.97 0.0025 0.97 0.02 0.9875 0.02 0.9875 0.0025
2 0.9949999999999999 0.01125 0.98125 0.01125 0.98125 0.026250000000000002 0.9949999999999999 0.026250000000000002 0.9949999999999999 0.01125
2 1 0.01625 0.9875 0.01625 0.9875 0.03625 1 0.03625 1 0.01625