2 0.275 0.51375 0.26875 0.51375 0.26875 0.525 0.275 0.525 0.275 0.51375
2 0.2725 0.5475 0.26749999999999996 0.5475 0.26749999999999996 0.5599999999999999 0.2725 0.5599999999999999 0.2725 0.5475
2 0.22875 0.64125 0.22125 0.64125 0.22125 0.6587500000000001 0.22875 0.6587500000000001 0.22875 0.64125
2 0.1925 0.6125 0.18 0.6125 0.18 0.61875 0.1925 0.61875 0.1925 0.6125
2 0.1925 0.62 0.18 0.62 0.18 0.62625 0.1925 0.62625 0.1925 0.62
2 0.195 0.62625 0.18125 0.62625 0.18125 0.63375 0.195 0.63375 0.195 0.62625
2 0.51625 0.8162499999999999 0.5037499999999999 0.8162499999999999 0.5037499999999999 0.8225 0.51625 0.8225 0.51625 0.8162499999999999
2 0.72875 0.6275000000000001 0.7175 0.6275000000000001 0.7175 0.6325000000000001 0.72875 0.6325000000000001 0.72875 0.6275000000000001
2 0.9025000000000001 0.67 0.89625 0.67 0.89625 0.6837500000000001 0.9025000000000001 0.6837500000000001 0.9025000000000001 0.67
2 0.9099999999999999 0.67 0.9025000000000001 0.67 0.9025000000000001 0.6849999999999999 0.9099999999999999 0.6849999999999999 0.9099999999999999 0.67
2 0.9712500000000001 0.575 0.96 0.575 0.96 0.58125 0.9712500000000001 0.58125 0.9712500000000001 0.575
2 0.14750000000000002 0.01875 0.13625 0.01875 0.13625 0.026250000000000002 0.14750000000000002 0.026250000000000002 0.14750000000000002 0.01875
2 0.18875 0.06 0.17625 0.06 0.17625 0.06625 0.18875 0.06625 0.18875 0.06
2 0.20625 0.04 0.19875 0.04 0.19875 0.05375 0.20625 0.05375 0.20625 0.04
2 0.26375000000000004 0.027500000000000004 0.2525 0.027500000000000004 0.2525 0.034999999999999996 0.26375000000000004 0.034999999999999996 0.26375000000000004 0.027500000000000004
2 0.2925 0.027500000000000004 0.28250000000000003 0.027500000000000004 0.28250000000000003 0.0375 0.2925 0.0375 0.2925 0.027500000000000004
2 0.2725 0.045 0.2625 0.045 0.2625 0.05500000000000001 0.2725 0.05500000000000001 0.2725 0.045
2 0.26625 0.05125 0.25875 0.05125 0.25875 0.058750000000000004 0.26625 0.058750000000000004 0.26625 0.05125
2 0.2625 0.05375 0.25125000000000003 0.05375 0.25125000000000003 0.06375 0.2625 0.06375 0.2625 0.05375
2 0.23875000000000002 0.0775 0.23125 0.0775 0.23125 0.08625000000000001 0.23875000000000002 0.08625000000000001 0.23875000000000002 0.0775
2 0.23625 0.08249999999999999 0.22374999999999998 0.08249999999999999 0.22374999999999998 0.0925 0.23625 0.0925 0.23625 0.08249999999999999
2 0.21875 0.09625 0.20750000000000002 0.09625 0.20750000000000002 0.1075 0.21875 0.1075 0.21875 0.09625
2 0.17250000000000001 0.10124999999999999 0.16125 0.10124999999999999 0.16125 0.11000000000000001 0.17250000000000001 0.11000000000000001 0.17250000000000001 0.10124999999999999
2 0.27625 0.5700000000000001 0.26749999999999996 0.5700000000000001 0.26749999999999996 0.58125 0.27625 0.58125 0.27625 0.5700000000000001
2 0.2575 0.5349999999999999 0.25125000000000003 0.5349999999999999 0.25125000000000003 0.5475 0.2575 0.5475 0.2575 0.5349999999999999
2 0.275 0.5025000000000001 0.26749999999999996 0.5025000000000001 0.26749999999999996 0.51375 0.275 0.51375 0.275 0.5025000000000001
2 0.058750000000000004 0.8525 0.04875 0.8525 0.04875 0.85875 0.058750000000000004 0.85875 0.058750000000000004 0.8525
2 0.075 0.85 0.0625 0.85 0.0625 0.8574999999999999 0.075 0.8574999999999999 0.075 0.85
2 0.135 0.845 0.12375 0.845 0.12375 0.85125 0.135 0.85125 0.135 0.845
2 0.14750000000000002 0.84375 0.1375 0.84375 0.1375 0.85125 0.14750000000000002 0.85125 0.14750000000000002 0.84375
2 0.17250000000000001 0.8412499999999999 0.16125 0.8412499999999999 0.16125 0.8487500000000001 0.17250000000000001 0.8487500000000001 0.17250000000000001 0.8412499999999999
2 0.23500000000000001 0.835 0.22374999999999998 0.835 0.22374999999999998 0.8412499999999999 0.23500000000000001 0.8412499999999999 0.23500000000000001 0.835
2 0.595 0.2925 0.585 0.2925 0.585 0.3 0.595 0.3 0.595 0.2925
2 0.61625 0.12375 0.61 0.12375 0.61 0.135 0.61625 0.135 0.61625 0.12375
2 0.62375 0.2 0.61625 0.2 0.61625 0.21125 0.62375 0.21125 0.62375 0.2
2 0.6012500000000001 0.16625 0.595 0.16625 0.595 0.18 0.6012500000000001 0.18 0.6012500000000001 0.16625
2 0.62375 0.21375000000000002 0.61625 0.21375000000000002 0.61625 0.22625 0.62375 0.22625 0.62375 0.21375000000000002
2 0.6075 0.86625 0.6 0.86625 0.6 0.88125 0.6075 0.88125 0.6075 0.86625
2 0.62625 0.8637499999999999 0.62 0.8637499999999999 0.62 0.87625 0.62625 0.87625 0.62625 0.8637499999999999
2 0.62625 0.8400000000000001 0.6212500000000001 0.8400000000000001 0.6212500000000001 0.8550000000000001 0.62625 0.8550000000000001 0.62625 0.8400000000000001
2 0.6275000000000001 0.9112500000000001 0.6212500000000001 0.9112500000000001 0.6212500000000001 0.9225 0.6275000000000001 0.9225 0.6275000000000001 0.9112500000000001
2 0.6075 1 0.6075 0.9862500000000001 0.6012500000000001 0.9862500000000001 0.6012500000000001 1 0.6075 1
2 0.08625000000000001 0.8699999999999999 0.08125 0.8699999999999999 0.08125 0.8825 0.08625000000000001 0.8825 0.08625000000000001 0.8699999999999999
2 0.08499999999999999 0.88125 0.08 0.88125 0.08 0.8925000000000001 0.08499999999999999 0.8925000000000001 0.08499999999999999 0.88125
2 0.08625000000000001 0.8925000000000001 0.07875 0.8925000000000001 0.07875 0.9037499999999999 0.08625000000000001 0.9037499999999999 0.08625000000000001 0.8925000000000001
2 0.08499999999999999 0.9512499999999999 0.0775 0.9512499999999999 0.0775 0.9637499999999999 0.08499999999999999 0.9637499999999999 0.08499999999999999 0.9512499999999999
2 0.08249999999999999 1 0.08249999999999999 0.985 0.07625 0.985 0.07625 1 0.08249999999999999 1
2 0.2525 0.9800000000000001 0.24375 0.9800000000000001 0.24375 0.9949999999999999 0.2525 0.9949999999999999 0.2525 0.9800000000000001
2 0.25125000000000003 0.87625 0.24625 0.87625 0.24625 0.8887499999999999 0.25125000000000003 0.8887499999999999 0.25125000000000003 0.87625
2 0.2525 0.865 0.24625 0.865 0.24625 0.8787499999999999 0.2525 0.8787499999999999 0.2525 0.865
2 0.2525 0.8525 0.24500000000000002 0.8525 0.24500000000000002 0.865 0.2525 0.865 0.2525 0.8525
2 0.42000000000000004 0.94625 0.41375 0.94625 0.41375 0.96 0.42000000000000004 0.96 0.42000000000000004 0.94625
2 0.42125 0.9012499999999999 0.41375 0.9012499999999999 0.41375 0.91625 0.42125 0.91625 0.42125 0.9012499999999999
2 0.42000000000000004 0.86 0.41375 0.86 0.41375 0.8712500000000001 0.42000000000000004 0.8712500000000001 0.42000000000000004 0.86
2 0.4225 0.845 0.41624999999999995 0.845 0.41624999999999995 0.8574999999999999 0.4225 0.8574999999999999 0.4225 0.845
2 0.64375 0.8012499999999999 0.63125 0.8012499999999999 0.63125 0.8099999999999999 0.64375 0.8099999999999999 0.64375 0.8012499999999999
2 0.3725 0.79625 0.365 0.79625 0.365 0.8087500000000001 0.3725 0.8087500000000001 0.3725 0.79625
2 0.5 0.7975 0.49375 0.7975 0.49375 0.8099999999999999 0.5 0.8099999999999999 0.5 0.7975
2 0.48624999999999996 0.7975 0.47874999999999995 0.7975 0.47874999999999995 0.8099999999999999 0.48624999999999996 0.8099999999999999 0.48624999999999996 0.7975
2 0.51125 0.7975 0.50625 0.7975 0.50625 0.8087500000000001 0.51125 0.8087500000000001 0.51125 0.7975
2 0.5175 0.79875 0.51125 0.79875 0.51125 0.8099999999999999 0.5175 0.8099999999999999 0.5175 0.79875
2 0.525 0.7975 0.52 0.7975 0.52 0.8099999999999999 0.525 0.8099999999999999 0.525 0.7975
2 0.5325 0.79875 0.525 0.79875 0.525 0.81125 0.5325 0.81125 0.5325 0.79875
2 0.54 0.7975 0.5349999999999999 0.7975 0.5349999999999999 0.8099999999999999 0.54 0.8099999999999999 0.54 0.7975
2 0.5475 0.79625 0.5425 0.79625 0.5425 0.8099999999999999 0.5475 0.8099999999999999 0.5475 0.79625
2 0.55375 0.7975 0.54875 0.7975 0.54875 0.81125 0.55375 0.81125 0.55375 0.7975
2 0.5599999999999999 0.79875 0.55375 0.79875 0.55375 0.8099999999999999 0.5599999999999999 0.8099999999999999 0.5599999999999999 0.79875
2 0.56875 0.79625 0.56125 0.79625 0.56125 0.8087500000000001 0.56875 0.8087500000000001 0.56875 0.79625
2 0.26 0.09125 0.25125000000000003 0.09125 0.25125000000000003 0.10124999999999999 0.26 0.10124999999999999 0.26 0.09125
2 0.22000000000000003 0.1275 0.21000000000000002 0.1275 0.21000000000000002 0.13874999999999998 0.22000000000000003 0.13874999999999998 0.22000000000000003 0.1275
2 0.23500000000000001 0.11499999999999999 0.225 0.11499999999999999 0.225 0.12625 0.23500000000000001 0.12625 0.23500000000000001 0.11499999999999999
2 0.20875 0.13874999999999998 0.19624999999999998 0.13874999999999998 0.19624999999999998 0.15 0.20875 0.15 0.20875 0.13874999999999998
2 0.17250000000000001 0.11499999999999999 0.16375 0.11499999999999999 0.16375 0.12250000000000001 0.17250000000000001 0.12250000000000001 0.17250000000000001 0.11499999999999999
2 0.155 0.13125 0.145 0.13125 0.145 0.13999999999999999 0.155 0.13999999999999999 0.155 0.13125
2 0.08125 0.2 0.07125000000000001 0.2 0.07125000000000001 0.215 0.08125 0.215 0.08125 0.2
2 0.0725 0.20875 0.065 0.20875 0.065 0.22125 0.0725 0.22125 0.0725 0.20875
2 0.0725 0.21375000000000002 0.061250000000000006 0.21375000000000002 0.061250000000000006 0.225 0.0725 0.225 0.0725 0.21375000000000002
2 0.061250000000000006 0.22125 0.052500000000000005 0.22125 0.052500000000000005 0.2325 0.061250000000000006 0.2325 0.061250000000000006 0.22125
2 0.11750000000000001 0.27999999999999997 0.1125 0.27999999999999997 0.1125 0.29 0.11750000000000001 0.29 0.11750000000000001 0.27999999999999997
2 0.03375 0.24874999999999997 0.0225 0.24874999999999997 0.0225 0.26 0.03375 0.26 0.03375 0.24874999999999997
2 0.1075 0.27999999999999997 0.1025 0.27999999999999997 0.1025 0.29125 0.1075 0.29125 0.1075 0.27999999999999997