2 0.47874999999999995 0.0075 0.46624999999999994 0.0075 0.46624999999999994 0.0225 0.47874999999999995 0.0225 0.47874999999999995 0.0075
2 0.54125 0.01875 0.5275000000000001 0.01875 0.5275000000000001 0.028749999999999998 0.54125 0.028749999999999998 0.54125 0.01875
2 0.4925 0.04375 0.48 0.04375 0.48 0.05625 0.4925 0.05625 0.4925 0.04375
2 0.47874999999999995 0.04 0.46749999999999997 0.04 0.46749999999999997 0.05 0.47874999999999995 0.05 0.47874999999999995 0.04
2 0.44875 0.0675 0.4375 0.0675 0.4375 0.07875 0.44875 0.07875 0.44875 0.0675
2 0.40750000000000003 0.04625 0.39625 0.04625 0.39625 0.058750000000000004 0.40750000000000003 0.058750000000000004 0.40750000000000003 0.04625
2 0.4175 0.0975 0.4025 0.0975 0.4025 0.1125 0.4175 0.1125 0.4175 0.0975
2 0.2475 0.19375 0.23125 0.19375 0.23125 0.20875 0.2475 0.20875 0.2475 0.19375
2 0.27125 0.18625 0.25375000000000003 0.18625 0.25375000000000003 0.20249999999999999 0.27125 0.20249999999999999 0.27125 0.18625
2 0.325 0.18625 0.31 0.18625 0.31 0.20125 0.325 0.20125 0.325 0.18625
2 0.38125 0.14875 0.36375 0.14875 0.36375 0.16625 0.38125 0.16625 0.38125 0.14875
2 0.2525 0.2525 0.2375 0.2525 0.2375 0.26749999999999996 0.2525 0.26749999999999996 0.2525 0.2525
2 0.23125 0.28875 0.21625 0.28875 0.21625 0.30375 0.23125 0.30375 0.23125 0.28875
2 0.27999999999999997 0.23125 0.265 0.23125 0.265 0.24125000000000002 0.27999999999999997 0.24125000000000002 0.27999999999999997 0.23125
2 0.19875 0.30375 0.185 0.30375 0.185 0.31875 0.19875 0.31875 0.19875 0.30375
2 0.14750000000000002 0.3525 0.13125 0.3525 0.13125 0.36625 0.14750000000000002 0.36625 0.14750000000000002 0.3525
2 0.10375000000000001 0.39 0.09375 0.39 0.09375 0.4025 0.10375000000000001 0.4025 0.10375000000000001 0.39
2 0.34625 0.41500000000000004 0.33125 0.41500000000000004 0.33125 0.42750000000000005 0.34625 0.42750000000000005 0.34625 0.41500000000000004
2 0.7162499999999999 0.4325 0.7 0.4325 0.7 0.445 0.7162499999999999 0.445 0.7162499999999999 0.4325
2 0.6875 0.36625 0.67625 0.36625 0.67625 0.37875000000000003 0.6875 0.37875000000000003 0.6875 0.36625
2 0.47375 0.29500000000000004 0.45499999999999996 0.29500000000000004 0.45499999999999996 0.30375 0.47375 0.30375 0.47375 0.29500000000000004
2 0.615 0.6174999999999999 0.6025 0.6174999999999999 0.6025 0.6325000000000001 0.615 0.6325000000000001 0.615 0.6174999999999999
2 0.375 0.45499999999999996 0.35750000000000004 0.45499999999999996 0.35750000000000004 0.47125000000000006 0.375 0.47125000000000006 0.375 0.45499999999999996
2 0.28250000000000003 0.505 0.26875 0.505 0.26875 0.51875 0.28250000000000003 0.51875 0.28250000000000003 0.505
2 0.18625 0.54375 0.16875 0.54375 0.16875 0.5575 0.18625 0.5575 0.18625 0.54375
2 0.2875 0.68875 0.27375 0.68875 0.27375 0.7 0.2875 0.7 0.2875 0.68875
2 0.0375 0.8400000000000001 0.01875 0.8400000000000001 0.01875 0.8550000000000001 0.0375 0.8550000000000001 0.0375 0.8400000000000001
2 0.5825 0.6287499999999999 0.5700000000000001 0.6287499999999999 0.5700000000000001 0.64125 0.5825 0.64125 0.5825 0.6287499999999999
2 0.5625 0.81375 0.55125 0.81375 0.55125 0.8275 0.5625 0.8275 0.5625 0.81375
2 0.5825 0.875 0.5700000000000001 0.875 0.5700000000000001 0.89125 0.5825 0.89125 0.5825 0.875
2 0.55625 0.84375 0.545 0.84375 0.545 0.85625 0.55625 0.85625 0.55625 0.84375
2 0.33375 0.7537499999999999 0.31875 0.7537499999999999 0.31875 0.765 0.33375 0.765 0.33375 0.7537499999999999
2 0.6637500000000001 0.9349999999999999 0.6487499999999999 0.9349999999999999 0.6487499999999999 0.9512499999999999 0.6637500000000001 0.9512499999999999 0.6637500000000001 0.9349999999999999
2 0.64625 0.9199999999999999 0.63 0.9199999999999999 0.63 0.9337500000000001 0.64625 0.9337500000000001 0.64625 0.9199999999999999
2 0.76125 0.96 0.7424999999999999 0.96 0.7424999999999999 0.9737500000000001 0.76125 0.9737500000000001 0.76125 0.96
2 0.78625 0.81375 0.77125 0.81375 0.77125 0.8225 0.78625 0.8225 0.78625 0.81375
2 0.8225 0.81875 0.8074999999999999 0.81875 0.8074999999999999 0.83375 0.8225 0.83375 0.8225 0.81875
2 0.8825 0.8800000000000001 0.8675 0.8800000000000001 0.8675 0.8925000000000001 0.8825 0.8925000000000001 0.8825 0.8800000000000001
2 0.6275000000000001 0.41375 0.6125 0.41375 0.6125 0.42625 0.6275000000000001 0.42625 0.6275000000000001 0.41375
2 0.41375 0.4125 0.39625 0.4125 0.39625 0.425 0.41375 0.425 0.41375 0.4125
2 0.505 0.5862499999999999 0.48624999999999996 0.5862499999999999 0.48624999999999996 0.59875 0.505 0.59875 0.505 0.5862499999999999
2 0.58125 0.72375 0.56375 0.72375 0.56375 0.73125 0.58125 0.73125 0.58125 0.72375
2 0.5862499999999999 0.7162499999999999 0.5650000000000001 0.7162499999999999 0.5650000000000001 0.72375 0.5862499999999999 0.72375 0.5862499999999999 0.7162499999999999
2 0.585 0.7725 0.5675 0.7725 0.5675 0.7825 0.585 0.7825 0.585 0.7725
2 0.86 0.8800000000000001 0.84375 0.8800000000000001 0.84375 0.89 0.86 0.89 0.86 0.8800000000000001
2 0.8262499999999999 0.44375 0.81375 0.44375 0.81375 0.45499999999999996 0.8262499999999999 0.45499999999999996 0.8262499999999999 0.44375
2 0.82 0.43875000000000003 0.80375 0.43875000000000003 0.80375 0.45 0.82 0.45 0.82 0.43875000000000003
2 0.01125 0.47750000000000004 0.00125 0.47750000000000004 0.00125 0.49124999999999996 0.01125 0.49124999999999996 0.01125 0.47750000000000004
2 0.09125 0.1125 0.0775 0.1125 0.0775 0.12625 0.09125 0.12625 0.09125 0.1125
2 0.9525 0.02 0.93875 0.02 0.93875 0.034999999999999996 0.9525 0.034999999999999996 0.9525 0.02
2 0.35750000000000004 0.15375 0.34500000000000003 0.15375 0.34500000000000003 0.16625 0.35750000000000004 0.16625 0.35750000000000004 0.15375
2 0.29125 0.945 0.27625 0.945 0.27625 0.9550000000000001 0.29125 0.9550000000000001 0.29125 0.945
2 0.8474999999999999 0.9037499999999999 0.83375 0.9037499999999999 0.83375 0.91375 0.8474999999999999 0.91375 0.8474999999999999 0.9037499999999999
2 0.42874999999999996 0.32999999999999996 0.4175 0.32999999999999996 0.4175 0.34125 0.42874999999999996 0.34125 0.42874999999999996 0.32999999999999996