2 0.31875 0.64375 0.31124999999999997 0.64375 0.31124999999999997 0.6599999999999999 0.31875 0.6599999999999999 0.31875 0.64375
2 0.48375 0.00375 0.46875 0.00375 0.46875 0.0125 0.48375 0.0125 0.48375 0.00375
2 0.3025 0.005 0.28625 0.005 0.28625 0.01625 0.3025 0.01625 0.3025 0.005
2 0.5025000000000001 0.021249999999999998 0.48375 0.021249999999999998 0.48375 0.0325 0.5025000000000001 0.0325 0.5025000000000001 0.021249999999999998
2 0.51875 0.01125 0.50125 0.01125 0.50125 0.021249999999999998 0.51875 0.021249999999999998 0.51875 0.01125
2 0.875 0.33625 0.85875 0.33625 0.85875 0.34375 0.875 0.34375 0.875 0.33625
2 0.89625 0.31875 0.8787499999999999 0.31875 0.8787499999999999 0.32875 0.89625 0.32875 0.89625 0.31875
2 0.9550000000000001 0.29874999999999996 0.9375 0.29874999999999996 0.9375 0.30874999999999997 0.9550000000000001 0.30874999999999997 0.9550000000000001 0.29874999999999996
2 0.9550000000000001 0.325 0.9412499999999999 0.325 0.9412499999999999 0.335 0.9550000000000001 0.335 0.9550000000000001 0.325
2 0.9324999999999999 0.22999999999999998 0.915 0.22999999999999998 0.915 0.23875000000000002 0.9324999999999999 0.23875000000000002 0.9324999999999999 0.22999999999999998
2 0.23500000000000001 0.62625 0.2225 0.62625 0.2225 0.6425 0.23500000000000001 0.6425 0.23500000000000001 0.62625
2 0.8975 0.335 0.88125 0.335 0.88125 0.34375 0.8975 0.34375 0.8975 0.335