2 0.10874999999999999 0.1875 0.08249999999999999 0.1875 0.08249999999999999 0.1975 0.10874999999999999 0.1975 0.10874999999999999 0.1875
2 0.15875 0.185 0.13 0.185 0.13 0.19624999999999998 0.15875 0.19624999999999998 0.15875 0.185
2 0.43375 0.185 0.40499999999999997 0.185 0.40499999999999997 0.19624999999999998 0.43375 0.19624999999999998 0.43375 0.185
2 0.35 0.18375 0.32375 0.18375 0.32375 0.195 0.35 0.195 0.35 0.18375
2 0.485 0.18125 0.45375 0.18125 0.45375 0.19125 0.485 0.19125 0.485 0.18125
2 0.195 0.18625 0.16999999999999998 0.18625 0.16999999999999998 0.195 0.195 0.195 0.195 0.18625
2 0.31375000000000003 0.1825 0.28375 0.1825 0.28375 0.195 0.31375000000000003 0.195 0.31375000000000003 0.1825
2 0.5700000000000001 0.18 0.54125 0.18 0.54125 0.19125 0.5700000000000001 0.19125 0.5700000000000001 0.18
2 0.8087500000000001 0.17625 0.775 0.17625 0.775 0.18875 0.8087500000000001 0.18875 0.8087500000000001 0.17625
2 0.93625 0.175 0.9 0.175 0.9 0.18875 0.93625 0.18875 0.93625 0.175
2 0.88125 0.17625 0.8550000000000001 0.17625 0.8550000000000001 0.1875 0.88125 0.1875 0.88125 0.17625
2 0.845 0.17875000000000002 0.82125 0.17875000000000002 0.82125 0.1875 0.845 0.1875 0.845 0.17875000000000002
2 0.93625 0.9637499999999999 0.90625 0.9637499999999999 0.90625 0.97875 0.93625 0.97875 0.93625 0.9637499999999999
2 0.9037499999999999 0.9724999999999999 0.86875 0.9724999999999999 0.86875 0.99125 0.9037499999999999 0.99125 0.9037499999999999 0.9724999999999999
2 0.12 0.9737500000000001 0.07875 0.9737500000000001 0.07875 0.9962500000000001 0.12 0.9962500000000001 0.12 0.9737500000000001