2 0.95 0.125 0.94375 0.125 0.94375 0.13625 0.95 0.13625 0.95 0.125
2 0.9337500000000001 0.1675 0.9262499999999999 0.1675 0.9262499999999999 0.17875000000000002 0.9337500000000001 0.17875000000000002 0.9337500000000001 0.1675
2 0.9574999999999999 0.1375 0.9487500000000001 0.1375 0.9487500000000001 0.14625 0.9574999999999999 0.14625 0.9574999999999999 0.1375
2 0.9662499999999999 0.155 0.9625 0.155 0.9625 0.16125 0.9662499999999999 0.16125 0.9662499999999999 0.155
2 0.9425000000000001 0.1925 0.93 0.1925 0.93 0.2 0.9425000000000001 0.2 0.9425000000000001 0.1925
2 0.945 0.20375000000000001 0.9349999999999999 0.20375000000000001 0.9349999999999999 0.20875 0.945 0.20875 0.945 0.20375000000000001
2 0.9512499999999999 0.21749999999999997 0.9400000000000001 0.21749999999999997 0.9400000000000001 0.225 0.9512499999999999 0.225 0.9512499999999999 0.21749999999999997
2 0.9525 0.2225 0.9412499999999999 0.2225 0.9412499999999999 0.22875 0.9525 0.22875 0.9525 0.2225
2 0.9550000000000001 0.22749999999999998 0.94375 0.22749999999999998 0.94375 0.23500000000000001 0.9550000000000001 0.23500000000000001 0.9550000000000001 0.22749999999999998
2 0.9574999999999999 0.23374999999999999 0.945 0.23374999999999999 0.945 0.24 0.9574999999999999 0.24 0.9574999999999999 0.23374999999999999
2 0.9574999999999999 0.24 0.9487500000000001 0.24 0.9487500000000001 0.24625 0.9574999999999999 0.24625 0.9574999999999999 0.24
2 0.96125 0.2425 0.95 0.2425 0.95 0.25 0.96125 0.25 0.96125 0.2425
2 0.96 0.24625 0.9512499999999999 0.24625 0.9512499999999999 0.25375000000000003 0.96 0.25375000000000003 0.96 0.24625
2 0.9650000000000001 0.2475 0.9550000000000001 0.2475 0.9550000000000001 0.25625 0.9650000000000001 0.25625 0.9650000000000001 0.2475
2 0.88125 0.027500000000000004 0.87375 0.027500000000000004 0.87375 0.04 0.88125 0.04 0.88125 0.027500000000000004
2 0.89625 0.041249999999999995 0.89 0.041249999999999995 0.89 0.05375 0.89625 0.05375 0.89625 0.041249999999999995
2 0.885 0.041249999999999995 0.8787499999999999 0.041249999999999995 0.8787499999999999 0.052500000000000005 0.885 0.052500000000000005 0.885 0.041249999999999995
2 0.70375 0.23625 0.6925 0.23625 0.6925 0.24500000000000002 0.70375 0.24500000000000002 0.70375 0.23625
2 0.60375 0.32125 0.595 0.32125 0.595 0.3275 0.60375 0.3275 0.60375 0.32125
2 0.64 0.28125 0.635 0.28125 0.635 0.28625 0.64 0.28625 0.64 0.28125
2 0.6599999999999999 0.33625 0.655 0.33625 0.655 0.34125 0.6599999999999999 0.34125 0.6599999999999999 0.33625
2 0.6012500000000001 0.21875 0.595 0.21875 0.595 0.22374999999999998 0.6012500000000001 0.22374999999999998 0.6012500000000001 0.21875
2 0.65625 0.18125 0.6487499999999999 0.18125 0.6487499999999999 0.1875 0.65625 0.1875 0.65625 0.18125
2 0.63625 0.19624999999999998 0.6275000000000001 0.19624999999999998 0.6275000000000001 0.20375000000000001 0.63625 0.20375000000000001 0.63625 0.19624999999999998
2 0.625 0.22625 0.61875 0.22625 0.61875 0.2325 0.625 0.2325 0.625 0.22625
2 0.67625 0.19624999999999998 0.66875 0.19624999999999998 0.66875 0.20249999999999999 0.67625 0.20249999999999999 0.67625 0.19624999999999998
2 0.7 0.18375 0.6900000000000001 0.18375 0.6900000000000001 0.19125 0.7 0.19125 0.7 0.18375
2 0.645 0.19125 0.64 0.19125 0.64 0.19624999999999998 0.645 0.19624999999999998 0.645 0.19125
2 0.6799999999999999 0.17250000000000001 0.67 0.17250000000000001 0.67 0.18 0.6799999999999999 0.18 0.6799999999999999 0.17250000000000001
2 0.6675 0.18125 0.6599999999999999 0.18125 0.6599999999999999 0.1875 0.6675 0.1875 0.6675 0.18125
2 0.6599999999999999 0.1875 0.65125 0.1875 0.65125 0.19375 0.6599999999999999 0.19375 0.6599999999999999 0.1875
2 0.5825 0.24125000000000002 0.57625 0.24125000000000002 0.57625 0.24874999999999997 0.5825 0.24874999999999997 0.5825 0.24125000000000002
2 0.60625 0.22999999999999998 0.6012500000000001 0.22999999999999998 0.6012500000000001 0.23500000000000001 0.60625 0.23500000000000001 0.60625 0.22999999999999998
2 0.61875 0.22125 0.61375 0.22125 0.61375 0.225 0.61875 0.225 0.61875 0.22125
2 0.6125 0.22625 0.6075 0.22625 0.6075 0.23125 0.6125 0.23125 0.6125 0.22625
2 0.5700000000000001 0.28500000000000003 0.5575 0.28500000000000003 0.5575 0.29625 0.5700000000000001 0.29625 0.5700000000000001 0.28500000000000003
2 0.5700000000000001 0.28250000000000003 0.56125 0.28250000000000003 0.56125 0.29125 0.5700000000000001 0.29125 0.5700000000000001 0.28250000000000003
2 0.57625 0.27999999999999997 0.56375 0.27999999999999997 0.56375 0.29125 0.57625 0.29125 0.57625 0.27999999999999997
2 0.585 0.2725 0.575 0.2725 0.575 0.28125 0.585 0.28125 0.585 0.2725
2 0.5825 0.315 0.57375 0.315 0.57375 0.32375 0.5825 0.32375 0.5825 0.315
2 0.56875 0.32375 0.56125 0.32375 0.56125 0.3325 0.56875 0.3325 0.56875 0.32375
2 0.56375 0.3275 0.55625 0.3275 0.55625 0.33625 0.56375 0.33625 0.56375 0.3275
2 0.5599999999999999 0.34875 0.55625 0.34875 0.55625 0.3525 0.5599999999999999 0.3525 0.5599999999999999 0.34875
2 0.5 0.32 0.49124999999999996 0.32 0.49124999999999996 0.3275 0.5 0.3275 0.5 0.32
2 0.49625 0.34625 0.48875 0.34625 0.48875 0.3525 0.49625 0.3525 0.49625 0.34625
2 0.4025 0.39125 0.39375 0.39125 0.39375 0.39875 0.4025 0.39875 0.4025 0.39125
2 0.515 0.32375 0.50875 0.32375 0.50875 0.32999999999999996 0.515 0.32999999999999996 0.515 0.32375
2 0.51 0.31124999999999997 0.5025000000000001 0.31124999999999997 0.5025000000000001 0.31875 0.51 0.31875 0.51 0.31124999999999997
2 0.48 0.30874999999999997 0.47375 0.30874999999999997 0.47375 0.315 0.48 0.315 0.48 0.30874999999999997
2 0.47625 0.3125 0.47125000000000006 0.3125 0.47125000000000006 0.3175 0.47625 0.3175 0.47625 0.3125
2 0.46875 0.3275 0.46125 0.3275 0.46125 0.3325 0.46875 0.3325 0.46875 0.3275
2 0.51 0.325 0.50125 0.325 0.50125 0.3325 0.51 0.3325 0.51 0.325
2 0.4625 0.34375 0.45499999999999996 0.34375 0.45499999999999996 0.35 0.4625 0.35 0.4625 0.34375
2 0.48125 0.3375 0.475 0.3375 0.475 0.34249999999999997 0.48125 0.34249999999999997 0.48125 0.3375
2 0.47750000000000004 0.33999999999999997 0.47125000000000006 0.33999999999999997 0.47125000000000006 0.34625 0.47750000000000004 0.34625 0.47750000000000004 0.33999999999999997
2 0.47375 0.34249999999999997 0.46875 0.34249999999999997 0.46875 0.34750000000000003 0.47375 0.34750000000000003 0.47375 0.34249999999999997
2 0.37625000000000003 0.39375 0.36625 0.39375 0.36625 0.4025 0.37625000000000003 0.4025 0.37625000000000003 0.39375
2 0.34625 0.41500000000000004 0.33999999999999997 0.41500000000000004 0.33999999999999997 0.4225 0.34625 0.4225 0.34625 0.41500000000000004
2 0.3525 0.41125 0.34625 0.41125 0.34625 0.42000000000000004 0.3525 0.42000000000000004 0.3525 0.41125
2 0.38375 0.3875 0.37625000000000003 0.3875 0.37625000000000003 0.395 0.38375 0.395 0.38375 0.3875
2 0.31375000000000003 0.445 0.30625 0.445 0.30625 0.4525 0.31375000000000003 0.4525 0.31375000000000003 0.445
2 0.32375 0.43875000000000003 0.31875 0.43875000000000003 0.31875 0.445 0.32375 0.445 0.32375 0.43875000000000003
2 0.35375 0.43125 0.34625 0.43125 0.34625 0.4375 0.35375 0.4375 0.35375 0.43125
2 0.36625 0.4025 0.3625 0.4025 0.3625 0.40750000000000003 0.36625 0.40750000000000003 0.36625 0.4025
2 0.38 0.39 0.3725 0.39 0.3725 0.39875 0.38 0.39875 0.38 0.39
2 0.32999999999999996 0.45 0.32375 0.45 0.32375 0.45499999999999996 0.32999999999999996 0.45499999999999996 0.32999999999999996 0.45
2 0.34125 0.44125 0.3325 0.44125 0.3325 0.44749999999999995 0.34125 0.44749999999999995 0.34125 0.44125
2 0.34500000000000003 0.44375 0.3375 0.44375 0.3375 0.45 0.34500000000000003 0.45 0.34500000000000003 0.44375
2 0.37625000000000003 0.40125 0.37124999999999997 0.40125 0.37124999999999997 0.40750000000000003 0.37625000000000003 0.40750000000000003 0.37625000000000003 0.40125
2 0.47750000000000004 0.36124999999999996 0.47000000000000003 0.36124999999999996 0.47000000000000003 0.36875 0.47750000000000004 0.36875 0.47750000000000004 0.36124999999999996
2 0.485 0.5175 0.48 0.5175 0.48 0.5237499999999999 0.485 0.5237499999999999 0.485 0.5175
2 0.55625 0.47874999999999995 0.545 0.47874999999999995 0.545 0.48875 0.55625 0.48875 0.55625 0.47874999999999995
2 0.515 0.49625 0.50875 0.49625 0.50875 0.5025000000000001 0.515 0.5025000000000001 0.515 0.49625
2 0.49375 0.51125 0.4875 0.51125 0.4875 0.51875 0.49375 0.51875 0.49375 0.51125
2 0.49124999999999996 0.51375 0.48375 0.51375 0.48375 0.52 0.49124999999999996 0.52 0.49124999999999996 0.51375
2 0.50125 0.5175 0.495 0.5175 0.495 0.525 0.50125 0.525 0.50125 0.5175
2 0.49749999999999994 0.52 0.49124999999999996 0.52 0.49124999999999996 0.52625 0.49749999999999994 0.52625 0.49749999999999994 0.52
2 0.49124999999999996 0.525 0.48375 0.525 0.48375 0.53125 0.49124999999999996 0.53125 0.49124999999999996 0.525
2 0.48 0.5225 0.4725 0.5225 0.4725 0.53125 0.48 0.53125 0.48 0.5225
2 0.475 0.5275000000000001 0.46875 0.5275000000000001 0.46875 0.5325 0.475 0.5325 0.475 0.5275000000000001
2 0.3875 0.61375 0.37625000000000003 0.61375 0.37625000000000003 0.6224999999999999 0.3875 0.6224999999999999 0.3875 0.61375
2 0.25 0.795 0.24375 0.795 0.24375 0.8 0.25 0.8 0.25 0.795
2 0.26875 0.8162499999999999 0.2625 0.8162499999999999 0.2625 0.82125 0.26875 0.82125 0.26875 0.8162499999999999
2 0.275 0.82 0.26375000000000004 0.82 0.26375000000000004 0.82875 0.275 0.82875 0.275 0.82
2 0.39875 0.77625 0.39375 0.77625 0.39375 0.78125 0.39875 0.78125 0.39875 0.77625
2 0.36375 0.8462500000000001 0.35125 0.8462500000000001 0.35125 0.8525 0.36375 0.8525 0.36375 0.8462500000000001
2 0.34625 0.86 0.33375 0.86 0.33375 0.86875 0.34625 0.86875 0.34625 0.86
2 0.495 0.6025 0.485 0.6025 0.485 0.61125 0.495 0.61125 0.495 0.6025
2 0.49375 0.6125 0.49000000000000005 0.6125 0.49000000000000005 0.6212500000000001 0.49375 0.6212500000000001 0.49375 0.6125
2 0.5075000000000001 0.6224999999999999 0.5 0.6224999999999999 0.5 0.63 0.5075000000000001 0.63 0.5075000000000001 0.6224999999999999
2 0.49749999999999994 0.6275000000000001 0.49000000000000005 0.6275000000000001 0.49000000000000005 0.635 0.49749999999999994 0.635 0.49749999999999994 0.6275000000000001
2 0.50125 0.6325000000000001 0.49625 0.6325000000000001 0.49625 0.63875 0.50125 0.63875 0.50125 0.6325000000000001
2 0.505 0.635 0.49625 0.635 0.49625 0.64125 0.505 0.64125 0.505 0.635
2 0.13 0.805 0.12125 0.805 0.12125 0.8150000000000001 0.13 0.8150000000000001 0.13 0.805
2 0.1275 0.66625 0.11499999999999999 0.66625 0.11499999999999999 0.67125 0.1275 0.67125 0.1275 0.66625
2 0.13874999999999998 0.67125 0.12375 0.67125 0.12375 0.67875 0.13874999999999998 0.67875 0.13874999999999998 0.67125
2 0.1825 0.58125 0.17375000000000002 0.58125 0.17375000000000002 0.58875 0.1825 0.58875 0.1825 0.58125
2 0.15125 0.60875 0.13999999999999999 0.60875 0.13999999999999999 0.6174999999999999 0.15125 0.6174999999999999 0.15125 0.60875
2 0.21125 0.5650000000000001 0.20125 0.5650000000000001 0.20125 0.575 0.21125 0.575 0.21125 0.5650000000000001
2 0.29 0.5725 0.28375 0.5725 0.28375 0.57875 0.29 0.57875 0.29 0.5725
2 0.21375000000000002 0.53625 0.20875 0.53625 0.20875 0.5425 0.21375000000000002 0.5425 0.21375000000000002 0.53625
2 0.22125 0.53125 0.21375000000000002 0.53125 0.21375000000000002 0.54 0.22125 0.54 0.22125 0.53125
2 0.225 0.5287499999999999 0.21875 0.5287499999999999 0.21875 0.5349999999999999 0.225 0.5349999999999999 0.225 0.5287499999999999
2 0.24375 0.51375 0.23875000000000002 0.51375 0.23875000000000002 0.52 0.24375 0.52 0.24375 0.51375
2 0.28125 0.49749999999999994 0.27375 0.49749999999999994 0.27375 0.5075000000000001 0.28125 0.5075000000000001 0.28125 0.49749999999999994
2 0.25125000000000003 0.5375 0.2425 0.5375 0.2425 0.545 0.25125000000000003 0.545 0.25125000000000003 0.5375
2 0.22999999999999998 0.5475 0.22374999999999998 0.5475 0.22374999999999998 0.55375 0.22999999999999998 0.55375 0.22999999999999998 0.5475
2 0.22125 0.58 0.21375000000000002 0.58 0.21375000000000002 0.5862499999999999 0.22125 0.5862499999999999 0.22125 0.58
2 0.16125 0.655 0.155 0.655 0.155 0.6599999999999999 0.16125 0.6599999999999999 0.16125 0.655
2 0.23374999999999999 0.54125 0.22875 0.54125 0.22875 0.5475 0.23374999999999999 0.5475 0.23374999999999999 0.54125
2 0.11625 0.40625 0.10874999999999999 0.40625 0.10874999999999999 0.4125 0.11625 0.4125 0.11625 0.40625