2 0.615 0.8225 0.605 0.8225 0.605 0.8387499999999999 0.615 0.8387499999999999 0.615 0.8225
2 0.8225 0.9125 0.81375 0.9125 0.81375 0.9275 0.8225 0.9275 0.8225 0.9125
2 0.66625 0.655 0.6487499999999999 0.655 0.6487499999999999 0.665 0.66625 0.665 0.66625 0.655
2 0.70625 0.6537499999999999 0.6900000000000001 0.6537499999999999 0.6900000000000001 0.6599999999999999 0.70625 0.6599999999999999 0.70625 0.6537499999999999
2 0.81375 0.665 0.795 0.665 0.795 0.67125 0.81375 0.67125 0.81375 0.665
2 0.5575 0.1825 0.54125 0.1825 0.54125 0.19875 0.5575 0.19875 0.5575 0.1825
2 0.5700000000000001 0.26 0.5599999999999999 0.26 0.5599999999999999 0.27375 0.5700000000000001 0.27375 0.5700000000000001 0.26
2 0.5700000000000001 0.64 0.5549999999999999 0.64 0.5549999999999999 0.645 0.5700000000000001 0.645 0.5700000000000001 0.64
2 0.325 0.5549999999999999 0.315 0.5549999999999999 0.315 0.57125 0.325 0.57125 0.325 0.5549999999999999
2 0.15875 0.93875 0.14625 0.93875 0.14625 0.95 0.15875 0.95 0.15875 0.93875
2 0.39 0.9662499999999999 0.3725 0.9662499999999999 0.3725 0.975 0.39 0.975 0.39 0.9662499999999999
2 0.3125 0.9400000000000001 0.30625 0.9400000000000001 0.30625 0.9550000000000001 0.3125 0.9550000000000001 0.3125 0.9400000000000001
2 0.49874999999999997 0.96125 0.48250000000000004 0.96125 0.48250000000000004 0.96875 0.49874999999999997 0.96875 0.49874999999999997 0.96125
2 0.52125 0.95875 0.505 0.95875 0.505 0.9675 0.52125 0.9675 0.52125 0.95875
2 0.5287499999999999 0.87375 0.52125 0.87375 0.52125 0.89 0.5287499999999999 0.89 0.5287499999999999 0.87375
2 0.73875 0.98375 0.73 0.98375 0.73 0.99875 0.73875 0.99875 0.73875 0.98375
2 0.8275 0.94625 0.8125 0.94625 0.8125 0.9550000000000001 0.8275 0.9550000000000001 0.8275 0.94625
2 0.9800000000000001 0.9525 0.9512499999999999 0.9525 0.9512499999999999 0.9637499999999999 0.9800000000000001 0.9637499999999999 0.9800000000000001 0.9525
2 0.9349999999999999 0.9724999999999999 0.9275 0.9724999999999999 0.9275 0.9875 0.9349999999999999 0.9875 0.9349999999999999 0.9724999999999999
2 0.9487500000000001 0.95375 0.9324999999999999 0.95375 0.9324999999999999 0.9637499999999999 0.9487500000000001 0.9637499999999999 0.9487500000000001 0.95375
2 0.9099999999999999 0.6925 0.9012499999999999 0.6925 0.9012499999999999 0.70625 0.9099999999999999 0.70625 0.9099999999999999 0.6925
2 0.7175 0.67 0.7 0.67 0.7 0.6799999999999999 0.7175 0.6799999999999999 0.7175 0.67
2 0.83625 0.40499999999999997 0.825 0.40499999999999997 0.825 0.41875 0.83625 0.41875 0.83625 0.40499999999999997
2 0.9225 0.40750000000000003 0.915 0.40750000000000003 0.915 0.42625 0.9225 0.42625 0.9225 0.40750000000000003
2 0.9425000000000001 0.40374999999999994 0.9375 0.40374999999999994 0.9375 0.41500000000000004 0.9425000000000001 0.41500000000000004 0.9425000000000001 0.40374999999999994
2 0.9425000000000001 0.4175 0.9375 0.4175 0.9375 0.42874999999999996 0.9425000000000001 0.42874999999999996 0.9425000000000001 0.4175