2 0.16625 0.365 0.14875 0.365 0.14875 0.37124999999999997 0.16625 0.37124999999999997 0.16625 0.365
2 0.42374999999999996 0.33625 0.40625 0.33625 0.40625 0.34125 0.42374999999999996 0.34125 0.42374999999999996 0.33625
2 0.49000000000000005 0.34875 0.47750000000000004 0.34875 0.47750000000000004 0.355 0.49000000000000005 0.355 0.49000000000000005 0.34875
2 0.51 0.34875 0.4925 0.34875 0.4925 0.355 0.51 0.355 0.51 0.34875
2 0.8675 0.38125 0.8525 0.38125 0.8525 0.3875 0.8675 0.3875 0.8675 0.38125
2 0.9099999999999999 0.3825 0.89625 0.3825 0.89625 0.38875000000000004 0.9099999999999999 0.38875000000000004 0.9099999999999999 0.3825
2 0.7837500000000001 0.155 0.7775000000000001 0.155 0.7775000000000001 0.16375 0.7837500000000001 0.16375 0.7837500000000001 0.155
2 0.12625 0.72375 0.1125 0.72375 0.1125 0.73 0.12625 0.73 0.12625 0.72375
2 0.845 0.98125 0.8375 0.98125 0.8375 0.9949999999999999 0.845 0.9949999999999999 0.845 0.98125
2 0.8324999999999999 0.8262499999999999 0.8262499999999999 0.8262499999999999 0.8262499999999999 0.8375 0.8324999999999999 0.8375 0.8324999999999999 0.8262499999999999
2 0.3875 0.315 0.38 0.315 0.38 0.32875 0.3875 0.32875 0.3875 0.315
2 0.045 0.5725 0.03 0.5725 0.03 0.58125 0.045 0.58125 0.045 0.5725