2 0.0475 0.28875 0.0375 0.28875 0.0375 0.305 0.0475 0.305 0.0475 0.28875
2 0.042499999999999996 0.3375 0.03 0.3375 0.03 0.35125 0.042499999999999996 0.35125 0.042499999999999996 0.3375
2 0.061250000000000006 0.3525 0.0475 0.3525 0.0475 0.36625 0.061250000000000006 0.36625 0.061250000000000006 0.3525
2 0.04375 0.4325 0.03125 0.4325 0.03125 0.445 0.04375 0.445 0.04375 0.4325
2 0.16625 0.35875 0.155 0.35875 0.155 0.37625000000000003 0.16625 0.37625000000000003 0.16625 0.35875
2 0.17875000000000002 0.6599999999999999 0.1675 0.6599999999999999 0.1675 0.675 0.17875000000000002 0.675 0.17875000000000002 0.6599999999999999
2 0.24500000000000002 0.705 0.2375 0.705 0.2375 0.7175 0.24500000000000002 0.7175 0.24500000000000002 0.705
2 0.20125 0.73125 0.18625 0.73125 0.18625 0.74125 0.20125 0.74125 0.20125 0.73125
2 0.24500000000000002 0.76625 0.22625 0.76625 0.22625 0.7775000000000001 0.24500000000000002 0.7775000000000001 0.24500000000000002 0.76625
2 0.32125 0.78 0.305 0.78 0.305 0.79125 0.32125 0.79125 0.32125 0.78
2 0.41125 0.8375 0.395 0.8375 0.395 0.8550000000000001 0.41125 0.8550000000000001 0.41125 0.8375