2 0.3225 0.8087500000000001 0.3175 0.8087500000000001 0.3175 0.8175000000000001 0.3225 0.8175000000000001 0.3225 0.8087500000000001
2 0.34125 0.775 0.33625 0.775 0.33625 0.7825 0.34125 0.7825 0.34125 0.775
2 0.29874999999999996 0.9675 0.29500000000000004 0.9675 0.29500000000000004 0.9737500000000001 0.29874999999999996 0.9737500000000001 0.29874999999999996 0.9675
2 0.21875 0.9824999999999999 0.20625 0.9824999999999999 0.20625 0.9887499999999999 0.21875 0.9887499999999999 0.21875 0.9824999999999999
2 0.24874999999999997 0.9875 0.24 0.9875 0.24 0.99375 0.24874999999999997 0.99375 0.24874999999999997 0.9875
2 0.36124999999999996 0.9925 0.35125 0.9925 0.35125 0.99875 0.36124999999999996 0.99875 0.36124999999999996 0.9925
2 0.20625 0.9712500000000001 0.19624999999999998 0.9712500000000001 0.19624999999999998 0.975 0.20625 0.975 0.20625 0.9712500000000001
2 0.05625 0.95875 0.0475 0.95875 0.0475 0.9637499999999999 0.05625 0.9637499999999999 0.05625 0.95875
2 0.125 0.97 0.11750000000000001 0.97 0.11750000000000001 0.9737500000000001 0.125 0.9737500000000001 0.125 0.97
2 0.1325 0.9712500000000001 0.125 0.9712500000000001 0.125 0.97625 0.1325 0.97625 0.1325 0.9712500000000001
2 0.01875 0.9425000000000001 0.01 0.9425000000000001 0.01 0.9475 0.01875 0.9475 0.01875 0.9425000000000001
2 0.16875 0.83625 0.16 0.83625 0.16 0.8400000000000001 0.16875 0.8400000000000001 0.16875 0.83625
2 0.4175 0.14625 0.395 0.14625 0.395 0.155 0.4175 0.155 0.4175 0.14625
2 0.34750000000000003 0.06375 0.33999999999999997 0.06375 0.33999999999999997 0.0925 0.34750000000000003 0.0925 0.34750000000000003 0.06375
2 0.35375 0.065 0.34750000000000003 0.065 0.34750000000000003 0.09 0.35375 0.09 0.35375 0.065
2 0.36 0.065 0.35375 0.065 0.35375 0.08875 0.36 0.08875 0.36 0.065
2 0.365 0.07375000000000001 0.35750000000000004 0.07375000000000001 0.35750000000000004 0.1 0.365 0.1 0.365 0.07375000000000001
2 0.4125 0.20249999999999999 0.40499999999999997 0.20249999999999999 0.40499999999999997 0.21000000000000002 0.4125 0.21000000000000002 0.4125 0.20249999999999999
2 0.28125 0.16375 0.275 0.16375 0.275 0.17250000000000001 0.28125 0.17250000000000001 0.28125 0.16375
2 0.24874999999999997 0.1575 0.24500000000000002 0.1575 0.24500000000000002 0.16625 0.24874999999999997 0.16625 0.24874999999999997 0.1575
2 0.255 0.1575 0.24874999999999997 0.1575 0.24874999999999997 0.16625 0.255 0.16625 0.255 0.1575
2 0.26625 0.16125 0.2625 0.16125 0.2625 0.16875 0.26625 0.16875 0.26625 0.16125
2 0.215 0.12 0.20875 0.12 0.20875 0.13 0.215 0.13 0.215 0.12
2 0.22000000000000003 0.08625000000000001 0.2125 0.08625000000000001 0.2125 0.10124999999999999 0.22000000000000003 0.10124999999999999 0.22000000000000003 0.08625000000000001
2 0.25625 0.19125 0.24874999999999997 0.19125 0.24874999999999997 0.19875 0.25625 0.19875 0.25625 0.19125
2 0.27875 0.20875 0.27 0.20875 0.27 0.21875 0.27875 0.21875 0.27875 0.20875
2 0.25625 0.20750000000000002 0.25125000000000003 0.20750000000000002 0.25125000000000003 0.21749999999999997 0.25625 0.21749999999999997 0.25625 0.20750000000000002
2 0.26125 0.20750000000000002 0.25625 0.20750000000000002 0.25625 0.21749999999999997 0.26125 0.21749999999999997 0.26125 0.20750000000000002
2 0.017499999999999998 0.14750000000000002 0.0125 0.14750000000000002 0.0125 0.15375 0.017499999999999998 0.15375 0.017499999999999998 0.14750000000000002
2 0.026250000000000002 0.14875 0.0225 0.14875 0.0225 0.15375 0.026250000000000002 0.15375 0.026250000000000002 0.14875
2 0.04375 0.14875 0.041249999999999995 0.14875 0.041249999999999995 0.15625 0.04375 0.15625 0.04375 0.14875
2 0.0475 0.15 0.04375 0.15 0.04375 0.1575 0.0475 0.1575 0.0475 0.15
2 0.03125 0.14875 0.026250000000000002 0.14875 0.026250000000000002 0.1575 0.03125 0.1575 0.03125 0.14875