2 0.37625000000000003 0.15 0.36124999999999996 0.15 0.36124999999999996 0.1625 0.37625000000000003 0.1625 0.37625000000000003 0.15
2 0.39 0.145 0.3775 0.145 0.3775 0.15625 0.39 0.15625 0.39 0.145
2 0.4175 0.1275 0.40499999999999997 0.1275 0.40499999999999997 0.13999999999999999 0.4175 0.13999999999999999 0.4175 0.1275
2 0.45875000000000005 0.1025 0.44749999999999995 0.1025 0.44749999999999995 0.11374999999999999 0.45875000000000005 0.11374999999999999 0.45875000000000005 0.1025
2 0.49749999999999994 0.07625 0.485 0.07625 0.485 0.08875 0.49749999999999994 0.08875 0.49749999999999994 0.07625
2 0.51125 0.06999999999999999 0.49749999999999994 0.06999999999999999 0.49749999999999994 0.08249999999999999 0.51125 0.08249999999999999 0.51125 0.06999999999999999
2 0.525 0.061250000000000006 0.51 0.061250000000000006 0.51 0.0725 0.525 0.0725 0.525 0.061250000000000006
2 0.55625 0.042499999999999996 0.54125 0.042499999999999996 0.54125 0.052500000000000005 0.55625 0.052500000000000005 0.55625 0.042499999999999996
2 0.55125 0.07875 0.5375 0.07875 0.5375 0.08875 0.55125 0.08875 0.55125 0.07875
2 0.185 0.6287499999999999 0.1675 0.6287499999999999 0.1675 0.6425 0.185 0.6425 0.185 0.6287499999999999
2 0.24125000000000002 0.5575 0.23125 0.5575 0.23125 0.56875 0.24125000000000002 0.56875 0.24125000000000002 0.5575
2 0.06625 0.6599999999999999 0.04875 0.6599999999999999 0.04875 0.6725 0.06625 0.6725 0.06625 0.6599999999999999
2 0.375 0.51875 0.36124999999999996 0.51875 0.36124999999999996 0.5287499999999999 0.375 0.5287499999999999 0.375 0.51875
2 0.445 0.46624999999999994 0.4325 0.46624999999999994 0.4325 0.47750000000000004 0.445 0.47750000000000004 0.445 0.46624999999999994
2 0.51875 0.42374999999999996 0.5025000000000001 0.42374999999999996 0.5025000000000001 0.43499999999999994 0.51875 0.43499999999999994 0.51875 0.42374999999999996
2 0.61875 0.37625000000000003 0.60375 0.37625000000000003 0.60375 0.385 0.61875 0.385 0.61875 0.37625000000000003
2 0.6725 0.37875000000000003 0.6575 0.37875000000000003 0.6575 0.3875 0.6725 0.3875 0.6725 0.37875000000000003
2 0.845 0.01125 0.8387499999999999 0.01125 0.8387499999999999 0.0225 0.845 0.0225 0.845 0.01125
2 0.79125 0.13125 0.7837500000000001 0.13125 0.7837500000000001 0.14375 0.79125 0.14375 0.79125 0.13125
2 0.885 0.041249999999999995 0.8724999999999999 0.041249999999999995 0.8724999999999999 0.05 0.885 0.05 0.885 0.041249999999999995
2 0.8800000000000001 0.12 0.8675 0.12 0.8675 0.1275 0.8800000000000001 0.1275 0.8800000000000001 0.12
2 0.7775000000000001 0.21375000000000002 0.76875 0.21375000000000002 0.76875 0.22625 0.7775000000000001 0.22625 0.7775000000000001 0.21375000000000002
2 0.8087500000000001 0.22374999999999998 0.79875 0.22374999999999998 0.79875 0.24 0.8087500000000001 0.24 0.8087500000000001 0.22374999999999998
2 0.77125 0.2475 0.7625 0.2475 0.7625 0.26375000000000004 0.77125 0.26375000000000004 0.77125 0.2475
2 0.825 0.31625000000000003 0.8162499999999999 0.31625000000000003 0.8162499999999999 0.32999999999999996 0.825 0.32999999999999996 0.825 0.31625000000000003
2 0.81875 0.34750000000000003 0.8099999999999999 0.34750000000000003 0.8099999999999999 0.36124999999999996 0.81875 0.36124999999999996 0.81875 0.34750000000000003
2 0.8400000000000001 0.27999999999999997 0.8262499999999999 0.27999999999999997 0.8262499999999999 0.2875 0.8400000000000001 0.2875 0.8400000000000001 0.27999999999999997
2 0.7675 0.45 0.76 0.45 0.76 0.465 0.7675 0.465 0.7675 0.45
2 0.70875 0.45875000000000005 0.6950000000000001 0.45875000000000005 0.6950000000000001 0.46624999999999994 0.70875 0.46624999999999994 0.70875 0.45875000000000005
2 0.7975 0.525 0.7825 0.525 0.7825 0.53125 0.7975 0.53125 0.7975 0.525
2 0.7625 0.755 0.74875 0.755 0.74875 0.7625 0.7625 0.7625 0.7625 0.755
2 0.755 0.7725 0.74125 0.7725 0.74125 0.7825 0.755 0.7825 0.755 0.7725
2 0.7112499999999999 0.85125 0.7025 0.85125 0.7025 0.86625 0.7112499999999999 0.86625 0.7112499999999999 0.85125
2 0.7112499999999999 0.7837500000000001 0.70125 0.7837500000000001 0.70125 0.7975 0.7112499999999999 0.7975 0.7112499999999999 0.7837500000000001
2 0.6425 0.85625 0.6275000000000001 0.85625 0.6275000000000001 0.86875 0.6425 0.86875 0.6425 0.85625
2 0.6587500000000001 0.9087500000000001 0.6475 0.9087500000000001 0.6475 0.9237500000000001 0.6587500000000001 0.9237500000000001 0.6587500000000001 0.9087500000000001
2 0.7025 0.8262499999999999 0.6950000000000001 0.8262499999999999 0.6950000000000001 0.8400000000000001 0.7025 0.8400000000000001 0.7025 0.8262499999999999
2 0.6537499999999999 0.9349999999999999 0.645 0.9349999999999999 0.645 0.9512499999999999 0.6537499999999999 0.9512499999999999 0.6537499999999999 0.9349999999999999
2 0.65125 0.82 0.63875 0.82 0.63875 0.8262499999999999 0.65125 0.8262499999999999 0.65125 0.82
2 0.8800000000000001 0.40750000000000003 0.86625 0.40750000000000003 0.86625 0.41500000000000004 0.8800000000000001 0.41500000000000004 0.8800000000000001 0.40750000000000003
2 0.89875 0.41125 0.885 0.41125 0.885 0.41875 0.89875 0.41875 0.89875 0.41125
2 0.975 0.47750000000000004 0.96875 0.47750000000000004 0.96875 0.49000000000000005 0.975 0.49000000000000005 0.975 0.47750000000000004
2 0.99875 0.40499999999999997 0.98125 0.40499999999999997 0.98125 0.41875 0.99875 0.41875 0.99875 0.40499999999999997
2 0.9662499999999999 0.395 0.95375 0.395 0.95375 0.40750000000000003 0.9662499999999999 0.40750000000000003 0.9662499999999999 0.395
2 0.82125 0.02375 0.8150000000000001 0.02375 0.8150000000000001 0.03625 0.82125 0.03625 0.82125 0.02375
2 0.66875 0.8487500000000001 0.6587500000000001 0.8487500000000001 0.6587500000000001 0.8637499999999999 0.66875 0.8637499999999999 0.66875 0.8487500000000001
2 0.6900000000000001 0.89125 0.6837500000000001 0.89125 0.6837500000000001 0.90625 0.6900000000000001 0.90625 0.6900000000000001 0.89125
2 0.14750000000000002 0.69375 0.13374999999999998 0.69375 0.13374999999999998 0.70875 0.14750000000000002 0.70875 0.14750000000000002 0.69375
2 0.15125 0.74125 0.13374999999999998 0.74125 0.13374999999999998 0.7525000000000001 0.15125 0.7525000000000001 0.15125 0.74125
2 0.15375 0.75 0.14750000000000002 0.75 0.14750000000000002 0.76625 0.15375 0.76625 0.15375 0.75
2 0.17250000000000001 0.74375 0.16125 0.74375 0.16125 0.76 0.17250000000000001 0.76 0.17250000000000001 0.74375
2 0.18 0.75875 0.16875 0.75875 0.16875 0.7725 0.18 0.7725 0.18 0.75875
2 0.19375 0.7849999999999999 0.18375 0.7849999999999999 0.18375 0.8012499999999999 0.19375 0.8012499999999999 0.19375 0.7849999999999999
2 0.22875 0.89625 0.215 0.89625 0.215 0.9087500000000001 0.22875 0.9087500000000001 0.22875 0.89625
2 0.31124999999999997 0.9475 0.29874999999999996 0.9475 0.29874999999999996 0.9574999999999999 0.31124999999999997 0.9574999999999999 0.31124999999999997 0.9475
2 0.25 0.9475 0.24 0.9475 0.24 0.9625 0.25 0.9625 0.25 0.9475
2 0.2575 0.96875 0.24375 0.96875 0.24375 0.97625 0.2575 0.97625 0.2575 0.96875
2 0.265 0.97625 0.2525 0.97625 0.2525 0.9824999999999999 0.265 0.9824999999999999 0.265 0.97625
2 0.2625 0.98375 0.2475 0.98375 0.2475 0.99375 0.2625 0.99375 0.2625 0.98375
2 0.5475 0.11499999999999999 0.5375 0.11499999999999999 0.5375 0.1275 0.5475 0.1275 0.5475 0.11499999999999999
2 0.355 0.17875000000000002 0.34375 0.17875000000000002 0.34375 0.19 0.355 0.19 0.355 0.17875000000000002
2 0.255 0.6125 0.24500000000000002 0.6125 0.24500000000000002 0.62375 0.255 0.62375 0.255 0.6125
2 0.1875 0.8150000000000001 0.16999999999999998 0.8150000000000001 0.16999999999999998 0.82875 0.1875 0.82875 0.1875 0.8150000000000001
2 0.21749999999999997 0.8262499999999999 0.205 0.8262499999999999 0.205 0.8425 0.21749999999999997 0.8425 0.21749999999999997 0.8262499999999999
2 0.1675 0.7837500000000001 0.145 0.7837500000000001 0.145 0.8 0.1675 0.8 0.1675 0.7837500000000001
2 0.6587500000000001 0.76625 0.63875 0.76625 0.63875 0.775 0.6587500000000001 0.775 0.6587500000000001 0.76625
2 0.73 0.22125 0.70875 0.22125 0.70875 0.2325 0.73 0.2325 0.73 0.22125