2 0.985 0.44000000000000006 0.94625 0.44000000000000006 0.94625 0.45625 0.985 0.45625 0.985 0.44000000000000006
2 0.51625 0.22749999999999998 0.47874999999999995 0.22749999999999998 0.47874999999999995 0.24500000000000002 0.51625 0.24500000000000002 0.51625 0.22749999999999998
2 0.16499999999999998 0.32125 0.145 0.32125 0.145 0.3325 0.16499999999999998 0.3325 0.16499999999999998 0.32125
2 0.185 0.3025 0.16625 0.3025 0.16625 0.3125 0.185 0.3125 0.185 0.3025
2 0.1575 0.47125000000000006 0.13874999999999998 0.47125000000000006 0.13874999999999998 0.48125 0.1575 0.48125 0.1575 0.47125000000000006
2 0.20750000000000002 0.24625 0.18375 0.24625 0.18375 0.25875 0.20750000000000002 0.25875 0.20750000000000002 0.24625
2 0.4525 0.33875 0.43125 0.33875 0.43125 0.34750000000000003 0.4525 0.34750000000000003 0.4525 0.33875
2 0.47750000000000004 0.33875 0.45875000000000005 0.33875 0.45875000000000005 0.34750000000000003 0.47750000000000004 0.34750000000000003 0.47750000000000004 0.33875
2 0.49874999999999997 0.33875 0.48125 0.33875 0.48125 0.34875 0.49874999999999997 0.34875 0.49874999999999997 0.33875
2 0.5025000000000001 0.29125 0.47000000000000003 0.29125 0.47000000000000003 0.3075 0.5025000000000001 0.3075 0.5025000000000001 0.29125
2 0.45499999999999996 0.29500000000000004 0.42374999999999996 0.29500000000000004 0.42374999999999996 0.30874999999999997 0.45499999999999996 0.30874999999999997 0.45499999999999996 0.29500000000000004
2 0.1275 0.52125 0.061250000000000006 0.52125 0.061250000000000006 0.53625 0.1275 0.53625 0.1275 0.52125
2 0.3275 0.51875 0.24874999999999997 0.51875 0.24874999999999997 0.5337500000000001 0.3275 0.5337500000000001 0.3275 0.51875