2 0.1675 0.64625 0.155 0.64625 0.155 0.6525000000000001 0.1675 0.6525000000000001 0.1675 0.64625
2 0.23500000000000001 0.5675 0.22875 0.5675 0.22875 0.58125 0.23500000000000001 0.58125 0.23500000000000001 0.5675
2 0.53125 0.5675 0.51625 0.5675 0.51625 0.57375 0.53125 0.57375 0.53125 0.5675
2 0.20875 0.53125 0.20249999999999999 0.53125 0.20249999999999999 0.54125 0.20875 0.54125 0.20875 0.53125
2 0.21000000000000002 0.545 0.205 0.545 0.205 0.5575 0.21000000000000002 0.5575 0.21000000000000002 0.545
2 0.75875 0.7787499999999999 0.7375 0.7787499999999999 0.7375 0.79 0.75875 0.79 0.75875 0.7787499999999999
2 0.6849999999999999 0.7375 0.66875 0.7375 0.66875 0.74375 0.6849999999999999 0.74375 0.6849999999999999 0.7375
2 0.73875 0.7175 0.73 0.7175 0.73 0.7262500000000001 0.73875 0.7262500000000001 0.73875 0.7175
2 0.56125 0.595 0.54875 0.595 0.54875 0.605 0.56125 0.605 0.56125 0.595
2 0.5825 0.5675 0.56875 0.5675 0.56875 0.57625 0.5825 0.57625 0.5825 0.5675
2 0.61875 0.30125 0.605 0.30125 0.605 0.30625 0.61875 0.30625 0.61875 0.30125
2 0.63625 0.39125 0.63 0.39125 0.63 0.4025 0.63625 0.4025 0.63625 0.39125
2 0.62375 0.39375 0.6174999999999999 0.39375 0.6174999999999999 0.40499999999999997 0.62375 0.40499999999999997 0.62375 0.39375
2 0.16999999999999998 0.32875 0.1575 0.32875 0.1575 0.33375 0.16999999999999998 0.33375 0.16999999999999998 0.32875
2 0.21749999999999997 0.32999999999999996 0.21375000000000002 0.32999999999999996 0.21375000000000002 0.33999999999999997 0.21749999999999997 0.33999999999999997 0.21749999999999997 0.32999999999999996
2 0.185 0.42000000000000004 0.16999999999999998 0.42000000000000004 0.16999999999999998 0.425 0.185 0.425 0.185 0.42000000000000004
2 0.1675 0.42000000000000004 0.15 0.42000000000000004 0.15 0.425 0.1675 0.425 0.1675 0.42000000000000004
2 0.22749999999999998 0.034999999999999996 0.22000000000000003 0.034999999999999996 0.22000000000000003 0.04625 0.22749999999999998 0.04625 0.22749999999999998 0.034999999999999996
2 0.0475 0.2225 0.04 0.2225 0.04 0.23374999999999999 0.0475 0.23374999999999999 0.0475 0.2225
2 0.34750000000000003 0.625 0.33125 0.625 0.33125 0.6325000000000001 0.34750000000000003 0.6325000000000001 0.34750000000000003 0.625
2 0.5025000000000001 0.04 0.48875 0.04 0.48875 0.052500000000000005 0.5025000000000001 0.052500000000000005 0.5025000000000001 0.04
2 0.50125 0.05625 0.48875 0.05625 0.48875 0.061250000000000006 0.50125 0.061250000000000006 0.50125 0.05625
2 0.5037499999999999 0.06375 0.49124999999999996 0.06375 0.49124999999999996 0.0675 0.5037499999999999 0.0675 0.5037499999999999 0.06375
2 0.58875 0.9349999999999999 0.58 0.9349999999999999 0.58 0.9475 0.58875 0.9475 0.58875 0.9349999999999999
2 0.735 0.95375 0.7262500000000001 0.95375 0.7262500000000001 0.9662499999999999 0.735 0.9662499999999999 0.735 0.95375
2 0.66875 0.52125 0.6487499999999999 0.52125 0.6487499999999999 0.5275000000000001 0.66875 0.5275000000000001 0.66875 0.52125
2 0.605 0.19875 0.58875 0.19875 0.58875 0.205 0.605 0.205 0.605 0.19875
2 0.9275 0.04875 0.9175000000000001 0.04875 0.9175000000000001 0.061250000000000006 0.9275 0.061250000000000006 0.9275 0.04875
2 0.95875 0.08249999999999999 0.945 0.08249999999999999 0.945 0.0875 0.95875 0.0875 0.95875 0.08249999999999999
2 0.9800000000000001 0.08249999999999999 0.9650000000000001 0.08249999999999999 0.9650000000000001 0.0875 0.9800000000000001 0.0875 0.9800000000000001 0.08249999999999999
2 0.8225 0.39375 0.8074999999999999 0.39375 0.8074999999999999 0.40125 0.8225 0.40125 0.8225 0.39375
2 0.90625 0.4375 0.89875 0.4375 0.89875 0.45125000000000004 0.90625 0.45125000000000004 0.90625 0.4375
2 0.9275 0.615 0.9175000000000001 0.615 0.9175000000000001 0.625 0.9275 0.625 0.9275 0.615
2 0.93875 0.6287499999999999 0.9275 0.6287499999999999 0.9275 0.6425 0.93875 0.6425 0.93875 0.6287499999999999
2 0.8474999999999999 0.65 0.835 0.65 0.835 0.6575 0.8474999999999999 0.6575 0.8474999999999999 0.65
2 0.96 0.6825 0.94375 0.6825 0.94375 0.6950000000000001 0.96 0.6950000000000001 0.96 0.6825
2 0.98125 0.845 0.9662499999999999 0.845 0.9662499999999999 0.8550000000000001 0.98125 0.8550000000000001 0.98125 0.845
2 0.8462500000000001 0.8087500000000001 0.83625 0.8087500000000001 0.83625 0.8225 0.8462500000000001 0.8225 0.8462500000000001 0.8087500000000001
2 0.79125 0.755 0.7737499999999999 0.755 0.7737499999999999 0.7625 0.79125 0.7625 0.79125 0.755
2 0.22749999999999998 0.46125 0.22125 0.46125 0.22125 0.47750000000000004 0.22749999999999998 0.47750000000000004 0.22749999999999998 0.46125
2 0.22999999999999998 0.48125 0.22125 0.48125 0.22125 0.49749999999999994 0.22999999999999998 0.49749999999999994 0.22999999999999998 0.48125
2 0.7075 0.9375 0.6950000000000001 0.9375 0.6950000000000001 0.94625 0.7075 0.94625 0.7075 0.9375