2 0.9775 0.2625 0.96 0.2625 0.96 0.26875 0.9775 0.26875 0.9775 0.2625
2 0.33625 0.46624999999999994 0.32875 0.46624999999999994 0.32875 0.48125 0.33625 0.48125 0.33625 0.46624999999999994
2 0.22875 0.43 0.21625 0.43 0.21625 0.44375 0.22875 0.44375 0.22875 0.43
2 0.21625 0.45999999999999996 0.1975 0.45999999999999996 0.1975 0.47125000000000006 0.21625 0.47125000000000006 0.21625 0.45999999999999996
2 0.14250000000000002 0.43125 0.12625 0.43125 0.12625 0.4425 0.14250000000000002 0.4425 0.14250000000000002 0.43125
2 0.17250000000000001 0.445 0.15375 0.445 0.15375 0.45499999999999996 0.17250000000000001 0.45499999999999996 0.17250000000000001 0.445
2 0.19125 0.45625 0.175 0.45625 0.175 0.47125000000000006 0.19125 0.47125000000000006 0.19125 0.45625
2 0.21625 0.48375 0.19875 0.48375 0.19875 0.495 0.21625 0.495 0.21625 0.48375
2 0.205 0.46875 0.19125 0.46875 0.19125 0.48 0.205 0.48 0.205 0.46875
2 0.265 0.45499999999999996 0.2525 0.45499999999999996 0.2525 0.46875 0.265 0.46875 0.265 0.45499999999999996
2 0.4 0.5349999999999999 0.38375 0.5349999999999999 0.38375 0.54625 0.4 0.54625 0.4 0.5349999999999999
2 0.3825 0.54125 0.365 0.54125 0.365 0.5525 0.3825 0.5525 0.3825 0.54125
2 0.33999999999999997 0.55 0.32875 0.55 0.32875 0.5625 0.33999999999999997 0.5625 0.33999999999999997 0.55
2 0.28625 0.5375 0.275 0.5375 0.275 0.54875 0.28625 0.54875 0.28625 0.5375
2 0.55125 0.60375 0.54125 0.60375 0.54125 0.6212500000000001 0.55125 0.6212500000000001 0.55125 0.60375
2 0.47375 0.60625 0.46624999999999994 0.60625 0.46624999999999994 0.61875 0.47375 0.61875 0.47375 0.60625
2 0.725 0.5974999999999999 0.7112499999999999 0.5974999999999999 0.7112499999999999 0.60875 0.725 0.60875 0.725 0.5974999999999999
2 0.74375 0.605 0.7262500000000001 0.605 0.7262500000000001 0.61625 0.74375 0.61625 0.74375 0.605
2 0.7675 0.6475 0.76 0.6475 0.76 0.6599999999999999 0.7675 0.6599999999999999 0.7675 0.6475
2 0.6775 0.80375 0.6599999999999999 0.80375 0.6599999999999999 0.8150000000000001 0.6775 0.8150000000000001 0.6775 0.80375
2 0.7025 0.8300000000000001 0.6837500000000001 0.8300000000000001 0.6837500000000001 0.83625 0.7025 0.83625 0.7025 0.8300000000000001
2 0.875 0.79875 0.8675 0.79875 0.8675 0.8125 0.875 0.8125 0.875 0.79875
2 0.95375 0.82 0.9349999999999999 0.82 0.9349999999999999 0.8275 0.95375 0.8275 0.95375 0.82
2 0.875 0.83375 0.8574999999999999 0.83375 0.8574999999999999 0.8425 0.875 0.8425 0.875 0.83375
2 0.39249999999999996 0.5700000000000001 0.38125 0.5700000000000001 0.38125 0.58375 0.39249999999999996 0.58375 0.39249999999999996 0.5700000000000001
2 0.46375 0.6224999999999999 0.45499999999999996 0.6224999999999999 0.45499999999999996 0.6375 0.46375 0.6375 0.46375 0.6224999999999999
2 0.645 0.60875 0.63875 0.60875 0.63875 0.62375 0.645 0.62375 0.645 0.60875
2 0.705 0.61375 0.6950000000000001 0.61375 0.6950000000000001 0.6287499999999999 0.705 0.6287499999999999 0.705 0.61375
2 0.79375 0.8300000000000001 0.7787499999999999 0.8300000000000001 0.7787499999999999 0.8387499999999999 0.79375 0.8387499999999999 0.79375 0.8300000000000001
2 0.86625 0.8012499999999999 0.86 0.8012499999999999 0.86 0.8150000000000001 0.86625 0.8150000000000001 0.86625 0.8012499999999999