2 0.09375 0.34249999999999997 0.07875 0.34249999999999997 0.07875 0.35750000000000004 0.09375 0.35750000000000004 0.09375 0.34249999999999997
2 0.1325 0.7787499999999999 0.12 0.7787499999999999 0.12 0.78625 0.1325 0.78625 0.1325 0.7787499999999999
2 0.7 0.7887500000000001 0.6912499999999999 0.7887500000000001 0.6912499999999999 0.805 0.7 0.805 0.7 0.7887500000000001
2 0.6912499999999999 0.8262499999999999 0.6837500000000001 0.8262499999999999 0.6837500000000001 0.84375 0.6912499999999999 0.84375 0.6912499999999999 0.8262499999999999
2 0.70625 0.8275 0.69875 0.8275 0.69875 0.8412499999999999 0.70625 0.8412499999999999 0.70625 0.8275
2 0.7125 0.79 0.70625 0.79 0.70625 0.80375 0.7125 0.80375 0.7125 0.79
2 0.745 0.9087500000000001 0.7375 0.9087500000000001 0.7375 0.9262499999999999 0.745 0.9262499999999999 0.745 0.9087500000000001
2 0.03125 0.41624999999999995 0.01625 0.41624999999999995 0.01625 0.43375 0.03125 0.43375 0.03125 0.41624999999999995
2 0.20375000000000001 0.21000000000000002 0.19125 0.21000000000000002 0.19125 0.2225 0.20375000000000001 0.2225 0.20375000000000001 0.21000000000000002
2 0.27125 0.095 0.26 0.095 0.26 0.10625 0.27125 0.10625 0.27125 0.095
2 0.6 0.03125 0.5875 0.03125 0.5875 0.04375 0.6 0.04375 0.6 0.03125
2 0.0975 0.30375 0.08499999999999999 0.30375 0.08499999999999999 0.3175 0.0975 0.3175 0.0975 0.30375
2 0.1675 0.25125000000000003 0.155 0.25125000000000003 0.155 0.26625 0.1675 0.26625 0.1675 0.25125000000000003
2 0.24500000000000002 0.77625 0.2325 0.77625 0.2325 0.7837500000000001 0.24500000000000002 0.7837500000000001 0.24500000000000002 0.77625
2 0.1675 0.8099999999999999 0.1575 0.8099999999999999 0.1575 0.8225 0.1675 0.8225 0.1675 0.8099999999999999
2 0.01 0.43875000000000003 0.00125 0.43875000000000003 0.00125 0.4525 0.01 0.4525 0.01 0.43875000000000003
2 0.76875 0.56875 0.7575000000000001 0.56875 0.7575000000000001 0.57875 0.76875 0.57875 0.76875 0.56875
2 0.7575000000000001 0.52625 0.745 0.52625 0.745 0.5349999999999999 0.7575000000000001 0.5349999999999999 0.7575000000000001 0.52625
2 0.66875 0.98125 0.655 0.98125 0.655 0.9875 0.66875 0.9875 0.66875 0.98125