0 0.02734375 0.2328125 0.0390625 0.05625
0 0.09140625 0.38671875 0.0390625 0.0703125
0 0.1296875 0.4921875 0.0375 0.053125
0 0.18828125 0.55703125 0.0421875 0.0390625
0 0.4203125 0.47578125 0.059375 0.0484375
0 0.38125 0.28984375 0.034375 0.0328125
0 0.26875 0.0203125 0.0375 0.040625
0 0.5625 0.01015625 0.034375 0.0203125
0 0.634375 0.178125 0.04375 0.034375
0 0.02734375 0.2359375 0.0390625 0.053125
0 0.0859375 0.3828125 0.040625 0.05
0 0.13125 0.4953125 0.0375 0.046875
0 0.190625 0.5546875 0.046875 0.040625
0 0.42578125 0.465625 0.0640625 0.05625
0 0.3828125 0.290625 0.04375 0.03125
0 0.6328125 0.18125 0.0375 0.0375
0 0.559375 0.009375 0.0375 0.01875
0 0.271875 0.0234375 0.04375 0.0375