0 0.38984375 0.6046875 0.0609375 0.04296875
0 0.271875 0.6453125 0.04765625 0.03828125
0 0.0609375 0.73359375 0.05703125 0.0390625
0 0.2734375 0.975 0.03984375 0.03671875
0 0.615625 0.8859375 0.05234375 0.034375
0 0.6359375 0.93125 0.05703125 0.03359375
0 0.796875 0.8890625 0.04375 0.03671875
0 0.815625 0.9375 0.05078125 0.034375
0 0.428125 0.3421875 0.04765625 0.04296875
0 0.56796875 0.4984375 0.0328125 0.046875
0 0.15078125 0.6984375 0.0515625 0.03828125
0 0.4296875 0.340625 0.05078125 0.04140625
0 0.56484375 0.5 0.0390625 0.04609375
0 0.3875 0.60078125 0.04765625 0.0390625
0 0.275 0.6453125 0.04765625 0.03984375
0 0.1484375 0.69765625 0.04375 0.0390625
0 0.0578125 0.73515625 0.05234375 0.0390625
0 0.634375 0.934375 0.046875 0.0375
0 0.61640625 0.8875 0.0484375 0.03828125
0 0.7984375 0.8890625 0.04296875 0.0375
0 0.815625 0.9375 0.04375 0.0375
0 0.271875 0.9765625 0.03671875 0.04453125