0 0.97421875 0.0625 0.0390625 0.05625
0 0.6203125 0.01015625 0.034375 0.0203125
0 0.7328125 0.2734375 0.0375 0.040625
0 0.821875 0.615625 0.034375 0.053125
0 0.775 0.6375 0.034375 0.05625
0 0.81875 0.796875 0.0375 0.04375
0 0.7703125 0.8171875 0.034375 0.05
0 0.68125 0.6765625 0.034375 0.053125
0 0.596875 0.596875 0.040625 0.040625
0 0.5875 0.54609375 0.0375 0.0359375
0 0.5578125 0.5 0.04375 0.028125
0 0.515625 0.478125 0.034375 0.0375
0 0.525 0.41484375 0.03125 0.0453125
0 0.475 0.3921875 0.0375 0.046875
0 0.490625 0.32265625 0.034375 0.0390625
0 0.4390625 0.2953125 0.034375 0.04375
0 0.365625 0.115625 0.04375 0.034375
0 0.97265625 0.0578125 0.0390625 0.053125
0 0.61875 0.009375 0.04375 0.01875
0 0.36875 0.1125 0.0375 0.0375
0 0.440625 0.2953125 0.0375 0.040625
0 0.48828125 0.3203125 0.0453125 0.0375
0 0.47734375 0.38671875 0.0390625 0.0390625
0 0.52578125 0.41171875 0.0421875 0.0390625
0 0.5140625 0.478125 0.0375 0.040625
0 0.56015625 0.503125 0.0453125 0.0375
0 0.5890625 0.5453125 0.046875 0.0375
0 0.5953125 0.59375 0.046875 0.0375
0 0.68046875 0.671875 0.0390625 0.046875
0 0.7734375 0.634375 0.0375 0.046875
0 0.81875 0.61640625 0.0375 0.0484375
0 0.81875 0.79765625 0.0375 0.0421875
0 0.7703125 0.815625 0.0375 0.04375
0 0.7296875 0.271875 0.04375 0.0375