0 0.0609375 0.02734375 0.05703125 0.0390625
0 0.01015625 0.38125 0.0203125 0.034375
0 0.2734375 0.26875 0.03984375 0.03671875
0 0.615625 0.178125 0.05234375 0.034375
0 0.6359375 0.225 0.05703125 0.03359375
0 0.796875 0.1828125 0.04375 0.03671875
0 0.815625 0.2296875 0.05078125 0.034375
0 0.6765625 0.31875 0.053125 0.034375
0 0.5953125 0.403125 0.04140625 0.040625
0 0.54609375 0.4125 0.0359375 0.03828125
0 0.5 0.44375 0.028125 0.04375
0 0.4765625 0.484375 0.03828125 0.03359375
0 0.41484375 0.475 0.0453125 0.03125
0 0.3921875 0.525 0.04765625 0.0375
0 0.32265625 0.509375 0.0390625 0.03515625
0 0.2953125 0.5609375 0.04296875 0.03515625
0 0.1140625 0.634375 0.03515625 0.04296875
0 0.0578125 0.02734375 0.05234375 0.0390625
0 0.009375 0.3828125 0.01796875 0.04296875
0 0.1125 0.63125 0.03828125 0.03828125
0 0.2953125 0.559375 0.040625 0.03828125
0 0.3203125 0.51328125 0.03828125 0.0453125
0 0.38671875 0.52265625 0.0390625 0.0390625
0 0.41171875 0.47421875 0.0390625 0.0421875
0 0.478125 0.4859375 0.040625 0.03828125
0 0.503125 0.43984375 0.0375 0.0453125
0 0.5453125 0.4125 0.03828125 0.046875
0 0.5921875 0.4046875 0.03828125 0.04765625
0 0.671875 0.31953125 0.04765625 0.0390625
0 0.634375 0.2265625 0.046875 0.0375
0 0.61640625 0.18125 0.0484375 0.03828125
0 0.7984375 0.1828125 0.04296875 0.0375
0 0.815625 0.2296875 0.04375 0.0375
0 0.271875 0.2703125 0.03671875 0.04453125