0 0.6046875 0.61171875 0.04375 0.0609375
0 0.646875 0.728125 0.0375 0.046875
0 0.73359375 0.9390625 0.0390625 0.05625
0 0.975 0.7265625 0.0375 0.040625
0 0.8859375 0.384375 0.034375 0.053125
0 0.93125 0.3640625 0.034375 0.05625
0 0.8890625 0.2046875 0.0375 0.04375
0 0.9375 0.184375 0.034375 0.05
0 0.3421875 0.571875 0.04375 0.046875
0 0.4984375 0.43203125 0.046875 0.0328125
0 0.6984375 0.85078125 0.0375 0.0515625
0 0.3421875 0.5703125 0.040625 0.05
0 0.5 0.43515625 0.046875 0.0390625
0 0.60078125 0.6125 0.0390625 0.046875
0 0.6453125 0.725 0.040625 0.046875
0 0.69765625 0.853125 0.0390625 0.04375
0 0.73515625 0.94375 0.0390625 0.053125
0 0.934375 0.365625 0.0375 0.046875
0 0.8890625 0.38515625 0.0375 0.0484375
0 0.8890625 0.203125 0.0375 0.04375
0 0.9375 0.184375 0.0375 0.04375
0 0.978125 0.7296875 0.04375 0.0375