0 0.7671875 0.02734375 0.05703125 0.0390625
0 0.61328125 0.09140625 0.0703125 0.0390625
0 0.509375 0.1296875 0.053125 0.03828125
0 0.44296875 0.18828125 0.0390625 0.0421875
0 0.52421875 0.4203125 0.0484375 0.05859375
0 0.71015625 0.38125 0.0328125 0.034375
0 0.9796875 0.26875 0.03984375 0.03671875
0 0.98984375 0.5609375 0.0203125 0.03515625
0 0.821875 0.634375 0.03515625 0.04296875
0 0.7640625 0.02734375 0.05234375 0.0390625
0 0.6171875 0.0859375 0.04921875 0.040625
0 0.5046875 0.13125 0.04765625 0.03828125
0 0.446875 0.190625 0.040625 0.046875
0 0.534375 0.42578125 0.05703125 0.0640625
0 0.709375 0.3828125 0.03046875 0.04296875
0 0.81875 0.63125 0.03828125 0.03828125
0 0.990625 0.559375 0.01875 0.03828125
0 0.978125 0.2703125 0.03671875 0.04453125