2 0.0375 0.3725 0.026250000000000002 0.3725 0.026250000000000002 0.37875000000000003 0.0375 0.37875000000000003 0.0375 0.3725
2 0.07875 0.37 0.06375 0.37 0.06375 0.3775 0.07875 0.3775 0.07875 0.37
2 0.08375 0.35875 0.07125000000000001 0.35875 0.07125000000000001 0.365 0.08375 0.365 0.08375 0.35875
2 0.16625 0.36375 0.15375 0.36375 0.15375 0.37124999999999997 0.16625 0.37124999999999997 0.16625 0.36375
2 0.28250000000000003 0.35750000000000004 0.26625 0.35750000000000004 0.26625 0.36375 0.28250000000000003 0.36375 0.28250000000000003 0.35750000000000004
2 0.6950000000000001 0.36 0.6799999999999999 0.36 0.6799999999999999 0.36875 0.6950000000000001 0.36875 0.6950000000000001 0.36
2 0.7224999999999999 0.37625000000000003 0.705 0.37625000000000003 0.705 0.38375 0.7224999999999999 0.38375 0.7224999999999999 0.37625000000000003
2 0.755 0.3725 0.74125 0.3725 0.74125 0.37875000000000003 0.755 0.37875000000000003 0.755 0.3725
2 0.05500000000000001 0.50875 0.042499999999999996 0.50875 0.042499999999999996 0.52 0.05500000000000001 0.52 0.05500000000000001 0.50875
2 0.05500000000000001 0.5175 0.041249999999999995 0.5175 0.041249999999999995 0.5275000000000001 0.05500000000000001 0.5275000000000001 0.05500000000000001 0.5175
2 0.8887499999999999 0.40625 0.875 0.40625 0.875 0.41375 0.8887499999999999 0.41375 0.8887499999999999 0.40625
2 0.9862500000000001 0.43624999999999997 0.9724999999999999 0.43624999999999997 0.9724999999999999 0.44375 0.9862500000000001 0.44375 0.9862500000000001 0.43624999999999997
2 0.97875 0.42000000000000004 0.9662499999999999 0.42000000000000004 0.9662499999999999 0.42874999999999996 0.97875 0.42874999999999996 0.97875 0.42000000000000004