2 0.013750000000000002 0.43 0.0025 0.43 0.0025 0.44749999999999995 0.013750000000000002 0.44749999999999995 0.013750000000000002 0.43
2 0.31124999999999997 0.45 0.29874999999999996 0.45 0.29874999999999996 0.4625 0.31124999999999997 0.4625 0.31124999999999997 0.45
2 0.31875 0.43624999999999997 0.30625 0.43624999999999997 0.30625 0.44749999999999995 0.31875 0.44749999999999995 0.31875 0.43624999999999997
2 0.43624999999999997 0.82 0.42625 0.82 0.42625 0.8324999999999999 0.43624999999999997 0.8324999999999999 0.43624999999999997 0.82
2 0.4325 0.8324999999999999 0.42000000000000004 0.8324999999999999 0.42000000000000004 0.8487500000000001 0.4325 0.8487500000000001 0.4325 0.8324999999999999
2 0.4125 0.8275 0.4 0.8275 0.4 0.8400000000000001 0.4125 0.8400000000000001 0.4125 0.8275
2 0.40625 0.845 0.39625 0.845 0.39625 0.85625 0.40625 0.85625 0.40625 0.845
2 0.45625 0.7224999999999999 0.445 0.7224999999999999 0.445 0.73625 0.45625 0.73625 0.45625 0.7224999999999999
2 0.4725 0.7325 0.465 0.7325 0.465 0.74875 0.4725 0.74875 0.4725 0.7325
2 0.4425 0.76 0.43125 0.76 0.43125 0.7725 0.4425 0.7725 0.4425 0.76
2 0.3525 0.9025000000000001 0.33375 0.9025000000000001 0.33375 0.9112500000000001 0.3525 0.9112500000000001 0.3525 0.9025000000000001
2 0.32875 0.86875 0.315 0.86875 0.315 0.885 0.32875 0.885 0.32875 0.86875
2 0.49000000000000005 0.9099999999999999 0.47375 0.9099999999999999 0.47375 0.9225 0.49000000000000005 0.9225 0.49000000000000005 0.9099999999999999
2 0.41375 0.15125 0.39875 0.15125 0.39875 0.16499999999999998 0.41375 0.16499999999999998 0.41375 0.15125
2 0.575 0.13374999999999998 0.5587500000000001 0.13374999999999998 0.5587500000000001 0.14250000000000002 0.575 0.14250000000000002 0.575 0.13374999999999998
2 0.6900000000000001 0.095 0.67375 0.095 0.67375 0.11499999999999999 0.6900000000000001 0.11499999999999999 0.6900000000000001 0.095
2 0.7849999999999999 0.04625 0.77125 0.04625 0.77125 0.058750000000000004 0.7849999999999999 0.058750000000000004 0.7849999999999999 0.04625
2 0.7837500000000001 0.09625 0.7725 0.09625 0.7725 0.11125 0.7837500000000001 0.11125 0.7837500000000001 0.09625
2 0.8387499999999999 0.22625 0.8275 0.22625 0.8275 0.24 0.8387499999999999 0.24 0.8387499999999999 0.22625
2 0.725 0.53125 0.7175 0.53125 0.7175 0.54625 0.725 0.54625 0.725 0.53125
2 0.7625 0.54375 0.745 0.54375 0.745 0.55375 0.7625 0.55375 0.7625 0.54375
2 0.765 0.5549999999999999 0.7474999999999999 0.5549999999999999 0.7474999999999999 0.5650000000000001 0.765 0.5650000000000001 0.765 0.5549999999999999
2 0.93 0.5825 0.9237500000000001 0.5825 0.9237500000000001 0.595 0.93 0.595 0.93 0.5825
2 0.93875 0.58 0.93125 0.58 0.93125 0.5962500000000001 0.93875 0.5962500000000001 0.93875 0.58
2 0.7462500000000001 0.60625 0.735 0.60625 0.735 0.62375 0.7462500000000001 0.62375 0.7462500000000001 0.60625
2 0.8125 0.7150000000000001 0.8025 0.7150000000000001 0.8025 0.7325 0.8125 0.7325 0.8125 0.7150000000000001
2 0.82875 0.9037499999999999 0.8125 0.9037499999999999 0.8125 0.915 0.82875 0.915 0.82875 0.9037499999999999
2 0.41125 0.9037499999999999 0.40125 0.9037499999999999 0.40125 0.91875 0.41125 0.91875 0.41125 0.9037499999999999
2 0.41875 0.91875 0.40750000000000003 0.91875 0.40750000000000003 0.9324999999999999 0.41875 0.9324999999999999 0.41875 0.91875
2 0.175 0.89375 0.155 0.89375 0.155 0.9037499999999999 0.175 0.9037499999999999 0.175 0.89375
2 0.1825 0.9099999999999999 0.16375 0.9099999999999999 0.16375 0.92125 0.1825 0.92125 0.1825 0.9099999999999999
2 0.22125 0.745 0.21000000000000002 0.745 0.21000000000000002 0.75875 0.22125 0.75875 0.22125 0.745
2 0.40750000000000003 0.605 0.39375 0.605 0.39375 0.615 0.40750000000000003 0.615 0.40750000000000003 0.605
2 0.55 0.48624999999999996 0.53625 0.48624999999999996 0.53625 0.49375 0.55 0.49375 0.55 0.48624999999999996
2 0.5375 0.49874999999999997 0.52 0.49874999999999997 0.52 0.51 0.5375 0.51 0.5375 0.49874999999999997
2 0.6425 0.41875 0.6275000000000001 0.41875 0.6275000000000001 0.42625 0.6425 0.42625 0.6425 0.41875
2 0.7125 0.00125 0.6950000000000001 0.00125 0.6950000000000001 0.01125 0.7125 0.01125 0.7125 0.00125