2 0.03375 0.21625 0.013750000000000002 0.21625 0.013750000000000002 0.23125 0.03375 0.23125 0.03375 0.21625
2 0.02375 0.24 0.00625 0.24 0.00625 0.25125000000000003 0.02375 0.25125000000000003 0.02375 0.24
2 0.08375 0.24500000000000002 0.06625 0.24500000000000002 0.06625 0.2575 0.08375 0.2575 0.08375 0.24500000000000002
2 0.185 0.41375 0.16999999999999998 0.41375 0.16999999999999998 0.43499999999999994 0.185 0.43499999999999994 0.185 0.41375
2 0.14875 0.44125 0.1325 0.44125 0.1325 0.46125 0.14875 0.46125 0.14875 0.44125
2 0.18375 0.44375 0.16999999999999998 0.44375 0.16999999999999998 0.46125 0.18375 0.46125 0.18375 0.44375
2 0.15 0.4925 0.13874999999999998 0.4925 0.13874999999999998 0.505 0.15 0.505 0.15 0.4925
2 0.11499999999999999 0.52 0.10124999999999999 0.52 0.10124999999999999 0.5375 0.11499999999999999 0.5375 0.11499999999999999 0.52
2 0.19125 0.505 0.1675 0.505 0.1675 0.52125 0.19125 0.52125 0.19125 0.505
2 0.22000000000000003 0.44125 0.1975 0.44125 0.1975 0.45625 0.22000000000000003 0.45625 0.22000000000000003 0.44125
2 0.17875000000000002 0.52125 0.1625 0.52125 0.1625 0.5325 0.17875000000000002 0.5325 0.17875000000000002 0.52125
2 0.17375000000000002 0.53125 0.1575 0.53125 0.1575 0.54125 0.17375000000000002 0.54125 0.17375000000000002 0.53125
2 0.16999999999999998 0.5387500000000001 0.15125 0.5387500000000001 0.15125 0.5525 0.16999999999999998 0.5525 0.16999999999999998 0.5387500000000001
2 0.22000000000000003 0.44875 0.19 0.44875 0.19 0.46624999999999994 0.22000000000000003 0.46624999999999994 0.22000000000000003 0.44875
2 0.13 0.49625 0.1125 0.49625 0.1125 0.515 0.13 0.515 0.13 0.49625
2 0.12125 0.505 0.10625 0.505 0.10625 0.5225 0.12125 0.5225 0.12125 0.505
2 0.24375 0.48875 0.22749999999999998 0.48875 0.22749999999999998 0.49874999999999997 0.24375 0.49874999999999997 0.24375 0.48875
2 0.06999999999999999 0.26375000000000004 0.058750000000000004 0.26375000000000004 0.058750000000000004 0.28125 0.06999999999999999 0.28125 0.06999999999999999 0.26375000000000004
2 0.20875 0.56125 0.1925 0.56125 0.1925 0.5725 0.20875 0.5725 0.20875 0.56125
2 0.20375000000000001 0.57375 0.18625 0.57375 0.18625 0.585 0.20375000000000001 0.585 0.20375000000000001 0.57375
2 0.20125 0.5825 0.185 0.5825 0.185 0.59375 0.20125 0.59375 0.20125 0.5825
2 0.12125 0.5525 0.10375000000000001 0.5525 0.10375000000000001 0.57375 0.12125 0.57375 0.12125 0.5525
2 0.017499999999999998 0.57375 0.00625 0.57375 0.00625 0.59375 0.017499999999999998 0.59375 0.017499999999999998 0.57375
2 0.02 0.6125 0.00125 0.6125 0.00125 0.6275000000000001 0.02 0.6275000000000001 0.02 0.6125
2 0.05 0.625 0.03125 0.625 0.03125 0.63875 0.05 0.63875 0.05 0.625
2 0.0725 0.63375 0.052500000000000005 0.63375 0.052500000000000005 0.64625 0.0725 0.64625 0.0725 0.63375
2 0.08375 0.6537499999999999 0.07125000000000001 0.6537499999999999 0.07125000000000001 0.67125 0.08375 0.67125 0.08375 0.6537499999999999
2 0.095 0.6587500000000001 0.08249999999999999 0.6587500000000001 0.08249999999999999 0.67625 0.095 0.67625 0.095 0.6587500000000001
2 0.11499999999999999 0.70125 0.10375000000000001 0.70125 0.10375000000000001 0.71875 0.11499999999999999 0.71875 0.11499999999999999 0.70125
2 0.09625 0.7224999999999999 0.07875 0.7224999999999999 0.07875 0.73625 0.09625 0.73625 0.09625 0.7224999999999999
2 0.03375 0.7737499999999999 0.013750000000000002 0.7737499999999999 0.013750000000000002 0.795 0.03375 0.795 0.03375 0.7737499999999999
2 0.05 0.80375 0.034999999999999996 0.80375 0.034999999999999996 0.81875 0.05 0.81875 0.05 0.80375
2 0.1 0.7925 0.08499999999999999 0.7925 0.08499999999999999 0.8125 0.1 0.8125 0.1 0.7925
2 0.1325 0.7675 0.11374999999999999 0.7675 0.11374999999999999 0.7825 0.1325 0.7825 0.1325 0.7675
2 0.26875 0.795 0.25375000000000003 0.795 0.25375000000000003 0.8150000000000001 0.26875 0.8150000000000001 0.26875 0.795
2 0.3175 0.7737499999999999 0.29874999999999996 0.7737499999999999 0.29874999999999996 0.8012499999999999 0.3175 0.8012499999999999 0.3175 0.7737499999999999
2 0.34625 0.7224999999999999 0.32875 0.7224999999999999 0.32875 0.74375 0.34625 0.74375 0.34625 0.7224999999999999
2 0.36 0.6950000000000001 0.34500000000000003 0.6950000000000001 0.34500000000000003 0.7162499999999999 0.36 0.7162499999999999 0.36 0.6950000000000001
2 0.36124999999999996 0.625 0.34625 0.625 0.34625 0.64625 0.36124999999999996 0.64625 0.36124999999999996 0.625
2 0.3775 0.5974999999999999 0.35750000000000004 0.5974999999999999 0.35750000000000004 0.62375 0.3775 0.62375 0.3775 0.5974999999999999
2 0.39125 0.5725 0.3725 0.5725 0.3725 0.595 0.39125 0.595 0.39125 0.5725
2 0.44125 0.47750000000000004 0.425 0.47750000000000004 0.425 0.49749999999999994 0.44125 0.49749999999999994 0.44125 0.47750000000000004
2 0.45499999999999996 0.45375 0.43624999999999997 0.45375 0.43624999999999997 0.475 0.45499999999999996 0.475 0.45499999999999996 0.45375
2 0.49124999999999996 0.5549999999999999 0.47125000000000006 0.5549999999999999 0.47125000000000006 0.5700000000000001 0.49124999999999996 0.5700000000000001 0.49124999999999996 0.5549999999999999
2 0.48375 0.3975 0.46875 0.3975 0.46875 0.4175 0.48375 0.4175 0.48375 0.3975
2 0.495 0.3775 0.47874999999999995 0.3775 0.47874999999999995 0.3975 0.495 0.3975 0.495 0.3775
2 0.5225 0.325 0.5075000000000001 0.325 0.5075000000000001 0.34625 0.5225 0.34625 0.5225 0.325
2 0.52 0.4025 0.5025000000000001 0.4025 0.5025000000000001 0.42374999999999996 0.52 0.42374999999999996 0.52 0.4025
2 0.5575 0.34249999999999997 0.54125 0.34249999999999997 0.54125 0.36 0.5575 0.36 0.5575 0.34249999999999997
2 0.56875 0.32875 0.5549999999999999 0.32875 0.5549999999999999 0.34500000000000003 0.56875 0.34500000000000003 0.56875 0.32875
2 0.57375 0.30625 0.5549999999999999 0.30625 0.5549999999999999 0.32375 0.57375 0.32375 0.57375 0.30625
2 0.515 0.275 0.495 0.275 0.495 0.2925 0.515 0.2925 0.515 0.275
2 0.5037499999999999 0.16999999999999998 0.485 0.16999999999999998 0.485 0.1875 0.5037499999999999 0.1875 0.5037499999999999 0.16999999999999998
2 0.48875 0.005 0.47375 0.005 0.47375 0.02 0.48875 0.02 0.48875 0.005
2 0.58875 0.03125 0.57375 0.03125 0.57375 0.04875 0.58875 0.04875 0.58875 0.03125
2 0.77625 0.09625 0.75875 0.09625 0.75875 0.11499999999999999 0.77625 0.11499999999999999 0.77625 0.09625
2 0.84375 0.0475 0.82125 0.0475 0.82125 0.06999999999999999 0.84375 0.06999999999999999 0.84375 0.0475
2 0.8699999999999999 0.02 0.85125 0.02 0.85125 0.0375 0.8699999999999999 0.0375 0.8699999999999999 0.02
2 0.8875 0.00625 0.8724999999999999 0.00625 0.8724999999999999 0.02 0.8875 0.02 0.8875 0.00625
2 0.755 0.31 0.73875 0.31 0.73875 0.33125 0.755 0.33125 0.755 0.31
2 0.7375 0.3375 0.725 0.3375 0.725 0.36 0.7375 0.36 0.7375 0.3375
2 0.765 0.3375 0.7525000000000001 0.3375 0.7525000000000001 0.35875 0.765 0.35875 0.765 0.3375
2 0.7625 0.365 0.74875 0.365 0.74875 0.38375 0.7625 0.38375 0.7625 0.365
2 0.75875 0.3875 0.74375 0.3875 0.74375 0.40750000000000003 0.75875 0.40750000000000003 0.75875 0.3875
2 0.7849999999999999 0.39125 0.77125 0.39125 0.77125 0.41125 0.7849999999999999 0.41125 0.7849999999999999 0.39125
2 0.8099999999999999 0.36 0.79 0.36 0.79 0.37124999999999997 0.8099999999999999 0.37124999999999997 0.8099999999999999 0.36
2 0.7925 0.41375 0.7787499999999999 0.41375 0.7787499999999999 0.43624999999999997 0.7925 0.43624999999999997 0.7925 0.41375
2 0.79875 0.43875000000000003 0.78625 0.43875000000000003 0.78625 0.45875000000000005 0.79875 0.45875000000000005 0.79875 0.43875000000000003
2 0.8074999999999999 0.46624999999999994 0.795 0.46624999999999994 0.795 0.48624999999999996 0.8074999999999999 0.48624999999999996 0.8074999999999999 0.46624999999999994
2 0.8125 0.49625 0.8012499999999999 0.49625 0.8012499999999999 0.51625 0.8125 0.51625 0.8125 0.49625
2 0.8162499999999999 0.5225 0.80625 0.5225 0.80625 0.54125 0.8162499999999999 0.54125 0.8162499999999999 0.5225
2 0.81875 0.55 0.8087500000000001 0.55 0.8087500000000001 0.5675 0.81875 0.5675 0.81875 0.55
2 0.8262499999999999 0.59375 0.81375 0.59375 0.81375 0.6212500000000001 0.8262499999999999 0.6212500000000001 0.8262499999999999 0.59375
2 0.83125 0.6950000000000001 0.8162499999999999 0.6950000000000001 0.8162499999999999 0.71375 0.83125 0.71375 0.83125 0.6950000000000001
2 0.61625 0.8699999999999999 0.60375 0.8699999999999999 0.60375 0.8875 0.61625 0.8875 0.61625 0.8699999999999999
2 0.63 0.8975 0.60875 0.8975 0.60875 0.9112500000000001 0.63 0.9112500000000001 0.63 0.8975
2 0.70875 0.95 0.6925 0.95 0.6925 0.9625 0.70875 0.9625 0.70875 0.95
2 0.77125 0.945 0.7525000000000001 0.945 0.7525000000000001 0.95875 0.77125 0.95875 0.77125 0.945
2 0.79875 0.95375 0.7775000000000001 0.95375 0.7775000000000001 0.96875 0.79875 0.96875 0.79875 0.95375
2 0.7737499999999999 0.9712500000000001 0.76 0.9712500000000001 0.76 0.9824999999999999 0.7737499999999999 0.9824999999999999 0.7737499999999999 0.9712500000000001
2 0.8275 0.9637499999999999 0.8087500000000001 0.9637499999999999 0.8087500000000001 0.97625 0.8275 0.97625 0.8275 0.9637499999999999
2 0.8825 0.9775 0.8724999999999999 0.9775 0.8724999999999999 0.99375 0.8825 0.99375 0.8825 0.9775
2 0.89125 0.95625 0.8787499999999999 0.95625 0.8787499999999999 0.9737500000000001 0.89125 0.9737500000000001 0.89125 0.95625
2 0.8862500000000001 0.9112500000000001 0.875 0.9112500000000001 0.875 0.9275 0.8862500000000001 0.9275 0.8862500000000001 0.9112500000000001
2 0.9225 0.8862500000000001 0.90625 0.8862500000000001 0.90625 0.9087500000000001 0.9225 0.9087500000000001 0.9225 0.8862500000000001
2 0.87625 0.885 0.8574999999999999 0.885 0.8574999999999999 0.89375 0.87625 0.89375 0.87625 0.885
2 0.9125 0.8487500000000001 0.9 0.8487500000000001 0.9 0.86875 0.9125 0.86875 0.9125 0.8487500000000001
2 0.9225 0.8300000000000001 0.9099999999999999 0.8300000000000001 0.9099999999999999 0.85 0.9225 0.85 0.9225 0.8300000000000001
2 0.95 0.8262499999999999 0.93875 0.8262499999999999 0.93875 0.8400000000000001 0.95 0.8400000000000001 0.95 0.8262499999999999
2 0.9625 0.79875 0.95 0.79875 0.95 0.8162499999999999 0.9625 0.8162499999999999 0.9625 0.79875
2 0.99875 0.725 0.9862500000000001 0.725 0.9862500000000001 0.7424999999999999 0.99875 0.7424999999999999 0.99875 0.725
2 0.45999999999999996 0.51375 0.44375 0.51375 0.44375 0.5337500000000001 0.45999999999999996 0.5337500000000001 0.45999999999999996 0.51375
2 0.205 0.665 0.18625 0.665 0.18625 0.67875 0.205 0.67875 0.205 0.665
2 0.29125 0.69875 0.265 0.69875 0.265 0.7175 0.29125 0.7175 0.29125 0.69875
2 0.8525 0.11374999999999999 0.835 0.11374999999999999 0.835 0.13374999999999998 0.8525 0.13374999999999998 0.8525 0.11374999999999999
2 0.985 0.14625 0.9625 0.14625 0.9625 0.16499999999999998 0.985 0.16499999999999998 0.985 0.14625
2 0.82125 0.72875 0.80375 0.72875 0.80375 0.73875 0.82125 0.73875 0.82125 0.72875
2 0.8925000000000001 0.8387499999999999 0.8699999999999999 0.8387499999999999 0.8699999999999999 0.85125 0.8925000000000001 0.85125 0.8925000000000001 0.8387499999999999
2 0.885 0.86625 0.86 0.86625 0.86 0.8862500000000001 0.885 0.8862500000000001 0.885 0.86625
2 0.31375000000000003 0.9012499999999999 0.29625 0.9012499999999999 0.29625 0.92125 0.31375000000000003 0.92125 0.31375000000000003 0.9012499999999999
2 0.11125 0.5725 0.0975 0.5725 0.0975 0.5862499999999999 0.11125 0.5862499999999999 0.11125 0.5725
2 0.26375000000000004 0.4525 0.24375 0.4525 0.24375 0.47000000000000003 0.26375000000000004 0.47000000000000003 0.26375000000000004 0.4525
2 0.57375 0.3875 0.5525 0.3875 0.5525 0.40750000000000003 0.57375 0.40750000000000003 0.57375 0.3875
2 0.7575000000000001 0.44749999999999995 0.7375 0.44749999999999995 0.7375 0.46125 0.7575000000000001 0.46125 0.7575000000000001 0.44749999999999995
2 0.5650000000000001 0.41375 0.55125 0.41375 0.55125 0.43 0.5650000000000001 0.43 0.5650000000000001 0.41375
2 0.5575 0.43 0.54 0.43 0.54 0.44749999999999995 0.5575 0.44749999999999995 0.5575 0.43
2 0.53625 0.48125 0.5175 0.48125 0.5175 0.495 0.53625 0.495 0.53625 0.48125
2 0.5237499999999999 0.4925 0.49874999999999997 0.4925 0.49874999999999997 0.50875 0.5237499999999999 0.50875 0.5237499999999999 0.4925
2 0.44875 0.5075000000000001 0.43499999999999994 0.5075000000000001 0.43499999999999994 0.5237499999999999 0.44875 0.5237499999999999 0.44875 0.5075000000000001
2 0.9887499999999999 0.6224999999999999 0.96875 0.6224999999999999 0.96875 0.63625 0.9887499999999999 0.63625 0.9887499999999999 0.6224999999999999