2 0.9625 0.5862499999999999 0.95625 0.5862499999999999 0.95625 0.59875 0.9625 0.59875 0.9625 0.5862499999999999
2 0.9949999999999999 0.5625 0.9824999999999999 0.5625 0.9824999999999999 0.56875 0.9949999999999999 0.56875 0.9949999999999999 0.5625
2 0.7224999999999999 0.46624999999999994 0.7112499999999999 0.46624999999999994 0.7112499999999999 0.4725 0.7224999999999999 0.4725 0.7224999999999999 0.46624999999999994
2 0.6637500000000001 0.47750000000000004 0.65125 0.47750000000000004 0.65125 0.49000000000000005 0.6637500000000001 0.49000000000000005 0.6637500000000001 0.47750000000000004
2 0.6849999999999999 0.22625 0.67875 0.22625 0.67875 0.24 0.6849999999999999 0.24 0.6849999999999999 0.22625
2 0.69375 0.22625 0.6849999999999999 0.22625 0.6849999999999999 0.24 0.69375 0.24 0.69375 0.22625
2 0.7424999999999999 0.95875 0.72875 0.95875 0.72875 0.96875 0.7424999999999999 0.96875 0.7424999999999999 0.95875
2 0.675 0.9574999999999999 0.6625 0.9574999999999999 0.6625 0.9637499999999999 0.675 0.9637499999999999 0.675 0.9574999999999999
2 0.34500000000000003 0.64 0.335 0.64 0.335 0.6525000000000001 0.34500000000000003 0.6525000000000001 0.34500000000000003 0.64
2 0.8724999999999999 0.25 0.8574999999999999 0.25 0.8574999999999999 0.2575 0.8724999999999999 0.2575 0.8724999999999999 0.25
2 0.89 0.25125000000000003 0.87375 0.25125000000000003 0.87375 0.2575 0.89 0.2575 0.89 0.25125000000000003
2 0.52625 0.24125000000000002 0.51875 0.24125000000000002 0.51875 0.255 0.52625 0.255 0.52625 0.24125000000000002
2 0.35625 0.95625 0.34500000000000003 0.95625 0.34500000000000003 0.9650000000000001 0.35625 0.9650000000000001 0.35625 0.95625
2 0.28250000000000003 0.9875 0.27 0.9875 0.27 0.9974999999999999 0.28250000000000003 0.9974999999999999 0.28250000000000003 0.9875
2 0.9025000000000001 0.9650000000000001 0.89625 0.9650000000000001 0.89625 0.9800000000000001 0.9025000000000001 0.9800000000000001 0.9025000000000001 0.9650000000000001
2 0.97 0.86 0.9625 0.86 0.9625 0.875 0.97 0.875 0.97 0.86
2 0.64625 0.23500000000000001 0.64125 0.23500000000000001 0.64125 0.2475 0.64625 0.2475 0.64625 0.23500000000000001
2 0.5225 0.22374999999999998 0.515 0.22374999999999998 0.515 0.24 0.5225 0.24 0.5225 0.22374999999999998