2 1 0.885 0.9875 0.885 0.9875 0.9025000000000001 1 0.9025000000000001 1 0.885
2 0.99 0.9199999999999999 0.97625 0.9199999999999999 0.97625 0.9324999999999999 0.99 0.9324999999999999 0.99 0.9199999999999999
2 0.975 0.9475 0.9675 0.9475 0.9675 0.9637499999999999 0.975 0.9637499999999999 0.975 0.9475
2 0.7537499999999999 0.8800000000000001 0.745 0.8800000000000001 0.745 0.8949999999999999 0.7537499999999999 0.8949999999999999 0.7537499999999999 0.8800000000000001
2 0.77 0.82125 0.7575000000000001 0.82125 0.7575000000000001 0.8387499999999999 0.77 0.8387499999999999 0.77 0.82125
2 0.76875 0.8074999999999999 0.76125 0.8074999999999999 0.76125 0.8225 0.76875 0.8225 0.76875 0.8074999999999999
2 0.775 0.7875 0.7625 0.7875 0.7625 0.80375 0.775 0.80375 0.775 0.7875
2 0.78125 0.68625 0.76875 0.68625 0.76875 0.70125 0.78125 0.70125 0.78125 0.68625
2 0.795 0.6875 0.78625 0.6875 0.78625 0.7025 0.795 0.7025 0.795 0.6875
2 0.75125 0.7224999999999999 0.7375 0.7224999999999999 0.7375 0.73 0.75125 0.73 0.75125 0.7224999999999999
2 0.745 0.71 0.73125 0.71 0.73125 0.7175 0.745 0.7175 0.745 0.71
2 0.92125 0.35375 0.9112500000000001 0.35375 0.9112500000000001 0.36875 0.92125 0.36875 0.92125 0.35375
2 0.92875 0.33375 0.91875 0.33375 0.91875 0.34875 0.92875 0.34875 0.92875 0.33375
2 0.9324999999999999 0.3175 0.9237500000000001 0.3175 0.9237500000000001 0.33375 0.9324999999999999 0.33375 0.9324999999999999 0.3175
2 0.93875 0.30125 0.93 0.30125 0.93 0.31625000000000003 0.93875 0.31625000000000003 0.93875 0.30125
2 0.94375 0.28625 0.9349999999999999 0.28625 0.9349999999999999 0.3 0.94375 0.3 0.94375 0.28625
2 0.9925 0.3375 0.9800000000000001 0.3375 0.9800000000000001 0.35375 0.9925 0.35375 0.9925 0.3375
2 0.98375 0.36375 0.9712500000000001 0.36375 0.9712500000000001 0.37875000000000003 0.98375 0.37875000000000003 0.98375 0.36375
2 0.97625 0.38 0.9675 0.38 0.9675 0.39625 0.97625 0.39625 0.97625 0.38
2 0.9099999999999999 0.465 0.8949999999999999 0.465 0.8949999999999999 0.47375 0.9099999999999999 0.47375 0.9099999999999999 0.465
2 0.41875 0.46624999999999994 0.40374999999999994 0.46624999999999994 0.40374999999999994 0.48 0.41875 0.48 0.41875 0.46624999999999994
2 0.42874999999999996 0.47750000000000004 0.41500000000000004 0.47750000000000004 0.41500000000000004 0.49124999999999996 0.42874999999999996 0.49124999999999996 0.42874999999999996 0.47750000000000004
2 0.95375 0.23125 0.9400000000000001 0.23125 0.9400000000000001 0.24375 0.95375 0.24375 0.95375 0.23125
2 0.915 0.36875 0.9075 0.36875 0.9075 0.38375 0.915 0.38375 0.915 0.36875
2 0.96 0.22374999999999998 0.9475 0.22374999999999998 0.9475 0.23125 0.96 0.23125 0.96 0.22374999999999998
2 0.9625 0.21125 0.9475 0.21125 0.9475 0.2225 0.9625 0.2225 0.9625 0.21125
2 0.75875 0.89875 0.74875 0.89875 0.74875 0.915 0.75875 0.915 0.75875 0.89875
2 0.76125 0.95875 0.7462500000000001 0.95875 0.7462500000000001 0.97 0.76125 0.97 0.76125 0.95875
2 0.74 0.8675 0.7325 0.8675 0.7325 0.88125 0.74 0.88125 0.74 0.8675
2 0.735 0.8925000000000001 0.7262500000000001 0.8925000000000001 0.7262500000000001 0.9087500000000001 0.735 0.9087500000000001 0.735 0.8925000000000001
2 0.75125 0.8125 0.74375 0.8125 0.74375 0.82875 0.75125 0.82875 0.75125 0.8125
2 0.96875 0.9724999999999999 0.9574999999999999 0.9724999999999999 0.9574999999999999 0.9875 0.96875 0.9875 0.96875 0.9724999999999999