2 0.5075000000000001 0.3625 0.4925 0.3625 0.4925 0.38 0.5075000000000001 0.38 0.5075000000000001 0.3625
2 0.0375 0.07625 0.027500000000000004 0.07625 0.027500000000000004 0.1075 0.0375 0.1075 0.0375 0.07625
2 0.22999999999999998 0.13 0.2225 0.13 0.2225 0.14375 0.22999999999999998 0.14375 0.22999999999999998 0.13
2 0.215 0.09 0.205 0.09 0.205 0.10500000000000001 0.215 0.10500000000000001 0.215 0.09
2 0.23875000000000002 0.18625 0.23125 0.18625 0.23125 0.19875 0.23875000000000002 0.19875 0.23875000000000002 0.18625
2 0.5725 0.19375 0.5599999999999999 0.19375 0.5599999999999999 0.20625 0.5725 0.20625 0.5725 0.19375
2 0.5375 0.052500000000000005 0.53 0.052500000000000005 0.53 0.06375 0.5375 0.06375 0.5375 0.052500000000000005
2 0.5225 0.013750000000000002 0.515 0.013750000000000002 0.515 0.028749999999999998 0.5225 0.028749999999999998 0.5225 0.013750000000000002
2 0.08 0.00625 0.07125000000000001 0.00625 0.07125000000000001 0.02 0.08 0.02 0.08 0.00625
2 0.225 0.07625 0.215 0.07625 0.215 0.09 0.225 0.09 0.225 0.07625
2 0.22125 0.10500000000000001 0.21375000000000002 0.10500000000000001 0.21375000000000002 0.11625 0.22125 0.11625 0.22125 0.10500000000000001
2 0.24125000000000002 0.11374999999999999 0.23374999999999999 0.11374999999999999 0.23374999999999999 0.12875 0.24125000000000002 0.12875 0.24125000000000002 0.11374999999999999
2 0.2475 0.14750000000000002 0.24 0.14750000000000002 0.24 0.16375 0.2475 0.16375 0.2475 0.14750000000000002
2 0.24874999999999997 0.16499999999999998 0.2425 0.16499999999999998 0.2425 0.17625 0.24874999999999997 0.17625 0.24874999999999997 0.16499999999999998
2 0.25375000000000003 0.18625 0.24625 0.18625 0.24625 0.20125 0.25375000000000003 0.20125 0.25375000000000003 0.18625
2 0.29874999999999996 0.20875 0.2875 0.20875 0.2875 0.21749999999999997 0.29874999999999996 0.21749999999999997 0.29874999999999996 0.20875
2 0.13 0.2325 0.11875 0.2325 0.11875 0.24 0.13 0.24 0.13 0.2325
2 0.18875 0.225 0.1775 0.225 0.1775 0.2325 0.18875 0.2325 0.18875 0.225
2 0.13625 0.16875 0.12375 0.16875 0.12375 0.17625 0.13625 0.17625 0.13625 0.16875
2 0.3625 0.0075 0.35750000000000004 0.0075 0.35750000000000004 0.02 0.3625 0.02 0.3625 0.0075
2 0.37625000000000003 0.00125 0.37 0.00125 0.37 0.013750000000000002 0.37625000000000003 0.013750000000000002 0.37625000000000003 0.00125
2 0.365 0.04 0.36 0.04 0.36 0.05125 0.365 0.05125 0.365 0.04
2 0.37875000000000003 0.028749999999999998 0.3725 0.028749999999999998 0.3725 0.041249999999999995 0.37875000000000003 0.041249999999999995 0.37875000000000003 0.028749999999999998
2 0.37875000000000003 0.04375 0.37374999999999997 0.04375 0.37374999999999997 0.057499999999999996 0.37875000000000003 0.057499999999999996 0.37875000000000003 0.04375
2 0.3675 0.05500000000000001 0.36 0.05500000000000001 0.36 0.06875 0.3675 0.06875 0.3675 0.05500000000000001
2 0.3675 0.0725 0.3625 0.0725 0.3625 0.08499999999999999 0.3675 0.08499999999999999 0.3675 0.0725
2 0.38125 0.06 0.3725 0.06 0.3725 0.0725 0.38125 0.0725 0.38125 0.06
2 0.38375 0.0875 0.3775 0.0875 0.3775 0.1 0.38375 0.1 0.38375 0.0875
2 0.385 0.10375000000000001 0.38 0.10375000000000001 0.38 0.11750000000000001 0.385 0.11750000000000001 0.385 0.10375000000000001
2 0.375 0.13874999999999998 0.36875 0.13874999999999998 0.36875 0.1525 0.375 0.1525 0.375 0.13874999999999998
2 0.34249999999999997 0.20375000000000001 0.32625000000000004 0.20375000000000001 0.32625000000000004 0.2125 0.34249999999999997 0.2125 0.34249999999999997 0.20375000000000001
2 0.35625 0.20125 0.34500000000000003 0.20125 0.34500000000000003 0.21000000000000002 0.35625 0.21000000000000002 0.35625 0.20125
2 0.42625 0.195 0.41375 0.195 0.41375 0.20125 0.42625 0.20125 0.42625 0.195
2 0.44749999999999995 0.1925 0.43499999999999994 0.1925 0.43499999999999994 0.20125 0.44749999999999995 0.20125 0.44749999999999995 0.1925
2 0.31875 0.23875000000000002 0.3125 0.23875000000000002 0.3125 0.25 0.31875 0.25 0.31875 0.23875000000000002
2 0.33375 0.26625 0.3275 0.26625 0.3275 0.27875 0.33375 0.27875 0.33375 0.26625
2 0.36375 0.2875 0.35875 0.2875 0.35875 0.30125 0.36375 0.30125 0.36375 0.2875
2 0.3725 0.28875 0.36625 0.28875 0.36625 0.30125 0.3725 0.30125 0.3725 0.28875
2 0.44125 0.21875 0.43499999999999994 0.21875 0.43499999999999994 0.23125 0.44125 0.23125 0.44125 0.21875
2 0.3375 0.39 0.32875 0.39 0.32875 0.39625 0.3375 0.39625 0.3375 0.39
2 0.35875 0.38875000000000004 0.34750000000000003 0.38875000000000004 0.34750000000000003 0.4 0.35875 0.4 0.35875 0.38875000000000004
2 0.48 0.36375 0.475 0.36375 0.475 0.3775 0.48 0.3775 0.48 0.36375
2 0.5475 0.155 0.54125 0.155 0.54125 0.16875 0.5475 0.16875 0.5475 0.155
2 0.54375 0.12625 0.5375 0.12625 0.5375 0.13874999999999998 0.54375 0.13874999999999998 0.54375 0.12625
2 0.52625 0.057499999999999996 0.51875 0.057499999999999996 0.51875 0.07375000000000001 0.52625 0.07375000000000001 0.52625 0.057499999999999996
2 0.5275000000000001 0.08625000000000001 0.52 0.08625000000000001 0.52 0.1 0.5275000000000001 0.1 0.5275000000000001 0.08625000000000001
2 0.5337500000000001 0.14375 0.52625 0.14375 0.52625 0.16 0.5337500000000001 0.16 0.5337500000000001 0.14375
2 0.45999999999999996 0.22125 0.45499999999999996 0.22125 0.45499999999999996 0.23125 0.45999999999999996 0.23125 0.45999999999999996 0.22125
2 0.49874999999999997 0.23125 0.4925 0.23125 0.4925 0.24500000000000002 0.49874999999999997 0.24500000000000002 0.49874999999999997 0.23125
2 0.50625 0.22999999999999998 0.49874999999999997 0.22999999999999998 0.49874999999999997 0.24375 0.50625 0.24375 0.50625 0.22999999999999998
2 0.515 0.2325 0.5075000000000001 0.2325 0.5075000000000001 0.24500000000000002 0.515 0.24500000000000002 0.515 0.2325
2 0.6 0.28250000000000003 0.5925 0.28250000000000003 0.5925 0.2975 0.6 0.2975 0.6 0.28250000000000003
2 0.6775 0.02 0.67125 0.02 0.67125 0.03625 0.6775 0.03625 0.6775 0.02
2 0.6799999999999999 0.041249999999999995 0.67375 0.041249999999999995 0.67375 0.05500000000000001 0.6799999999999999 0.05500000000000001 0.6799999999999999 0.041249999999999995
2 0.8375 0.0225 0.83125 0.0225 0.83125 0.0375 0.8375 0.0375 0.8375 0.0225
2 0.8525 0.04875 0.8462500000000001 0.04875 0.8462500000000001 0.06375 0.8525 0.06375 0.8525 0.04875
2 0.85375 0.08375 0.8474999999999999 0.08375 0.8474999999999999 0.1 0.85375 0.1 0.85375 0.08375
2 0.8425 0.11875 0.83625 0.11875 0.83625 0.135 0.8425 0.135 0.8425 0.11875
2 0.85875 0.12 0.85 0.12 0.85 0.135 0.85875 0.135 0.85875 0.12
2 0.8712500000000001 0.14125000000000001 0.8612500000000001 0.14125000000000001 0.8612500000000001 0.14875 0.8712500000000001 0.14875 0.8712500000000001 0.14125000000000001
2 0.92125 0.13374999999999998 0.9099999999999999 0.13374999999999998 0.9099999999999999 0.14375 0.92125 0.14375 0.92125 0.13374999999999998
2 0.9650000000000001 0.13 0.95375 0.13 0.95375 0.13874999999999998 0.9650000000000001 0.13874999999999998 0.9650000000000001 0.13
2 0.97875 0.12875 0.9675 0.12875 0.9675 0.1375 0.97875 0.1375 0.97875 0.12875
2 0.9925 0.1275 0.98125 0.1275 0.98125 0.135 0.9925 0.135 0.9925 0.1275
2 0.82 0.15625 0.8099999999999999 0.15625 0.8099999999999999 0.16499999999999998 0.82 0.16499999999999998 0.82 0.15625
2 0.8324999999999999 0.145 0.82125 0.145 0.82125 0.1525 0.8324999999999999 0.1525 0.8324999999999999 0.145
2 0.775 0.15375 0.76375 0.15375 0.76375 0.16125 0.775 0.16125 0.775 0.15375
2 0.76375 0.155 0.75125 0.155 0.75125 0.1625 0.76375 0.1625 0.76375 0.155
2 0.71875 0.15875 0.705 0.15875 0.705 0.16875 0.71875 0.16875 0.71875 0.15875
2 0.6625 0.16499999999999998 0.6487499999999999 0.16499999999999998 0.6487499999999999 0.17375000000000002 0.6625 0.17375000000000002 0.6625 0.16499999999999998
2 0.56375 0.1775 0.5549999999999999 0.1775 0.5549999999999999 0.185 0.56375 0.185 0.56375 0.1775
2 0.60375 0.17250000000000001 0.59375 0.17250000000000001 0.59375 0.18125 0.60375 0.18125 0.60375 0.17250000000000001
2 0.61875 0.32 0.605 0.32 0.605 0.32999999999999996 0.61875 0.32999999999999996 0.61875 0.32
2 0.5287499999999999 0.36375 0.5225 0.36375 0.5225 0.37875000000000003 0.5287499999999999 0.37875000000000003 0.5287499999999999 0.36375
2 0.54125 0.36625 0.53625 0.36625 0.53625 0.38125 0.54125 0.38125 0.54125 0.36625
2 0.55 0.36625 0.54375 0.36625 0.54375 0.3825 0.55 0.3825 0.55 0.36625
2 0.5549999999999999 0.36625 0.54875 0.36625 0.54875 0.38 0.5549999999999999 0.38 0.5549999999999999 0.36625
2 0.5625 0.36375 0.55625 0.36375 0.55625 0.37875000000000003 0.5625 0.37875000000000003 0.5625 0.36375
2 0.575 0.36375 0.56875 0.36375 0.56875 0.3775 0.575 0.3775 0.575 0.36375
2 0.58125 0.36375 0.57375 0.36375 0.57375 0.37875000000000003 0.58125 0.37875000000000003 0.58125 0.36375
2 0.575 0.35 0.5675 0.35 0.5675 0.3625 0.575 0.3625 0.575 0.35
2 0.58125 0.35 0.575 0.35 0.575 0.36 0.58125 0.36 0.58125 0.35
2 0.61625 0.3525 0.6025 0.3525 0.6025 0.36124999999999996 0.61625 0.36124999999999996 0.61625 0.3525
2 0.6637500000000001 0.30874999999999997 0.655 0.30874999999999997 0.655 0.32125 0.6637500000000001 0.32125 0.6637500000000001 0.30874999999999997
2 0.47874999999999995 0.76875 0.47125000000000006 0.76875 0.47125000000000006 0.78625 0.47874999999999995 0.78625 0.47874999999999995 0.76875
2 0.3025 0.795 0.2925 0.795 0.2925 0.8074999999999999 0.3025 0.8074999999999999 0.3025 0.795
2 0.05625 0.75625 0.0475 0.75625 0.0475 0.77 0.05625 0.77 0.05625 0.75625
2 0.07625 0.78125 0.0625 0.78125 0.0625 0.79 0.07625 0.79 0.07625 0.78125
2 0.17375000000000002 0.73875 0.16375 0.73875 0.16375 0.745 0.17375000000000002 0.745 0.17375000000000002 0.73875
2 0.04625 0.9037499999999999 0.03875 0.9037499999999999 0.03875 0.92125 0.04625 0.92125 0.04625 0.9037499999999999
2 0.04375 0.96875 0.03375 0.96875 0.03375 0.98375 0.04375 0.98375 0.04375 0.96875
2 0.10375000000000001 1 0.10375000000000001 0.99375 0.09 0.99375 0.09 1 0.10375000000000001 1
2 0.1575 0.9625 0.14250000000000002 0.9625 0.14250000000000002 0.9712500000000001 0.1575 0.9712500000000001 0.1575 0.9625
2 0.23875000000000002 0.975 0.225 0.975 0.225 0.98375 0.23875000000000002 0.98375 0.23875000000000002 0.975
2 0.26625 0.9650000000000001 0.26 0.9650000000000001 0.26 0.9775 0.26625 0.9775 0.26625 0.9650000000000001
2 0.28125 0.9775 0.26875 0.9775 0.26875 0.9862500000000001 0.28125 0.9862500000000001 0.28125 0.9775
2 0.41500000000000004 0.9237500000000001 0.40875000000000006 0.9237500000000001 0.40875000000000006 0.93875 0.41500000000000004 0.93875 0.41500000000000004 0.9237500000000001
2 0.41 0.8487500000000001 0.4025 0.8487500000000001 0.4025 0.86625 0.41 0.86625 0.41 0.8487500000000001
2 0.41 0.8400000000000001 0.39375 0.8400000000000001 0.39375 0.85 0.41 0.85 0.41 0.8400000000000001
2 0.5037499999999999 0.9337500000000001 0.49000000000000005 0.9337500000000001 0.49000000000000005 0.9412499999999999 0.5037499999999999 0.9412499999999999 0.5037499999999999 0.9337500000000001
2 0.50125 0.975 0.48875 0.975 0.48875 0.9824999999999999 0.50125 0.9824999999999999 0.50125 0.975
2 0.5025000000000001 0.9824999999999999 0.4875 0.9824999999999999 0.4875 0.99 0.5025000000000001 0.99 0.5025000000000001 0.9824999999999999
2 0.54375 0.9112500000000001 0.5287499999999999 0.9112500000000001 0.5287499999999999 0.92125 0.54375 0.92125 0.54375 0.9112500000000001
2 0.43624999999999997 0.8487500000000001 0.425 0.8487500000000001 0.425 0.85625 0.43624999999999997 0.85625 0.43624999999999997 0.8487500000000001
2 0.41 0.7975 0.4025 0.7975 0.4025 0.8099999999999999 0.41 0.8099999999999999 0.41 0.7975
2 0.41875 0.795 0.41125 0.795 0.41125 0.8087500000000001 0.41875 0.8087500000000001 0.41875 0.795
2 0.4175 0.7875 0.4025 0.7875 0.4025 0.795 0.4175 0.795 0.4175 0.7875
2 0.41875 0.7787499999999999 0.40625 0.7787499999999999 0.40625 0.78625 0.41875 0.78625 0.41875 0.7787499999999999
2 0.54625 0.7625 0.5375 0.7625 0.5375 0.7787499999999999 0.54625 0.7787499999999999 0.54625 0.7625
2 0.85125 0.01625 0.84375 0.01625 0.84375 0.03 0.85125 0.03 0.85125 0.01625