2 0.09625 0.028749999999999998 0.07875 0.028749999999999998 0.07875 0.03625 0.09625 0.03625 0.09625 0.028749999999999998
2 0.09625 0.0375 0.08249999999999999 0.0375 0.08249999999999999 0.04375 0.09625 0.04375 0.09625 0.0375
2 0.1 0.04625 0.08375 0.04625 0.08375 0.05375 0.1 0.05375 0.1 0.04625
2 0.1025 0.06 0.09 0.06 0.09 0.0675 0.1025 0.0675 0.1025 0.06
2 0.13125 0.0125 0.11374999999999999 0.0125 0.11374999999999999 0.02 0.13125 0.02 0.13125 0.0125
2 0.13625 0.0225 0.11374999999999999 0.0225 0.11374999999999999 0.03 0.13625 0.03 0.13625 0.0225
2 0.13374999999999998 0.034999999999999996 0.12125 0.034999999999999996 0.12125 0.042499999999999996 0.13374999999999998 0.042499999999999996 0.13374999999999998 0.034999999999999996
2 0.1375 0.04875 0.12375 0.04875 0.12375 0.058750000000000004 0.1375 0.058750000000000004 0.1375 0.04875
2 0.12 0.06375 0.11000000000000001 0.06375 0.11000000000000001 0.0775 0.12 0.0775 0.12 0.06375
2 0.1275 0.061250000000000006 0.11875 0.061250000000000006 0.11875 0.07375000000000001 0.1275 0.07375000000000001 0.1275 0.061250000000000006
2 0.22625 0.09 0.21375000000000002 0.09 0.21375000000000002 0.1075 0.22625 0.1075 0.22625 0.09
2 0.21375000000000002 0.3375 0.19875 0.3375 0.19875 0.34625 0.21375000000000002 0.34625 0.21375000000000002 0.3375
2 0.14375 0.3775 0.13125 0.3775 0.13125 0.38375 0.14375 0.38375 0.14375 0.3775
2 0.0675 0.38125 0.04875 0.38125 0.04875 0.3875 0.0675 0.3875 0.0675 0.38125
2 0.09125 0.38875000000000004 0.07375000000000001 0.38875000000000004 0.07375000000000001 0.3975 0.09125 0.3975 0.09125 0.38875000000000004
2 0.16875 0.35875 0.13874999999999998 0.35875 0.13874999999999998 0.3675 0.16875 0.3675 0.16875 0.35875
2 0.62375 0.03375 0.60875 0.03375 0.60875 0.042499999999999996 0.62375 0.042499999999999996 0.62375 0.03375
2 0.625 0.041249999999999995 0.60875 0.041249999999999995 0.60875 0.05 0.625 0.05 0.625 0.041249999999999995
2 0.6275000000000001 0.05500000000000001 0.61625 0.05500000000000001 0.61625 0.06375 0.6275000000000001 0.06375 0.6275000000000001 0.05500000000000001
2 0.63375 0.065 0.61625 0.065 0.61625 0.07375000000000001 0.63375 0.07375000000000001 0.63375 0.065
2 0.8087500000000001 0.013750000000000002 0.7975 0.013750000000000002 0.7975 0.028749999999999998 0.8087500000000001 0.028749999999999998 0.8087500000000001 0.013750000000000002
2 0.89125 0.061250000000000006 0.88125 0.061250000000000006 0.88125 0.0775 0.89125 0.0775 0.89125 0.061250000000000006
2 0.8862500000000001 0.09125 0.875 0.09125 0.875 0.10874999999999999 0.8862500000000001 0.10874999999999999 0.8862500000000001 0.09125
2 0.9949999999999999 0.39125 0.98375 0.39125 0.98375 0.41125 0.9949999999999999 0.41125 0.9949999999999999 0.39125
2 0.975 0.315 0.9662499999999999 0.315 0.9662499999999999 0.32999999999999996 0.975 0.32999999999999996 0.975 0.315
2 0.9625 0.49124999999999996 0.9475 0.49124999999999996 0.9475 0.49874999999999997 0.9625 0.49874999999999997 0.9625 0.49124999999999996
2 0.94375 0.49625 0.92875 0.49625 0.92875 0.50875 0.94375 0.50875 0.94375 0.49625
2 0.9262499999999999 0.5037499999999999 0.915 0.5037499999999999 0.915 0.51375 0.9262499999999999 0.51375 0.9262499999999999 0.5037499999999999
2 0.9099999999999999 0.5075000000000001 0.8975 0.5075000000000001 0.8975 0.52125 0.9099999999999999 0.52125 0.9099999999999999 0.5075000000000001
2 0.89375 0.51375 0.8787499999999999 0.51375 0.8787499999999999 0.525 0.89375 0.525 0.89375 0.51375
2 0.8462500000000001 0.5275000000000001 0.8324999999999999 0.5275000000000001 0.8324999999999999 0.5375 0.8462500000000001 0.5375 0.8462500000000001 0.5275000000000001
2 0.7787499999999999 0.55125 0.76 0.55125 0.76 0.56125 0.7787499999999999 0.56125 0.7787499999999999 0.55125
2 0.4625 0.9475 0.44749999999999995 0.9475 0.44749999999999995 0.95625 0.4625 0.95625 0.4625 0.9475
2 0.5275000000000001 0.9275 0.515 0.9275 0.515 0.93625 0.5275000000000001 0.93625 0.5275000000000001 0.9275
2 0.70125 0.87625 0.6849999999999999 0.87625 0.6849999999999999 0.885 0.70125 0.885 0.70125 0.87625
2 0.6837500000000001 0.9099999999999999 0.67625 0.9099999999999999 0.67625 0.9225 0.6837500000000001 0.9225 0.6837500000000001 0.9099999999999999
2 0.15 0.44875 0.1375 0.44875 0.1375 0.46125 0.15 0.46125 0.15 0.44875
2 0.19125 0.465 0.18125 0.465 0.18125 0.48125 0.19125 0.48125 0.19125 0.465
2 0.1925 0.48875 0.18375 0.48875 0.18375 0.5025000000000001 0.1925 0.5025000000000001 0.1925 0.48875
2 0.18375 0.56875 0.17375000000000002 0.56875 0.17375000000000002 0.5875 0.18375 0.5875 0.18375 0.56875
2 0.21000000000000002 0.56375 0.20125 0.56375 0.20125 0.585 0.21000000000000002 0.585 0.21000000000000002 0.56375
2 0.24625 0.5625 0.23875000000000002 0.5625 0.23875000000000002 0.57875 0.24625 0.57875 0.24625 0.5625
2 0.16999999999999998 0.61875 0.1575 0.61875 0.1575 0.6275000000000001 0.16999999999999998 0.6275000000000001 0.16999999999999998 0.61875
2 0.17375000000000002 0.6287499999999999 0.1575 0.6287499999999999 0.1575 0.63625 0.17375000000000002 0.63625 0.17375000000000002 0.6287499999999999
2 0.26375000000000004 0.58 0.25375000000000003 0.58 0.25375000000000003 0.5912499999999999 0.26375000000000004 0.5912499999999999 0.26375000000000004 0.58
2 0.25375000000000003 0.58 0.24375 0.58 0.24375 0.5925 0.25375000000000003 0.5925 0.25375000000000003 0.58
2 0.24375 0.5825 0.23500000000000001 0.5825 0.23500000000000001 0.5974999999999999 0.24375 0.5974999999999999 0.24375 0.5825
2 0.20249999999999999 0.5862499999999999 0.1875 0.5862499999999999 0.1875 0.6 0.20249999999999999 0.6 0.20249999999999999 0.5862499999999999
2 0.20750000000000002 0.485 0.19875 0.485 0.19875 0.49874999999999997 0.20750000000000002 0.49874999999999997 0.20750000000000002 0.485
2 0.21749999999999997 0.48125 0.20875 0.48125 0.20875 0.49874999999999997 0.21749999999999997 0.49874999999999997 0.21749999999999997 0.48125
2 0.375 0.8087500000000001 0.37 0.8087500000000001 0.37 0.8262499999999999 0.375 0.8262499999999999 0.375 0.8087500000000001
2 0.33625 0.79 0.32999999999999996 0.79 0.32999999999999996 0.80625 0.33625 0.80625 0.33625 0.79
2 0.19125 0.9737500000000001 0.17875000000000002 0.9737500000000001 0.17875000000000002 0.9887499999999999 0.19125 0.9887499999999999 0.19125 0.9737500000000001
2 0.18 0.945 0.16875 0.945 0.16875 0.96 0.18 0.96 0.18 0.945
2 0.17250000000000001 0.9275 0.16125 0.9275 0.16125 0.94375 0.17250000000000001 0.94375 0.17250000000000001 0.9275
2 0.3075 0.90625 0.30125 0.90625 0.30125 0.9199999999999999 0.3075 0.9199999999999999 0.3075 0.90625
2 0.44625000000000004 0.24 0.42625 0.24 0.42625 0.25125000000000003 0.44625000000000004 0.25125000000000003 0.44625000000000004 0.24
2 0.78625 0.13125 0.77 0.13125 0.77 0.14250000000000002 0.78625 0.14250000000000002 0.78625 0.13125
2 0.9375 0.31124999999999997 0.93 0.31124999999999997 0.93 0.32375 0.9375 0.32375 0.9375 0.31124999999999997
2 0.87625 0.3725 0.8675 0.3725 0.8675 0.38875000000000004 0.87625 0.38875000000000004 0.87625 0.3725
2 0.8525 0.33875 0.84375 0.33875 0.84375 0.355 0.8525 0.355 0.8525 0.33875
2 0.81875 0.5525 0.81125 0.5525 0.81125 0.5675 0.81875 0.5675 0.81875 0.5525
2 0.71875 0.53625 0.7075 0.53625 0.7075 0.55 0.71875 0.55 0.71875 0.53625
2 0.725 0.5862499999999999 0.7150000000000001 0.5862499999999999 0.7150000000000001 0.59875 0.725 0.59875 0.725 0.5862499999999999
2 0.47375 0.9737500000000001 0.465 0.9737500000000001 0.465 0.9887499999999999 0.47375 0.9887499999999999 0.47375 0.9737500000000001
2 0.34125 0.55125 0.33125 0.55125 0.33125 0.5725 0.34125 0.5725 0.34125 0.55125
2 0.48 0.37625000000000003 0.465 0.37625000000000003 0.465 0.39875 0.48 0.39875 0.48 0.37625000000000003
2 0.4725 0.38375 0.45999999999999996 0.38375 0.45999999999999996 0.4025 0.4725 0.4025 0.4725 0.38375
2 0.32125 0.4225 0.31 0.4225 0.31 0.44375 0.32125 0.44375 0.32125 0.4225
2 0.04625 0.39625 0.03125 0.39625 0.03125 0.40750000000000003 0.04625 0.40750000000000003 0.04625 0.39625
2 0.013750000000000002 0.3075 0.00125 0.3075 0.00125 0.315 0.013750000000000002 0.315 0.013750000000000002 0.3075
2 0.6537499999999999 0.09875 0.64125 0.09875 0.64125 0.10625 0.6537499999999999 0.10625 0.6537499999999999 0.09875