2 0.3375 0.025 0.32875 0.025 0.32875 0.04375 0.3375 0.04375 0.3375 0.025
2 0.335 0.04625 0.3275 0.04625 0.3275 0.061250000000000006 0.335 0.061250000000000006 0.335 0.04625
2 0.32875 0.07625 0.32125 0.07625 0.32125 0.09625 0.32875 0.09625 0.32875 0.07625
2 0.155 0.665 0.145 0.665 0.145 0.6849999999999999 0.155 0.6849999999999999 0.155 0.665
2 0.1675 0.64 0.16 0.64 0.16 0.6587500000000001 0.1675 0.6587500000000001 0.1675 0.64
2 0.185 0.6525000000000001 0.1775 0.6525000000000001 0.1775 0.67 0.185 0.67 0.185 0.6525000000000001
2 0.18 0.67125 0.17375000000000002 0.67125 0.17375000000000002 0.6849999999999999 0.18 0.6849999999999999 0.18 0.67125
2 0.18125 0.6925 0.17375000000000002 0.6925 0.17375000000000002 0.70875 0.18125 0.70875 0.18125 0.6925
2 0.22374999999999998 0.78 0.20875 0.78 0.20875 0.7975 0.22374999999999998 0.7975 0.22374999999999998 0.78
2 0.2375 0.6475 0.22749999999999998 0.6475 0.22749999999999998 0.66625 0.2375 0.66625 0.2375 0.6475
2 0.24500000000000002 0.6837500000000001 0.23500000000000001 0.6837500000000001 0.23500000000000001 0.7025 0.24500000000000002 0.7025 0.24500000000000002 0.6837500000000001
2 0.3675 0.635 0.34500000000000003 0.635 0.34500000000000003 0.6487499999999999 0.3675 0.6487499999999999 0.3675 0.635
2 0.185 0.73 0.17375000000000002 0.73 0.17375000000000002 0.7462500000000001 0.185 0.7462500000000001 0.185 0.73
2 0.20750000000000002 0.735 0.1925 0.735 0.1925 0.7525000000000001 0.20750000000000002 0.7525000000000001 0.20750000000000002 0.735
2 0.26125 0.9037499999999999 0.25125000000000003 0.9037499999999999 0.25125000000000003 0.9225 0.26125 0.9225 0.26125 0.9037499999999999
2 0.26375000000000004 0.9275 0.25375000000000003 0.9275 0.25375000000000003 0.9412499999999999 0.26375000000000004 0.9412499999999999 0.26375000000000004 0.9275
2 0.28250000000000003 0.9775 0.27125 0.9775 0.27125 0.9962500000000001 0.28250000000000003 0.9962500000000001 0.28250000000000003 0.9775
2 0.0375 0.61 0.026250000000000002 0.61 0.026250000000000002 0.625 0.0375 0.625 0.0375 0.61
2 0.01 0.95375 0.00125 0.95375 0.00125 0.96875 0.01 0.96875 0.01 0.95375
2 0.02375 0.93875 0.01125 0.93875 0.01125 0.95625 0.02375 0.95625 0.02375 0.93875
2 0.041249999999999995 0.9237500000000001 0.02375 0.9237500000000001 0.02375 0.9412499999999999 0.041249999999999995 0.9412499999999999 0.041249999999999995 0.9237500000000001
2 0.052500000000000005 0.9125 0.041249999999999995 0.9125 0.041249999999999995 0.9275 0.052500000000000005 0.9275 0.052500000000000005 0.9125
2 0.32625000000000004 0.09875 0.31625000000000003 0.09875 0.31625000000000003 0.11625 0.32625000000000004 0.11625 0.32625000000000004 0.09875
2 0.3225 0.12 0.315 0.12 0.315 0.14125000000000001 0.3225 0.14125000000000001 0.3225 0.12
2 0.40750000000000003 0.14125000000000001 0.4 0.14125000000000001 0.4 0.1575 0.40750000000000003 0.1575 0.40750000000000003 0.14125000000000001
2 0.21875 0.16499999999999998 0.21000000000000002 0.16499999999999998 0.21000000000000002 0.18 0.21875 0.18 0.21875 0.16499999999999998
2 0.005 0.39 0.00125 0.39 0.00125 0.4 0.005 0.4 0.005 0.39
2 0.365 0.33625 0.35375 0.33625 0.35375 0.35125 0.365 0.35125 0.365 0.33625
2 0.38 0.6425 0.37 0.6425 0.37 0.65625 0.38 0.65625 0.38 0.6425
2 0.21875 0.75125 0.20875 0.75125 0.20875 0.76875 0.21875 0.76875 0.21875 0.75125
2 0.195 0.74875 0.18375 0.74875 0.18375 0.7625 0.195 0.7625 0.195 0.74875
2 0.23625 0.795 0.22125 0.795 0.22125 0.8125 0.23625 0.8125 0.23625 0.795
2 0.27125 0.945 0.26125 0.945 0.26125 0.96125 0.27125 0.96125 0.27125 0.945
2 0.25875 0.74 0.25 0.74 0.25 0.755 0.25875 0.755 0.25875 0.74
2 0.255 0.7212500000000001 0.24500000000000002 0.7212500000000001 0.24500000000000002 0.735 0.255 0.735 0.255 0.7212500000000001
2 0.26375000000000004 0.75625 0.25375000000000003 0.75625 0.25375000000000003 0.7737499999999999 0.26375000000000004 0.7737499999999999 0.26375000000000004 0.75625
2 0.40750000000000003 0.51 0.3875 0.51 0.3875 0.5225 0.40750000000000003 0.5225 0.40750000000000003 0.51