2 0.70875 0.57625 0.70125 0.57625 0.70125 0.5912499999999999 0.70875 0.5912499999999999 0.70875 0.57625
2 0.70875 0.5974999999999999 0.70125 0.5974999999999999 0.70125 0.6125 0.70875 0.6125 0.70875 0.5974999999999999
2 0.70875 0.61625 0.70125 0.61625 0.70125 0.6287499999999999 0.70875 0.6287499999999999 0.70875 0.61625
2 0.80625 0.5287499999999999 0.7925 0.5287499999999999 0.7925 0.5525 0.80625 0.5525 0.80625 0.5287499999999999
2 0.8162499999999999 0.5325 0.8087500000000001 0.5325 0.8087500000000001 0.54125 0.8162499999999999 0.54125 0.8162499999999999 0.5325
2 0.8262499999999999 0.5325 0.82 0.5325 0.82 0.54 0.8262499999999999 0.54 0.8262499999999999 0.5325
2 0.7887500000000001 0.53125 0.77125 0.53125 0.77125 0.55125 0.7887500000000001 0.55125 0.7887500000000001 0.53125
2 0.76625 0.52125 0.7525000000000001 0.52125 0.7525000000000001 0.5287499999999999 0.76625 0.5287499999999999 0.76625 0.52125
2 0.76125 0.51 0.7525000000000001 0.51 0.7525000000000001 0.515 0.76125 0.515 0.76125 0.51
2 0.75625 0.5025000000000001 0.7474999999999999 0.5025000000000001 0.7474999999999999 0.5075000000000001 0.75625 0.5075000000000001 0.75625 0.5025000000000001
2 0.7625 0.495 0.7474999999999999 0.495 0.7474999999999999 0.49874999999999997 0.7625 0.49874999999999997 0.7625 0.495
2 0.755 0.48624999999999996 0.7462500000000001 0.48624999999999996 0.7462500000000001 0.49124999999999996 0.755 0.49124999999999996 0.755 0.48624999999999996
2 0.75625 0.47750000000000004 0.74375 0.47750000000000004 0.74375 0.48125 0.75625 0.48125 0.75625 0.47750000000000004
2 0.755 0.46749999999999997 0.7424999999999999 0.46749999999999997 0.7424999999999999 0.4725 0.755 0.4725 0.755 0.46749999999999997
2 0.7787499999999999 0.445 0.7725 0.445 0.7725 0.45625 0.7787499999999999 0.45625 0.7787499999999999 0.445
2 0.8087500000000001 0.4425 0.8012499999999999 0.4425 0.8012499999999999 0.45499999999999996 0.8087500000000001 0.45499999999999996 0.8087500000000001 0.4425
2 0.8324999999999999 0.43875000000000003 0.8225 0.43875000000000003 0.8225 0.44875 0.8324999999999999 0.44875 0.8324999999999999 0.43875000000000003
2 0.8612500000000001 0.47375 0.8487500000000001 0.47375 0.8487500000000001 0.515 0.8612500000000001 0.515 0.8612500000000001 0.47375
2 0.8875 0.57875 0.87375 0.57875 0.87375 0.5862499999999999 0.8875 0.5862499999999999 0.8875 0.57875
2 0.885 0.58875 0.8724999999999999 0.58875 0.8724999999999999 0.59875 0.885 0.59875 0.885 0.58875
2 0.89125 0.6125 0.8787499999999999 0.6125 0.8787499999999999 0.625 0.89125 0.625 0.89125 0.6125
2 0.8925000000000001 0.6287499999999999 0.87625 0.6287499999999999 0.87625 0.63875 0.8925000000000001 0.63875 0.8925000000000001 0.6287499999999999
2 0.89125 0.64 0.8787499999999999 0.64 0.8787499999999999 0.6487499999999999 0.89125 0.6487499999999999 0.89125 0.64
2 0.885 0.6525000000000001 0.8699999999999999 0.6525000000000001 0.8699999999999999 0.6625 0.885 0.6625 0.885 0.6525000000000001
2 0.89375 0.6587500000000001 0.8800000000000001 0.6587500000000001 0.8800000000000001 0.66875 0.89375 0.66875 0.89375 0.6587500000000001
2 0.89375 0.66875 0.8800000000000001 0.66875 0.8800000000000001 0.6775 0.89375 0.6775 0.89375 0.66875
2 0.89625 0.67875 0.88125 0.67875 0.88125 0.6900000000000001 0.89625 0.6900000000000001 0.89625 0.67875
2 0.86625 0.69875 0.86 0.69875 0.86 0.70875 0.86625 0.70875 0.86625 0.69875
2 0.8574999999999999 0.7 0.85125 0.7 0.85125 0.70875 0.8574999999999999 0.70875 0.8574999999999999 0.7
2 0.83375 0.70125 0.8275 0.70125 0.8275 0.7112499999999999 0.83375 0.7112499999999999 0.83375 0.70125
2 0.8099999999999999 0.7 0.80375 0.7 0.80375 0.70875 0.8099999999999999 0.70875 0.8099999999999999 0.7
2 0.7775000000000001 0.73 0.7675 0.73 0.7675 0.7474999999999999 0.7775000000000001 0.7474999999999999 0.7775000000000001 0.73
2 0.795 0.73125 0.78625 0.73125 0.78625 0.74375 0.795 0.74375 0.795 0.73125
2 0.82125 0.73125 0.81375 0.73125 0.81375 0.74375 0.82125 0.74375 0.82125 0.73125
2 0.8387499999999999 0.73 0.83125 0.73 0.83125 0.74125 0.8387499999999999 0.74125 0.8387499999999999 0.73
2 0.8550000000000001 0.72875 0.8487500000000001 0.72875 0.8487500000000001 0.73875 0.8550000000000001 0.73875 0.8550000000000001 0.72875
2 0.86625 0.7262500000000001 0.8574999999999999 0.7262500000000001 0.8574999999999999 0.74125 0.86625 0.74125 0.86625 0.7262500000000001
2 0.80625 0.71375 0.79 0.71375 0.79 0.72 0.80625 0.72 0.80625 0.71375
2 0.48 0.905 0.46749999999999997 0.905 0.46749999999999997 0.9099999999999999 0.48 0.9099999999999999 0.48 0.905
2 0.48 0.9175000000000001 0.4625 0.9175000000000001 0.4625 0.9237500000000001 0.48 0.9237500000000001 0.48 0.9175000000000001
2 0.43624999999999997 0.215 0.42625 0.215 0.42625 0.22749999999999998 0.43624999999999997 0.22749999999999998 0.43624999999999997 0.215
2 0.64125 0.0475 0.625 0.0475 0.625 0.05375 0.64125 0.05375 0.64125 0.0475
2 0.36 0.1625 0.34625 0.1625 0.34625 0.17250000000000001 0.36 0.17250000000000001 0.36 0.1625
2 0.465 0.17875000000000002 0.45125000000000004 0.17875000000000002 0.45125000000000004 0.19 0.465 0.19 0.465 0.17875000000000002
2 0.3875 0.3725 0.37625000000000003 0.3725 0.37625000000000003 0.3825 0.3875 0.3825 0.3875 0.3725
2 0.19125 0.4175 0.1775 0.4175 0.1775 0.42750000000000005 0.19125 0.42750000000000005 0.19125 0.4175
2 0.34625 0.35750000000000004 0.33625 0.35750000000000004 0.33625 0.36375 0.34625 0.36375 0.34625 0.35750000000000004
2 0.041249999999999995 0.4925 0.026250000000000002 0.4925 0.026250000000000002 0.5025000000000001 0.041249999999999995 0.5025000000000001 0.041249999999999995 0.4925
2 0.21625 0.69875 0.20875 0.69875 0.20875 0.7112499999999999 0.21625 0.7112499999999999 0.21625 0.69875
2 0.13999999999999999 0.765 0.12375 0.765 0.12375 0.7725 0.13999999999999999 0.7725 0.13999999999999999 0.765
2 0.19125 0.75 0.1775 0.75 0.1775 0.75875 0.19125 0.75875 0.19125 0.75
2 0.0125 0.76875 0.00375 0.76875 0.00375 0.7837500000000001 0.0125 0.7837500000000001 0.0125 0.76875
2 0.3775 0.64 0.36625 0.64 0.36625 0.6525000000000001 0.3775 0.6525000000000001 0.3775 0.64
2 0.46624999999999994 0.72375 0.45375 0.72375 0.45375 0.72875 0.46624999999999994 0.72875 0.46624999999999994 0.72375
2 0.3075 0.7125 0.2925 0.7125 0.2925 0.72 0.3075 0.72 0.3075 0.7125
2 0.2875 0.89375 0.27 0.89375 0.27 0.9 0.2875 0.9 0.2875 0.89375
2 0.2875 0.9112500000000001 0.26875 0.9112500000000001 0.26875 0.9175000000000001 0.2875 0.9175000000000001 0.2875 0.9112500000000001
2 0.28625 0.9175000000000001 0.27 0.9175000000000001 0.27 0.9237500000000001 0.28625 0.9237500000000001 0.28625 0.9175000000000001
2 0.21125 0.9737500000000001 0.20375000000000001 0.9737500000000001 0.20375000000000001 0.98375 0.21125 0.98375 0.21125 0.9737500000000001
2 0.1 0.9712500000000001 0.08375 0.9712500000000001 0.08375 0.9775 0.1 0.9775 0.1 0.9712500000000001
2 0.9525 0.79 0.94625 0.79 0.94625 0.80375 0.9525 0.80375 0.9525 0.79
2 0.975 0.9175000000000001 0.9662499999999999 0.9175000000000001 0.9662499999999999 0.93 0.975 0.93 0.975 0.9175000000000001
2 0.9862500000000001 0.9225 0.9775 0.9225 0.9775 0.9337500000000001 0.9862500000000001 0.9337500000000001 0.9862500000000001 0.9225
2 0.94375 0.6837500000000001 0.93625 0.6837500000000001 0.93625 0.6950000000000001 0.94375 0.6950000000000001 0.94375 0.6837500000000001
2 0.9225 0.335 0.915 0.335 0.915 0.34750000000000003 0.9225 0.34750000000000003 0.9225 0.335
2 0.3175 0.3525 0.29625 0.3525 0.29625 0.36625 0.3175 0.36625 0.3175 0.3525
2 0.49000000000000005 0.6 0.475 0.6 0.475 0.61375 0.49000000000000005 0.61375 0.49000000000000005 0.6
2 0.14375 0.72875 0.13374999999999998 0.72875 0.13374999999999998 0.74375 0.14375 0.74375 0.14375 0.72875