2 0.04375 0.07625 0.03 0.07625 0.03 0.08499999999999999 0.04375 0.08499999999999999 0.04375 0.07625
2 0.10625 0.04 0.09125 0.04 0.09125 0.05375 0.10625 0.05375 0.10625 0.04
2 0.14375 0.017499999999999998 0.12625 0.017499999999999998 0.12625 0.025 0.14375 0.025 0.14375 0.017499999999999998
2 0.7424999999999999 0.0775 0.7262500000000001 0.0775 0.7262500000000001 0.095 0.7424999999999999 0.095 0.7424999999999999 0.0775
2 0.77625 0.10124999999999999 0.7625 0.10124999999999999 0.7625 0.11499999999999999 0.77625 0.11499999999999999 0.77625 0.10124999999999999
2 0.8150000000000001 0.10625 0.79875 0.10625 0.79875 0.125 0.8150000000000001 0.125 0.8150000000000001 0.10625
2 0.37124999999999997 0.86 0.36 0.86 0.36 0.87625 0.37124999999999997 0.87625 0.37124999999999997 0.86
2 0.52625 0.86625 0.51625 0.86625 0.51625 0.8800000000000001 0.52625 0.8800000000000001 0.52625 0.86625
2 0.515 0.89625 0.49874999999999997 0.89625 0.49874999999999997 0.9087500000000001 0.515 0.9087500000000001 0.515 0.89625
2 0.5325 0.8637499999999999 0.52125 0.8637499999999999 0.52125 0.875 0.5325 0.875 0.5325 0.8637499999999999
2 0.56125 0.8462500000000001 0.55 0.8462500000000001 0.55 0.8612500000000001 0.56125 0.8612500000000001 0.56125 0.8462500000000001
2 0.5675 0.8425 0.5575 0.8425 0.5575 0.8550000000000001 0.5675 0.8550000000000001 0.5675 0.8425
2 0.5675 0.8825 0.5549999999999999 0.8825 0.5549999999999999 0.89625 0.5675 0.89625 0.5675 0.8825
2 0.79625 0.92875 0.7837500000000001 0.92875 0.7837500000000001 0.94375 0.79625 0.94375 0.79625 0.92875
2 0.83625 0.8012499999999999 0.81875 0.8012499999999999 0.81875 0.8125 0.83625 0.8125 0.83625 0.8012499999999999
2 0.83125 0.85125 0.8162499999999999 0.85125 0.8162499999999999 0.86875 0.83125 0.86875 0.83125 0.85125
2 0.83375 0.8487500000000001 0.8262499999999999 0.8487500000000001 0.8262499999999999 0.86625 0.83375 0.86625 0.83375 0.8487500000000001
2 0.84375 0.845 0.83125 0.845 0.83125 0.8612500000000001 0.84375 0.8612500000000001 0.84375 0.845
2 0.85125 0.8387499999999999 0.8387499999999999 0.8387499999999999 0.8387499999999999 0.85125 0.85125 0.85125 0.85125 0.8387499999999999
2 0.86625 0.83125 0.85125 0.83125 0.85125 0.845 0.86625 0.845 0.86625 0.83125
2 0.8375 0.9512499999999999 0.82 0.9512499999999999 0.82 0.9650000000000001 0.8375 0.9650000000000001 0.8375 0.9512499999999999
2 0.89375 0.27125 0.885 0.27125 0.885 0.28375 0.89375 0.28375 0.89375 0.27125
2 0.88125 0.8175000000000001 0.86625 0.8175000000000001 0.86625 0.8400000000000001 0.88125 0.8400000000000001 0.88125 0.8175000000000001