2 0.06625 0.1025 0.05125 0.1025 0.05125 0.11125 0.06625 0.11125 0.06625 0.1025
2 0.5700000000000001 0.04625 0.55375 0.04625 0.55375 0.05500000000000001 0.5700000000000001 0.05500000000000001 0.5700000000000001 0.04625
2 0.5025000000000001 0.09125 0.48875 0.09125 0.48875 0.10625 0.5025000000000001 0.10625 0.5025000000000001 0.09125
2 0.5825 0.13874999999999998 0.5675 0.13874999999999998 0.5675 0.14625 0.5825 0.14625 0.5825 0.13874999999999998
2 0.6950000000000001 0.09625 0.67875 0.09625 0.67875 0.10500000000000001 0.6950000000000001 0.10500000000000001 0.6950000000000001 0.09625
2 0.73 0.10500000000000001 0.7125 0.10500000000000001 0.7125 0.11374999999999999 0.73 0.11374999999999999 0.73 0.10500000000000001
2 0.2325 0.8800000000000001 0.21625 0.8800000000000001 0.21625 0.8887499999999999 0.2325 0.8887499999999999 0.2325 0.8800000000000001
2 0.8175000000000001 0.21875 0.81125 0.21875 0.81125 0.2325 0.8175000000000001 0.2325 0.8175000000000001 0.21875
2 0.77 0.034999999999999996 0.75125 0.034999999999999996 0.75125 0.042499999999999996 0.77 0.042499999999999996 0.77 0.034999999999999996
2 0.06375 0.11625 0.05 0.11625 0.05 0.12375 0.06375 0.12375 0.06375 0.11625
2 0.0975 0.11499999999999999 0.08249999999999999 0.11499999999999999 0.08249999999999999 0.12375 0.0975 0.12375 0.0975 0.11499999999999999
2 0.66625 0.15 0.6537499999999999 0.15 0.6537499999999999 0.1575 0.66625 0.1575 0.66625 0.15