2 0.15375 0.595 0.14125000000000001 0.595 0.14125000000000001 0.62625 0.15375 0.62625 0.15375 0.595
2 0.1675 0.595 0.155 0.595 0.155 0.62625 0.1675 0.62625 0.1675 0.595
2 0.1875 0.5962500000000001 0.17124999999999999 0.5962500000000001 0.17124999999999999 0.6287499999999999 0.1875 0.6287499999999999 0.1875 0.5962500000000001
2 0.205 0.5962500000000001 0.19375 0.5962500000000001 0.19375 0.6275000000000001 0.205 0.6275000000000001 0.205 0.5962500000000001
2 0.21875 0.59875 0.20625 0.59875 0.20625 0.63 0.21875 0.63 0.21875 0.59875
2 0.23625 0.59375 0.2225 0.59375 0.2225 0.6325000000000001 0.23625 0.6325000000000001 0.23625 0.59375
2 0.25375000000000003 0.5974999999999999 0.23875000000000002 0.5974999999999999 0.23875000000000002 0.6325000000000001 0.25375000000000003 0.6325000000000001 0.25375000000000003 0.5974999999999999
2 0.29874999999999996 0.5912499999999999 0.26125 0.5912499999999999 0.26125 0.6012500000000001 0.29874999999999996 0.6012500000000001 0.29874999999999996 0.5912499999999999
2 0.29375 0.61 0.26749999999999996 0.61 0.26749999999999996 0.62 0.29375 0.62 0.29375 0.61
2 0.2925 0.62625 0.2625 0.62625 0.2625 0.6375 0.2925 0.6375 0.2925 0.62625
2 0.29375 0.645 0.26375000000000004 0.645 0.26375000000000004 0.655 0.29375 0.655 0.29375 0.645
2 0.29 0.66125 0.26125 0.66125 0.26125 0.67125 0.29 0.67125 0.29 0.66125
2 0.29 0.67875 0.25875 0.67875 0.25875 0.6849999999999999 0.29 0.6849999999999999 0.29 0.67875
2 0.2875 0.6950000000000001 0.25875 0.6950000000000001 0.25875 0.705 0.2875 0.705 0.2875 0.6950000000000001
2 0.28875 0.70875 0.25625 0.70875 0.25625 0.72 0.28875 0.72 0.28875 0.70875
2 0.28500000000000003 0.72875 0.25875 0.72875 0.25875 0.73875 0.28500000000000003 0.73875 0.28500000000000003 0.72875
2 0.29125 0.74375 0.25875 0.74375 0.25875 0.7575000000000001 0.29125 0.7575000000000001 0.29125 0.74375
2 0.28500000000000003 0.75875 0.25875 0.75875 0.25875 0.77125 0.28500000000000003 0.77125 0.28500000000000003 0.75875
2 0.28625 0.7787499999999999 0.2575 0.7787499999999999 0.2575 0.7875 0.28625 0.7875 0.28625 0.7787499999999999
2 0.2875 0.79625 0.25625 0.79625 0.25625 0.805 0.2875 0.805 0.2875 0.79625
2 0.28875 0.81125 0.26 0.81125 0.26 0.81875 0.28875 0.81875 0.28875 0.81125
2 0.28875 0.8262499999999999 0.25875 0.8262499999999999 0.25875 0.83625 0.28875 0.83625 0.28875 0.8262499999999999
2 0.28875 0.8425 0.25875 0.8425 0.25875 0.85375 0.28875 0.85375 0.28875 0.8425
2 0.29 0.8625 0.26 0.8625 0.26 0.86875 0.29 0.86875 0.29 0.8625
2 0.28625 0.87375 0.25875 0.87375 0.25875 0.8875 0.28625 0.8875 0.28625 0.87375
2 0.28875 0.89375 0.25875 0.89375 0.25875 0.9025000000000001 0.28875 0.9025000000000001 0.28875 0.89375
2 0.2875 0.9112500000000001 0.2575 0.9112500000000001 0.2575 0.9199999999999999 0.2875 0.9199999999999999 0.2875 0.9112500000000001
2 0.28500000000000003 0.925 0.26 0.925 0.26 0.93625 0.28500000000000003 0.93625 0.28500000000000003 0.925
2 0.28625 0.94375 0.26 0.94375 0.26 0.95375 0.28625 0.95375 0.28625 0.94375
2 0.28375 0.96125 0.2575 0.96125 0.2575 0.9712500000000001 0.28375 0.9712500000000001 0.28375 0.96125
2 0.28625 0.9775 0.25625 0.9775 0.25625 0.985 0.28625 0.985 0.28625 0.9775
2 0.28500000000000003 0.9925 0.26 0.9925 0.26 0.99875 0.28500000000000003 0.99875 0.28500000000000003 0.9925
2 0.12 0.73125 0.08125 0.73125 0.08125 0.74375 0.12 0.74375 0.12 0.73125
2 0.11625 0.75125 0.08 0.75125 0.08 0.76 0.11625 0.76 0.11625 0.75125
2 0.11875 0.76375 0.08625000000000001 0.76375 0.08625000000000001 0.7787499999999999 0.11875 0.7787499999999999 0.11875 0.76375
2 0.11499999999999999 0.7849999999999999 0.08249999999999999 0.7849999999999999 0.08249999999999999 0.795 0.11499999999999999 0.795 0.11499999999999999 0.7849999999999999
2 0.1125 0.79875 0.07625 0.79875 0.07625 0.8125 0.1125 0.8125 0.1125 0.79875
2 0.20875 0.79375 0.16 0.79375 0.16 0.85375 0.20875 0.85375 0.20875 0.79375
2 0.20249999999999999 0.86625 0.15625 0.86625 0.15625 0.9262499999999999 0.20249999999999999 0.9262499999999999 0.20249999999999999 0.86625
2 0.1975 0.8949999999999999 0.15125 0.8949999999999999 0.15125 0.9574999999999999 0.1975 0.9574999999999999 0.1975 0.8949999999999999
2 0.20625 0.9349999999999999 0.15125 0.9349999999999999 0.15125 0.9974999999999999 0.20625 0.9974999999999999 0.20625 0.9349999999999999
2 0.18625 1 0.18625 0.9662499999999999 0.14750000000000002 0.9662499999999999 0.14750000000000002 1 0.18625 1
2 0.3275 0.9375 0.3 0.9375 0.3 0.95 0.3275 0.95 0.3275 0.9375