2 0.034999999999999996 0.70125 0.01875 0.70125 0.01875 0.7175 0.034999999999999996 0.7175 0.034999999999999996 0.70125
2 0.2975 0.52625 0.28125 0.52625 0.28125 0.5387500000000001 0.2975 0.5387500000000001 0.2975 0.52625
2 0.57375 0.47375 0.55625 0.47375 0.55625 0.48375 0.57375 0.48375 0.57375 0.47375
2 0.61 0.63875 0.5974999999999999 0.63875 0.5974999999999999 0.6537499999999999 0.61 0.6537499999999999 0.61 0.63875
2 0.6325000000000001 0.46875 0.6174999999999999 0.46875 0.6174999999999999 0.47874999999999995 0.6325000000000001 0.47874999999999995 0.6325000000000001 0.46875
2 0.8462500000000001 0.76125 0.83625 0.76125 0.83625 0.7787499999999999 0.8462500000000001 0.7787499999999999 0.8462500000000001 0.76125
2 0.84375 0.7925 0.83375 0.7925 0.83375 0.8087500000000001 0.84375 0.8087500000000001 0.84375 0.7925
2 0.85125 0.67625 0.8400000000000001 0.67625 0.8400000000000001 0.69375 0.85125 0.69375 0.85125 0.67625
2 0.85625 0.62375 0.845 0.62375 0.845 0.64125 0.85625 0.64125 0.85625 0.62375
2 0.8087500000000001 0.45875000000000005 0.795 0.45875000000000005 0.795 0.465 0.8087500000000001 0.465 0.8087500000000001 0.45875000000000005
2 0.945 0.45499999999999996 0.9324999999999999 0.45499999999999996 0.9324999999999999 0.4625 0.945 0.4625 0.945 0.45499999999999996
2 0.915 0.1875 0.89125 0.1875 0.89125 0.19875 0.915 0.19875 0.915 0.1875
2 0.74875 0.15625 0.73 0.15625 0.73 0.16625 0.74875 0.16625 0.74875 0.15625
2 0.63 0.13625 0.6125 0.13625 0.6125 0.145 0.63 0.145 0.63 0.13625
2 0.013750000000000002 0.0375 0.005 0.0375 0.005 0.06 0.013750000000000002 0.06 0.013750000000000002 0.0375
2 0.04875 0.05375 0.04 0.05375 0.04 0.07125000000000001 0.04875 0.07125000000000001 0.04875 0.05375
2 0.027500000000000004 0.07125000000000001 0.01625 0.07125000000000001 0.01625 0.09 0.027500000000000004 0.09 0.027500000000000004 0.07125000000000001
2 0.0375 0.01 0.028749999999999998 0.01 0.028749999999999998 0.028749999999999998 0.0375 0.028749999999999998 0.0375 0.01
2 0.31124999999999997 0.49874999999999997 0.29375 0.49874999999999997 0.29375 0.50625 0.31124999999999997 0.50625 0.31124999999999997 0.49874999999999997
2 0.31375000000000003 0.5225 0.30125 0.5225 0.30125 0.53125 0.31375000000000003 0.53125 0.31375000000000003 0.5225
2 0.55 0.925 0.54 0.925 0.54 0.9400000000000001 0.55 0.9400000000000001 0.55 0.925
2 0.5974999999999999 0.73875 0.585 0.73875 0.585 0.755 0.5974999999999999 0.755 0.5974999999999999 0.73875
2 0.575 0.735 0.56375 0.735 0.56375 0.75125 0.575 0.75125 0.575 0.735
2 0.615 0.66875 0.605 0.66875 0.605 0.6825 0.615 0.6825 0.615 0.66875
2 0.5900000000000001 0.6675 0.58 0.6675 0.58 0.6825 0.5900000000000001 0.6825 0.5900000000000001 0.6675
2 0.62375 0.54 0.61375 0.54 0.61375 0.55375 0.62375 0.55375 0.62375 0.54
2 0.83625 0.45375 0.81875 0.45375 0.81875 0.4625 0.83625 0.4625 0.83625 0.45375
2 0.8862500000000001 0.45125000000000004 0.86625 0.45125000000000004 0.86625 0.4625 0.8862500000000001 0.4625 0.8862500000000001 0.45125000000000004
2 0.87375 0.70375 0.86625 0.70375 0.86625 0.71875 0.87375 0.71875 0.87375 0.70375
2 0.8724999999999999 0.7474999999999999 0.8612500000000001 0.7474999999999999 0.8612500000000001 0.7625 0.8724999999999999 0.7625 0.8724999999999999 0.7474999999999999
2 0.9199999999999999 0.21375000000000002 0.9 0.21375000000000002 0.9 0.225 0.9199999999999999 0.225 0.9199999999999999 0.21375000000000002
2 0.72875 0.1525 0.7112499999999999 0.1525 0.7112499999999999 0.16375 0.72875 0.16375 0.72875 0.1525
2 0.65125 0.13999999999999999 0.63625 0.13999999999999999 0.63625 0.14875 0.65125 0.14875 0.65125 0.13999999999999999
2 0.82875 0.17375000000000002 0.8150000000000001 0.17375000000000002 0.8150000000000001 0.18125 0.82875 0.18125 0.82875 0.17375000000000002
2 0.77 0.12875 0.76 0.12875 0.76 0.145 0.77 0.145 0.77 0.12875
2 0.7737499999999999 0.10124999999999999 0.765 0.10124999999999999 0.765 0.12 0.7737499999999999 0.12 0.7737499999999999 0.10124999999999999