2 0.1 0.46125 0.08125 0.46125 0.08125 0.47000000000000003 0.1 0.47000000000000003 0.1 0.46125
2 0.1325 0.47750000000000004 0.1125 0.47750000000000004 0.1125 0.4875 0.1325 0.4875 0.1325 0.47750000000000004
2 0.22374999999999998 0.52625 0.2 0.52625 0.2 0.53625 0.22374999999999998 0.53625 0.22374999999999998 0.52625
2 0.1925 0.4625 0.17250000000000001 0.4625 0.17250000000000001 0.47125000000000006 0.1925 0.47125000000000006 0.1925 0.4625
2 0.28125 0.46375 0.2625 0.46375 0.2625 0.4725 0.28125 0.4725 0.28125 0.46375
2 0.2875 0.48125 0.27 0.48125 0.27 0.49124999999999996 0.2875 0.49124999999999996 0.2875 0.48125
2 0.39625 0.45375 0.37 0.45375 0.37 0.47125000000000006 0.39625 0.47125000000000006 0.39625 0.45375
2 0.8862500000000001 0.61625 0.8787499999999999 0.61625 0.8787499999999999 0.635 0.8862500000000001 0.635 0.8862500000000001 0.61625
2 0.89625 0.8637499999999999 0.8862500000000001 0.8637499999999999 0.8862500000000001 0.8862500000000001 0.89625 0.8862500000000001 0.89625 0.8637499999999999
2 0.72375 0.8862500000000001 0.68125 0.8862500000000001 0.68125 0.8975 0.72375 0.8975 0.72375 0.8862500000000001
2 0.27625 1 0.27625 0.99125 0.25875 0.99125 0.25875 1 0.27625 1
2 0.29874999999999996 0.99 0.27999999999999997 0.99 0.27999999999999997 0.99875 0.29874999999999996 0.99875 0.29874999999999996 0.99
2 0.37 0.99 0.35375 0.99 0.35375 0.9974999999999999 0.37 0.9974999999999999 0.37 0.99
2 0.44375 1 0.44375 0.9925 0.425 0.9925 0.425 1 0.44375 1
2 0.49000000000000005 0.99 0.47000000000000003 0.99 0.47000000000000003 0.9974999999999999 0.49000000000000005 0.9974999999999999 0.49000000000000005 0.99
2 0.5125 1 0.5125 0.9925 0.495 0.9925 0.495 1 0.5125 1
2 0.54 0.99 0.51875 0.99 0.51875 0.99875 0.54 0.99875 0.54 0.99
2 0.58875 1 0.58875 0.99125 0.5700000000000001 0.99125 0.5700000000000001 1 0.58875 1
2 0.6537499999999999 0.99125 0.63375 0.99125 0.63375 0.99875 0.6537499999999999 0.99875 0.6537499999999999 0.99125
2 0.7224999999999999 0.99 0.7 0.99 0.7 0.99875 0.7224999999999999 0.99875 0.7224999999999999 0.99
2 0.74375 1 0.74375 0.9925 0.725 0.9925 0.725 1 0.74375 1
2 0.76875 1 0.76875 0.99125 0.7474999999999999 0.99125 0.7474999999999999 1 0.76875 1
2 0.45499999999999996 0.20875 0.42874999999999996 0.20875 0.42874999999999996 0.22125 0.45499999999999996 0.22125 0.45499999999999996 0.20875
2 0.8712500000000001 0.94625 0.86 0.94625 0.86 0.9662499999999999 0.8712500000000001 0.9662499999999999 0.8712500000000001 0.94625