2 0.1325 0.175 0.11750000000000001 0.175 0.11750000000000001 0.185 0.1325 0.185 0.1325 0.175
2 0.21625 0.05375 0.19875 0.05375 0.19875 0.0675 0.21625 0.0675 0.21625 0.05375
2 0.2925 0.01875 0.27375 0.01875 0.27375 0.03 0.2925 0.03 0.2925 0.01875
2 0.34249999999999997 0.89125 0.33125 0.89125 0.33125 0.905 0.34249999999999997 0.905 0.34249999999999997 0.89125
2 0.2925 0.9275 0.28250000000000003 0.9275 0.28250000000000003 0.9412499999999999 0.2925 0.9412499999999999 0.2925 0.9275
2 0.83125 0.9324999999999999 0.82125 0.9324999999999999 0.82125 0.945 0.83125 0.945 0.83125 0.9324999999999999
2 0.45 0.03625 0.42750000000000005 0.03625 0.42750000000000005 0.06 0.45 0.06 0.45 0.03625
2 0.58125 0.655 0.5725 0.655 0.5725 0.67125 0.58125 0.67125 0.58125 0.655
2 0.8412499999999999 0.9324999999999999 0.83125 0.9324999999999999 0.83125 0.945 0.8412499999999999 0.945 0.8412499999999999 0.9324999999999999
2 0.21125 0.265 0.19624999999999998 0.265 0.19624999999999998 0.27875 0.21125 0.27875 0.21125 0.265
2 0.18375 0.29125 0.16375 0.29125 0.16375 0.30125 0.18375 0.30125 0.18375 0.29125
2 0.1325 0.25 0.11625 0.25 0.11625 0.265 0.1325 0.265 0.1325 0.25
2 0.3175 0.0075 0.3025 0.0075 0.3025 0.017499999999999998 0.3175 0.017499999999999998 0.3175 0.0075
2 0.60875 0.11625 0.59375 0.11625 0.59375 0.1275 0.60875 0.1275 0.60875 0.11625
2 0.42874999999999996 0.07875 0.41500000000000004 0.07875 0.41500000000000004 0.09 0.42874999999999996 0.09 0.42874999999999996 0.07875
2 0.335 0.00625 0.3225 0.00625 0.3225 0.015 0.335 0.015 0.335 0.00625