2 0.05375 0.04625 0.028749999999999998 0.04625 0.028749999999999998 0.065 0.05375 0.065 0.05375 0.04625
2 0.08625000000000001 0.0025 0.065 0.0025 0.065 0.017499999999999998 0.08625000000000001 0.017499999999999998 0.08625000000000001 0.0025
2 0.07875 0.54375 0.05500000000000001 0.54375 0.05500000000000001 0.5575 0.07875 0.5575 0.07875 0.54375
2 0.145 0.51625 0.12375 0.51625 0.12375 0.5287499999999999 0.145 0.5287499999999999 0.145 0.51625
2 0.19624999999999998 0.58375 0.1675 0.58375 0.1675 0.6 0.19624999999999998 0.6 0.19624999999999998 0.58375
2 0.27375 0.56875 0.24 0.56875 0.24 0.58875 0.27375 0.58875 0.27375 0.56875
2 0.8612500000000001 0.38625 0.8387499999999999 0.38625 0.8387499999999999 0.3975 0.8612500000000001 0.3975 0.8612500000000001 0.38625
2 0.58375 0.33625 0.5575 0.33625 0.5575 0.3525 0.58375 0.3525 0.58375 0.33625
2 0.61625 0.34875 0.60375 0.34875 0.60375 0.375 0.61625 0.375 0.61625 0.34875
2 0.9262499999999999 0.89125 0.9125 0.89125 0.9125 0.9125 0.9262499999999999 0.9125 0.9262499999999999 0.89125
2 0.7787499999999999 0.3625 0.76375 0.3625 0.76375 0.3775 0.7787499999999999 0.3775 0.7787499999999999 0.3625