2 0.06625 0.8612500000000001 0.03875 0.8612500000000001 0.03875 0.8699999999999999 0.06625 0.8699999999999999 0.06625 0.8612500000000001
2 0.20750000000000002 0.8699999999999999 0.18 0.8699999999999999 0.18 0.88375 0.20750000000000002 0.88375 0.20750000000000002 0.8699999999999999
2 0.24500000000000002 0.8887499999999999 0.21000000000000002 0.8887499999999999 0.21000000000000002 0.9012499999999999 0.24500000000000002 0.9012499999999999 0.24500000000000002 0.8887499999999999
2 0.26375000000000004 0.865 0.22749999999999998 0.865 0.22749999999999998 0.8775000000000001 0.26375000000000004 0.8775000000000001 0.26375000000000004 0.865
2 0.30375 0.885 0.26875 0.885 0.26875 0.89875 0.30375 0.89875 0.30375 0.885
2 0.35875 0.88375 0.3325 0.88375 0.3325 0.89875 0.35875 0.89875 0.35875 0.88375
2 0.3875 0.89375 0.36 0.89375 0.36 0.905 0.3875 0.905 0.3875 0.89375
2 0.7775000000000001 0.08375 0.75875 0.08375 0.75875 0.0925 0.7775000000000001 0.0925 0.7775000000000001 0.08375
2 0.91375 0.04375 0.9025000000000001 0.04375 0.9025000000000001 0.052500000000000005 0.91375 0.052500000000000005 0.91375 0.04375
2 0.86875 0.06875 0.85625 0.06875 0.85625 0.07625 0.86875 0.07625 0.86875 0.06875
2 0.86875 0.08375 0.85625 0.08375 0.85625 0.09 0.86875 0.09 0.86875 0.08375
2 0.91625 0.09875 0.90625 0.09875 0.90625 0.10625 0.91625 0.10625 0.91625 0.09875
2 0.9475 0.13874999999999998 0.9412499999999999 0.13874999999999998 0.9412499999999999 0.15 0.9475 0.15 0.9475 0.13874999999999998
2 0.9400000000000001 0.16625 0.9337500000000001 0.16625 0.9337500000000001 0.17875000000000002 0.9400000000000001 0.17875000000000002 0.9400000000000001 0.16625
2 0.9412499999999999 0.27875 0.9349999999999999 0.27875 0.9349999999999999 0.2925 0.9412499999999999 0.2925 0.9412499999999999 0.27875
2 0.925 0.32 0.9199999999999999 0.32 0.9199999999999999 0.33125 0.925 0.33125 0.925 0.32
2 0.93625 0.35875 0.93 0.35875 0.93 0.37 0.93625 0.37 0.93625 0.35875
2 0.9324999999999999 0.45 0.9262499999999999 0.45 0.9262499999999999 0.45999999999999996 0.9324999999999999 0.45999999999999996 0.9324999999999999 0.45
2 0.93 0.49375 0.9237500000000001 0.49375 0.9237500000000001 0.505 0.93 0.505 0.93 0.49375
2 0.91625 0.51125 0.9112500000000001 0.51125 0.9112500000000001 0.5225 0.91625 0.5225 0.91625 0.51125
2 0.9262499999999999 0.5662499999999999 0.92125 0.5662499999999999 0.92125 0.58 0.9262499999999999 0.58 0.9262499999999999 0.5662499999999999
2 0.3375 0.00375 0.32875 0.00375 0.32875 0.013750000000000002 0.3375 0.013750000000000002 0.3375 0.00375
2 0.29874999999999996 0.03125 0.2875 0.03125 0.2875 0.0375 0.29874999999999996 0.0375 0.29874999999999996 0.03125
2 0.40374999999999994 0.04 0.39375 0.04 0.39375 0.04625 0.40374999999999994 0.04625 0.40374999999999994 0.04
2 0.43499999999999994 0.05375 0.42374999999999996 0.05375 0.42374999999999996 0.0625 0.43499999999999994 0.0625 0.43499999999999994 0.05375
2 0.47125000000000006 0.028749999999999998 0.46125 0.028749999999999998 0.46125 0.03625 0.47125000000000006 0.03625 0.47125000000000006 0.028749999999999998
2 0.48250000000000004 0.03125 0.47375 0.03125 0.47375 0.03875 0.48250000000000004 0.03875 0.48250000000000004 0.03125
2 0.45999999999999996 0.026250000000000002 0.45125000000000004 0.026250000000000002 0.45125000000000004 0.03375 0.45999999999999996 0.03375 0.45999999999999996 0.026250000000000002
2 0.5275000000000001 0.03875 0.51625 0.03875 0.51625 0.04625 0.5275000000000001 0.04625 0.5275000000000001 0.03875
2 0.5375 0.041249999999999995 0.52625 0.041249999999999995 0.52625 0.0475 0.5375 0.0475 0.5375 0.041249999999999995
2 0.5862499999999999 0.05 0.575 0.05 0.575 0.05625 0.5862499999999999 0.05625 0.5862499999999999 0.05
2 0.65625 0.06625 0.645 0.06625 0.645 0.07375000000000001 0.65625 0.07375000000000001 0.65625 0.06625
2 0.69375 0.07125000000000001 0.67875 0.07125000000000001 0.67875 0.08 0.69375 0.08 0.69375 0.07125000000000001
2 0.71875 0.0775 0.70625 0.0775 0.70625 0.0875 0.71875 0.0875 0.71875 0.0775
2 0.85875 0.058750000000000004 0.8487500000000001 0.058750000000000004 0.8487500000000001 0.06625 0.85875 0.06625 0.85875 0.058750000000000004
2 0.8474999999999999 0.0625 0.83625 0.0625 0.83625 0.06875 0.8474999999999999 0.06875 0.8474999999999999 0.0625
2 0.88375 0.052500000000000005 0.8712500000000001 0.052500000000000005 0.8712500000000001 0.06 0.88375 0.06 0.88375 0.052500000000000005
2 0.96 0.03 0.95 0.03 0.95 0.0375 0.96 0.0375 0.96 0.03
2 1 0.01875 0.9887499999999999 0.01875 0.9887499999999999 0.026250000000000002 1 0.026250000000000002 1 0.01875
2 0.925 0.34375 0.91875 0.34375 0.91875 0.35625 0.925 0.35625 0.925 0.34375
2 0.97 0.38125 0.9625 0.38125 0.9625 0.39249999999999996 0.97 0.39249999999999996 0.97 0.38125
2 0.9487500000000001 0.12250000000000001 0.9425000000000001 0.12250000000000001 0.9425000000000001 0.135 0.9487500000000001 0.135 0.9487500000000001 0.12250000000000001
2 0.9425000000000001 0.1275 0.93625 0.1275 0.93625 0.1375 0.9425000000000001 0.1375 0.9425000000000001 0.1275
2 0.93875 0.18125 0.9337500000000001 0.18125 0.9337500000000001 0.19375 0.93875 0.19375 0.93875 0.18125
2 0.9324999999999999 0.1825 0.9275 0.1825 0.9275 0.19375 0.9324999999999999 0.19375 0.9324999999999999 0.1825
2 0.9324999999999999 0.195 0.9262499999999999 0.195 0.9262499999999999 0.20625 0.9324999999999999 0.20625 0.9324999999999999 0.195
2 0.93125 0.20750000000000002 0.9262499999999999 0.20750000000000002 0.9262499999999999 0.21749999999999997 0.93125 0.21749999999999997 0.93125 0.20750000000000002
2 0.93 0.21875 0.925 0.21875 0.925 0.22875 0.93 0.22875 0.93 0.21875
2 0.93 0.23500000000000001 0.9237500000000001 0.23500000000000001 0.9237500000000001 0.24500000000000002 0.93 0.24500000000000002 0.93 0.23500000000000001
2 0.93 0.2475 0.9237500000000001 0.2475 0.9237500000000001 0.2575 0.93 0.2575 0.93 0.2475
2 0.93 0.2575 0.9237500000000001 0.2575 0.9237500000000001 0.27 0.93 0.27 0.93 0.2575
2 0.92875 0.27125 0.9225 0.27125 0.9225 0.28250000000000003 0.92875 0.28250000000000003 0.92875 0.27125
2 0.94375 0.26625 0.93625 0.26625 0.93625 0.27749999999999997 0.94375 0.27749999999999997 0.94375 0.26625
2 0.9425000000000001 0.255 0.93625 0.255 0.93625 0.26749999999999996 0.9425000000000001 0.26749999999999996 0.9425000000000001 0.255
2 0.9375 0.195 0.9324999999999999 0.195 0.9324999999999999 0.20249999999999999 0.9375 0.20249999999999999 0.9375 0.195
2 0.93875 0.20375000000000001 0.9324999999999999 0.20375000000000001 0.9324999999999999 0.215 0.93875 0.215 0.93875 0.20375000000000001
2 0.9375 0.21749999999999997 0.9324999999999999 0.21749999999999997 0.9324999999999999 0.22875 0.9375 0.22875 0.9375 0.21749999999999997
2 0.94375 0.22000000000000003 0.9375 0.22000000000000003 0.9375 0.23125 0.94375 0.23125 0.94375 0.22000000000000003
2 0.93875 0.30625 0.9337500000000001 0.30625 0.9337500000000001 0.31875 0.93875 0.31875 0.93875 0.30625
2 0.98125 0.38125 0.9737500000000001 0.38125 0.9737500000000001 0.39 0.98125 0.39 0.98125 0.38125
2 0.9199999999999999 0.42374999999999996 0.91375 0.42374999999999996 0.91375 0.43624999999999997 0.9199999999999999 0.43624999999999997 0.9199999999999999 0.42374999999999996
2 0.9199999999999999 0.41 0.915 0.41 0.915 0.4225 0.9199999999999999 0.4225 0.9199999999999999 0.41
2 0.91875 0.475 0.9125 0.475 0.9125 0.485 0.91875 0.485 0.91875 0.475
2 0.91875 0.4875 0.9125 0.4875 0.9125 0.5 0.91875 0.5 0.91875 0.4875
2 0.92875 0.515 0.9237500000000001 0.515 0.9237500000000001 0.52625 0.92875 0.52625 0.92875 0.515
2 0.92875 0.5275000000000001 0.9237500000000001 0.5275000000000001 0.9237500000000001 0.54 0.92875 0.54 0.92875 0.5275000000000001
2 0.91375 0.5700000000000001 0.9075 0.5700000000000001 0.9075 0.58125 0.91375 0.58125 0.91375 0.5700000000000001
2 0.9125 0.5900000000000001 0.90625 0.5900000000000001 0.90625 0.6012500000000001 0.9125 0.6012500000000001 0.9125 0.5900000000000001
2 0.9112500000000001 0.60375 0.90625 0.60375 0.90625 0.615 0.9112500000000001 0.615 0.9112500000000001 0.60375
2 0.9125 0.61625 0.905 0.61625 0.905 0.6275000000000001 0.9125 0.6275000000000001 0.9125 0.61625
2 0.9099999999999999 0.645 0.9037499999999999 0.645 0.9037499999999999 0.655 0.9099999999999999 0.655 0.9099999999999999 0.645
2 0.9075 0.655 0.9025000000000001 0.655 0.9025000000000001 0.665 0.9075 0.665 0.9075 0.655
2 0.90625 0.7175 0.9012499999999999 0.7175 0.9012499999999999 0.7275 0.90625 0.7275 0.90625 0.7175
2 0.90625 0.7325 0.9 0.7325 0.9 0.74125 0.90625 0.74125 0.90625 0.7325
2 0.9199999999999999 0.6950000000000001 0.915 0.6950000000000001 0.915 0.70625 0.9199999999999999 0.70625 0.9199999999999999 0.6950000000000001
2 0.8237500000000001 0.805 0.8125 0.805 0.8125 0.8125 0.8237500000000001 0.8125 0.8237500000000001 0.805
2 0.85125 0.8125 0.8400000000000001 0.8125 0.8400000000000001 0.82 0.85125 0.82 0.85125 0.8125
2 0.9025000000000001 0.82125 0.89375 0.82125 0.89375 0.8324999999999999 0.9025000000000001 0.8324999999999999 0.9025000000000001 0.82125
2 0.7625 0.805 0.75125 0.805 0.75125 0.8125 0.7625 0.8125 0.7625 0.805
2 0.75 0.81125 0.74 0.81125 0.74 0.81875 0.75 0.81875 0.75 0.81125
2 0.7375 0.805 0.725 0.805 0.725 0.8125 0.7375 0.8125 0.7375 0.805
2 0.7212500000000001 0.805 0.71 0.805 0.71 0.81125 0.7212500000000001 0.81125 0.7212500000000001 0.805
2 0.7025 0.805 0.6925 0.805 0.6925 0.81375 0.7025 0.81375 0.7025 0.805
2 0.6925 0.80625 0.6799999999999999 0.80625 0.6799999999999999 0.81125 0.6925 0.81125 0.6925 0.80625
2 0.67875 0.805 0.66875 0.805 0.66875 0.81125 0.67875 0.81125 0.67875 0.805
2 0.6675 0.805 0.65625 0.805 0.65625 0.8125 0.6675 0.8125 0.6675 0.805
2 0.6537499999999999 0.805 0.64125 0.805 0.64125 0.81125 0.6537499999999999 0.81125 0.6537499999999999 0.805
2 0.64125 0.805 0.63 0.805 0.63 0.81125 0.64125 0.81125 0.64125 0.805
2 0.63 0.805 0.6174999999999999 0.805 0.6174999999999999 0.81375 0.63 0.81375 0.63 0.805
2 0.615 0.805 0.60625 0.805 0.60625 0.8099999999999999 0.615 0.8099999999999999 0.615 0.805
2 0.605 0.805 0.595 0.805 0.595 0.81125 0.605 0.81125 0.605 0.805
2 0.58125 0.805 0.57125 0.805 0.57125 0.81125 0.58125 0.81125 0.58125 0.805
2 0.5725 0.805 0.5599999999999999 0.805 0.5599999999999999 0.81125 0.5725 0.81125 0.5725 0.805
2 0.5587500000000001 0.805 0.5475 0.805 0.5475 0.81125 0.5587500000000001 0.81125 0.5587500000000001 0.805
2 0.40125 0.8800000000000001 0.39125 0.8800000000000001 0.39125 0.8875 0.40125 0.8875 0.40125 0.8800000000000001
2 0.40125 0.85625 0.39375 0.85625 0.39375 0.8637499999999999 0.40125 0.8637499999999999 0.40125 0.85625
2 0.27 0.81375 0.25875 0.81375 0.25875 0.82125 0.27 0.82125 0.27 0.81375
2 0.31124999999999997 0.8074999999999999 0.2975 0.8074999999999999 0.2975 0.8162499999999999 0.31124999999999997 0.8162499999999999 0.31124999999999997 0.8074999999999999
2 0.35125 0.8087500000000001 0.33875 0.8087500000000001 0.33875 0.8162499999999999 0.35125 0.8162499999999999 0.35125 0.8087500000000001
2 0.28250000000000003 0.81375 0.27125 0.81375 0.27125 0.82 0.28250000000000003 0.82 0.28250000000000003 0.81375
2 0.24500000000000002 0.8074999999999999 0.23500000000000001 0.8074999999999999 0.23500000000000001 0.81375 0.24500000000000002 0.81375 0.24500000000000002 0.8074999999999999
2 0.2725 0.85125 0.265 0.85125 0.265 0.8675 0.2725 0.8675 0.2725 0.85125
2 0.20625 0.8 0.19375 0.8 0.19375 0.8074999999999999 0.20625 0.8074999999999999 0.20625 0.8
2 0.0325 0.8025 0.021249999999999998 0.8025 0.021249999999999998 0.8087500000000001 0.0325 0.8087500000000001 0.0325 0.8025
2 0.44625000000000004 0.8012499999999999 0.44000000000000006 0.8012499999999999 0.44000000000000006 0.8125 0.44625000000000004 0.8125 0.44625000000000004 0.8012499999999999
2 0.3825 0.80625 0.37374999999999997 0.80625 0.37374999999999997 0.81375 0.3825 0.81375 0.3825 0.80625
2 0.425 0.8150000000000001 0.4125 0.8150000000000001 0.4125 0.8237500000000001 0.425 0.8237500000000001 0.425 0.8150000000000001
2 0.5287499999999999 0.805 0.51875 0.805 0.51875 0.8099999999999999 0.5287499999999999 0.8099999999999999 0.5287499999999999 0.805
2 0.54125 0.80375 0.53125 0.80375 0.53125 0.81125 0.54125 0.81125 0.54125 0.80375
2 0.12250000000000001 0.41125 0.11875 0.41125 0.11875 0.42374999999999996 0.12250000000000001 0.42374999999999996 0.12250000000000001 0.41125
2 0.11875 0.54125 0.11374999999999999 0.54125 0.11374999999999999 0.5525 0.11875 0.5525 0.11875 0.54125
2 0.10625 0.5549999999999999 0.10124999999999999 0.5549999999999999 0.10124999999999999 0.5650000000000001 0.10625 0.5650000000000001 0.10625 0.5549999999999999
2 0.10625 0.5650000000000001 0.1 0.5650000000000001 0.1 0.57375 0.10625 0.57375 0.10625 0.5650000000000001
2 0.11125 0.5912499999999999 0.10625 0.5912499999999999 0.10625 0.60375 0.11125 0.60375 0.11125 0.5912499999999999
2 0.11625 0.61375 0.11000000000000001 0.61375 0.11000000000000001 0.6275000000000001 0.11625 0.6275000000000001 0.11625 0.61375
2 0.11125 0.66875 0.10625 0.66875 0.10625 0.67875 0.11125 0.67875 0.11125 0.66875
2 0.10625 0.575 0.1 0.575 0.1 0.58375 0.10625 0.58375 0.10625 0.575
2 0.09625 0.735 0.09125 0.735 0.09125 0.7462500000000001 0.09625 0.7462500000000001 0.09625 0.735
2 0.1025 0.74375 0.095 0.74375 0.095 0.75875 0.1025 0.75875 0.1025 0.74375
2 0.10124999999999999 0.7775000000000001 0.095 0.7775000000000001 0.095 0.79125 0.10124999999999999 0.79125 0.10124999999999999 0.7775000000000001
2 0.12125 0.52 0.11374999999999999 0.52 0.11374999999999999 0.5349999999999999 0.12125 0.5349999999999999 0.12125 0.52