2 0.6487499999999999 0.05125 0.6287499999999999 0.05125 0.6287499999999999 0.058750000000000004 0.6487499999999999 0.058750000000000004 0.6487499999999999 0.05125
2 0.7837500000000001 0.31625000000000003 0.7775000000000001 0.31625000000000003 0.7775000000000001 0.33375 0.7837500000000001 0.33375 0.7837500000000001 0.31625000000000003
2 0.8012499999999999 0.5700000000000001 0.79375 0.5700000000000001 0.79375 0.5875 0.8012499999999999 0.5875 0.8012499999999999 0.5700000000000001
2 0.8 0.625 0.79 0.625 0.79 0.645 0.8 0.645 0.8 0.625
2 0.7737499999999999 0.84375 0.76375 0.84375 0.76375 0.8612500000000001 0.7737499999999999 0.8612500000000001 0.7737499999999999 0.84375
2 0.8 1 0.8 0.9862500000000001 0.79125 0.9862500000000001 0.79125 1 0.8 1
2 0.26125 0.97 0.24500000000000002 0.97 0.24500000000000002 0.9775 0.26125 0.9775 0.26125 0.97
2 0.1975 0.9574999999999999 0.1825 0.9574999999999999 0.1825 0.9625 0.1975 0.9625 0.1975 0.9574999999999999
2 0.8474999999999999 0.33999999999999997 0.8300000000000001 0.33999999999999997 0.8300000000000001 0.34750000000000003 0.8474999999999999 0.34750000000000003 0.8474999999999999 0.33999999999999997
2 0.9199999999999999 0.48250000000000004 0.8975 0.48250000000000004 0.8975 0.48875 0.9199999999999999 0.48875 0.9199999999999999 0.48250000000000004
2 0.9662499999999999 0.47874999999999995 0.9412499999999999 0.47874999999999995 0.9412499999999999 0.48624999999999996 0.9662499999999999 0.48624999999999996 0.9662499999999999 0.47874999999999995
2 0.93125 0.53625 0.9199999999999999 0.53625 0.9199999999999999 0.55375 0.93125 0.55375 0.93125 0.53625
2 0.9974999999999999 0.51375 0.97875 0.51375 0.97875 0.52125 0.9974999999999999 0.52125 0.9974999999999999 0.51375
2 0.9574999999999999 0.71875 0.9487500000000001 0.71875 0.9487500000000001 0.73625 0.9574999999999999 0.73625 0.9574999999999999 0.71875
2 0.9625 0.8150000000000001 0.9425000000000001 0.8150000000000001 0.9425000000000001 0.8262499999999999 0.9625 0.8262499999999999 0.9625 0.8150000000000001
2 0.99125 0.8087500000000001 0.9775 0.8087500000000001 0.9775 0.8300000000000001 0.99125 0.8300000000000001 0.99125 0.8087500000000001
2 0.9262499999999999 0.81125 0.9175000000000001 0.81125 0.9175000000000001 0.82875 0.9262499999999999 0.82875 0.9262499999999999 0.81125
2 0.9324999999999999 0.15125 0.9225 0.15125 0.9225 0.16999999999999998 0.9324999999999999 0.16999999999999998 0.9324999999999999 0.15125
2 0.85875 0.6174999999999999 0.8375 0.6174999999999999 0.8375 0.6275000000000001 0.85875 0.6275000000000001 0.85875 0.6174999999999999