2 0.034999999999999996 0.52 0.025 0.52 0.025 0.52625 0.034999999999999996 0.52625 0.034999999999999996 0.52
2 0.215 0.5387500000000001 0.20375000000000001 0.5387500000000001 0.20375000000000001 0.54375 0.215 0.54375 0.215 0.5387500000000001
2 0.4175 0.20750000000000002 0.40625 0.20750000000000002 0.40625 0.22000000000000003 0.4175 0.22000000000000003 0.4175 0.20750000000000002
2 0.58 0.3775 0.575 0.3775 0.575 0.38875000000000004 0.58 0.38875000000000004 0.58 0.3775
2 0.58875 0.35375 0.5825 0.35375 0.5825 0.36625 0.58875 0.36625 0.58875 0.35375
2 0.59875 0.32875 0.5912499999999999 0.32875 0.5912499999999999 0.34125 0.59875 0.34125 0.59875 0.32875
2 0.73375 0.4175 0.7175 0.4175 0.7175 0.425 0.73375 0.425 0.73375 0.4175
2 0.7787499999999999 0.41125 0.7675 0.41125 0.7675 0.42000000000000004 0.7787499999999999 0.42000000000000004 0.7787499999999999 0.41125
2 0.60375 0.45875000000000005 0.59375 0.45875000000000005 0.59375 0.465 0.60375 0.465 0.60375 0.45875000000000005
2 0.9775 0.37625000000000003 0.9662499999999999 0.37625000000000003 0.9662499999999999 0.38375 0.9775 0.38375 0.9775 0.37625000000000003
2 0.9962500000000001 0.37625000000000003 0.98375 0.37625000000000003 0.98375 0.3825 0.9962500000000001 0.3825 0.9962500000000001 0.37625000000000003
2 0.7537499999999999 0.10625 0.73875 0.10625 0.73875 0.11499999999999999 0.7537499999999999 0.11499999999999999 0.7537499999999999 0.10625
2 0.7925 0.40875000000000006 0.78125 0.40875000000000006 0.78125 0.4175 0.7925 0.4175 0.7925 0.40875000000000006