2 0.8574999999999999 0.48250000000000004 0.85375 0.48250000000000004 0.85375 0.49874999999999997 0.8574999999999999 0.49874999999999997 0.8574999999999999 0.48250000000000004
2 0.89375 0.5675 0.89 0.5675 0.89 0.57875 0.89375 0.57875 0.89375 0.5675
2 0.9075 0.5700000000000001 0.9025000000000001 0.5700000000000001 0.9025000000000001 0.58125 0.9075 0.58125 0.9075 0.5700000000000001
2 0.9025000000000001 0.56875 0.89625 0.56875 0.89625 0.58 0.9025000000000001 0.58 0.9025000000000001 0.56875
2 0.8975 0.58875 0.8800000000000001 0.58875 0.8800000000000001 0.5962500000000001 0.8975 0.5962500000000001 0.8975 0.58875
2 0.8324999999999999 0.38 0.81875 0.38 0.81875 0.385 0.8324999999999999 0.385 0.8324999999999999 0.38
2 0.8775000000000001 0.7775000000000001 0.8699999999999999 0.7775000000000001 0.8699999999999999 0.78125 0.8775000000000001 0.78125 0.8775000000000001 0.7775000000000001
2 0.8574999999999999 0.75125 0.8525 0.75125 0.8525 0.755 0.8574999999999999 0.755 0.8574999999999999 0.75125
2 0.87375 0.77125 0.86875 0.77125 0.86875 0.7737499999999999 0.87375 0.7737499999999999 0.87375 0.77125
2 0.6575 0.49124999999999996 0.6475 0.49124999999999996 0.6475 0.495 0.6575 0.495 0.6575 0.49124999999999996
2 0.58 0.57375 0.57625 0.57375 0.57625 0.58 0.58 0.58 0.58 0.57375
2 0.71375 0.705 0.70375 0.705 0.70375 0.71 0.71375 0.71 0.71375 0.705
2 0.3025 0.315 0.29500000000000004 0.315 0.29500000000000004 0.32999999999999996 0.3025 0.32999999999999996 0.3025 0.315