2 0.2225 0.9662499999999999 0.205 0.9662499999999999 0.205 0.975 0.2225 0.975 0.2225 0.9662499999999999
2 0.22749999999999998 0.9737500000000001 0.20875 0.9737500000000001 0.20875 0.9824999999999999 0.22749999999999998 0.9824999999999999 0.22749999999999998 0.9737500000000001
2 0.16875 0.4375 0.15625 0.4375 0.15625 0.44749999999999995 0.16875 0.44749999999999995 0.16875 0.4375
2 0.18 0.35750000000000004 0.17250000000000001 0.35750000000000004 0.17250000000000001 0.37124999999999997 0.18 0.37124999999999997 0.18 0.35750000000000004
2 0.17875000000000002 0.34249999999999997 0.16999999999999998 0.34249999999999997 0.16999999999999998 0.355 0.17875000000000002 0.355 0.17875000000000002 0.34249999999999997
2 0.155 0.17875000000000002 0.13625 0.17875000000000002 0.13625 0.1875 0.155 0.1875 0.155 0.17875000000000002
2 0.1775 0.11374999999999999 0.1675 0.11374999999999999 0.1675 0.13 0.1775 0.13 0.1775 0.11374999999999999
2 0.55 0.00375 0.54125 0.00375 0.54125 0.01625 0.55 0.01625 0.55 0.00375
2 0.8099999999999999 0.041249999999999995 0.80375 0.041249999999999995 0.80375 0.05625 0.8099999999999999 0.05625 0.8099999999999999 0.041249999999999995
2 0.485 0.01875 0.47750000000000004 0.01875 0.47750000000000004 0.034999999999999996 0.485 0.034999999999999996 0.485 0.01875
2 0.47000000000000003 0.18125 0.46125 0.18125 0.46125 0.19875 0.47000000000000003 0.19875 0.47000000000000003 0.18125
2 0.47625 0.26875 0.46749999999999997 0.26875 0.46749999999999997 0.28625 0.47625 0.28625 0.47625 0.26875
2 0.49749999999999994 0.42000000000000004 0.49000000000000005 0.42000000000000004 0.49000000000000005 0.43375 0.49749999999999994 0.43375 0.49749999999999994 0.42000000000000004
2 0.52 0.45875000000000005 0.51125 0.45875000000000005 0.51125 0.47375 0.52 0.47375 0.52 0.45875000000000005
2 0.5125 0.7375 0.505 0.7375 0.505 0.755 0.5125 0.755 0.5125 0.7375
2 0.8262499999999999 0.23875000000000002 0.8175000000000001 0.23875000000000002 0.8175000000000001 0.25375000000000003 0.8262499999999999 0.25375000000000003 0.8262499999999999 0.23875000000000002
2 0.8262499999999999 0.25375000000000003 0.8175000000000001 0.25375000000000003 0.8175000000000001 0.26749999999999996 0.8262499999999999 0.26749999999999996 0.8262499999999999 0.25375000000000003
2 0.8862500000000001 0.22374999999999998 0.8712500000000001 0.22374999999999998 0.8712500000000001 0.23500000000000001 0.8862500000000001 0.23500000000000001 0.8862500000000001 0.22374999999999998
2 0.8800000000000001 0.20750000000000002 0.86 0.20750000000000002 0.86 0.215 0.8800000000000001 0.215 0.8800000000000001 0.20750000000000002
2 0.8462500000000001 0.24 0.83625 0.24 0.83625 0.25625 0.8462500000000001 0.25625 0.8462500000000001 0.24
2 0.83375 0.04625 0.8225 0.04625 0.8225 0.06 0.83375 0.06 0.83375 0.04625