2 0.14375 0.1325 0.11000000000000001 0.1325 0.11000000000000001 0.1525 0.14375 0.1525 0.14375 0.1325
2 0.2375 0.385 0.2225 0.385 0.2225 0.39375 0.2375 0.39375 0.2375 0.385
2 0.2225 0.3975 0.20625 0.3975 0.20625 0.40875000000000006 0.2225 0.40875000000000006 0.2225 0.3975
2 0.23875000000000002 0.395 0.22625 0.395 0.22625 0.40374999999999994 0.23875000000000002 0.40374999999999994 0.23875000000000002 0.395
2 0.30874999999999997 0.7675 0.29375 0.7675 0.29375 0.78625 0.30874999999999997 0.78625 0.30874999999999997 0.7675
2 0.31625000000000003 0.76125 0.305 0.76125 0.305 0.7775000000000001 0.31625000000000003 0.7775000000000001 0.31625000000000003 0.76125
2 0.36375 0.7725 0.34625 0.7725 0.34625 0.7837500000000001 0.36375 0.7837500000000001 0.36375 0.7725
2 0.52625 0.78 0.515 0.78 0.515 0.8012499999999999 0.52625 0.8012499999999999 0.52625 0.78
2 0.675 0.7887500000000001 0.655 0.7887500000000001 0.655 0.80375 0.675 0.80375 0.675 0.7887500000000001
2 0.7775000000000001 0.5425 0.7575000000000001 0.5425 0.7575000000000001 0.5575 0.7775000000000001 0.5575 0.7775000000000001 0.5425
2 0.9712500000000001 0.5775 0.9625 0.5775 0.9625 0.58875 0.9712500000000001 0.58875 0.9712500000000001 0.5775
2 0.9724999999999999 0.62 0.96 0.62 0.96 0.6375 0.9724999999999999 0.6375 0.9724999999999999 0.62
2 0.95625 0.73125 0.9375 0.73125 0.9375 0.74375 0.95625 0.74375 0.95625 0.73125
2 0.89875 0.665 0.8825 0.665 0.8825 0.67625 0.89875 0.67625 0.89875 0.665
2 0.88125 0.6950000000000001 0.865 0.6950000000000001 0.865 0.7075 0.88125 0.7075 0.88125 0.6950000000000001
2 0.8699999999999999 0.7125 0.8550000000000001 0.7125 0.8550000000000001 0.72375 0.8699999999999999 0.72375 0.8699999999999999 0.7125
2 0.8887499999999999 0.6875 0.8712500000000001 0.6875 0.8712500000000001 0.7 0.8887499999999999 0.7 0.8887499999999999 0.6875
2 0.8462500000000001 0.7737499999999999 0.83125 0.7737499999999999 0.83125 0.7849999999999999 0.8462500000000001 0.7849999999999999 0.8462500000000001 0.7737499999999999
2 0.8487500000000001 0.7462500000000001 0.83125 0.7462500000000001 0.83125 0.75875 0.8487500000000001 0.75875 0.8487500000000001 0.7462500000000001
2 0.9475 0.805 0.9337500000000001 0.805 0.9337500000000001 0.81375 0.9475 0.81375 0.9475 0.805
2 0.9525 0.82125 0.9375 0.82125 0.9375 0.8275 0.9525 0.8275 0.9525 0.82125
2 0.9637499999999999 0.8550000000000001 0.9475 0.8550000000000001 0.9475 0.8637499999999999 0.9637499999999999 0.8637499999999999 0.9637499999999999 0.8550000000000001
2 0.8225 0.8099999999999999 0.8125 0.8099999999999999 0.8125 0.8225 0.8225 0.8225 0.8225 0.8099999999999999
2 0.8300000000000001 0.81875 0.82 0.81875 0.82 0.8300000000000001 0.8300000000000001 0.8300000000000001 0.8300000000000001 0.81875
2 0.85125 0.8262499999999999 0.8387499999999999 0.8262499999999999 0.8387499999999999 0.8412499999999999 0.85125 0.8412499999999999 0.85125 0.8262499999999999
2 0.85875 0.83125 0.8462500000000001 0.83125 0.8462500000000001 0.8462500000000001 0.85875 0.8462500000000001 0.85875 0.83125
2 0.87625 0.8425 0.8637499999999999 0.8425 0.8637499999999999 0.85875 0.87625 0.85875 0.87625 0.8425
2 0.8862500000000001 0.8462500000000001 0.8724999999999999 0.8462500000000001 0.8724999999999999 0.8625 0.8862500000000001 0.8625 0.8862500000000001 0.8462500000000001
2 0.9099999999999999 0.8637499999999999 0.9 0.8637499999999999 0.9 0.8787499999999999 0.9099999999999999 0.8787499999999999 0.9099999999999999 0.8637499999999999
2 0.9199999999999999 0.8699999999999999 0.9075 0.8699999999999999 0.9075 0.8862500000000001 0.9199999999999999 0.8862500000000001 0.9199999999999999 0.8699999999999999
2 0.9275 0.87625 0.915 0.87625 0.915 0.89125 0.9275 0.89125 0.9275 0.87625
2 0.93625 0.8800000000000001 0.9262499999999999 0.8800000000000001 0.9262499999999999 0.89875 0.93625 0.89875 0.93625 0.8800000000000001
2 0.8637499999999999 0.9400000000000001 0.8525 0.9400000000000001 0.8525 0.95375 0.8637499999999999 0.95375 0.8637499999999999 0.9400000000000001
2 0.9262499999999999 0.925 0.91625 0.925 0.91625 0.9375 0.9262499999999999 0.9375 0.9262499999999999 0.925
2 0.9337500000000001 0.92875 0.92125 0.92875 0.92125 0.945 0.9337500000000001 0.945 0.9337500000000001 0.92875
2 0.97875 0.96 0.9675 0.96 0.9675 0.97625 0.97875 0.97625 0.97875 0.96
2 1 0.97625 0.99125 0.97625 0.99125 0.9887499999999999 1 0.9887499999999999 1 0.97625
2 0.91625 0.42625 0.90625 0.42625 0.90625 0.44625000000000004 0.91625 0.44625000000000004 0.91625 0.42625
2 0.0725 0.205 0.04625 0.205 0.04625 0.21749999999999997 0.0725 0.21749999999999997 0.0725 0.205
2 0.09625 0.37374999999999997 0.08 0.37374999999999997 0.08 0.385 0.09625 0.385 0.09625 0.37374999999999997
2 0.21125 0.54 0.19375 0.54 0.19375 0.54875 0.21125 0.54875 0.21125 0.54
2 0.185 0.92875 0.16875 0.92875 0.16875 0.9400000000000001 0.185 0.9400000000000001 0.185 0.92875
2 0.31124999999999997 0.85375 0.29125 0.85375 0.29125 0.875 0.31124999999999997 0.875 0.31124999999999997 0.85375
2 0.50875 0.7737499999999999 0.5 0.7737499999999999 0.5 0.7975 0.50875 0.7975 0.50875 0.7737499999999999
2 0.5375 0.78125 0.5287499999999999 0.78125 0.5287499999999999 0.79875 0.5375 0.79875 0.5375 0.78125
2 0.95875 0.5075000000000001 0.945 0.5075000000000001 0.945 0.5225 0.95875 0.5225 0.95875 0.5075000000000001
2 0.9925 0.43 0.97625 0.43 0.97625 0.44875 0.9925 0.44875 0.9925 0.43
2 0.9012499999999999 0.58875 0.8887499999999999 0.58875 0.8887499999999999 0.60625 0.9012499999999999 0.60625 0.9012499999999999 0.58875
2 0.89125 0.5775 0.8775000000000001 0.5775 0.8775000000000001 0.595 0.89125 0.595 0.89125 0.5775
2 0.8300000000000001 0.7 0.8125 0.7 0.8125 0.71875 0.8300000000000001 0.71875 0.8300000000000001 0.7