0 0.375 0.0515625 0.05546875 0.0625
0 0.21875 0.08515625 0.09453125 0.1015625
0 0.928125 0.1546875 0.06171875 0.07265625
0 0.84765625 0.19609375 0.0609375 0.0796875
0 0.7484375 0.2265625 0.08515625 0.09765625
0 0.58359375 0.2875 0.0765625 0.09921875
0 0.4796875 0.29375 0.071875 0.07890625
0 0.4078125 0.3453125 0.06171875 0.06328125
0 0.134375 0.4640625 0.06015625 0.06484375
0 0.0171875 0.51640625 0.034375 0.1109375
0 0.9 0.325 0.04765625 0.0625
0 0.8015625 0.3625 0.06015625 0.0625
0 0.7296875 0.4078125 0.05703125 0.065625
0 0.64375 0.4265625 0.05703125 0.075
0 0.54765625 0.4609375 0.0578125 0.06796875
0 0.471875 0.5046875 0.04375 0.05703125
0 0.971875 0.484375 0.05390625 0.06953125