0 0.37578125 0.0515625 0.0546875 0.0625
0 0.21953125 0.08515625 0.0953125 0.1015625
0 0.928125 0.15625 0.0625 0.071875
0 0.84765625 0.19609375 0.0609375 0.0796875
0 0.7484375 0.2265625 0.084375 0.096875
0 0.58359375 0.2875 0.0765625 0.1
0 0.4796875 0.2953125 0.071875 0.078125
0 0.4078125 0.3453125 0.0625 0.0625
0 0.134375 0.4640625 0.059375 0.065625
0 0.01796875 0.51640625 0.0359375 0.1109375
0 0.9015625 0.325 0.046875 0.0625
0 0.803125 0.3625 0.059375 0.0625
0 0.7296875 0.4078125 0.05625 0.065625
0 0.6453125 0.4265625 0.05625 0.075
0 0.54765625 0.4609375 0.0578125 0.06875
0 0.471875 0.5046875 0.04375 0.05625
0 0.9734375 0.484375 0.053125 0.06875