0 0.95 0.375 0.0625 0.05625
0 0.91484375 0.21875 0.1015625 0.09375
0 0.8453125 0.928125 0.071875 0.0625
0 0.80546875 0.84765625 0.0796875 0.0609375
0 0.7734375 0.7484375 0.096875 0.084375
0 0.7140625 0.58359375 0.1 0.0765625
0 0.70625 0.4796875 0.078125 0.071875
0 0.6546875 0.4078125 0.0625 0.0625
0 0.5375 0.134375 0.065625 0.059375
0 0.48359375 0.01875 0.1109375 0.034375
0 0.6765625 0.90078125 0.0625 0.0484375
0 0.6375 0.803125 0.0625 0.059375
0 0.59375 0.7296875 0.065625 0.05625
0 0.575 0.6453125 0.075 0.05625
0 0.540625 0.54765625 0.06875 0.0578125
0 0.4953125 0.471875 0.05625 0.04375
0 0.515625 0.9734375 0.06875 0.053125