2 0.99875 0.05 0.9737500000000001 0.05 0.9737500000000001 0.058750000000000004 0.99875 0.058750000000000004 0.99875 0.05
2 0.9974999999999999 0.47375 0.9862500000000001 0.47375 0.9862500000000001 0.48250000000000004 0.9974999999999999 0.48250000000000004 0.9974999999999999 0.47375
2 1 0.45 0.99125 0.45 0.99125 0.4575 1 0.4575 1 0.45
2 0.99125 0.45625 0.9800000000000001 0.45625 0.9800000000000001 0.46749999999999997 0.99125 0.46749999999999997 0.99125 0.45625
2 0.97 0.47125000000000006 0.9574999999999999 0.47125000000000006 0.9574999999999999 0.48250000000000004 0.97 0.48250000000000004 0.97 0.47125000000000006
2 0.94625 0.485 0.93625 0.485 0.93625 0.495 0.94625 0.495 0.94625 0.485
2 0.93125 0.51625 0.92125 0.51625 0.92125 0.525 0.93125 0.525 0.93125 0.51625
2 0.9262499999999999 0.5 0.91625 0.5 0.91625 0.50875 0.9262499999999999 0.50875 0.9262499999999999 0.5
2 0.91625 0.50625 0.90625 0.50625 0.90625 0.515 0.91625 0.515 0.91625 0.50625
2 0.89 0.525 0.87625 0.525 0.87625 0.53625 0.89 0.53625 0.89 0.525
2 0.8724999999999999 0.53625 0.8574999999999999 0.53625 0.8574999999999999 0.54875 0.8724999999999999 0.54875 0.8724999999999999 0.53625
2 0.86 0.545 0.8462500000000001 0.545 0.8462500000000001 0.5549999999999999 0.86 0.5549999999999999 0.86 0.545
2 0.83625 0.56125 0.82125 0.56125 0.82125 0.5725 0.83625 0.5725 0.83625 0.56125
2 0.82 0.5700000000000001 0.8074999999999999 0.5700000000000001 0.8074999999999999 0.5825 0.82 0.5825 0.82 0.5700000000000001
2 0.805 0.5825 0.7925 0.5825 0.7925 0.595 0.805 0.595 0.805 0.5825
2 0.77 0.61 0.75625 0.61 0.75625 0.62375 0.77 0.62375 0.77 0.61
2 0.75625 0.6224999999999999 0.74375 0.6224999999999999 0.74375 0.63375 0.75625 0.63375 0.75625 0.6224999999999999
2 0.7150000000000001 0.6575 0.70625 0.6575 0.70625 0.66625 0.7150000000000001 0.66625 0.7150000000000001 0.6575
2 0.7212500000000001 0.675 0.7112499999999999 0.675 0.7112499999999999 0.6837500000000001 0.7212500000000001 0.6837500000000001 0.7212500000000001 0.675
2 0.70875 0.6849999999999999 0.6975 0.6849999999999999 0.6975 0.6950000000000001 0.70875 0.6950000000000001 0.70875 0.6849999999999999
2 0.705 0.66625 0.69625 0.66625 0.69625 0.675 0.705 0.675 0.705 0.66625
2 0.6075 0.6775 0.5962500000000001 0.6775 0.5962500000000001 0.68875 0.6075 0.68875 0.6075 0.6775
2 0.5900000000000001 0.67625 0.57875 0.67625 0.57875 0.6900000000000001 0.5900000000000001 0.6900000000000001 0.5900000000000001 0.67625
2 0.61625 0.6925 0.60875 0.6925 0.60875 0.70125 0.61625 0.70125 0.61625 0.6925
2 0.62 0.7162499999999999 0.60875 0.7162499999999999 0.60875 0.72875 0.62 0.72875 0.62 0.7162499999999999
2 0.6599999999999999 0.7275 0.65 0.7275 0.65 0.735 0.6599999999999999 0.735 0.6599999999999999 0.7275
2 0.69875 0.6950000000000001 0.68625 0.6950000000000001 0.68625 0.705 0.69875 0.705 0.69875 0.6950000000000001
2 0.6675 0.71875 0.6587500000000001 0.71875 0.6587500000000001 0.7275 0.6675 0.7275 0.6675 0.71875
2 0.6 0.7525000000000001 0.58875 0.7525000000000001 0.58875 0.7625 0.6 0.7625 0.6 0.7525000000000001
2 0.58375 0.7675 0.57375 0.7675 0.57375 0.77625 0.58375 0.77625 0.58375 0.7675
2 0.575 0.775 0.5625 0.775 0.5625 0.7837500000000001 0.575 0.7837500000000001 0.575 0.775
2 0.55375 0.79125 0.5425 0.79125 0.5425 0.8 0.55375 0.8 0.55375 0.79125
2 0.54125 0.79875 0.53125 0.79875 0.53125 0.8087500000000001 0.54125 0.8087500000000001 0.54125 0.79875
2 0.53 0.8074999999999999 0.52 0.8074999999999999 0.52 0.8175000000000001 0.53 0.8175000000000001 0.53 0.8074999999999999
2 0.52125 0.8150000000000001 0.51 0.8150000000000001 0.51 0.825 0.52125 0.825 0.52125 0.8150000000000001
2 0.50875 0.8225 0.49874999999999997 0.8225 0.49874999999999997 0.83125 0.50875 0.83125 0.50875 0.8225
2 0.49000000000000005 0.8387499999999999 0.47750000000000004 0.8387499999999999 0.47750000000000004 0.85 0.49000000000000005 0.85 0.49000000000000005 0.8387499999999999
2 0.49124999999999996 0.8949999999999999 0.48125 0.8949999999999999 0.48125 0.90625 0.49124999999999996 0.90625 0.49124999999999996 0.8949999999999999
2 0.39875 0.89625 0.38625 0.89625 0.38625 0.9075 0.39875 0.9075 0.39875 0.89625
2 0.37875000000000003 0.9099999999999999 0.36625 0.9099999999999999 0.36625 0.92125 0.37875000000000003 0.92125 0.37875000000000003 0.9099999999999999
2 0.3275 0.9425000000000001 0.31625000000000003 0.9425000000000001 0.31625000000000003 0.9512499999999999 0.3275 0.9512499999999999 0.3275 0.9425000000000001
2 0.26875 0.975 0.2575 0.975 0.2575 0.9824999999999999 0.26875 0.9824999999999999 0.26875 0.975
2 0.25625 0.9800000000000001 0.24500000000000002 0.9800000000000001 0.24500000000000002 0.9875 0.25625 0.9875 0.25625 0.9800000000000001
2 0.27999999999999997 0.97 0.26749999999999996 0.97 0.26749999999999996 0.97625 0.27999999999999997 0.97625 0.27999999999999997 0.97
2 0.3125 0.95 0.29874999999999996 0.95 0.29874999999999996 0.95875 0.3125 0.95875 0.3125 0.95
2 0.73875 0.9337500000000001 0.7262500000000001 0.9337500000000001 0.7262500000000001 0.9425000000000001 0.73875 0.9425000000000001 0.73875 0.9337500000000001
2 0.73625 0.9275 0.725 0.9275 0.725 0.9375 0.73625 0.9375 0.73625 0.9275
2 0.73375 0.91625 0.72375 0.91625 0.72375 0.925 0.73375 0.925 0.73375 0.91625
2 0.72875 0.9099999999999999 0.7212500000000001 0.9099999999999999 0.7212500000000001 0.91875 0.72875 0.91875 0.72875 0.9099999999999999
2 0.7275 0.905 0.7175 0.905 0.7175 0.91375 0.7275 0.91375 0.7275 0.905
2 0.7424999999999999 0.8825 0.73375 0.8825 0.73375 0.89375 0.7424999999999999 0.89375 0.7424999999999999 0.8825
2 0.8025 0.83375 0.79625 0.83375 0.79625 0.845 0.8025 0.845 0.8025 0.83375
2 0.75125 0.88125 0.745 0.88125 0.745 0.8925000000000001 0.75125 0.8925000000000001 0.75125 0.88125
2 0.73625 0.885 0.7262500000000001 0.885 0.7262500000000001 0.8949999999999999 0.73625 0.8949999999999999 0.73625 0.885
2 0.72375 0.8862500000000001 0.7150000000000001 0.8862500000000001 0.7150000000000001 0.8975 0.72375 0.8975 0.72375 0.8862500000000001
2 0.71875 0.89 0.70875 0.89 0.70875 0.9 0.71875 0.9 0.71875 0.89
2 0.8262499999999999 0.79625 0.8175000000000001 0.79625 0.8175000000000001 0.8087500000000001 0.8262499999999999 0.8087500000000001 0.8262499999999999 0.79625
2 0.8087500000000001 0.77625 0.79875 0.77625 0.79875 0.78625 0.8087500000000001 0.78625 0.8087500000000001 0.77625
2 0.845 0.7925 0.8324999999999999 0.7925 0.8324999999999999 0.8 0.845 0.8 0.845 0.7925
2 0.86 0.745 0.85 0.745 0.85 0.76 0.86 0.76 0.86 0.745
2 0.89125 0.7325 0.8787499999999999 0.7325 0.8787499999999999 0.745 0.89125 0.745 0.89125 0.7325
2 0.975 0.6212500000000001 0.9650000000000001 0.6212500000000001 0.9650000000000001 0.63375 0.975 0.63375 0.975 0.6212500000000001