2 0.57375 0.25375000000000003 0.5549999999999999 0.25375000000000003 0.5549999999999999 0.265 0.57375 0.265 0.57375 0.25375000000000003
2 0.5325 0.25875 0.51 0.25875 0.51 0.26749999999999996 0.5325 0.26749999999999996 0.5325 0.25875
2 0.375 0.4725 0.35375 0.4725 0.35375 0.48375 0.375 0.48375 0.375 0.4725
2 0.705 0.45375 0.68625 0.45375 0.68625 0.4625 0.705 0.4625 0.705 0.45375
2 0.05125 0.061250000000000006 0.042499999999999996 0.061250000000000006 0.042499999999999996 0.075 0.05125 0.075 0.05125 0.061250000000000006
2 0.05375 0.07625 0.04375 0.07625 0.04375 0.09125 0.05375 0.09125 0.05375 0.07625
2 0.05375 0.17124999999999999 0.0475 0.17124999999999999 0.0475 0.1875 0.05375 0.1875 0.05375 0.17124999999999999
2 0.16125 0.27 0.14375 0.27 0.14375 0.27625 0.16125 0.27625 0.16125 0.27
2 0.13625 0.27 0.12375 0.27 0.12375 0.27625 0.13625 0.27625 0.13625 0.27
2 0.015 0.26875 0.00125 0.26875 0.00125 0.275 0.015 0.275 0.015 0.26875
2 0.015 0.26125 0.00125 0.26125 0.00125 0.26625 0.015 0.26625 0.015 0.26125
2 0.0125 0.25125000000000003 0.00125 0.25125000000000003 0.00125 0.25875 0.0125 0.25875 0.0125 0.25125000000000003
2 0.14625 0.46749999999999997 0.13125 0.46749999999999997 0.13125 0.47750000000000004 0.14625 0.47750000000000004 0.14625 0.46749999999999997
2 0.13125 0.48624999999999996 0.11499999999999999 0.48624999999999996 0.11499999999999999 0.49375 0.13125 0.49375 0.13125 0.48624999999999996
2 0.1775 0.5025000000000001 0.16999999999999998 0.5025000000000001 0.16999999999999998 0.5175 0.1775 0.5175 0.1775 0.5025000000000001
2 0.1825 0.70375 0.1675 0.70375 0.1675 0.7125 0.1825 0.7125 0.1825 0.70375
2 0.041249999999999995 0.72875 0.025 0.72875 0.025 0.73625 0.041249999999999995 0.73625 0.041249999999999995 0.72875
2 0.49375 0.42374999999999996 0.48375 0.42374999999999996 0.48375 0.4375 0.49375 0.4375 0.49375 0.42374999999999996
2 0.39875 0.42874999999999996 0.385 0.42874999999999996 0.385 0.4375 0.39875 0.4375 0.39875 0.42874999999999996
2 0.59375 0.47874999999999995 0.585 0.47874999999999995 0.585 0.49375 0.59375 0.49375 0.59375 0.47874999999999995
2 0.5275000000000001 0.24375 0.51375 0.24375 0.51375 0.2525 0.5275000000000001 0.2525 0.5275000000000001 0.24375
2 0.6224999999999999 0.2125 0.60625 0.2125 0.60625 0.22125 0.6224999999999999 0.22125 0.6224999999999999 0.2125
2 0.6425 0.215 0.625 0.215 0.625 0.22374999999999998 0.6425 0.22374999999999998 0.6425 0.215
2 0.6625 0.23374999999999999 0.65 0.23374999999999999 0.65 0.24125000000000002 0.6625 0.24125000000000002 0.6625 0.23374999999999999
2 0.61875 0.29 0.60875 0.29 0.60875 0.30625 0.61875 0.30625 0.61875 0.29
2 0.665 0.24 0.65 0.24 0.65 0.2475 0.665 0.2475 0.665 0.24
2 0.7224999999999999 0.03875 0.70375 0.03875 0.70375 0.045 0.7224999999999999 0.045 0.7224999999999999 0.03875
2 0.87375 0.135 0.8637499999999999 0.135 0.8637499999999999 0.15125 0.87375 0.15125 0.87375 0.135
2 0.89375 0.23500000000000001 0.885 0.23500000000000001 0.885 0.25125000000000003 0.89375 0.25125000000000003 0.89375 0.23500000000000001
2 0.9324999999999999 0.4425 0.9199999999999999 0.4425 0.9199999999999999 0.465 0.9324999999999999 0.465 0.9324999999999999 0.4425
2 0.9375 0.4875 0.925 0.4875 0.925 0.5 0.9375 0.5 0.9375 0.4875
2 0.9112500000000001 0.5237499999999999 0.89125 0.5237499999999999 0.89125 0.53625 0.9112500000000001 0.53625 0.9112500000000001 0.5237499999999999