2 0.3875 0.11000000000000001 0.38125 0.11000000000000001 0.38125 0.12375 0.3875 0.12375 0.3875 0.11000000000000001
2 0.05 0.39 0.03625 0.39 0.03625 0.395 0.05 0.395 0.05 0.39
2 0.03375 0.39 0.017499999999999998 0.39 0.017499999999999998 0.39625 0.03375 0.39625 0.03375 0.39
2 0.01875 0.40875000000000006 0.00375 0.40875000000000006 0.00375 0.41375 0.01875 0.41375 0.01875 0.40875000000000006
2 0.05625 0.67875 0.041249999999999995 0.67875 0.041249999999999995 0.68875 0.05625 0.68875 0.05625 0.67875
2 0.0775 0.69625 0.061250000000000006 0.69625 0.061250000000000006 0.70625 0.0775 0.70625 0.0775 0.69625
2 0.23374999999999999 0.81375 0.2225 0.81375 0.2225 0.825 0.23374999999999999 0.825 0.23374999999999999 0.81375
2 0.25625 0.83125 0.24375 0.83125 0.24375 0.84375 0.25625 0.84375 0.25625 0.83125
2 0.3075 0.8099999999999999 0.2925 0.8099999999999999 0.2925 0.8150000000000001 0.3075 0.8150000000000001 0.3075 0.8099999999999999
2 0.38875000000000004 0.7837500000000001 0.38125 0.7837500000000001 0.38125 0.7975 0.38875000000000004 0.7975 0.38875000000000004 0.7837500000000001
2 0.3975 0.7825 0.39 0.7825 0.39 0.79625 0.3975 0.79625 0.3975 0.7825
2 0.39625 0.505 0.39 0.505 0.39 0.52 0.39625 0.52 0.39625 0.505
2 0.7849999999999999 0.7112499999999999 0.7787499999999999 0.7112499999999999 0.7787499999999999 0.72375 0.7849999999999999 0.72375 0.7849999999999999 0.7112499999999999
2 0.7787499999999999 0.74125 0.76625 0.74125 0.76625 0.755 0.7787499999999999 0.755 0.7787499999999999 0.74125
2 0.7975 0.9275 0.79125 0.9275 0.79125 0.9400000000000001 0.7975 0.9400000000000001 0.7975 0.9275
2 0.8150000000000001 0.9512499999999999 0.8087500000000001 0.9512499999999999 0.8087500000000001 0.9637499999999999 0.8150000000000001 0.9637499999999999 0.8150000000000001 0.9512499999999999
2 0.8012499999999999 1 0.8012499999999999 0.9887499999999999 0.7925 0.9887499999999999 0.7925 1 0.8012499999999999 1
2 0.5225 0.5337500000000001 0.51375 0.5337500000000001 0.51375 0.54625 0.5225 0.54625 0.5225 0.5337500000000001
2 0.52 0.55 0.51375 0.55 0.51375 0.56125 0.52 0.56125 0.52 0.55
2 0.51125 0.54375 0.505 0.54375 0.505 0.55625 0.51125 0.55625 0.51125 0.54375
2 0.04625 0.145 0.03875 0.145 0.03875 0.15625 0.04625 0.15625 0.04625 0.145
2 0.10500000000000001 0.1675 0.0975 0.1675 0.0975 0.18 0.10500000000000001 0.18 0.10500000000000001 0.1675
2 0.3875 0.6725 0.375 0.6725 0.375 0.6825 0.3875 0.6825 0.3875 0.6725
2 0.22125 0.79625 0.20750000000000002 0.79625 0.20750000000000002 0.8099999999999999 0.22125 0.8099999999999999 0.22125 0.79625