2 0.10625 0.15125 0.09625 0.15125 0.09625 0.16999999999999998 0.10625 0.16999999999999998 0.10625 0.15125
2 0.0925 0.305 0.08249999999999999 0.305 0.08249999999999999 0.32375 0.0925 0.32375 0.0925 0.305
2 0.10124999999999999 0.3625 0.09125 0.3625 0.09125 0.3825 0.10124999999999999 0.3825 0.10124999999999999 0.3625
2 0.08875 0.41624999999999995 0.07625 0.41624999999999995 0.07625 0.43499999999999994 0.08875 0.43499999999999994 0.08875 0.41624999999999995
2 0.10124999999999999 0.49375 0.08875 0.49375 0.08875 0.51 0.10124999999999999 0.51 0.10124999999999999 0.49375
2 0.0875 0.63125 0.075 0.63125 0.075 0.65125 0.0875 0.65125 0.0875 0.63125
2 0.12875 0.61375 0.11750000000000001 0.61375 0.11750000000000001 0.6325000000000001 0.12875 0.6325000000000001 0.12875 0.61375
2 0.355 0.915 0.34500000000000003 0.915 0.34500000000000003 0.9324999999999999 0.355 0.9324999999999999 0.355 0.915
2 0.32 0.9175000000000001 0.30874999999999997 0.9175000000000001 0.30874999999999997 0.9337500000000001 0.32 0.9337500000000001 0.32 0.9175000000000001
2 0.30625 0.91375 0.29625 0.91375 0.29625 0.92875 0.30625 0.92875 0.30625 0.91375
2 0.43624999999999997 0.9675 0.42625 0.9675 0.42625 0.985 0.43624999999999997 0.985 0.43624999999999997 0.9675
2 0.445 0.91625 0.43499999999999994 0.91625 0.43499999999999994 0.9337500000000001 0.445 0.9337500000000001 0.445 0.91625
2 0.45375 0.915 0.4425 0.915 0.4425 0.93125 0.45375 0.93125 0.45375 0.915
2 0.63625 0.9075 0.625 0.9075 0.625 0.92875 0.63625 0.92875 0.63625 0.9075
2 0.5925 0.9087500000000001 0.58125 0.9087500000000001 0.58125 0.9262499999999999 0.5925 0.9262499999999999 0.5925 0.9087500000000001
2 0.76625 0.85 0.745 0.85 0.745 0.86 0.76625 0.86 0.76625 0.85
2 0.8324999999999999 0.11750000000000001 0.8225 0.11750000000000001 0.8225 0.13999999999999999 0.8324999999999999 0.13999999999999999 0.8324999999999999 0.11750000000000001
2 0.05375 0.16999999999999998 0.04 0.16999999999999998 0.04 0.18 0.05375 0.18 0.05375 0.16999999999999998
2 0.0475 0.40750000000000003 0.0325 0.40750000000000003 0.0325 0.4175 0.0475 0.4175 0.0475 0.40750000000000003
2 0.6425 0.97875 0.635 0.97875 0.635 0.99375 0.6425 0.99375 0.6425 0.97875
2 0.735 0.9800000000000001 0.725 0.9800000000000001 0.725 0.99375 0.735 0.99375 0.735 0.9800000000000001
2 0.8574999999999999 0.11125 0.8474999999999999 0.11125 0.8474999999999999 0.13 0.8574999999999999 0.13 0.8574999999999999 0.11125