2 0.29874999999999996 0.2525 0.29 0.2525 0.29 0.26749999999999996 0.29874999999999996 0.26749999999999996 0.29874999999999996 0.2525
2 0.3 0.27375 0.29125 0.27375 0.29125 0.28875 0.3 0.28875 0.3 0.27375
2 0.29874999999999996 0.29375 0.29125 0.29375 0.29125 0.31 0.29874999999999996 0.31 0.29874999999999996 0.29375
2 0.30125 0.3125 0.2925 0.3125 0.2925 0.32875 0.30125 0.32875 0.30125 0.3125
2 0.24874999999999997 0.2875 0.23625 0.2875 0.23625 0.3 0.24874999999999997 0.3 0.24874999999999997 0.2875
2 0.33125 0.97625 0.3225 0.97625 0.3225 0.99125 0.33125 0.99125 0.33125 0.97625
2 0.54 0.9775 0.5287499999999999 0.9775 0.5287499999999999 0.99125 0.54 0.99125 0.54 0.9775
2 0.2325 0.03125 0.225 0.03125 0.225 0.045 0.2325 0.045 0.2325 0.03125
2 0.26875 0.01125 0.25875 0.01125 0.25875 0.02375 0.26875 0.02375 0.26875 0.01125
2 0.27999999999999997 0.017499999999999998 0.27 0.017499999999999998 0.27 0.0325 0.27999999999999997 0.0325 0.27999999999999997 0.017499999999999998
2 0.04 0.47375 0.03125 0.47375 0.03125 0.49000000000000005 0.04 0.49000000000000005 0.04 0.47375
2 0.058750000000000004 0.41624999999999995 0.05125 0.41624999999999995 0.05125 0.43125 0.058750000000000004 0.43125 0.058750000000000004 0.41624999999999995
2 0.05 0.41375 0.04375 0.41375 0.04375 0.42750000000000005 0.05 0.42750000000000005 0.05 0.41375
2 0.06625 0.42125 0.057499999999999996 0.42125 0.057499999999999996 0.43375 0.06625 0.43375 0.06625 0.42125
2 0.0625 0.5175 0.05500000000000001 0.5175 0.05500000000000001 0.53125 0.0625 0.53125 0.0625 0.5175
2 0.05125 0.515 0.04375 0.515 0.04375 0.5287499999999999 0.05125 0.5287499999999999 0.05125 0.515
2 0.052500000000000005 0.48 0.045 0.48 0.045 0.49625 0.052500000000000005 0.49625 0.052500000000000005 0.48
2 0.061250000000000006 0.48375 0.05125 0.48375 0.05125 0.5 0.061250000000000006 0.5 0.061250000000000006 0.48375
2 0.06875 0.525 0.061250000000000006 0.525 0.061250000000000006 0.5375 0.06875 0.5375 0.06875 0.525
2 0.10625 0.83375 0.09875 0.83375 0.09875 0.8474999999999999 0.10625 0.8474999999999999 0.10625 0.83375
2 0.11499999999999999 0.85625 0.1075 0.85625 0.1075 0.8712500000000001 0.11499999999999999 0.8712500000000001 0.11499999999999999 0.85625
2 0.10500000000000001 0.89625 0.0975 0.89625 0.0975 0.9112500000000001 0.10500000000000001 0.9112500000000001 0.10500000000000001 0.89625
2 0.10375000000000001 0.9487500000000001 0.09875 0.9487500000000001 0.09875 0.9637499999999999 0.10375000000000001 0.9637499999999999 0.10375000000000001 0.9487500000000001
2 0.11374999999999999 0.71375 0.10625 0.71375 0.10625 0.72875 0.11374999999999999 0.72875 0.11374999999999999 0.71375
2 0.11499999999999999 0.8 0.10625 0.8 0.10625 0.8125 0.11499999999999999 0.8125 0.11499999999999999 0.8
2 0.1125 0.645 0.10625 0.645 0.10625 0.6599999999999999 0.1125 0.6599999999999999 0.1125 0.645
2 0.48375 0.12125 0.47625 0.12125 0.47625 0.135 0.48375 0.135 0.48375 0.12125