2 0.034999999999999996 0.13999999999999999 0.028749999999999998 0.13999999999999999 0.028749999999999998 0.15375 0.034999999999999996 0.15375 0.034999999999999996 0.13999999999999999
2 0.052500000000000005 0.0975 0.041249999999999995 0.0975 0.041249999999999995 0.1025 0.052500000000000005 0.1025 0.052500000000000005 0.0975
2 0.12125 0.09375 0.1075 0.09375 0.1075 0.1 0.12125 0.1 0.12125 0.09375
2 0.13874999999999998 0.09125 0.125 0.09125 0.125 0.0975 0.13874999999999998 0.0975 0.13874999999999998 0.09125
2 0.16125 0.09125 0.14750000000000002 0.09125 0.14750000000000002 0.0975 0.16125 0.0975 0.16125 0.09125
2 0.21749999999999997 0.08875 0.205 0.08875 0.205 0.095 0.21749999999999997 0.095 0.21749999999999997 0.08875
2 0.2375 0.08875 0.22000000000000003 0.08875 0.22000000000000003 0.09375 0.2375 0.09375 0.2375 0.08875
2 0.3 0.08499999999999999 0.28375 0.08499999999999999 0.28375 0.09 0.3 0.09 0.3 0.08499999999999999
2 0.05625 0.40125 0.041249999999999995 0.40125 0.041249999999999995 0.40625 0.05625 0.40625 0.05625 0.40125
2 0.36375 0.08249999999999999 0.35125 0.08249999999999999 0.35125 0.08875 0.36375 0.08875 0.36375 0.08249999999999999
2 0.34750000000000003 0.08375 0.33625 0.08375 0.33625 0.08875 0.34750000000000003 0.08875 0.34750000000000003 0.08375
2 0.40875000000000006 0.07875 0.395 0.07875 0.395 0.08375 0.40875000000000006 0.08375 0.40875000000000006 0.07875
2 0.43 0.0775 0.4125 0.0775 0.4125 0.08375 0.43 0.08375 0.43 0.0775
2 0.5337500000000001 0.0725 0.51625 0.0725 0.51625 0.07875 0.5337500000000001 0.07875 0.5337500000000001 0.0725
2 0.6287499999999999 0.0675 0.6125 0.0675 0.6125 0.07375000000000001 0.6287499999999999 0.07375000000000001 0.6287499999999999 0.0675
2 0.73875 0.061250000000000006 0.7262500000000001 0.061250000000000006 0.7262500000000001 0.06625 0.73875 0.06625 0.73875 0.061250000000000006
2 0.69875 0.065 0.6849999999999999 0.065 0.6849999999999999 0.06999999999999999 0.69875 0.06999999999999999 0.69875 0.065
2 0.75625 0.061250000000000006 0.74125 0.061250000000000006 0.74125 0.0675 0.75625 0.0675 0.75625 0.061250000000000006
2 0.84375 0.1275 0.83625 0.1275 0.83625 0.13874999999999998 0.84375 0.13874999999999998 0.84375 0.1275
2 0.8699999999999999 0.14875 0.8625 0.14875 0.8625 0.16375 0.8699999999999999 0.16375 0.8699999999999999 0.14875
2 0.8487500000000001 0.16999999999999998 0.8400000000000001 0.16999999999999998 0.8400000000000001 0.18625 0.8487500000000001 0.18625 0.8487500000000001 0.16999999999999998
2 0.8324999999999999 0.18375 0.8262499999999999 0.18375 0.8262499999999999 0.19375 0.8324999999999999 0.19375 0.8324999999999999 0.18375
2 0.8400000000000001 0.27749999999999997 0.83375 0.27749999999999997 0.83375 0.28875 0.8400000000000001 0.28875 0.8400000000000001 0.27749999999999997
2 0.885 0.34875 0.87625 0.34875 0.87625 0.36124999999999996 0.885 0.36124999999999996 0.885 0.34875
2 0.8862500000000001 0.36124999999999996 0.8787499999999999 0.36124999999999996 0.8787499999999999 0.37625000000000003 0.8862500000000001 0.37625000000000003 0.8862500000000001 0.36124999999999996
2 0.8875 0.40499999999999997 0.88125 0.40499999999999997 0.88125 0.41375 0.8875 0.41375 0.8875 0.40499999999999997
2 0.88125 0.315 0.875 0.315 0.875 0.3275 0.88125 0.3275 0.88125 0.315
2 0.89625 0.485 0.89 0.485 0.89 0.49749999999999994 0.89625 0.49749999999999994 0.89625 0.485
2 0.8625 0.5675 0.85625 0.5675 0.85625 0.58 0.8625 0.58 0.8625 0.5675
2 0.86 0.54125 0.8525 0.54125 0.8525 0.5525 0.86 0.5525 0.86 0.54125
2 0.89875 0.54625 0.8925000000000001 0.54625 0.8925000000000001 0.56125 0.89875 0.56125 0.89875 0.54625
2 0.95375 0.6900000000000001 0.9400000000000001 0.6900000000000001 0.9400000000000001 0.69875 0.95375 0.69875 0.95375 0.6900000000000001
2 0.9125 0.70125 0.89875 0.70125 0.89875 0.7125 0.9125 0.7125 0.9125 0.70125
2 0.9037499999999999 0.74375 0.89625 0.74375 0.89625 0.75625 0.9037499999999999 0.75625 0.9037499999999999 0.74375
2 0.90625 0.8150000000000001 0.89875 0.8150000000000001 0.89875 0.8300000000000001 0.90625 0.8300000000000001 0.90625 0.8150000000000001
2 0.9225 0.8400000000000001 0.915 0.8400000000000001 0.915 0.85125 0.9225 0.85125 0.9225 0.8400000000000001
2 0.92875 0.9324999999999999 0.92125 0.9324999999999999 0.92125 0.94625 0.92875 0.94625 0.92875 0.9324999999999999
2 0.7975 0.70875 0.7849999999999999 0.70875 0.7849999999999999 0.71375 0.7975 0.71375 0.7975 0.70875
2 0.77125 0.68125 0.75875 0.68125 0.75875 0.6849999999999999 0.77125 0.6849999999999999 0.77125 0.68125
2 0.82 0.02 0.8125 0.02 0.8125 0.034999999999999996 0.82 0.034999999999999996 0.82 0.02
2 0.5349999999999999 0.6900000000000001 0.52 0.6900000000000001 0.52 0.69875 0.5349999999999999 0.69875 0.5349999999999999 0.6900000000000001
2 0.45499999999999996 0.71375 0.43875000000000003 0.71375 0.43875000000000003 0.7224999999999999 0.45499999999999996 0.7224999999999999 0.45499999999999996 0.71375
2 0.40125 0.7075 0.38375 0.7075 0.38375 0.7125 0.40125 0.7125 0.40125 0.7075
2 0.3275 0.625 0.31124999999999997 0.625 0.31124999999999997 0.6325000000000001 0.3275 0.6325000000000001 0.3275 0.625
2 0.16875 0.70875 0.155 0.70875 0.155 0.71375 0.16875 0.71375 0.16875 0.70875
2 0.20750000000000002 0.73625 0.19125 0.73625 0.19125 0.7424999999999999 0.20750000000000002 0.7424999999999999 0.20750000000000002 0.73625
2 0.05 0.8025 0.04375 0.8025 0.04375 0.8162499999999999 0.05 0.8162499999999999 0.05 0.8025
2 0.02375 0.7925 0.01625 0.7925 0.01625 0.8087500000000001 0.02375 0.8087500000000001 0.02375 0.7925
2 0.02375 0.8150000000000001 0.017499999999999998 0.8150000000000001 0.017499999999999998 0.8262499999999999 0.02375 0.8262499999999999 0.02375 0.8150000000000001
2 0.025 0.83125 0.017499999999999998 0.83125 0.017499999999999998 0.8425 0.025 0.8425 0.025 0.83125
2 0.02375 0.84375 0.01875 0.84375 0.01875 0.8525 0.02375 0.8525 0.02375 0.84375
2 0.05500000000000001 0.85125 0.0475 0.85125 0.0475 0.86625 0.05500000000000001 0.86625 0.05500000000000001 0.85125
2 0.03375 0.9412499999999999 0.026250000000000002 0.9412499999999999 0.026250000000000002 0.95375 0.03375 0.95375 0.03375 0.9412499999999999
2 0.27375 0.8275 0.265 0.8275 0.265 0.8400000000000001 0.27375 0.8400000000000001 0.27375 0.8275
2 0.3 0.83125 0.29375 0.83125 0.29375 0.84375 0.3 0.84375 0.3 0.83125
2 0.3275 0.8525 0.3125 0.8525 0.3125 0.86 0.3275 0.86 0.3275 0.8525
2 0.27749999999999997 0.87625 0.27125 0.87625 0.27125 0.8925000000000001 0.27749999999999997 0.8925000000000001 0.27749999999999997 0.87625
2 0.28375 0.97 0.27749999999999997 0.97 0.27749999999999997 0.98125 0.28375 0.98125 0.28375 0.97
2 0.93625 0.29125 0.9225 0.29125 0.9225 0.2975 0.93625 0.2975 0.93625 0.29125
2 0.31124999999999997 0.95375 0.3025 0.95375 0.3025 0.9712500000000001 0.31124999999999997 0.9712500000000001 0.31124999999999997 0.95375
2 0.51625 0.8412499999999999 0.50625 0.8412499999999999 0.50625 0.8487500000000001 0.51625 0.8487500000000001 0.51625 0.8412499999999999
2 0.55625 0.805 0.54875 0.805 0.54875 0.82125 0.55625 0.82125 0.55625 0.805
2 0.9262499999999999 0.885 0.9199999999999999 0.885 0.9199999999999999 0.9012499999999999 0.9262499999999999 0.9012499999999999 0.9262499999999999 0.885