2 0.058750000000000004 0.03 0.042499999999999996 0.03 0.042499999999999996 0.04 0.058750000000000004 0.04 0.058750000000000004 0.03
2 0.20875 0.095 0.19 0.095 0.19 0.10625 0.20875 0.10625 0.20875 0.095
2 0.35375 0.0475 0.3375 0.0475 0.3375 0.061250000000000006 0.35375 0.061250000000000006 0.35375 0.0475
2 0.6537499999999999 0.14250000000000002 0.635 0.14250000000000002 0.635 0.15375 0.6537499999999999 0.15375 0.6537499999999999 0.14250000000000002
2 0.91625 0.16875 0.905 0.16875 0.905 0.1775 0.91625 0.1775 0.91625 0.16875
2 0.9712500000000001 0.29500000000000004 0.9625 0.29500000000000004 0.9625 0.315 0.9712500000000001 0.315 0.9712500000000001 0.29500000000000004
2 0.20375000000000001 0.3775 0.19125 0.3775 0.19125 0.38375 0.20375000000000001 0.38375 0.20375000000000001 0.3775
2 0.13625 0.37124999999999997 0.11499999999999999 0.37124999999999997 0.11499999999999999 0.3825 0.13625 0.3825 0.13625 0.37124999999999997
2 0.2475 0.3975 0.22749999999999998 0.3975 0.22749999999999998 0.40750000000000003 0.2475 0.40750000000000003 0.2475 0.3975
2 0.31875 0.4 0.29500000000000004 0.4 0.29500000000000004 0.4125 0.31875 0.4125 0.31875 0.4
2 0.13 0.7162499999999999 0.11750000000000001 0.7162499999999999 0.11750000000000001 0.73625 0.13 0.73625 0.13 0.7162499999999999
2 0.42374999999999996 0.44125 0.41624999999999995 0.44125 0.41624999999999995 0.465 0.42374999999999996 0.465 0.42374999999999996 0.44125
2 0.69875 0.50125 0.6875 0.50125 0.6875 0.52 0.69875 0.52 0.69875 0.50125
2 0.9525 0.54875 0.9412499999999999 0.54875 0.9412499999999999 0.5700000000000001 0.9525 0.5700000000000001 0.9525 0.54875
2 0.975 0.5387500000000001 0.9637499999999999 0.5387500000000001 0.9637499999999999 0.55625 0.975 0.55625 0.975 0.5387500000000001
2 0.9775 0.43 0.9662499999999999 0.43 0.9662499999999999 0.44749999999999995 0.9775 0.44749999999999995 0.9775 0.43
2 0.9349999999999999 0.41375 0.92125 0.41375 0.92125 0.42625 0.9349999999999999 0.42625 0.9349999999999999 0.41375
2 0.7162499999999999 0.72875 0.7025 0.72875 0.7025 0.74125 0.7162499999999999 0.74125 0.7162499999999999 0.72875
2 0.94625 0.35375 0.9337500000000001 0.35375 0.9337500000000001 0.36625 0.94625 0.36625 0.94625 0.35375
2 0.38125 0.8425 0.37 0.8425 0.37 0.86625 0.38125 0.86625 0.38125 0.8425
2 0.6537499999999999 0.8462500000000001 0.645 0.8462500000000001 0.645 0.8637499999999999 0.6537499999999999 0.8637499999999999 0.6537499999999999 0.8462500000000001
2 0.7112499999999999 0.905 0.6925 0.905 0.6925 0.91625 0.7112499999999999 0.91625 0.7112499999999999 0.905
2 0.89625 0.90625 0.8787499999999999 0.90625 0.8787499999999999 0.9199999999999999 0.89625 0.9199999999999999 0.89625 0.90625
2 0.7112499999999999 0.755 0.6950000000000001 0.755 0.6950000000000001 0.76875 0.7112499999999999 0.76875 0.7112499999999999 0.755
2 0.50875 0.15375 0.5025000000000001 0.15375 0.5025000000000001 0.17124999999999999 0.50875 0.17124999999999999 0.50875 0.15375
2 0.5962500000000001 0.4375 0.585 0.4375 0.585 0.45499999999999996 0.5962500000000001 0.45499999999999996 0.5962500000000001 0.4375
2 0.33875 0.35625 0.33125 0.35625 0.33125 0.3725 0.33875 0.3725 0.33875 0.35625
2 0.05 0.34125 0.04375 0.34125 0.04375 0.35750000000000004 0.05 0.35750000000000004 0.05 0.34125
2 0.44625000000000004 0.35875 0.43875000000000003 0.35875 0.43875000000000003 0.375 0.44625000000000004 0.375 0.44625000000000004 0.35875
2 0.35750000000000004 0.7575000000000001 0.3375 0.7575000000000001 0.3375 0.76625 0.35750000000000004 0.76625 0.35750000000000004 0.7575000000000001
2 0.7112499999999999 0.89375 0.6925 0.89375 0.6925 0.9025000000000001 0.7112499999999999 0.9025000000000001 0.7112499999999999 0.89375
2 0.9375 0.80375 0.9275 0.80375 0.9275 0.825 0.9375 0.825 0.9375 0.80375
2 0.97875 0.9712500000000001 0.9637499999999999 0.9712500000000001 0.9637499999999999 0.9800000000000001 0.97875 0.9800000000000001 0.97875 0.9712500000000001
2 0.9012499999999999 0.97 0.8875 0.97 0.8875 0.97875 0.9012499999999999 0.97875 0.9012499999999999 0.97
2 0.9824999999999999 0.79375 0.9650000000000001 0.79375 0.9650000000000001 0.80375 0.9824999999999999 0.80375 0.9824999999999999 0.79375
2 0.9199999999999999 0.7875 0.9025000000000001 0.7875 0.9025000000000001 0.7975 0.9199999999999999 0.7975 0.9199999999999999 0.7875
2 0.9949999999999999 0.68125 0.97875 0.68125 0.97875 0.6912499999999999 0.9949999999999999 0.6912499999999999 0.9949999999999999 0.68125
2 0.7424999999999999 0.6025 0.73125 0.6025 0.73125 0.62 0.7424999999999999 0.62 0.7424999999999999 0.6025
2 0.9662499999999999 0.385 0.9574999999999999 0.385 0.9574999999999999 0.4025 0.9662499999999999 0.4025 0.9662499999999999 0.385