2 0.13999999999999999 0.11625 0.125 0.11625 0.125 0.13625 0.13999999999999999 0.13625 0.13999999999999999 0.11625
2 0.04625 0.395 0.03375 0.395 0.03375 0.41375 0.04625 0.41375 0.04625 0.395
2 0.0225 0.39625 0.01 0.39625 0.01 0.42000000000000004 0.0225 0.42000000000000004 0.0225 0.39625
2 0.85 0.35 0.83125 0.35 0.83125 0.35875 0.85 0.35875 0.85 0.35
2 0.86875 0.35125 0.85125 0.35125 0.85125 0.35875 0.86875 0.35875 0.86875 0.35125
2 0.89 0.35 0.8699999999999999 0.35 0.8699999999999999 0.35875 0.89 0.35875 0.89 0.35
2 0.905 0.35 0.89125 0.35 0.89125 0.35750000000000004 0.905 0.35750000000000004 0.905 0.35
2 0.9275 0.35 0.9075 0.35 0.9075 0.35875 0.9275 0.35875 0.9275 0.35
2 0.8400000000000001 0.385 0.8275 0.385 0.8275 0.39125 0.8400000000000001 0.39125 0.8400000000000001 0.385
2 0.8637499999999999 0.38625 0.8412499999999999 0.38625 0.8412499999999999 0.39375 0.8637499999999999 0.39375 0.8637499999999999 0.38625
2 0.8825 0.385 0.8637499999999999 0.385 0.8637499999999999 0.39249999999999996 0.8825 0.39249999999999996 0.8825 0.385
2 0.90625 0.38375 0.8875 0.38375 0.8875 0.39249999999999996 0.90625 0.39249999999999996 0.90625 0.38375
2 0.9237500000000001 0.38375 0.905 0.38375 0.905 0.39249999999999996 0.9237500000000001 0.39249999999999996 0.9237500000000001 0.38375
2 0.9425000000000001 0.38375 0.9237500000000001 0.38375 0.9237500000000001 0.39249999999999996 0.9425000000000001 0.39249999999999996 0.9425000000000001 0.38375
2 0.9637499999999999 0.385 0.945 0.385 0.945 0.39375 0.9637499999999999 0.39375 0.9637499999999999 0.385
2 0.56875 0.08 0.54875 0.08 0.54875 0.09 0.56875 0.09 0.56875 0.08
2 0.66125 0.08 0.6375 0.08 0.6375 0.08875 0.66125 0.08875 0.66125 0.08
2 0.5900000000000001 0.08 0.57125 0.08 0.57125 0.0875 0.5900000000000001 0.0875 0.5900000000000001 0.08
2 0.71 0.07875 0.68875 0.07875 0.68875 0.08625000000000001 0.71 0.08625000000000001 0.71 0.07875
2 0.79375 0.15 0.7849999999999999 0.15 0.7849999999999999 0.16999999999999998 0.79375 0.16999999999999998 0.79375 0.15
2 0.97875 0.07625 0.9574999999999999 0.07625 0.9574999999999999 0.08625000000000001 0.97875 0.08625000000000001 0.97875 0.07625
2 0.06375 0.13874999999999998 0.052500000000000005 0.13874999999999998 0.052500000000000005 0.1575 0.06375 0.1575 0.06375 0.13874999999999998
2 0.8887499999999999 0.71875 0.87375 0.71875 0.87375 0.7262500000000001 0.8887499999999999 0.7262500000000001 0.8887499999999999 0.71875
2 0.8487500000000001 0.05375 0.8262499999999999 0.05375 0.8262499999999999 0.0625 0.8487500000000001 0.0625 0.8487500000000001 0.05375