2 0.0725 0.88375 0.03875 0.88375 0.03875 0.89375 0.0725 0.89375 0.0725 0.88375
2 0.49124999999999996 0.8525 0.45999999999999996 0.8525 0.45999999999999996 0.86 0.49124999999999996 0.86 0.49124999999999996 0.8525
2 0.8237500000000001 0.8637499999999999 0.8087500000000001 0.8637499999999999 0.8087500000000001 0.8712500000000001 0.8237500000000001 0.8712500000000001 0.8237500000000001 0.8637499999999999
2 0.9412499999999999 0.8775000000000001 0.9099999999999999 0.8775000000000001 0.9099999999999999 0.8875 0.9412499999999999 0.8875 0.9412499999999999 0.8775000000000001
2 0.9949999999999999 0.93 0.9800000000000001 0.93 0.9800000000000001 0.93875 0.9949999999999999 0.93875 0.9949999999999999 0.93
2 0.25125000000000003 0.85125 0.23875000000000002 0.85125 0.23875000000000002 0.8574999999999999 0.25125000000000003 0.8574999999999999 0.25125000000000003 0.85125
2 0.28250000000000003 0.8474999999999999 0.2725 0.8474999999999999 0.2725 0.85125 0.28250000000000003 0.85125 0.28250000000000003 0.8474999999999999
2 0.39625 0.8487500000000001 0.38375 0.8487500000000001 0.38375 0.85375 0.39625 0.85375 0.39625 0.8487500000000001
2 0.36625 0.8574999999999999 0.355 0.8574999999999999 0.355 0.8637499999999999 0.36625 0.8637499999999999 0.36625 0.8574999999999999
2 0.515 0.8400000000000001 0.49874999999999997 0.8400000000000001 0.49874999999999997 0.8474999999999999 0.515 0.8474999999999999 0.515 0.8400000000000001
2 0.54 0.8612500000000001 0.5275000000000001 0.8612500000000001 0.5275000000000001 0.8675 0.54 0.8675 0.54 0.8612500000000001
2 0.78 0.8724999999999999 0.77 0.8724999999999999 0.77 0.8787499999999999 0.78 0.8787499999999999 0.78 0.8724999999999999
2 0.82125 0.8925000000000001 0.8099999999999999 0.8925000000000001 0.8099999999999999 0.9 0.82125 0.9 0.82125 0.8925000000000001
2 0.8775000000000001 0.9 0.8675 0.9 0.8675 0.905 0.8775000000000001 0.905 0.8775000000000001 0.9
2 0.8825 0.90625 0.8724999999999999 0.90625 0.8724999999999999 0.9125 0.8825 0.9125 0.8825 0.90625
2 0.97625 0.89125 0.9637499999999999 0.89125 0.9637499999999999 0.89875 0.97625 0.89875 0.97625 0.89125