2 0.37 0.14375 0.36124999999999996 0.14375 0.36124999999999996 0.155 0.37 0.155 0.37 0.14375
2 0.9087500000000001 0.06875 0.8975 0.06875 0.8975 0.07875 0.9087500000000001 0.07875 0.9087500000000001 0.06875
2 0.68625 0.28250000000000003 0.6799999999999999 0.28250000000000003 0.6799999999999999 0.28875 0.68625 0.28875 0.68625 0.28250000000000003
2 0.7375 0.22999999999999998 0.7325 0.22999999999999998 0.7325 0.23625 0.7375 0.23625 0.7375 0.22999999999999998
2 0.86875 0.0775 0.865 0.0775 0.865 0.08249999999999999 0.86875 0.08249999999999999 0.86875 0.0775
2 0.46125 0.79 0.45499999999999996 0.79 0.45499999999999996 0.79875 0.46125 0.79875 0.46125 0.79
2 0.20875 0.58125 0.20375000000000001 0.58125 0.20375000000000001 0.58875 0.20875 0.58875 0.20875 0.58125
2 0.24625 0.475 0.24 0.475 0.24 0.485 0.24625 0.485 0.24625 0.475
2 0.2425 0.45875000000000005 0.23625 0.45875000000000005 0.23625 0.46875 0.2425 0.46875 0.2425 0.45875000000000005
2 0.5175 0.33375 0.5125 0.33375 0.5125 0.34375 0.5175 0.34375 0.5175 0.33375
2 0.5075000000000001 0.35 0.5037499999999999 0.35 0.5037499999999999 0.355 0.5075000000000001 0.355 0.5075000000000001 0.35