2 0.0675 0.3675 0.05625 0.3675 0.05625 0.38125 0.0675 0.38125 0.0675 0.3675
2 0.14250000000000002 0.30625 0.13 0.30625 0.13 0.31625000000000003 0.14250000000000002 0.31625000000000003 0.14250000000000002 0.30625
2 0.175 0.3175 0.1575 0.3175 0.1575 0.3275 0.175 0.3275 0.175 0.3175
2 0.21749999999999997 0.32999999999999996 0.20125 0.32999999999999996 0.20125 0.33999999999999997 0.21749999999999997 0.33999999999999997 0.21749999999999997 0.32999999999999996
2 0.27375 0.34750000000000003 0.2575 0.34750000000000003 0.2575 0.35750000000000004 0.27375 0.35750000000000004 0.27375 0.34750000000000003
2 0.28625 0.34875 0.275 0.34875 0.275 0.36 0.28625 0.36 0.28625 0.34875
2 0.3825 0.37625000000000003 0.36625 0.37625000000000003 0.36625 0.3875 0.3825 0.3875 0.3825 0.37625000000000003
2 0.4 0.3825 0.38875000000000004 0.3825 0.38875000000000004 0.39375 0.4 0.39375 0.4 0.3825
2 0.425 0.3875 0.40750000000000003 0.3875 0.40750000000000003 0.40125 0.425 0.40125 0.425 0.3875
2 0.37124999999999997 0.305 0.3625 0.305 0.3625 0.32125 0.37124999999999997 0.32125 0.37124999999999997 0.305
2 0.375 0.07875 0.36625 0.07875 0.36625 0.09375 0.375 0.09375 0.375 0.07875
2 0.37625000000000003 0.09625 0.365 0.09625 0.365 0.11000000000000001 0.37625000000000003 0.11000000000000001 0.37625000000000003 0.09625
2 0.375 0.12625 0.36625 0.12625 0.36625 0.13874999999999998 0.375 0.13874999999999998 0.375 0.12625
2 0.465 0.175 0.45 0.175 0.45 0.18625 0.465 0.18625 0.465 0.175
2 0.48375 0.18375 0.46875 0.18375 0.46875 0.19125 0.48375 0.19125 0.48375 0.18375
2 0.44749999999999995 0.395 0.43499999999999994 0.395 0.43499999999999994 0.40625 0.44749999999999995 0.40625 0.44749999999999995 0.395
2 0.46125 0.40125 0.45 0.40125 0.45 0.40750000000000003 0.46125 0.40750000000000003 0.46125 0.40125
2 0.49625 0.49124999999999996 0.48624999999999996 0.49124999999999996 0.48624999999999996 0.50875 0.49625 0.50875 0.49625 0.49124999999999996
2 0.54375 0.40875000000000006 0.53125 0.40875000000000006 0.53125 0.42125 0.54375 0.42125 0.54375 0.40875000000000006
2 0.5825 0.42374999999999996 0.5650000000000001 0.42374999999999996 0.5650000000000001 0.4325 0.5825 0.4325 0.5825 0.42374999999999996
2 0.60875 0.43 0.595 0.43 0.595 0.43875000000000003 0.60875 0.43875000000000003 0.60875 0.43
2 0.62375 0.4325 0.61 0.4325 0.61 0.44375 0.62375 0.44375 0.62375 0.4325
2 0.63625 0.4375 0.62375 0.4375 0.62375 0.44749999999999995 0.63625 0.44749999999999995 0.63625 0.4375
2 0.6525000000000001 0.44375 0.63875 0.44375 0.63875 0.45375 0.6525000000000001 0.45375 0.6525000000000001 0.44375
2 0.66625 0.445 0.6537499999999999 0.445 0.6537499999999999 0.45499999999999996 0.66625 0.45499999999999996 0.66625 0.445
2 0.6950000000000001 0.49000000000000005 0.6837500000000001 0.49000000000000005 0.6837500000000001 0.5025000000000001 0.6950000000000001 0.5025000000000001 0.6950000000000001 0.49000000000000005
2 0.68875 0.51125 0.67875 0.51125 0.67875 0.52125 0.68875 0.52125 0.68875 0.51125
2 0.7224999999999999 0.35750000000000004 0.7125 0.35750000000000004 0.7125 0.3725 0.7224999999999999 0.3725 0.7224999999999999 0.35750000000000004
2 0.72875 0.32375 0.71875 0.32375 0.71875 0.335 0.72875 0.335 0.72875 0.32375
2 0.73 0.31124999999999997 0.7224999999999999 0.31124999999999997 0.7224999999999999 0.32375 0.73 0.32375 0.73 0.31124999999999997
2 0.74875 0.225 0.74 0.225 0.74 0.24 0.74875 0.24 0.74875 0.225
2 0.75 0.21000000000000002 0.7424999999999999 0.21000000000000002 0.7424999999999999 0.2225 0.75 0.2225 0.75 0.21000000000000002
2 0.75625 0.1775 0.7462500000000001 0.1775 0.7462500000000001 0.1925 0.75625 0.1925 0.75625 0.1775
2 0.77125 0.155 0.7625 0.155 0.7625 0.16875 0.77125 0.16875 0.77125 0.155
2 0.84375 0.0675 0.8275 0.0675 0.8275 0.08249999999999999 0.84375 0.08249999999999999 0.84375 0.0675
2 0.8550000000000001 0.08 0.84375 0.08 0.84375 0.09 0.8550000000000001 0.09 0.8550000000000001 0.08
2 0.87375 0.09125 0.86 0.09125 0.86 0.10124999999999999 0.87375 0.10124999999999999 0.87375 0.09125
2 0.8862500000000001 0.1 0.87625 0.1 0.87625 0.1125 0.8862500000000001 0.1125 0.8862500000000001 0.1
2 0.9324999999999999 0.1325 0.92125 0.1325 0.92125 0.14750000000000002 0.9324999999999999 0.14750000000000002 0.9324999999999999 0.1325
2 0.6637500000000001 0.00375 0.6475 0.00375 0.6475 0.01625 0.6637500000000001 0.01625 0.6637500000000001 0.00375
2 0.67875 0.0075 0.665 0.0075 0.665 0.01625 0.67875 0.01625 0.67875 0.0075
2 0.7075 0.013750000000000002 0.6950000000000001 0.013750000000000002 0.6950000000000001 0.02375 0.7075 0.02375 0.7075 0.013750000000000002
2 0.7325 0.01875 0.7162499999999999 0.01875 0.7162499999999999 0.03 0.7325 0.03 0.7325 0.01875
2 0.9875 0.175 0.97625 0.175 0.97625 0.18625 0.9875 0.18625 0.9875 0.175
2 0.9125 0.2375 0.905 0.2375 0.905 0.25625 0.9125 0.25625 0.9125 0.2375
2 0.86625 0.4325 0.8550000000000001 0.4325 0.8550000000000001 0.445 0.86625 0.445 0.86625 0.4325
2 0.8612500000000001 0.44875 0.85 0.44875 0.85 0.465 0.8612500000000001 0.465 0.8612500000000001 0.44875
2 0.87625 0.38375 0.865 0.38375 0.865 0.39625 0.87625 0.39625 0.87625 0.38375
2 0.8425 0.53125 0.8324999999999999 0.53125 0.8324999999999999 0.54625 0.8425 0.54625 0.8425 0.53125
2 0.8324999999999999 0.5675 0.825 0.5675 0.825 0.58125 0.8324999999999999 0.58125 0.8324999999999999 0.5675
2 0.8324999999999999 0.6025 0.8225 0.6025 0.8225 0.625 0.8324999999999999 0.625 0.8324999999999999 0.6025
2 0.8099999999999999 0.6475 0.8012499999999999 0.6475 0.8012499999999999 0.6625 0.8099999999999999 0.6625 0.8099999999999999 0.6475
2 0.80375 0.67625 0.795 0.67625 0.795 0.69375 0.80375 0.69375 0.80375 0.67625
2 0.7825 0.75625 0.7737499999999999 0.75625 0.7737499999999999 0.77625 0.7825 0.77625 0.7825 0.75625
2 0.76625 0.8275 0.75625 0.8275 0.75625 0.8425 0.76625 0.8425 0.76625 0.8275
2 0.76125 0.8462500000000001 0.7525000000000001 0.8462500000000001 0.7525000000000001 0.8574999999999999 0.76125 0.8574999999999999 0.76125 0.8462500000000001
2 0.68125 0.5337500000000001 0.6725 0.5337500000000001 0.6725 0.545 0.68125 0.545 0.68125 0.5337500000000001
2 0.485 0.5287499999999999 0.4725 0.5287499999999999 0.4725 0.55 0.485 0.55 0.485 0.5287499999999999
2 0.47750000000000004 0.56125 0.465 0.56125 0.465 0.575 0.47750000000000004 0.575 0.47750000000000004 0.56125
2 0.4175 0.75875 0.40750000000000003 0.75875 0.40750000000000003 0.77125 0.4175 0.77125 0.4175 0.75875
2 0.40750000000000003 0.80375 0.395 0.80375 0.395 0.82 0.40750000000000003 0.82 0.40750000000000003 0.80375
2 0.375 0.9025000000000001 0.36625 0.9025000000000001 0.36625 0.9175000000000001 0.375 0.9175000000000001 0.375 0.9025000000000001
2 0.6224999999999999 0.75625 0.615 0.75625 0.615 0.76875 0.6224999999999999 0.76875 0.6224999999999999 0.75625
2 0.625 0.74125 0.6174999999999999 0.74125 0.6174999999999999 0.755 0.625 0.755 0.625 0.74125
2 0.645 0.67125 0.63625 0.67125 0.63625 0.6825 0.645 0.6825 0.645 0.67125
2 0.63625 0.7 0.63 0.7 0.63 0.7125 0.63625 0.7125 0.63625 0.7
2 0.585 0.905 0.57375 0.905 0.57375 0.92125 0.585 0.92125 0.585 0.905
2 0.595 0.86875 0.5862499999999999 0.86875 0.5862499999999999 0.8800000000000001 0.595 0.8800000000000001 0.595 0.86875
2 0.9737500000000001 0.70625 0.9650000000000001 0.70625 0.9650000000000001 0.725 0.9737500000000001 0.725 0.9737500000000001 0.70625
2 0.9637499999999999 0.7424999999999999 0.95375 0.7424999999999999 0.95375 0.76 0.9637499999999999 0.76 0.9637499999999999 0.7424999999999999
2 0.95 0.8025 0.93875 0.8025 0.93875 0.8162499999999999 0.95 0.8162499999999999 0.95 0.8025
2 0.9112500000000001 0.94625 0.9025000000000001 0.94625 0.9025000000000001 0.97 0.9112500000000001 0.97 0.9112500000000001 0.94625
2 0.73625 0.9475 0.725 0.9475 0.725 0.9637499999999999 0.73625 0.9637499999999999 0.73625 0.9475
2 0.57625 0.93875 0.56875 0.93875 0.56875 0.95625 0.57625 0.95625 0.57625 0.93875
2 0.37 0.9262499999999999 0.35875 0.9262499999999999 0.35875 0.9400000000000001 0.37 0.9400000000000001 0.37 0.9262499999999999
2 0.36375 0.945 0.355 0.945 0.355 0.9574999999999999 0.36375 0.9574999999999999 0.36375 0.945
2 0.35750000000000004 0.96875 0.35 0.96875 0.35 0.9862500000000001 0.35750000000000004 0.9862500000000001 0.35750000000000004 0.96875
2 0.3525 0.9824999999999999 0.33999999999999997 0.9824999999999999 0.33999999999999997 0.9962500000000001 0.3525 0.9962500000000001 0.3525 0.9824999999999999
2 0.89875 0.11125 0.8875 0.11125 0.8875 0.12125 0.89875 0.12125 0.89875 0.11125
2 0.735 0.29625 0.7262500000000001 0.29625 0.7262500000000001 0.31 0.735 0.31 0.735 0.29625
2 0.9887499999999999 0.64125 0.98125 0.64125 0.98125 0.655 0.9887499999999999 0.655 0.9887499999999999 0.64125
2 0.75625 0.8699999999999999 0.7462500000000001 0.8699999999999999 0.7462500000000001 0.8875 0.75625 0.8875 0.75625 0.8699999999999999
2 0.95875 0.7675 0.9487500000000001 0.7675 0.9487500000000001 0.78 0.95875 0.78 0.95875 0.7675
2 0.9550000000000001 0.78125 0.945 0.78125 0.945 0.795 0.9550000000000001 0.795 0.9550000000000001 0.78125
2 0.22749999999999998 0.9475 0.21875 0.9475 0.21875 0.9574999999999999 0.22749999999999998 0.9574999999999999 0.22749999999999998 0.9475
2 0.28875 0.8825 0.27125 0.8825 0.27125 0.89125 0.28875 0.89125 0.28875 0.8825
2 0.2225 0.95625 0.215 0.95625 0.215 0.9637499999999999 0.2225 0.9637499999999999 0.2225 0.95625
2 0.6912499999999999 0.63625 0.67375 0.63625 0.67375 0.645 0.6912499999999999 0.645 0.6912499999999999 0.63625
2 0.37374999999999997 0.22875 0.36625 0.22875 0.36625 0.24375 0.37374999999999997 0.24375 0.37374999999999997 0.22875
2 0.3725 0.2575 0.365 0.2575 0.365 0.27 0.3725 0.27 0.3725 0.2575