0 0.1296875 0.0859375 0.09296875 0.08828125
0 0.18671875 0.1765625 0.0984375 0.08828125
0 0.3640625 0.03515625 0.10234375 0.0703125
0 0.396875 0.26796875 0.07421875 0.0859375
0 0.61171875 0.4 0.0984375 0.07265625
0 0.74296875 0.3203125 0.1078125 0.090625
0 0.9125 0.4765625 0.084375 0.10703125
0 0.909375 0.65 0.06171875 0.07890625
0 0.8140625 0.69921875 0.075 0.0796875
0 0.48125 0.76484375 0.0875 0.0859375
0 0.5484375 0.85 0.05234375 0.040625
0 0.3875 0.528125 0.08046875 0.08359375
0 0.33984375 0.446875 0.0953125 0.08828125
0 0.28828125 0.365625 0.0953125 0.08046875
0 0.66484375 0.48671875 0.1015625 0.0703125