0 0.9140625 0.1296875 0.0875 0.09375
0 0.8234375 0.18671875 0.0875 0.0984375
0 0.96484375 0.3640625 0.0703125 0.103125
0 0.73203125 0.396875 0.0859375 0.075
0 0.6 0.61171875 0.071875 0.0984375
0 0.68125 0.74296875 0.090625 0.1078125
0 0.5234375 0.9125 0.10625 0.084375
0 0.35 0.909375 0.078125 0.0625
0 0.30234375 0.8140625 0.0796875 0.075
0 0.23671875 0.48125 0.0859375 0.0875
0 0.15 0.5484375 0.040625 0.053125
0 0.4734375 0.3875 0.084375 0.08125
0 0.553125 0.33984375 0.0875 0.0953125
0 0.634375 0.28828125 0.08125 0.0953125
0 0.51328125 0.66484375 0.0703125 0.1015625