0 0.365625 0.2125 0.04140625 0.04375
0 0.4328125 0.225 0.03828125 0.046875
0 0.48125 0.328125 0.04296875 0.03984375
0 0.4546875 0.4046875 0.08359375 0.075
0 0.1921875 0.57578125 0.08828125 0.0921875
0 0.440625 0.49453125 0.04375 0.0453125
0 0.3890625 0.6609375 0.08671875 0.078125
0 0.6609375 0.378125 0.06796875 0.06875
0 0.6203125 0.546875 0.08359375 0.07890625
0 0.6 0.634375 0.084375 0.075
0 0.5796875 0.7171875 0.075 0.07265625
0 0.825 0.3265625 0.04140625 0.05
0 0.909375 0.34609375 0.0375 0.0421875
0 0.9796875 0.37734375 0.03828125 0.0515625
0 0.865625 0.696875 0.0875 0.07734375