0 0.7890625 0.365625 0.04375 0.040625
0 0.775 0.4328125 0.046875 0.0375
0 0.6734375 0.48125 0.040625 0.04375
0 0.5953125 0.4546875 0.075 0.084375
0 0.42578125 0.1921875 0.0921875 0.0875
0 0.50703125 0.440625 0.0453125 0.04375
0 0.340625 0.3890625 0.078125 0.0875
0 0.6234375 0.6609375 0.06875 0.06875
0 0.453125 0.6203125 0.078125 0.084375
0 0.3671875 0.6 0.075 0.084375
0 0.2828125 0.5796875 0.071875 0.075
0 0.675 0.82578125 0.05 0.0421875
0 0.65546875 0.909375 0.0421875 0.0375
0 0.62265625 0.98046875 0.0515625 0.0390625
0 0.3046875 0.865625 0.078125 0.0875