0 0.128125 0.96484375 0.109375 0.0703125
0 0.04921875 0.87265625 0.0984375 0.0765625
0 0.7078125 0.93984375 0.071875 0.0734375
0 0.46875 0.95390625 0.075 0.0828125
0 0.6171875 0.81640625 0.134375 0.1109375
0 0.41171875 0.6875 0.1203125 0.121875
0 0.284375 0.615625 0.10625 0.109375
0 0.12890625 0.49296875 0.1203125 0.1234375
0 0.11171875 0.2484375 0.0921875 0.10625
0 0.5171875 0.44765625 0.0625 0.0734375
0 0.59921875 0.4421875 0.0609375 0.078125
0 0.6828125 0.434375 0.065625 0.075
0 0.85390625 0.33359375 0.0671875 0.0734375
0 0.82890625 0.2234375 0.0671875 0.065625
0 0.6703125 0.23203125 0.06875 0.0703125
0 0.653125 0.053125 0.065625 0.0625
0 0.575 0.04921875 0.06875 0.0703125
0 0.4953125 0.05859375 0.06875 0.0671875
0 0.32109375 0.0640625 0.0703125 0.075