0 0.128125 0.03515625 0.10859375 0.0703125
0 0.04921875 0.12890625 0.0984375 0.0765625
0 0.7078125 0.06015625 0.071875 0.0734375
0 0.46875 0.04765625 0.075 0.0828125
0 0.6171875 0.18359375 0.134375 0.1109375
0 0.41171875 0.3125 0.1203125 0.12109375
0 0.2828125 0.3859375 0.10703125 0.10859375
0 0.12890625 0.50859375 0.1203125 0.1234375
0 0.11171875 0.7515625 0.0921875 0.10625
0 0.515625 0.55390625 0.06328125 0.0734375
0 0.59921875 0.5578125 0.0609375 0.07734375
0 0.68125 0.565625 0.06640625 0.07578125
0 0.85390625 0.66640625 0.0671875 0.0734375
0 0.82890625 0.7765625 0.0671875 0.065625
0 0.6703125 0.76953125 0.06953125 0.0703125
0 0.653125 0.9484375 0.065625 0.06171875
0 0.575 0.95078125 0.06953125 0.0703125
0 0.4953125 0.94296875 0.06953125 0.0671875
0 0.32109375 0.9375 0.0703125 0.07421875