0 0.065625 0.2875 0.115625 0.121875
0 0.25390625 0.43125 0.1390625 0.11875
0 0.23203125 0.5859375 0.1515625 0.115625
0 0.765625 0.2765625 0.09375 0.1
0 0.6640625 0.38671875 0.1125 0.1015625
0 0.58828125 0.49609375 0.1265625 0.1015625
0 0.5359375 0.621875 0.10625 0.10625
0 0.4890625 0.74375 0.103125 0.09375
0 0.415625 0.8453125 0.1125 0.096875
0 0.96484375 0.4765625 0.0703125 0.096875
0 0.92421875 0.61875 0.1171875 0.096875
0 0.8359375 0.7328125 0.109375 0.090625
0 0.7515625 0.83515625 0.109375 0.0765625
0 0.6125 0.9796875 0.115625 0.040625