0 0.871875 0.03515625 0.109375 0.0703125
0 0.95078125 0.12890625 0.0984375 0.0765625
0 0.29375 0.06015625 0.071875 0.0734375
0 0.5328125 0.04765625 0.075 0.0828125
0 0.384375 0.18359375 0.134375 0.1109375
0 0.58984375 0.3125 0.1203125 0.121875
0 0.7171875 0.3859375 0.10625 0.109375
0 0.87109375 0.50859375 0.1203125 0.1234375
0 0.88984375 0.7515625 0.0921875 0.10625
0 0.484375 0.55390625 0.0625 0.0734375
0 0.40234375 0.5578125 0.0609375 0.078125
0 0.31875 0.565625 0.065625 0.075
0 0.14609375 0.66640625 0.0671875 0.0734375
0 0.17265625 0.7765625 0.0671875 0.065625
0 0.3296875 0.76953125 0.06875 0.0703125
0 0.346875 0.9484375 0.065625 0.0625
0 0.425 0.95078125 0.06875 0.0703125
0 0.5046875 0.94296875 0.06875 0.0671875
0 0.67890625 0.9375 0.0703125 0.075