0 0.8625 0.8203125 0.04609375 0.03984375
0 0.903125 0.8796875 0.05078125 0.04140625
0 0.95234375 0.934375 0.0453125 0.04140625
0 0.98671875 0.98515625 0.0265625 0.0296875
0 0.309375 0.93515625 0.034375 0.0421875
0 0.35859375 0.9578125 0.0296875 0.0375
0 0.3828125 0.7578125 0.02578125 0.034375
0 0.3515625 0.775 0.025 0.03671875
0 0.25078125 0.8203125 0.0234375 0.034375
0 0.21796875 0.8375 0.0234375 0.0375
0 0.228125 0.69453125 0.03828125 0.0453125
0 0.165625 0.703125 0.04296875 0.05234375
0 0.11875 0.725 0.040625 0.04375
0 0.0625 0.74375 0.03984375 0.05078125
0 0.015625 0.73515625 0.03125 0.0390625
0 0.165625 0.4765625 0.06953125 0.071875
0 0.246875 0.4359375 0.040625 0.04296875
0 0.325 0.4140625 0.03828125 0.05078125
0 0.40625 0.38046875 0.04140625 0.0578125
0 0.1171875 0.28046875 0.04296875 0.0484375
0 0.309375 0.190625 0.03828125 0.04609375
0 0.37890625 0.1625 0.0359375 0.04609375