0 0.8203125 0.8625 0.040625 0.046875
0 0.8796875 0.9046875 0.040625 0.05
0 0.934375 0.95234375 0.040625 0.0453125
0 0.98515625 0.98671875 0.0296875 0.0265625
0 0.93515625 0.309375 0.0421875 0.034375
0 0.9578125 0.35859375 0.0375 0.0296875
0 0.7578125 0.384375 0.034375 0.025
0 0.775 0.3515625 0.0375 0.025
0 0.8203125 0.25078125 0.034375 0.0234375
0 0.8375 0.21796875 0.0375 0.0234375
0 0.69453125 0.2296875 0.0453125 0.0375
0 0.703125 0.165625 0.053125 0.04375
0 0.725 0.11875 0.04375 0.040625
0 0.74375 0.0625 0.05 0.040625
0 0.73515625 0.015625 0.0390625 0.03125
0 0.4765625 0.165625 0.071875 0.06875
0 0.4359375 0.246875 0.04375 0.040625
0 0.4140625 0.3265625 0.05 0.0375
0 0.38046875 0.40625 0.0578125 0.040625
0 0.28046875 0.1171875 0.0484375 0.04375
0 0.190625 0.309375 0.046875 0.0375
0 0.1625 0.37890625 0.046875 0.0359375