0 0.128125 0.509375 0.08125 0.071875
0 0.32734375 0.3375 0.0421875 0.053125
0 0.2609375 0.5359375 0.0625 0.075
0 0.334375 0.5984375 0.0625 0.075
0 0.534375 0.5015625 0.06875 0.071875
0 0.60859375 0.5390625 0.0390625 0.046875
0 0.3984375 0.6546875 0.040625 0.04375
0 0.878125 0.50078125 0.046875 0.0390625
0 0.4796875 0.69609375 0.05625 0.0390625
0 0.1796875 0.8453125 0.040625 0.046875
0 0.1203125 0.80234375 0.040625 0.0515625
0 0.065625 0.75546875 0.040625 0.0453125
0 0.01640625 0.71171875 0.0296875 0.0453125