0 0.1265625 0.04296875 0.128125 0.0859375
0 0.4640625 0.04765625 0.06484375 0.0828125
0 0.8296875 0.3390625 0.11171875 0.125
0 0.6796875 0.5625 0.046875 0.0625
0 0.51796875 0.55078125 0.0671875 0.0703125
0 0.0515625 0.1328125 0.10234375 0.1
0 0.01796875 0.2328125 0.0359375 0.06171875
0 0.153125 0.2765625 0.109375 0.11171875
0 0.2828125 0.384375 0.10703125 0.10703125
0 0.22890625 0.48046875 0.0703125 0.0796875
0 0.121875 0.515625 0.11328125 0.11796875
0 0.82265625 0.77890625 0.0640625 0.0796875
0 0.66484375 0.76640625 0.0671875 0.0765625
0 0.109375 0.753125 0.090625 0.10546875
0 0.2109375 0.80390625 0.06484375 0.0640625
0 0.021875 0.753125 0.04296875 0.075