0 0.8734375 0.04296875 0.128125 0.0859375
0 0.5375 0.04765625 0.065625 0.0828125
0 0.171875 0.3390625 0.1125 0.125
0 0.321875 0.5625 0.046875 0.0625
0 0.48359375 0.55078125 0.0671875 0.0703125
0 0.9484375 0.1328125 0.103125 0.1
0 0.98203125 0.2328125 0.0359375 0.0625
0 0.8484375 0.2765625 0.109375 0.1125
0 0.7171875 0.384375 0.10625 0.10625
0 0.77109375 0.48046875 0.0703125 0.0796875
0 0.878125 0.515625 0.1125 0.11875
0 0.17734375 0.77890625 0.0640625 0.0796875
0 0.33671875 0.76640625 0.0671875 0.0765625
0 0.890625 0.753125 0.090625 0.10625
0 0.790625 0.80390625 0.065625 0.0640625
0 0.978125 0.753125 0.04375 0.075