0 0.8328125 0.04296875 0.128125 0.0859375
0 0.7515625 0.1328125 0.115625 0.1
0 0.709375 0.2328125 0.065625 0.06171875
0 0.859375 0.2765625 0.109375 0.11171875
0 0.9671875 0.384375 0.06328125 0.10703125
0 0.93515625 0.48046875 0.0703125 0.0796875
0 0.8296875 0.515625 0.11328125 0.11796875
0 0.62890625 0.5 0.1140625 0.12265625
0 0.48125 0.0453125 0.11796875 0.08984375
0 0.4140625 0.140625 0.10625 0.09765625
0 0.815625 0.753125 0.090625 0.10546875
0 0.9171875 0.80390625 0.06484375 0.0640625
0 0.521875 0.715625 0.04921875 0.071875
0 0.715625 0.753125 0.06875 0.075