0 0.128125 0.34140625 0.065625 0.0734375
0 0.04375 0.3046875 0.084375 0.084375
0 0.546875 0.2640625 0.075 0.06875
0 0.96875 0.1953125 0.0625 0.075
0 0.6390625 0.52578125 0.034375 0.0421875
0 0.79375 0.5984375 0.071875 0.090625
0 0.7046875 0.765625 0.040625 0.0375
0 0.6859375 0.809375 0.040625 0.0375
0 0.66796875 0.853125 0.0390625 0.0375
0 0.125 0.33828125 0.06875 0.0765625
0 0.7953125 0.6 0.071875 0.084375
0 0.6390625 0.525 0.0375 0.040625
0 0.70625 0.76328125 0.046875 0.0390625
0 0.6875 0.80859375 0.046875 0.0390625
0 0.66796875 0.85390625 0.0453125 0.0390625
0 0.0421875 0.30546875 0.084375 0.0859375
0 0.9671875 0.19609375 0.065625 0.0671875
0 0.5453125 0.2625 0.078125 0.065625
0 0.81875 0.009375 0.065625 0.01875