0 0.128125 0.34140625 0.065625 0.0734375
0 0.04375 0.3046875 0.084375 0.08515625
0 0.5453125 0.2625 0.07578125 0.06953125
0 0.96875 0.1953125 0.0625 0.07421875
0 0.6390625 0.52578125 0.03359375 0.0421875
0 0.79375 0.5984375 0.07109375 0.09140625
0 0.7046875 0.765625 0.040625 0.03828125
0 0.6859375 0.809375 0.040625 0.03828125
0 0.6671875 0.853125 0.03828125 0.0375
0 0.125 0.33828125 0.06796875 0.0765625
0 0.7953125 0.6 0.07265625 0.084375
0 0.6390625 0.5234375 0.03828125 0.04140625
0 0.7046875 0.76328125 0.04765625 0.0390625
0 0.6875 0.80859375 0.046875 0.0390625
0 0.6671875 0.85390625 0.04453125 0.0390625
0 0.0421875 0.30546875 0.084375 0.0859375
0 0.9671875 0.19609375 0.065625 0.0671875
0 0.5453125 0.2625 0.078125 0.065625
0 0.81875 0.009375 0.06484375 0.01875