0 0.7046875 0.0578125 0.040625 0.03828125
0 0.6859375 0.1015625 0.040625 0.03828125
0 0.6671875 0.146875 0.03828125 0.0375
0 0.575 0.37109375 0.04375 0.0390625
0 0.5203125 0.5078125 0.0375 0.040625
0 0.4875 0.565625 0.04296875 0.034375
0 0.471875 0.6078125 0.0375 0.034375
0 0.7046875 0.05703125 0.04765625 0.0390625
0 0.6875 0.10078125 0.046875 0.0390625
0 0.6671875 0.14609375 0.04453125 0.0390625
0 0.5734375 0.3703125 0.04296875 0.03984375
0 0.5203125 0.50625 0.03984375 0.03828125
0 0.48984375 0.5640625 0.0453125 0.03828125
0 0.4703125 0.60859375 0.03828125 0.0359375