0 0.9421875 0.7046875 0.0375 0.040625
0 0.8984375 0.6859375 0.0375 0.040625
0 0.853125 0.66796875 0.0375 0.0390625
0 0.62890625 0.575 0.0390625 0.04375
0 0.49375 0.5203125 0.040625 0.0375
0 0.434375 0.4875 0.034375 0.04375
0 0.3921875 0.471875 0.034375 0.0375
0 0.94296875 0.70625 0.0390625 0.046875
0 0.89921875 0.6875 0.0390625 0.046875
0 0.85390625 0.66796875 0.0390625 0.0453125
0 0.6296875 0.5734375 0.040625 0.04375
0 0.49375 0.5203125 0.0375 0.040625
0 0.4359375 0.48984375 0.0375 0.0453125
0 0.39140625 0.4703125 0.0359375 0.0375