0 0.4890625 0.0796875 0.13359375 0.11484375
0 0.7078125 0.11640625 0.10859375 0.0953125
0 0.2734375 0.25625 0.11953125 0.109375
0 0.4390625 0.2203125 0.11953125 0.10234375
0 0.50703125 0.3390625 0.1078125 0.09609375
0 0.3546875 0.50390625 0.11015625 0.0953125
0 0.58984375 0.4484375 0.1265625 0.10234375
0 0.425 0.625 0.12578125 0.10703125
0 0.51171875 0.73046875 0.1078125 0.0921875
0 0.5875 0.84375 0.10625 0.08671875
0 0.7765625 0.2234375 0.12421875 0.10234375
0 0.85625 0.31953125 0.10390625 0.0953125