0 0.41953125 0.00703125 0.0484375 0.0140625
0 0.5078125 0.403125 0.05 0.03125
0 0.50078125 0.4578125 0.0546875 0.04375
0 0.4921875 0.5140625 0.05625 0.046875
0 0.4984375 0.56875 0.046875 0.0375
0 0.0828125 0.875 0.053125 0.05625
0 0.1390625 0.909375 0.046875 0.059375
0 0.2390625 0.8703125 0.040625 0.053125
0 0.2953125 0.828125 0.04375 0.05625
0 0.3484375 0.8015625 0.04375 0.04375
0 0.38359375 0.75 0.0484375 0.046875
0 0.4796875 0.68203125 0.053125 0.0390625
0 0.484375 0.621875 0.059375 0.04375
0 0.540625 0.765625 0.065625 0.053125
0 0.503125 0.8625 0.05 0.040625
0 0.7359375 0.9 0.04375 0.046875
0 0.828125 0.9609375 0.040625 0.0375
0 0.928125 0.8375 0.040625 0.05
0 0.98515625 0.85 0.0296875 0.05