0 0.00703125 0.41953125 0.0140625 0.0484375
0 0.403125 0.5078125 0.03046875 0.04921875
0 0.4578125 0.50078125 0.04296875 0.0546875
0 0.5125 0.490625 0.04765625 0.05703125
0 0.56875 0.4984375 0.03671875 0.046875
0 0.875 0.0828125 0.05703125 0.05234375
0 0.909375 0.1390625 0.05859375 0.04609375
0 0.8703125 0.2390625 0.053125 0.03984375
0 0.8265625 0.2953125 0.05703125 0.04296875
0 0.8015625 0.3484375 0.04375 0.04375
0 0.75 0.38359375 0.04609375 0.0484375
0 0.68203125 0.4796875 0.0390625 0.053125
0 0.621875 0.484375 0.04375 0.05859375
0 0.765625 0.540625 0.05234375 0.065625
0 0.8625 0.503125 0.040625 0.05078125
0 0.9 0.7359375 0.046875 0.04375
0 0.9609375 0.828125 0.0375 0.040625
0 0.8359375 0.928125 0.05078125 0.04140625
0 0.85 0.98515625 0.05078125 0.0296875