1 0.25125000000000003 0.92875 0.2375 0.92875 0.2375 0.94375 0.25125000000000003 0.94375 0.25125000000000003 0.92875
1 0.08625000000000001 0.8625 0.0775 0.8625 0.0775 0.875 0.08625000000000001 0.875 0.08625000000000001 0.8625
1 0.11875 0.87625 0.11000000000000001 0.87625 0.11000000000000001 0.89 0.11875 0.89 0.11875 0.87625
1 0.09125 0.64625 0.07875 0.64625 0.07875 0.6525000000000001 0.09125 0.6525000000000001 0.09125 0.64625
1 0.14375 0.8787499999999999 0.12875 0.8787499999999999 0.12875 0.89875 0.14375 0.89875 0.14375 0.8787499999999999
1 0.0975 0.8675 0.09 0.8675 0.09 0.8800000000000001 0.0975 0.8800000000000001 0.0975 0.8675
1 0.07625 0.85375 0.065 0.85375 0.065 0.8675 0.07625 0.8675 0.07625 0.85375
1 0.28875 0.9487500000000001 0.27625 0.9487500000000001 0.27625 0.96 0.28875 0.96 0.28875 0.9487500000000001
1 0.57375 0.79 0.5587500000000001 0.79 0.5587500000000001 0.8025 0.57375 0.8025 0.57375 0.79
1 0.23500000000000001 0.7150000000000001 0.22374999999999998 0.7150000000000001 0.22374999999999998 0.72375 0.23500000000000001 0.72375 0.23500000000000001 0.7150000000000001
1 0.095 0.86625 0.08499999999999999 0.86625 0.08499999999999999 0.8775000000000001 0.095 0.8775000000000001 0.095 0.86625
1 0.05125 0.365 0.045 0.365 0.045 0.3825 0.05125 0.3825 0.05125 0.365
1 0.335 0.42000000000000004 0.325 0.42000000000000004 0.325 0.44625000000000004 0.335 0.44625000000000004 0.335 0.42000000000000004
1 0.765 0.07625 0.75875 0.07625 0.75875 0.09125 0.765 0.09125 0.765 0.07625
1 0.7875 0.4375 0.7787499999999999 0.4375 0.7787499999999999 0.45375 0.7875 0.45375 0.7875 0.4375
1 0.795 0.515 0.7825 0.515 0.7825 0.5237499999999999 0.795 0.5237499999999999 0.795 0.515
1 0.79625 0.5349999999999999 0.7825 0.5349999999999999 0.7825 0.5425 0.79625 0.5425 0.79625 0.5349999999999999
1 0.11000000000000001 0.57875 0.10124999999999999 0.57875 0.10124999999999999 0.5912499999999999 0.11000000000000001 0.5912499999999999 0.11000000000000001 0.57875
1 0.11750000000000001 0.5825 0.11000000000000001 0.5825 0.11000000000000001 0.595 0.11750000000000001 0.595 0.11750000000000001 0.5825