0 0.20703125 0.990625 0.0671875 0.01875
0 0.1984375 0.8125 0.075 0.053125
0 0.2 0.63671875 0.071875 0.0546875
0 0.19765625 0.4359375 0.0703125 0.05625
0 0.19375 0.31328125 0.059375 0.0546875
0 0.1953125 0.253125 0.065625 0.05
0 0.35 0.1875 0.08125 0.0625
0 0.4453125 0.28359375 0.0625 0.0703125
0 0.6078125 0.31171875 0.0625 0.0453125
0 0.51796875 0.3875 0.0328125 0.0375
0 0.34140625 0.55 0.0765625 0.053125
0 0.340625 0.4734375 0.08125 0.0625
0 0.60859375 0.4921875 0.0640625 0.05
0 0.609375 0.61875 0.065625 0.046875
0 0.59921875 0.71875 0.0453125 0.034375
0 0.60078125 0.884375 0.0484375 0.05
0 0.34375 0.79375 0.071875 0.04375
0 0.35390625 0.728125 0.0671875 0.05625