0 0.990625 0.79296875 0.01875 0.0671875
0 0.8125 0.803125 0.053125 0.075
0 0.63671875 0.8015625 0.0546875 0.071875
0 0.4359375 0.80234375 0.05625 0.0703125
0 0.31328125 0.80625 0.0546875 0.059375
0 0.253125 0.80546875 0.05 0.0640625
0 0.1875 0.6515625 0.0625 0.08125
0 0.28359375 0.5546875 0.0703125 0.0625
0 0.31171875 0.39375 0.0453125 0.0625
0 0.3875 0.48203125 0.0375 0.0328125
0 0.55 0.66015625 0.053125 0.0765625
0 0.4734375 0.6609375 0.0625 0.08125
0 0.4921875 0.39140625 0.05 0.0640625
0 0.61875 0.3921875 0.046875 0.065625
0 0.71875 0.40078125 0.034375 0.0453125
0 0.884375 0.39921875 0.05 0.0484375
0 0.79375 0.6578125 0.04375 0.071875
0 0.728125 0.64765625 0.05625 0.0671875