0 0.55625 0.346875 0.065625 0.046875
0 0.4078125 0.5921875 0.0625 0.046875
0 0.2375 0.60078125 0.05625 0.0453125
0 0.0875 0.6484375 0.059375 0.04375
0 0.08671875 0.81328125 0.0578125 0.0453125
0 0.084375 0.91953125 0.053125 0.0421875
0 0.24375 0.93125 0.053125 0.04375
0 0.65234375 0.590625 0.0734375 0.05
0 0.49921875 0.6484375 0.0578125 0.04375
0 0.49375 0.709375 0.065625 0.053125
0 0.65390625 0.7 0.0703125 0.04375
0 0.6546875 0.76171875 0.06875 0.0484375
0 0.65234375 0.8875 0.0703125 0.046875
0 0.65703125 0.9484375 0.0546875 0.05
0 0.490625 0.9921875 0.046875 0.015625
0 0.665625 0.98984375 0.065625 0.0203125
0 0.9078125 0.5890625 0.059375 0.046875
0 0.9140625 0.7 0.06875 0.05
0 0.9046875 0.8953125 0.075 0.053125