0 0.91328125 0.10703125 0.0578125 0.0453125
0 0.915625 0.21328125 0.05390625 0.0421875
0 0.75625 0.225 0.05390625 0.04296875
0 0.7578125 0.42265625 0.06171875 0.0484375
0 0.7578125 0.4796875 0.06015625 0.04765625
0 0.7640625 0.5375 0.05546875 0.04921875
0 0.7609375 0.5921875 0.06171875 0.04921875
0 0.74765625 0.64765625 0.0578125 0.0515625
0 0.76875 0.7640625 0.06796875 0.05078125
0 0.78046875 0.8171875 0.0671875 0.04140625
0 0.9125 0.590625 0.06171875 0.05625
0 0.5078125 0.0140625 0.065625 0.028125
0 0.34765625 0.0078125 0.0703125 0.015625
0 0.3453125 0.05546875 0.06953125 0.0484375
0 0.34765625 0.1796875 0.0703125 0.046875
0 0.34453125 0.2421875 0.0546875 0.04921875
0 0.509375 0.3 0.04765625 0.04765625
0 0.50625 0.38984375 0.05703125 0.0515625
0 0.4984375 0.51328125 0.06171875 0.0484375
0 0.4890625 0.5734375 0.06953125 0.04609375
0 0.5046875 0.7 0.065625 0.04609375
0 0.50234375 0.81796875 0.0546875 0.0421875
0 0.334375 0.2984375 0.065625 0.05
0 0.35234375 0.575 0.0703125 0.04765625
0 0.353125 0.696875 0.07109375 0.04609375
0 0.359375 0.759375 0.09765625 0.05234375
0 0.0859375 0.009375 0.06796875 0.01796875
0 0.0953125 0.1890625 0.075 0.05234375
0 0.09375 0.36484375 0.071875 0.0546875
0 0.09609375 0.5640625 0.0703125 0.05703125
0 0.1 0.68671875 0.059375 0.0546875
0 0.0984375 0.7484375 0.06484375 0.05