0 0.6546875 0.55625 0.046875 0.065625
0 0.4078125 0.4078125 0.046875 0.0625
0 0.40078125 0.2375 0.0453125 0.05625
0 0.353125 0.0875 0.04375 0.059375
0 0.18828125 0.08671875 0.0453125 0.0578125
0 0.08046875 0.084375 0.0421875 0.053125
0 0.06875 0.24375 0.04375 0.053125
0 0.4109375 0.65234375 0.05 0.0734375
0 0.353125 0.49921875 0.04375 0.0578125
0 0.2921875 0.49375 0.053125 0.065625
0 0.3 0.65390625 0.04375 0.0703125
0 0.23984375 0.6546875 0.0484375 0.06875
0 0.1140625 0.65234375 0.046875 0.0703125
0 0.053125 0.65703125 0.05 0.0546875
0 0.0078125 0.490625 0.015625 0.046875
0 0.01015625 0.665625 0.0203125 0.065625
0 0.4125 0.9078125 0.046875 0.059375
0 0.3015625 0.9140625 0.05 0.06875
0 0.1046875 0.9046875 0.053125 0.075