0 0.44375 0.346875 0.06640625 0.04609375
0 0.59375 0.5921875 0.06171875 0.046875
0 0.7625 0.60078125 0.05703125 0.0453125
0 0.9125 0.646875 0.06015625 0.04453125
0 0.91328125 0.81328125 0.0578125 0.0453125
0 0.915625 0.91953125 0.05390625 0.0421875
0 0.75625 0.93125 0.05390625 0.04296875
0 0.34921875 0.5890625 0.0734375 0.05078125
0 0.50234375 0.6484375 0.0578125 0.04296875
0 0.5078125 0.709375 0.065625 0.05234375
0 0.34765625 0.7 0.0703125 0.04453125
0 0.3453125 0.76171875 0.06953125 0.0484375
0 0.34765625 0.8875 0.0703125 0.046875
0 0.34453125 0.9484375 0.0546875 0.04921875
0 0.509375 0.9921875 0.04765625 0.015625
0 0.334375 0.98984375 0.065625 0.0203125
0 0.09375 0.5875 0.059375 0.04765625
0 0.0859375 0.6984375 0.06796875 0.05078125
0 0.0953125 0.8953125 0.075 0.05234375