0 0.10703125 0.91328125 0.0453125 0.0578125
0 0.21328125 0.9171875 0.0421875 0.053125
0 0.225 0.75625 0.04375 0.053125
0 0.42265625 0.7578125 0.0484375 0.0625
0 0.4796875 0.759375 0.046875 0.059375
0 0.5375 0.7640625 0.05 0.05625
0 0.5921875 0.7609375 0.05 0.0625
0 0.64765625 0.74765625 0.0515625 0.0578125
0 0.765625 0.76953125 0.05 0.0671875
0 0.8171875 0.78046875 0.040625 0.0671875
0 0.590625 0.9125 0.05625 0.0625
0 0.0140625 0.5078125 0.028125 0.065625
0 0.0078125 0.34765625 0.015625 0.0703125
0 0.05546875 0.3453125 0.0484375 0.06875
0 0.1796875 0.34765625 0.046875 0.0703125
0 0.2421875 0.34453125 0.05 0.0546875
0 0.3015625 0.509375 0.046875 0.046875
0 0.38984375 0.50625 0.0515625 0.05625
0 0.51328125 0.4984375 0.0484375 0.0625
0 0.5734375 0.490625 0.046875 0.06875
0 0.7 0.5046875 0.046875 0.065625
0 0.81796875 0.50234375 0.0421875 0.0546875
0 0.2984375 0.334375 0.05 0.065625
0 0.5765625 0.35234375 0.046875 0.0703125
0 0.696875 0.353125 0.046875 0.071875
0 0.759375 0.359375 0.053125 0.096875
0 0.009375 0.0859375 0.01875 0.06875
0 0.1890625 0.0953125 0.053125 0.075
0 0.36484375 0.09375 0.0546875 0.071875
0 0.5640625 0.09609375 0.05625 0.0703125
0 0.68671875 0.1 0.0546875 0.059375
0 0.7484375 0.0984375 0.05 0.065625