1 0.96 0.5175 0.9512499999999999 0.5175 0.9512499999999999 0.53125 0.96 0.53125 0.96 0.5175
1 0.8012499999999999 0.58 0.7737499999999999 0.58 0.7737499999999999 0.6 0.8012499999999999 0.6 0.8012499999999999 0.58
1 0.80625 0.56125 0.78 0.56125 0.78 0.5775 0.80625 0.5775 0.80625 0.56125
1 0.80375 0.545 0.7787499999999999 0.545 0.7787499999999999 0.5575 0.80375 0.5575 0.80375 0.545
1 0.79875 0.5349999999999999 0.7787499999999999 0.5349999999999999 0.7787499999999999 0.545 0.79875 0.545 0.79875 0.5349999999999999
1 0.8087500000000001 0.5225 0.7787499999999999 0.5225 0.7787499999999999 0.5337500000000001 0.8087500000000001 0.5337500000000001 0.8087500000000001 0.5225
1 0.8162499999999999 0.50875 0.7887500000000001 0.50875 0.7887500000000001 0.5225 0.8162499999999999 0.5225 0.8162499999999999 0.50875
1 0.82125 0.49625 0.79125 0.49625 0.79125 0.50875 0.82125 0.50875 0.82125 0.49625
1 0.81375 0.53625 0.80375 0.53625 0.80375 0.55125 0.81375 0.55125 0.81375 0.53625
1 0.82125 0.5375 0.81375 0.5375 0.81375 0.55375 0.82125 0.55375 0.82125 0.5375
1 0.8225 0.55375 0.8125 0.55375 0.8125 0.56875 0.8225 0.56875 0.8225 0.55375