1 0.48250000000000004 0.3625 0.475 0.3625 0.475 0.37 0.48250000000000004 0.37 0.48250000000000004 0.3625
1 0.6925 0.3875 0.67375 0.3875 0.67375 0.41875 0.6925 0.41875 0.6925 0.3875
1 0.5225 0.41125 0.51375 0.41125 0.51375 0.42000000000000004 0.5225 0.42000000000000004 0.5225 0.41125
1 0.4925 0.37625000000000003 0.48375 0.37625000000000003 0.48375 0.38625 0.4925 0.38625 0.4925 0.37625000000000003
1 0.81375 0.47000000000000003 0.7975 0.47000000000000003 0.7975 0.49625 0.81375 0.49625 0.81375 0.47000000000000003
1 0.87625 0.36 0.85875 0.36 0.85875 0.38375 0.87625 0.38375 0.87625 0.36
1 0.58125 0.3225 0.57125 0.3225 0.57125 0.3325 0.58125 0.3325 0.58125 0.3225
1 0.43375 0.26 0.42374999999999996 0.26 0.42374999999999996 0.26875 0.43375 0.26875 0.43375 0.26
1 0.51625 0.40625 0.5075000000000001 0.40625 0.5075000000000001 0.41375 0.51625 0.41375 0.51625 0.40625
1 0.885 0.335 0.86875 0.335 0.86875 0.35875 0.885 0.35875 0.885 0.335
1 0.4625 0.30125 0.44625000000000004 0.30125 0.44625000000000004 0.3125 0.4625 0.3125 0.4625 0.30125
1 0.73375 0.5662499999999999 0.72 0.5662499999999999 0.72 0.58125 0.73375 0.58125 0.73375 0.5662499999999999
1 0.68875 0.55 0.6825 0.55 0.6825 0.5575 0.68875 0.5575 0.68875 0.55
1 0.66875 0.56375 0.6599999999999999 0.56375 0.6599999999999999 0.5725 0.66875 0.5725 0.66875 0.56375
1 0.6575 0.5675 0.65125 0.5675 0.65125 0.5775 0.6575 0.5775 0.6575 0.5675
1 0.6675 0.57625 0.6599999999999999 0.57625 0.6599999999999999 0.585 0.6675 0.585 0.6675 0.57625
1 0.6825 0.57125 0.675 0.57125 0.675 0.57875 0.6825 0.57875 0.6825 0.57125
1 0.6825 0.58 0.675 0.58 0.675 0.5900000000000001 0.6825 0.5900000000000001 0.6825 0.58
1 0.6925 0.58375 0.6837500000000001 0.58375 0.6837500000000001 0.59375 0.6925 0.59375 0.6925 0.58375
1 0.70375 0.5962500000000001 0.6975 0.5962500000000001 0.6975 0.60375 0.70375 0.60375 0.70375 0.5962500000000001
1 0.7150000000000001 0.5900000000000001 0.70625 0.5900000000000001 0.70625 0.5974999999999999 0.7150000000000001 0.5974999999999999 0.7150000000000001 0.5900000000000001
1 0.70875 0.6012500000000001 0.70375 0.6012500000000001 0.70375 0.61 0.70875 0.61 0.70875 0.6012500000000001
1 0.71875 0.605 0.7112499999999999 0.605 0.7112499999999999 0.61625 0.71875 0.61625 0.71875 0.605
1 0.74125 0.6075 0.73125 0.6075 0.73125 0.61875 0.74125 0.61875 0.74125 0.6075
1 0.7525000000000001 0.61375 0.7424999999999999 0.61375 0.7424999999999999 0.625 0.7525000000000001 0.625 0.7525000000000001 0.61375
1 0.76125 0.615 0.7525000000000001 0.615 0.7525000000000001 0.6287499999999999 0.76125 0.6287499999999999 0.76125 0.615
1 0.77625 0.61375 0.76625 0.61375 0.76625 0.6275000000000001 0.77625 0.6275000000000001 0.77625 0.61375
1 0.8612500000000001 0.63375 0.85 0.63375 0.85 0.65 0.8612500000000001 0.65 0.8612500000000001 0.63375
1 0.79375 0.62375 0.7849999999999999 0.62375 0.7849999999999999 0.635 0.79375 0.635 0.79375 0.62375
1 0.8087500000000001 0.62375 0.8025 0.62375 0.8025 0.6375 0.8087500000000001 0.6375 0.8087500000000001 0.62375
1 0.8150000000000001 0.63 0.8074999999999999 0.63 0.8074999999999999 0.64125 0.8150000000000001 0.64125 0.8150000000000001 0.63
1 0.8225 0.62625 0.8162499999999999 0.62625 0.8162499999999999 0.64125 0.8225 0.64125 0.8225 0.62625