0 0.01953125 0.3609375 0.0390625 0.065625
0 0.01328125 0.4453125 0.0265625 0.05625
0 0.0203125 0.5125 0.0375 0.0625
0 0.284375 0.334375 0.059375 0.08125
0 0.23046875 0.3890625 0.0609375 0.0625
0 0.2125 0.45625 0.075 0.05625
0 0.190625 0.51875 0.06875 0.053125
0 0.378125 0.340625 0.059375 0.0625
0 0.5046875 0.3703125 0.0625 0.08125
0 0.56171875 0.475 0.0703125 0.065625
0 0.63671875 0.56171875 0.0640625 0.0640625
0 0.5234375 0.6140625 0.071875 0.059375
0 0.51171875 0.68046875 0.0703125 0.0546875
0 0.975 0.68203125 0.05 0.0671875