0 0.38359375 0.1265625 0.0640625 0.06875
0 0.4890625 0.1765625 0.09375 0.103125
0 0.48515625 0.2890625 0.0671875 0.053125
0 0.52109375 0.36328125 0.0703125 0.0609375
0 0.4984375 0.453125 0.0625 0.059375
0 0.725 0.14609375 0.090625 0.0703125
0 0.725 0.2546875 0.103125 0.10625
0 0.728125 0.37578125 0.128125 0.1078125
0 0.7234375 0.503125 0.10625 0.103125
0 0.7390625 0.6234375 0.13125 0.109375
0 0.7484375 0.74609375 0.13125 0.1140625
0 0.7640625 0.86953125 0.115625 0.1046875
0 0.778125 0.96796875 0.109375 0.0640625