0 0.98046875 0.3609375 0.0390625 0.06484375
0 0.98671875 0.4453125 0.0265625 0.05546875
0 0.9796875 0.5125 0.03828125 0.06171875
0 0.7171875 0.334375 0.05859375 0.08125
0 0.76953125 0.3890625 0.0609375 0.06328125
0 0.7890625 0.45625 0.075 0.05703125
0 0.809375 0.51875 0.06953125 0.05234375
0 0.6234375 0.340625 0.059375 0.06328125
0 0.496875 0.3703125 0.06171875 0.08125
0 0.43828125 0.475 0.0703125 0.06484375
0 0.36328125 0.56171875 0.0640625 0.0640625
0 0.4765625 0.6140625 0.07265625 0.059375
0 0.48828125 0.68046875 0.0703125 0.0546875
0 0.025 0.68203125 0.05 0.0671875