0 0.875 0.38359375 0.06875 0.0640625
0 0.825 0.4890625 0.103125 0.09375
0 0.7125 0.48515625 0.05234375 0.0671875
0 0.63671875 0.52109375 0.0609375 0.0703125
0 0.5484375 0.4984375 0.05859375 0.06171875
0 0.85546875 0.725 0.0703125 0.08984375
0 0.7453125 0.725 0.10625 0.10390625
0 0.62421875 0.7265625 0.1078125 0.12890625
0 0.496875 0.7234375 0.103125 0.10625
0 0.378125 0.7390625 0.10859375 0.13046875
0 0.25546875 0.7484375 0.1140625 0.13125
0 0.13203125 0.7640625 0.1046875 0.11484375
0 0.03125 0.77734375 0.0625 0.1078125