0 0.32421875 0.034375 0.0828125 0.06796875
0 0.16171875 0.10078125 0.1015625 0.0859375
0 0.1828125 0.19453125 0.06015625 0.0640625
0 0.2265625 0.2703125 0.07109375 0.065625
0 0.1703125 0.3796875 0.11875 0.11171875
0 0.1015625 0.51484375 0.06484375 0.0703125
0 0.1953125 0.5234375 0.06328125 0.08046875
0 0.0609375 0.7140625 0.0625 0.06875
0 0.1375 0.7 0.0625 0.06171875
0 0.096875 0.884375 0.06953125 0.065625
0 0.61953125 0.67109375 0.1265625 0.1203125
0 0.6171875 0.53671875 0.10546875 0.1078125
0 0.87578125 0.6734375 0.0703125 0.06484375
0 0.884375 0.540625 0.12109375 0.11171875
0 0.89375 0.40625 0.13125 0.11640625
0 0.61484375 0.4046875 0.1140625 0.115625
0 0.8921875 0.2609375 0.134375 0.11953125
0 0.6109375 0.1375 0.125 0.11953125
0 0.8765625 0.1015625 0.10625 0.11171875
0 0.6109375 0.03125 0.125 0.0625