0 0.19140625 0.278125 0.0609375 0.065625
0 0.184375 0.35625 0.06171875 0.065625
0 0.1890625 0.4453125 0.06328125 0.065625
0 0.190625 0.5359375 0.0625 0.065625
0 0.18671875 0.6109375 0.0609375 0.06328125
0 0.32421875 0.7234375 0.0828125 0.103125
0 0.16171875 0.80859375 0.1015625 0.0859375
0 0.1828125 0.90078125 0.06015625 0.0640625
0 0.22578125 0.97109375 0.0703125 0.0578125
0 0.8921875 0.95390625 0.134375 0.0921875
0 0.6109375 0.8453125 0.125 0.11953125
0 0.8765625 0.809375 0.10625 0.11171875
0 0.8828125 0.65 0.11640625 0.11171875
0 0.6109375 0.7109375 0.125 0.11875
0 0.609375 0.5765625 0.12578125 0.11953125
0 0.8765625 0.459375 0.12578125 0.11796875
0 0.89375 0.2828125 0.128125 0.11796875
0 0.61953125 0.3140625 0.0671875 0.0625
0 0.4609375 0.403125 0.11015625 0.11640625
0 0.61875 0.0984375 0.0625 0.06171875