0 0.32421875 0.965625 0.0828125 0.06875
0 0.16171875 0.89921875 0.1015625 0.0859375
0 0.1828125 0.80703125 0.059375 0.0640625
0 0.2265625 0.73125 0.071875 0.065625
0 0.1703125 0.6203125 0.11875 0.1125
0 0.1015625 0.48671875 0.065625 0.0703125
0 0.1953125 0.4765625 0.0625 0.08125
0 0.0609375 0.2875 0.0625 0.06875
0 0.1375 0.3015625 0.0625 0.0625
0 0.09765625 0.115625 0.0703125 0.065625
0 0.61953125 0.33046875 0.1265625 0.1203125
0 0.6171875 0.46328125 0.10625 0.1078125
0 0.87578125 0.328125 0.0703125 0.065625
0 0.884375 0.459375 0.121875 0.1125
0 0.89375 0.59453125 0.13125 0.1171875
0 0.61484375 0.5953125 0.1140625 0.115625
0 0.8921875 0.73828125 0.134375 0.1203125
0 0.6109375 0.8625 0.125 0.11875
0 0.8765625 0.8984375 0.10625 0.1125
0 0.6109375 0.96875 0.125 0.0625