0 0.67734375 0.965625 0.0828125 0.06875
0 0.83984375 0.89921875 0.1015625 0.0859375
0 0.8171875 0.80703125 0.059375 0.0640625
0 0.7734375 0.73125 0.071875 0.065625
0 0.83125 0.6203125 0.11875 0.1125
0 0.9 0.48671875 0.065625 0.0703125
0 0.8046875 0.4765625 0.0625 0.08125
0 0.940625 0.2875 0.0625 0.06875
0 0.8625 0.3015625 0.0625 0.0625
0 0.903125 0.115625 0.06875 0.065625
0 0.38046875 0.33046875 0.1265625 0.1203125
0 0.384375 0.46328125 0.10625 0.1078125
0 0.12421875 0.328125 0.0703125 0.065625
0 0.1171875 0.459375 0.121875 0.1125
0 0.1078125 0.59375 0.13125 0.115625
0 0.38671875 0.5953125 0.1140625 0.115625
0 0.1078125 0.7390625 0.134375 0.11875
0 0.390625 0.8625 0.125 0.11875
0 0.125 0.8984375 0.10625 0.1125
0 0.3890625 0.96875 0.125 0.0625