0 0.7234375 0.19140625 0.065625 0.0609375
0 0.64375 0.184375 0.065625 0.0625
0 0.5546875 0.1890625 0.065625 0.0625
0 0.465625 0.190625 0.065625 0.0625
0 0.3890625 0.18671875 0.0625 0.0609375
0 0.278125 0.32421875 0.103125 0.0828125
0 0.19296875 0.16171875 0.0859375 0.1015625
0 0.09921875 0.1828125 0.0640625 0.059375
0 0.02890625 0.22578125 0.0578125 0.0703125
0 0.04609375 0.8921875 0.0921875 0.134375
0 0.1546875 0.6109375 0.11875 0.125
0 0.1921875 0.8765625 0.1125 0.10625
0 0.35 0.884375 0.1125 0.115625
0 0.2890625 0.6109375 0.11875 0.125
0 0.4234375 0.609375 0.11875 0.125
0 0.5421875 0.878125 0.11875 0.125
0 0.71875 0.89375 0.11875 0.128125
0 0.6875 0.61953125 0.0625 0.0671875
0 0.596875 0.4609375 0.115625 0.109375
0 0.9015625 0.61875 0.0625 0.0625