0 0.92109375 0.8296875 0.0453125 0.046875
0 0.7890625 0.890625 0.05 0.0625
0 0.60078125 0.875 0.0484375 0.059375
0 0.55078125 0.8546875 0.0484375 0.046875
0 0.49453125 0.840625 0.0484375 0.05625
0 0.44921875 0.815625 0.0484375 0.046875
0 0.4078125 0.771875 0.053125 0.046875
0 0.2765625 0.8953125 0.05 0.053125
0 0.3265625 0.6859375 0.05 0.04375
0 0.309375 0.625 0.053125 0.040625
0 0.30234375 0.56171875 0.0515625 0.0484375
0 0.3015625 0.5046875 0.046875 0.05
0 0.29375 0.45234375 0.05625 0.0453125
0 0.2546875 0.4015625 0.053125 0.05