0 0.765625 0.06953125 0.05 0.0328125
0 0.88125 0.10703125 0.0375 0.0296875
0 0.7296875 0.1921875 0.046875 0.034375
0 0.8296875 0.16953125 0.034375 0.0296875
0 0.86875 0.28984375 0.046875 0.0296875
0 0.84921875 0.33359375 0.0421875 0.0296875
0 0.81875 0.37265625 0.0375 0.0296875
0 0.78671875 0.409375 0.0390625 0.034375
0 0.6921875 0.26484375 0.04375 0.0359375
0 0.665625 0.30546875 0.040625 0.0390625
0 0.603125 0.3671875 0.0375 0.040625
0 0.440625 0.421875 0.0375 0.046875
0 0.39375 0.43125 0.040625 0.046875
0 0.34921875 0.5453125 0.0390625 0.034375
0 0.3453125 0.5828125 0.05 0.0375
0 0.3171875 0.7 0.05 0.053125
0 0.49140625 0.6890625 0.0515625 0.053125
0 0.765625 0.95625 0.090625 0.084375