0 0.9734375 0.92109375 0.04765625 0.0546875
0 0.840625 0.9375 0.05625 0.05
0 0.871875 0.8828125 0.06640625 0.04609375
0 0.8078125 0.803125 0.06328125 0.04296875
0 0.8453125 0.73125 0.065625 0.05234375
0 0.7328125 0.7296875 0.04296875 0.04765625
0 0.7265625 0.6140625 0.04765625 0.06171875
0 0.5984375 0.64375 0.04921875 0.06015625
0 0.5421875 0.63046875 0.04765625 0.0609375
0 0.69921875 0.425 0.0734375 0.08359375
0 0.753125 0.378125 0.05078125 0.05234375
0 0.7796875 0.325 0.04765625 0.05078125
0 0.6328125 0.4484375 0.04296875 0.053125
0 0.5734375 0.44921875 0.04765625 0.0578125
0 0.515625 0.45 0.04609375 0.053125
0 0.4609375 0.465625 0.053125 0.05703125
0 0.40625 0.6171875 0.04921875 0.05703125
0 0.8296875 0.21484375 0.046875 0.0453125
0 0.890625 0.08125 0.06171875 0.05078125