0 0.02578125 0.92109375 0.0484375 0.0546875
0 0.159375 0.9375 0.05625 0.05
0 0.128125 0.8828125 0.065625 0.046875
0 0.1921875 0.803125 0.0625 0.04375
0 0.15625 0.73125 0.065625 0.053125
0 0.26875 0.73125 0.04375 0.046875
0 0.2734375 0.6140625 0.046875 0.0625
0 0.403125 0.6453125 0.05 0.059375
0 0.4578125 0.63046875 0.046875 0.0609375
0 0.30078125 0.425 0.0734375 0.084375
0 0.246875 0.378125 0.05 0.053125
0 0.21953125 0.3265625 0.0484375 0.05
0 0.36875 0.4484375 0.04375 0.053125
0 0.4265625 0.44921875 0.046875 0.0578125
0 0.4859375 0.45 0.046875 0.053125
0 0.5390625 0.4671875 0.053125 0.05625
0 0.5953125 0.6171875 0.05 0.05625
0 0.171875 0.21484375 0.046875 0.0453125
0 0.109375 0.08203125 0.0625 0.0515625