0 0.7375 0.32265625 0.0375 0.0265625
0 0.7375 0.36640625 0.04375 0.0296875
0 0.7296875 0.4109375 0.046875 0.03125
0 0.7171875 0.459375 0.040625 0.0375
0 0.70546875 0.65 0.0421875 0.03125
0 0.703125 0.6875 0.040625 0.028125
0 0.7125 0.7546875 0.040625 0.03125
0 0.70546875 0.796875 0.0390625 0.03125
0 0.7125 0.8765625 0.028125 0.0375
0 0.6203125 0.8921875 0.028125 0.034375
0 0.61171875 0.796875 0.0265625 0.034375
0 0.6 0.740625 0.028125 0.034375
0 0.9328125 0.6578125 0.03125 0.05625
0 0.50625 0.703125 0.040625 0.0375
0 0.4375 0.7328125 0.034375 0.040625
0 0.39921875 0.7421875 0.0328125 0.046875
0 0.3625 0.771875 0.0375 0.046875
0 0.3140625 0.759375 0.034375 0.046875
0 0.22421875 0.765625 0.0328125 0.05
0 0.18671875 0.88125 0.0296875 0.0375
0 0.103125 0.7296875 0.034375 0.046875
0 0.12421875 0.8296875 0.0296875 0.034375
0 0.01015625 0.86875 0.0203125 0.046875
0 0.02890625 0.6921875 0.0359375 0.04375