0 0.08046875 0.97421875 0.0546875 0.0484375
0 0.0640625 0.840625 0.05 0.05625
0 0.11875 0.871875 0.046875 0.065625
0 0.1984375 0.80859375 0.04375 0.0640625
0 0.2703125 0.8453125 0.053125 0.065625
0 0.2703125 0.7328125 0.046875 0.04375
0 0.3875 0.728125 0.0625 0.046875
0 0.35625 0.5984375 0.059375 0.05
0 0.37109375 0.5421875 0.0609375 0.046875
0 0.5765625 0.69921875 0.084375 0.0734375
0 0.621875 0.753125 0.053125 0.05
0 0.675 0.78125 0.05 0.046875
0 0.553125 0.6328125 0.053125 0.04375
0 0.55078125 0.575 0.0578125 0.046875
0 0.5515625 0.515625 0.053125 0.046875
0 0.534375 0.4609375 0.05625 0.053125
0 0.3828125 0.40625 0.05625 0.05
0 0.78515625 0.8296875 0.0453125 0.046875
0 0.91875 0.890625 0.05 0.0625