0 0.8296875 0.92109375 0.046875 0.0453125
0 0.890625 0.7875 0.06171875 0.05078125
0 0.875 0.60078125 0.05859375 0.0484375
0 0.853125 0.55078125 0.04765625 0.0484375
0 0.840625 0.49453125 0.05625 0.0484375
0 0.815625 0.44921875 0.04609375 0.0484375
0 0.771875 0.4078125 0.04765625 0.05234375
0 0.8953125 0.2765625 0.05390625 0.05
0 0.684375 0.3265625 0.04453125 0.05
0 0.625 0.309375 0.04140625 0.05234375
0 0.56171875 0.30234375 0.0484375 0.0515625
0 0.5046875 0.3 0.05 0.04765625
0 0.45234375 0.29375 0.0453125 0.05546875
0 0.4015625 0.2546875 0.05 0.05234375