0 0.83984375 0.31640625 0.0796875 0.0796875
0 0.69296875 0.409375 0.0421875 0.034375
0 0.7671875 0.63359375 0.075 0.0796875
0 0.740625 0.7203125 0.0875 0.078125
0 0.703125 0.8046875 0.0875 0.078125
0 0.7046875 0.0234375 0.046875 0.040625
0 0.68125 0.11015625 0.046875 0.0421875
0 0.653125 0.153125 0.05 0.04375
0 0.6296875 0.2390625 0.046875 0.046875
0 0.634375 0.2875 0.04375 0.04375
0 0.6125 0.325 0.05 0.04375
0 0.59140625 0.4640625 0.0390625 0.040625
0 0.57109375 0.525 0.0484375 0.04375
0 0.58671875 0.5734375 0.0234375 0.025
0 0.4703125 0.915625 0.046875 0.04375