0 0.0171875 0.2484375 0.034375 0.05
0 0.4484375 0.290625 0.053125 0.06171875
0 0.50546875 0.2984375 0.0515625 0.04453125
0 0.9234375 0.45 0.04140625 0.059375
0 0.6296875 0.296875 0.065625 0.07578125
0 0.6875 0.3296875 0.059375 0.06015625
0 0.725 0.36953125 0.05078125 0.0484375
0 0.771875 0.41171875 0.05234375 0.0546875
0 0.83828125 0.4953125 0.0734375 0.053125
0 0.85234375 0.5515625 0.0671875 0.05078125
0 0.86953125 0.603125 0.0703125 0.04765625
0 0.8765625 0.665625 0.08203125 0.06953125
0 0.8796875 0.73515625 0.07421875 0.0546875
0 0.88125 0.78828125 0.06171875 0.0453125
0 0.825 0.921875 0.06953125 0.05
0 0.8125 0.9796875 0.06484375 0.040625