0 0.6015625 0.540625 0.046875 0.053125
0 0.540625 0.540625 0.04375 0.053125
0 0.4859375 0.55 0.053125 0.0625
0 0.1203125 0.97265625 0.075 0.0546875
0 0.11875 0.91796875 0.0625 0.0453125
0 0.175 0.7859375 0.06875 0.05
0 0.1890625 0.72109375 0.065625 0.0546875
0 0.2140625 0.665625 0.065625 0.05625
0 0.24765625 0.61953125 0.0484375 0.0578125
0 0.3046875 0.590625 0.046875 0.05625
0 0.35859375 0.553125 0.0453125 0.05625
0 0.425 0.5453125 0.05 0.065625
0 0.1953125 0.3265625 0.046875 0.06875
0 0.09609375 0.2046875 0.0515625 0.05
0 0.12421875 0.11953125 0.0671875 0.0484375
0 0.29921875 0.31015625 0.0484375 0.0640625
0 0.3453125 0.35625 0.0375 0.0625
0 0.4046875 0.35859375 0.05 0.0640625
0 0.4640625 0.371875 0.04375 0.06875
0 0.5296875 0.38515625 0.053125 0.0640625
0 0.5984375 0.3859375 0.046875 0.071875
0 0.134375 0.01640625 0.05625 0.0296875