0 0.7125 0.13203125 0.034375 0.0546875
0 0.590625 0.2125 0.034375 0.040625
0 0.55625 0.253125 0.0375 0.040625
0 0.5015625 0.66796875 0.034375 0.0578125
0 0.55625 0.6578125 0.046875 0.040625
0 0.978125 0.221875 0.034375 0.04375
0 0.9328125 0.23125 0.034375 0.05
0 0.8984375 0.2546875 0.04375 0.0375
0 0.6640625 0.365625 0.040625 0.04375
0 0.615625 0.4390625 0.046875 0.0375
0 0.58125 0.47421875 0.040625 0.0390625
0 0.5703125 0.5140625 0.05 0.0375
0 0.57890625 0.5578125 0.0453125 0.0375
0 0.57109375 0.60625 0.0578125 0.0375
0 0.421875 0.6578125 0.04375 0.05625
0 0.3421875 0.68515625 0.06875 0.0453125
0 0.309375 0.365625 0.0875 0.090625
0 0.0453125 0.2328125 0.075 0.09375