0 0.3984375 0.4609375 0.046875 0.053125
0 0.4609375 0.459375 0.04375 0.053125
0 0.515625 0.45 0.053125 0.0625
0 0.8796875 0.02734375 0.075 0.0546875
0 0.88125 0.08203125 0.0625 0.0453125
0 0.8265625 0.2140625 0.06875 0.05
0 0.8125 0.28046875 0.065625 0.0546875
0 0.7875 0.334375 0.065625 0.05625
0 0.75234375 0.38046875 0.0484375 0.0578125
0 0.6953125 0.4109375 0.046875 0.05625
0 0.64296875 0.4484375 0.0453125 0.05625
0 0.5765625 0.4546875 0.05 0.065625
0 0.80625 0.675 0.046875 0.06875
0 0.90546875 0.7953125 0.0515625 0.05
0 0.87734375 0.88046875 0.0671875 0.0484375
0 0.70078125 0.68984375 0.0484375 0.0640625
0 0.6546875 0.6453125 0.0375 0.0625
0 0.5953125 0.64140625 0.05 0.0640625
0 0.5375 0.6296875 0.04375 0.06875
0 0.471875 0.61640625 0.053125 0.0640625
0 0.4015625 0.615625 0.046875 0.071875
0 0.865625 0.98359375 0.05625 0.0296875