0 0.13203125 0.2875 0.0546875 0.03515625
0 0.2109375 0.409375 0.04140625 0.03515625
0 0.2515625 0.44375 0.04140625 0.03828125
0 0.66796875 0.4984375 0.0578125 0.03515625
0 0.65625 0.44375 0.04140625 0.04765625
0 0.2203125 0.0234375 0.04453125 0.03359375
0 0.23125 0.06875 0.04921875 0.034375
0 0.253125 0.103125 0.03828125 0.04296875
0 0.365625 0.3359375 0.04296875 0.04140625
0 0.4375 0.384375 0.03828125 0.04765625
0 0.47421875 0.41875 0.0390625 0.04140625
0 0.5125 0.43125 0.03828125 0.05
0 0.5578125 0.42265625 0.03671875 0.0453125
0 0.6046875 0.42890625 0.03828125 0.0578125
0 0.6578125 0.5796875 0.05625 0.04296875
0 0.68515625 0.659375 0.0453125 0.06796875
0 0.365625 0.690625 0.090625 0.08828125
0 0.2328125 0.9546875 0.09296875 0.07578125