0 0.2484375 0.9828125 0.05 0.034375
0 0.290625 0.553125 0.0625 0.053125
0 0.3 0.49453125 0.04375 0.0515625
0 0.45 0.0765625 0.059375 0.040625
0 0.296875 0.371875 0.075 0.065625
0 0.3296875 0.3125 0.059375 0.059375
0 0.36953125 0.275 0.0484375 0.05
0 0.41171875 0.2296875 0.0546875 0.053125
0 0.4953125 0.16328125 0.053125 0.0734375
0 0.5515625 0.14765625 0.05 0.0671875
0 0.603125 0.13046875 0.046875 0.0703125
0 0.665625 0.1234375 0.06875 0.08125
0 0.73515625 0.1203125 0.0546875 0.075
0 0.78828125 0.11875 0.0453125 0.0625
0 0.921875 0.175 0.05 0.06875
0 0.9796875 0.1890625 0.040625 0.065625