0 0.51328125 0.8421875 0.0265625 0.040625
0 0.3703125 0.83125 0.03125 0.040625
0 0.275 0.76875 0.040625 0.028125
0 0.565625 0.7921875 0.05 0.0375
0 0.7234375 0.753125 0.0375 0.05
0 0.58671875 0.734375 0.0296875 0.04375
0 0.5390625 0.72421875 0.0375 0.0453125
0 0.49375 0.7140625 0.0375 0.046875
0 0.45625 0.6953125 0.040625 0.04375
0 0.13203125 0.01171875 0.0546875 0.0234375
0 0.3484375 0.696875 0.028125 0.05
0 0.3125 0.7 0.028125 0.040625
0 0.2765625 0.70625 0.03125 0.0375
0 0.1859375 0.6734375 0.040625 0.03125
0 0.1765625 0.63984375 0.053125 0.0296875
0 0.2578125 0.596875 0.04375 0.03125
0 0.325 0.5890625 0.04375 0.028125
0 0.3125 0.54375 0.0375 0.03125
0 0.1640625 0.4203125 0.034375 0.053125
0 0.259375 0.4 0.046875 0.034375
0 0.2390625 0.31328125 0.04375 0.0328125
0 0.221875 0.2703125 0.04375 0.034375
0 0.23125 0.225 0.05 0.034375
0 0.2546875 0.1921875 0.0375 0.04375