0 0.2890625 0.13203125 0.034375 0.0546875
0 0.409375 0.2125 0.034375 0.040625
0 0.44375 0.253125 0.0375 0.040625
0 0.5 0.66796875 0.034375 0.0578125
0 0.4453125 0.6578125 0.046875 0.040625
0 0.0234375 0.221875 0.034375 0.04375
0 0.06875 0.23125 0.034375 0.05
0 0.103125 0.2546875 0.04375 0.0375
0 0.3375 0.365625 0.040625 0.04375
0 0.384375 0.4390625 0.046875 0.0375
0 0.41875 0.47421875 0.040625 0.0390625
0 0.43125 0.5140625 0.05 0.0375
0 0.42265625 0.5578125 0.0453125 0.0375
0 0.42890625 0.60625 0.0578125 0.0375
0 0.5796875 0.6578125 0.04375 0.05625
0 0.659375 0.68515625 0.06875 0.0453125
0 0.6921875 0.365625 0.0875 0.090625
0 0.95625 0.2328125 0.075 0.09375