0 0.78125 0.296875 0.1125 0.115625
0 0.9328125 0.3 0.125 0.1125
0 0.246875 0.275 0.125 0.103125
0 0.74375 0.43125 0.140625 0.121875
0 0.76875 0.5796875 0.140625 0.128125
0 0.33203125 0.38828125 0.1203125 0.1109375
0 0.409375 0.5 0.1125 0.1
0 0.4640625 0.6203125 0.115625 0.10625
0 0.5125 0.7453125 0.11875 0.10625
0 0.584375 0.84375 0.11875 0.10625
0 0.0328125 0.48125 0.065625 0.109375
0 0.165625 0.73359375 0.11875 0.0984375
0 0.24609375 0.834375 0.1109375 0.090625
0 0.390625 0.97578125 0.1125 0.0484375
0 0.1375 0.9703125 0.065625 0.059375