0 0.1296875 0.0375 0.11875 0.075
0 0.0515625 0.1265625 0.103125 0.09140625
0 0.15625 0.27109375 0.065625 0.0734375
0 0.8359375 0.33125 0.11953125 0.12578125
0 0.53671875 0.31328125 0.1140625 0.1203125
0 0.4109375 0.309375 0.11953125 0.11953125
0 0.2890625 0.38125 0.11484375 0.12890625
0 0.8390625 0.57734375 0.06953125 0.0703125
0 0.759375 0.5765625 0.06171875 0.078125
0 0.68046875 0.56171875 0.0640625 0.0609375
0 0.6015625 0.56015625 0.06640625 0.0609375
0 0.521875 0.553125 0.06484375 0.06953125
0 0.6703125 0.765625 0.07265625 0.08984375
0 0.51171875 0.7625 0.0734375 0.084375
0 0.73125 0.946875 0.06640625 0.06875
0 0.65 0.95078125 0.065625 0.0734375
0 0.41875 0.93984375 0.06953125 0.0703125
0 0.321875 0.9375 0.065625 0.06484375
0 0.1140625 0.75546875 0.08828125 0.1015625
0 0.021875 0.759375 0.04375 0.078125