0 0.703125 0.21875 0.115625 0.1125
0 0.7 0.06875 0.1125 0.125
0 0.7265625 0.7546875 0.103125 0.125
0 0.56875 0.25625 0.121875 0.140625
0 0.4203125 0.2328125 0.128125 0.140625
0 0.61171875 0.66796875 0.1109375 0.1203125
0 0.5015625 0.5921875 0.1 0.1125
0 0.38125 0.5375 0.10625 0.115625
0 0.25625 0.4890625 0.10625 0.11875
0 0.1578125 0.415625 0.10625 0.11875
0 0.51875 0.9671875 0.109375 0.065625
0 0.26640625 0.8359375 0.0984375 0.11875
0 0.165625 0.75546875 0.090625 0.1109375
0 0.02421875 0.609375 0.0484375 0.1125
0 0.0296875 0.8640625 0.059375 0.065625