0 0.21875 0.296875 0.11171875 0.115625
0 0.06875 0.3 0.125 0.11171875
0 0.7546875 0.2734375 0.125 0.10390625
0 0.25625 0.43125 0.13984375 0.121875
0 0.2328125 0.5796875 0.140625 0.128125
0 0.66796875 0.38828125 0.1203125 0.1109375
0 0.5921875 0.5 0.11171875 0.09921875
0 0.5375 0.61875 0.11484375 0.10703125
0 0.4890625 0.74375 0.11796875 0.10703125
0 0.415625 0.84375 0.11875 0.10546875
0 0.9671875 0.48125 0.065625 0.10859375
0 0.8359375 0.73359375 0.11875 0.0984375
0 0.75546875 0.834375 0.1109375 0.09140625
0 0.609375 0.97578125 0.11171875 0.0484375
0 0.8640625 0.9703125 0.065625 0.059375