0 0.846875 0.66015625 0.0375 0.0578125
0 0.796875 0.665625 0.0375 0.05
0 0.75703125 0.6359375 0.0390625 0.05
0 0.7078125 0.646875 0.0375 0.046875
0 0.6640625 0.64765625 0.01875 0.0203125
0 0.534375 0.5984375 0.040625 0.04375
0 0.4296875 0.5796875 0.03125 0.0375
0 0.3734375 0.66875 0.034375 0.034375
0 0.359375 0.76953125 0.071875 0.0828125
0 0.6828125 0.85 0.075 0.071875
0 0.828125 0.91015625 0.05 0.0484375
0 0.6140625 0.97578125 0.046875 0.0390625
0 0.18984375 0.7203125 0.0703125 0.084375
0 0.284375 0.528125 0.04375 0.05
0 0.084375 0.475 0.04375 0.04375
0 0.26171875 0.8859375 0.0796875 0.071875