0 0.521875 0.8984375 0.05 0.04375
0 0.89609375 0.7203125 0.0703125 0.084375
0 0.98515625 0.528125 0.0296875 0.05
0 0.790625 0.475 0.04375 0.04375
0 0.6203125 0.575 0.04375 0.046875
0 0.5625 0.0109375 0.046875 0.021875
0 0.04375 0.50703125 0.084375 0.0953125
0 0.5359375 0.14609375 0.0375 0.0421875
0 0.44140625 0.1828125 0.0828125 0.090625
0 0.096875 0.103125 0.075 0.0875
0 0.26796875 0.0578125 0.0734375 0.075
0 0.13515625 0.3140625 0.0703125 0.096875
0 0.21875 0.3390625 0.075 0.084375
0 0.303125 0.35390625 0.065625 0.0796875
0 0.3890625 0.3828125 0.065625 0.078125
0 0.45625 0.46640625 0.040625 0.0453125
0 0.41875 0.603125 0.075 0.071875
0 0.403125 0.8671875 0.065625 0.059375
0 0.9640625 0.8859375 0.071875 0.071875