0 0.66015625 0.153125 0.0578125 0.03671875
0 0.665625 0.203125 0.05078125 0.03828125
0 0.6359375 0.24296875 0.04921875 0.0390625
0 0.646875 0.2921875 0.046875 0.03828125
0 0.64765625 0.3359375 0.0203125 0.01953125
0 0.5984375 0.465625 0.04453125 0.03984375
0 0.5796875 0.571875 0.03671875 0.03125
0 0.66875 0.6265625 0.034375 0.03515625
0 0.76953125 0.640625 0.0828125 0.071875
0 0.85 0.31875 0.071875 0.075
0 0.91015625 0.171875 0.0484375 0.04921875
0 0.97578125 0.3859375 0.0390625 0.04765625
0 0.7203125 0.81171875 0.084375 0.0703125
0 0.5265625 0.715625 0.05078125 0.04296875
0 0.475 0.9171875 0.04375 0.04375
0 0.8859375 0.73828125 0.07109375 0.0796875