1 0.7725 0.9487500000000001 0.76375 0.9487500000000001 0.76375 0.96 0.7725 0.96 0.7725 0.9487500000000001
1 0.71875 0.5925 0.7075 0.5925 0.7075 0.6012500000000001 0.71875 0.6012500000000001 0.71875 0.5925
1 0.7112499999999999 0.57875 0.69375 0.57875 0.69375 0.59375 0.7112499999999999 0.59375 0.7112499999999999 0.57875
1 0.395 0.54 0.38625 0.54 0.38625 0.55625 0.395 0.55625 0.395 0.54
1 0.7849999999999999 0.7262500000000001 0.7575000000000001 0.7262500000000001 0.7575000000000001 0.735 0.7849999999999999 0.735 0.7849999999999999 0.7262500000000001
1 0.76625 0.86 0.7575000000000001 0.86 0.7575000000000001 0.87375 0.76625 0.87375 0.76625 0.86
1 0.5700000000000001 0.8474999999999999 0.54875 0.8474999999999999 0.54875 0.85625 0.5700000000000001 0.85625 0.5700000000000001 0.8474999999999999
1 0.81125 0.7725 0.8 0.7725 0.8 0.7887500000000001 0.81125 0.7887500000000001 0.81125 0.7725
1 0.77125 0.79125 0.7625 0.79125 0.7625 0.8087500000000001 0.77125 0.8087500000000001 0.77125 0.79125
1 0.69375 0.57625 0.655 0.57625 0.655 0.615 0.69375 0.615 0.69375 0.57625
1 0.11374999999999999 0.80625 0.10124999999999999 0.80625 0.10124999999999999 0.8225 0.11374999999999999 0.8225 0.11374999999999999 0.80625
1 0.8375 0.6775 0.8324999999999999 0.6775 0.8324999999999999 0.68625 0.8375 0.68625 0.8375 0.6775
1 0.8724999999999999 0.67375 0.8625 0.67375 0.8625 0.67875 0.8724999999999999 0.67875 0.8724999999999999 0.67375
1 0.89875 0.73 0.89 0.73 0.89 0.735 0.89875 0.735 0.89875 0.73