1 0.3025 0.00125 0.29625 0.00125 0.29625 0.017499999999999998 0.3025 0.017499999999999998 0.3025 0.00125
1 0.3025 0.0325 0.28875 0.0325 0.28875 0.0375 0.3025 0.0375 0.3025 0.0325
1 0.2475 0.02 0.205 0.02 0.205 0.028749999999999998 0.2475 0.028749999999999998 0.2475 0.02
1 0.20375000000000001 0.017499999999999998 0.17124999999999999 0.017499999999999998 0.17124999999999999 0.027500000000000004 0.20375000000000001 0.027500000000000004 0.20375000000000001 0.017499999999999998
1 0.31625000000000003 0.0225 0.30625 0.0225 0.30625 0.045 0.31625000000000003 0.045 0.31625000000000003 0.0225
1 0.3275 0.03 0.31875 0.03 0.31875 0.04625 0.3275 0.04625 0.3275 0.03
1 0.2975 0.00125 0.29125 0.00125 0.29125 0.017499999999999998 0.2975 0.017499999999999998 0.2975 0.00125
1 0.86 0.028749999999999998 0.8387499999999999 0.028749999999999998 0.8387499999999999 0.03875 0.86 0.03875 0.86 0.028749999999999998
1 0.86 0.0375 0.8387499999999999 0.0375 0.8387499999999999 0.045 0.86 0.045 0.86 0.0375
1 0.8525 0.06999999999999999 0.84375 0.06999999999999999 0.84375 0.075 0.8525 0.075 0.8525 0.06999999999999999
1 0.83625 0.06999999999999999 0.83125 0.06999999999999999 0.83125 0.08 0.83625 0.08 0.83625 0.06999999999999999