0 0.834375 0.03828125 0.040625 0.0453125
0 0.77421875 0.3 0.0328125 0.0375
0 0.73984375 0.340625 0.0421875 0.040625
0 0.51171875 0.1390625 0.0453125 0.05625
0 0.47109375 0.0984375 0.0546875 0.046875
0 0.70546875 0.44609375 0.0453125 0.0296875
0 0.50625 0.5390625 0.05 0.040625
0 0.5015625 0.43125 0.053125 0.046875
0 0.4921875 0.37265625 0.059375 0.0453125
0 0.3953125 0.2421875 0.04375 0.05625
0 0.3515625 0.1984375 0.040625 0.046875
0 0.25 0.128125 0.046875 0.053125
0 0.2828125 0.02109375 0.04375 0.0421875
0 0.3703125 0.0265625 0.04375 0.046875
0 0.1828125 0.1359375 0.04375 0.046875
0 0.1375 0.090625 0.046875 0.053125
0 0.43046875 0.990625 0.0515625 0.01875