0 0.96171875 0.834375 0.0453125 0.040625
0 0.7 0.77421875 0.03828125 0.0328125
0 0.659375 0.73984375 0.040625 0.0421875
0 0.8609375 0.51171875 0.05703125 0.0453125
0 0.903125 0.47109375 0.046875 0.0546875
0 0.55546875 0.70546875 0.0296875 0.0453125
0 0.4625 0.5046875 0.03984375 0.05078125
0 0.56875 0.5015625 0.04765625 0.05234375
0 0.62734375 0.4921875 0.0453125 0.06015625
0 0.7578125 0.3953125 0.05703125 0.04296875
0 0.8015625 0.3515625 0.046875 0.040625
0 0.871875 0.2484375 0.05234375 0.04765625
0 0.97890625 0.2828125 0.0421875 0.04453125
0 0.9734375 0.3703125 0.046875 0.04375
0 0.8640625 0.1828125 0.04765625 0.04296875
0 0.9109375 0.1375 0.05234375 0.04609375
0 0.009375 0.43046875 0.01875 0.0515625