0 0.0234375 0.4765625 0.046875 0.04375
0 0.02734375 0.5375 0.0546875 0.05078125
0 0.0234375 0.8390625 0.046875 0.04921875
0 0.0234375 0.928125 0.046875 0.046875
0 0.1046875 0.425 0.065625 0.04453125
0 0.2796875 0.4328125 0.06171875 0.04609375
0 0.43125 0.4796875 0.06171875 0.04375
0 0.5921875 0.4703125 0.04765625 0.0375
0 0.4296875 0.64453125 0.05859375 0.0390625
0 0.42578125 0.7484375 0.0640625 0.04375
0 0.271875 0.759375 0.06171875 0.05
0 0.27109375 0.9609375 0.0671875 0.05
0 0.69296875 0.76796875 0.0484375 0.0328125
0 0.6796875 0.51640625 0.05234375 0.0359375
0 0.6796875 0.55859375 0.04375 0.0328125
0 0.6796875 0.6 0.04296875 0.034375
0 0.73203125 0.42734375 0.0328125 0.0421875
0 0.83203125 0.4578125 0.0421875 0.0375
0 0.825 0.5359375 0.03984375 0.03828125
0 0.825 0.6109375 0.03984375 0.034375
0 0.9125 0.66171875 0.053125 0.0640625
0 0.8359375 0.8859375 0.05390625 0.03671875
0 0.828125 0.93359375 0.05234375 0.0390625
0 0.834375 0.98515625 0.053125 0.0296875
0 0.99375 0.9390625 0.01171875 0.05078125