0 0.86875 0.0234375 0.05 0.046875
0 0.7796875 0.0234375 0.046875 0.046875
0 0.6546875 0.025 0.046875 0.046875
0 0.475 0.025 0.05 0.046875
0 0.59375 0.0203125 0.046875 0.040625
0 0.353125 0.025 0.05 0.046875
0 0.959375 0.42578125 0.04375 0.0640625
0 0.946875 0.271875 0.05 0.0625
0 0.746875 0.27109375 0.05 0.0671875
0 0.6921875 0.2765625 0.053125 0.0625
0 0.6328125 0.2765625 0.05 0.0625
0 0.93984375 0.69296875 0.0328125 0.0484375
0 0.821875 0.8359375 0.0375 0.053125
0 0.77265625 0.828125 0.0390625 0.053125
0 0.715625 0.8359375 0.0375 0.053125
0 0.678125 0.6875 0.03125 0.046875
0 0.7671875 0.99375 0.05 0.0125
0 0.5765625 0.4203125 0.05 0.065625
0 0.5796875 0.27734375 0.05 0.0671875
0 0.52265625 0.2609375 0.0515625 0.0625
0 0.409375 0.28046875 0.05625 0.0703125
0 0.34765625 0.2875 0.0515625 0.0625
0 0.4390625 0.59375 0.05625 0.0375
0 0.5703125 0.684375 0.0375 0.046875
0 0.55 0.82734375 0.04375 0.0609375
0 0.4484375 0.8515625 0.05 0.05625
0 0.15 0.2859375 0.053125 0.04375
0 0.10625 0.659375 0.04375 0.053125