0 0.5234375 0.0234375 0.04375 0.046875
0 0.4625 0.02734375 0.05 0.0546875
0 0.1625 0.0234375 0.05 0.046875
0 0.071875 0.0234375 0.046875 0.046875
0 0.575 0.1046875 0.04375 0.065625
0 0.5671875 0.2796875 0.046875 0.0625
0 0.5203125 0.43125 0.04375 0.0625
0 0.5296875 0.59375 0.0375 0.046875
0 0.35703125 0.4296875 0.0390625 0.059375
0 0.253125 0.42578125 0.04375 0.0640625
0 0.240625 0.271875 0.05 0.0625
0 0.040625 0.27109375 0.05 0.0671875
0 0.23203125 0.69296875 0.0328125 0.0484375
0 0.48359375 0.6796875 0.0359375 0.053125
0 0.44140625 0.6796875 0.0328125 0.04375
0 0.4 0.6796875 0.034375 0.04375
0 0.57421875 0.73203125 0.0421875 0.0328125
0 0.54375 0.83203125 0.0375 0.0421875
0 0.4640625 0.825 0.0375 0.040625
0 0.3890625 0.825 0.034375 0.040625
0 0.33984375 0.9125 0.0640625 0.053125
0 0.115625 0.8359375 0.0375 0.053125
0 0.06640625 0.828125 0.0390625 0.053125
0 0.01484375 0.834375 0.0296875 0.053125
0 0.0609375 0.99375 0.05 0.0125