0 0.97578125 0.42734375 0.0328125 0.0421875
0 0.87578125 0.4578125 0.0421875 0.0375
0 0.88125 0.5359375 0.040625 0.0375
0 0.88125 0.6109375 0.040625 0.034375
0 0.7953125 0.66171875 0.053125 0.0640625
0 0.871875 0.8859375 0.053125 0.0375
0 0.8796875 0.93359375 0.053125 0.0390625
0 0.87265625 0.98515625 0.0515625 0.0296875
0 0.7015625 0.940625 0.034375 0.05
0 0.5859375 0.971875 0.078125 0.05625
0 0.57890625 0.54765625 0.0609375 0.0484375
0 0.5875 0.4640625 0.084375 0.078125
0 0.43203125 0.546875 0.0671875 0.05
0 0.615625 0.28515625 0.0375 0.0359375
0 0.228125 0.465625 0.025 0.03125
0 0.284375 0.8140625 0.059375 0.071875
0 0.2046875 0.8078125 0.053125 0.071875