0 0.0234375 0.1328125 0.046875 0.04921875
0 0.0234375 0.2203125 0.046875 0.046875
0 0.0234375 0.34453125 0.046875 0.0484375
0 0.0234375 0.52421875 0.046875 0.0484375
0 0.0203125 0.40625 0.040625 0.04765625
0 0.025 0.6484375 0.04765625 0.05
0 0.42578125 0.040625 0.0640625 0.04375
0 0.271875 0.053125 0.06171875 0.05
0 0.27109375 0.2546875 0.0671875 0.05
0 0.2765625 0.309375 0.06171875 0.05234375
0 0.2765625 0.3671875 0.0625 0.04921875
0 0.69296875 0.06171875 0.0484375 0.0328125
0 0.8359375 0.178125 0.05390625 0.03671875
0 0.828125 0.22734375 0.05234375 0.0390625
0 0.8359375 0.284375 0.05234375 0.03828125
0 0.6875 0.321875 0.046875 0.03203125
0 0.99375 0.2328125 0.01171875 0.05078125
0 0.4203125 0.4234375 0.065625 0.05078125
0 0.27734375 0.4203125 0.0671875 0.04921875
0 0.2609375 0.47734375 0.06328125 0.0515625
0 0.28046875 0.590625 0.0703125 0.05703125
0 0.2859375 0.65390625 0.06328125 0.0515625
0 0.59375 0.5625 0.03828125 0.05625
0 0.684375 0.43125 0.046875 0.03671875
0 0.82734375 0.45 0.0609375 0.04453125
0 0.8515625 0.5515625 0.05625 0.05
0 0.2859375 0.85 0.04375 0.053125
0 0.659375 0.89375 0.05234375 0.04296875