0 0.02578125 0.42734375 0.0328125 0.0421875
0 0.12421875 0.4578125 0.0421875 0.0375
0 0.11875 0.5359375 0.03984375 0.03828125
0 0.11875 0.6109375 0.03984375 0.034375
0 0.20625 0.66171875 0.053125 0.0640625
0 0.128125 0.8859375 0.05390625 0.03671875
0 0.1203125 0.93359375 0.05234375 0.0390625
0 0.12734375 0.98515625 0.0515625 0.0296875
0 0.2984375 0.9390625 0.034375 0.05078125
0 0.415625 0.971875 0.078125 0.05625
0 0.42109375 0.54765625 0.0609375 0.0484375
0 0.4125 0.4640625 0.08359375 0.078125
0 0.56796875 0.546875 0.0671875 0.05
0 0.384375 0.28515625 0.03828125 0.0359375
0 0.7734375 0.465625 0.025 0.03125
0 0.715625 0.8140625 0.05859375 0.07109375
0 0.7953125 0.80625 0.05234375 0.07265625