0 0.0140625 0.94140625 0.028125 0.0859375
0 0.0890625 0.7953125 0.07734375 0.08359375
0 0.184375 0.8375 0.08125 0.10078125
0 0.2734375 0.8859375 0.08203125 0.1
0 0.0734375 0.975 0.08046875 0.05
0 0.98359375 0.809375 0.0328125 0.0625
0 0.9234375 0.8 0.05 0.06015625
0 0.6984375 0.85 0.04609375 0.05859375
0 0.5859375 0.9484375 0.04375 0.05078125
0 0.53984375 0.98515625 0.0453125 0.0296875
0 0.365625 0.93046875 0.084375 0.1078125
0 0.840625 0.7203125 0.03671875 0.04375
0 0.6078125 0.6734375 0.05078125 0.06171875
0 0.8390625 0.55 0.03828125 0.03125
0 0.68984375 0.49453125 0.0796875 0.0921875
0 0.6015625 0.4453125 0.078125 0.09296875
0 0.5125 0.3484375 0.03125 0.03984375
0 0.4078125 0.378125 0.07890625 0.09296875
0 0.3375 0.3984375 0.05234375 0.07109375
0 0.3046875 0.453125 0.05703125 0.05
0 0.3 0.52421875 0.09296875 0.0859375
0 0.39375 0.56484375 0.05234375 0.0796875