0 0.0140625 0.234375 0.028125 0.0875
0 0.0890625 0.0890625 0.07734375 0.08359375
0 0.184375 0.13125 0.08125 0.10078125
0 0.2734375 0.1796875 0.08203125 0.1
0 0.0734375 0.29375 0.08046875 0.09921875
0 0.1671875 0.3328125 0.08359375 0.09609375
0 0.26796875 0.390625 0.0765625 0.08046875
0 0.15390625 0.96484375 0.1015625 0.0671875
0 0.4078125 0.975 0.05625 0.04453125
0 0.44609375 0.8953125 0.0546875 0.04765625
0 0.628125 0.96328125 0.084375 0.0703125
0 0.9515625 0.95625 0.05625 0.053125
0 0.98359375 0.10234375 0.0328125 0.0609375
0 0.9234375 0.0921875 0.05 0.06015625
0 0.6984375 0.14375 0.04609375 0.05859375
0 0.5859375 0.2421875 0.04375 0.05078125
0 0.540625 0.29296875 0.04609375 0.0546875
0 0.365625 0.22265625 0.084375 0.1078125
0 0.83984375 0.0171875 0.0359375 0.034375