0 0.64296875 0.0609375 0.0453125 0.034375
0 0.675 0.1171875 0.05 0.05625
0 0.78828125 0.15 0.0484375 0.059375
0 0.43125 0.06328125 0.05625 0.0515625
0 0.4453125 0.1234375 0.059375 0.046875
0 0.465625 0.18515625 0.053125 0.0453125
0 0.575 0.2265625 0.046875 0.059375
0 0.6546875 0.3328125 0.046875 0.0375
0 0.5015625 0.30546875 0.05625 0.0515625
0 0.4375 0.3390625 0.04375 0.05625
0 0.3640625 0.3609375 0.084375 0.090625
0 0.284375 0.190625 0.046875 0.0625
0 0.2171875 0.2 0.05 0.059375
0 0.00703125 0.15 0.0140625 0.059375
0 0.1328125 0.2796875 0.0375 0.04375
0 0.1328125 0.4515625 0.0375 0.03125