0 0.0140625 0.05859375 0.028125 0.0859375
0 0.0890625 0.2046875 0.078125 0.084375
0 0.184375 0.1625 0.08125 0.1
0 0.275 0.115625 0.08125 0.1
0 0.0734375 0.025 0.08125 0.05
0 0.98359375 0.190625 0.0328125 0.0625
0 0.9234375 0.2 0.05 0.059375
0 0.6984375 0.15 0.046875 0.059375
0 0.5859375 0.0515625 0.04375 0.05
0 0.53984375 0.01484375 0.0453125 0.0296875
0 0.365625 0.07109375 0.084375 0.1078125
0 0.840625 0.2796875 0.0375 0.04375
0 0.6078125 0.328125 0.05 0.0625
0 0.8390625 0.4515625 0.0375 0.03125
0 0.68984375 0.50703125 0.0796875 0.0921875
0 0.6015625 0.5546875 0.078125 0.09375
0 0.5125 0.653125 0.03125 0.040625
0 0.4078125 0.621875 0.078125 0.09375
0 0.3375 0.6015625 0.053125 0.071875
0 0.3046875 0.546875 0.05625 0.05
0 0.3 0.47578125 0.09375 0.0859375
0 0.39375 0.43515625 0.053125 0.0796875