0 0.24375 0.95625 0.05625 0.053125
0 0.72421875 0.94453125 0.0515625 0.0765625
0 0.921875 0.7859375 0.046875 0.0625
0 0.4671875 0.75 0.065625 0.08203125
0 0.59375 0.81875 0.03515625 0.04296875
0 0.6453125 0.8296875 0.03515625 0.04453125
0 0.6953125 0.796875 0.04609375 0.05
0 0.7265625 0.74375 0.05859375 0.04765625
0 0.70625 0.68515625 0.0625 0.0515625
0 0.659375 0.6515625 0.04765625 0.05703125
0 0.6 0.615625 0.04765625 0.05078125
0 0.540625 0.58359375 0.04765625 0.0515625
0 0.6140625 0.4609375 0.04921875 0.059375
0 0.6640625 0.434375 0.04453125 0.05078125
0 0.7765625 0.47109375 0.05 0.0546875
0 0.83671875 0.4921875 0.0484375 0.05390625
0 0.975 0.459375 0.04453125 0.05390625
0 0.8953125 0.3765625 0.05234375 0.04921875
0 0.89375 0.3109375 0.05234375 0.04921875
0 0.64296875 0.2328125 0.0453125 0.034375
0 0.675 0.1765625 0.04921875 0.05546875
0 0.7875 0.1453125 0.04765625 0.059375
0 0.43125 0.23046875 0.05625 0.0515625
0 0.4453125 0.1703125 0.059375 0.04609375
0 0.465625 0.10859375 0.05234375 0.0453125
0 0.575 0.06875 0.04765625 0.059375
0 0.284375 0.103125 0.04609375 0.06171875
0 0.2171875 0.0921875 0.05 0.06015625
0 0.00703125 0.14375 0.0140625 0.05859375
0 0.13203125 0.0171875 0.0359375 0.034375