0 0.0140625 0.765625 0.028125 0.0875
0 0.0890625 0.9125 0.078125 0.084375
0 0.184375 0.86875 0.08125 0.1
0 0.275 0.821875 0.08125 0.1
0 0.0734375 0.7078125 0.08125 0.1
0 0.1671875 0.6671875 0.084375 0.096875
0 0.26796875 0.609375 0.0765625 0.08125
0 0.15390625 0.03515625 0.1015625 0.0671875
0 0.4078125 0.025 0.05625 0.04375
0 0.44609375 0.1046875 0.0546875 0.046875
0 0.628125 0.03671875 0.084375 0.0703125
0 0.9515625 0.0453125 0.05625 0.053125
0 0.98359375 0.89765625 0.0328125 0.0609375
0 0.9234375 0.9078125 0.05 0.059375
0 0.6984375 0.8578125 0.046875 0.059375
0 0.5859375 0.7578125 0.04375 0.05
0 0.540625 0.70859375 0.046875 0.0546875
0 0.365625 0.77734375 0.084375 0.1078125
0 0.840625 0.9828125 0.0375 0.034375