0 0.9390625 0.35859375 0.034375 0.0453125
0 0.8828125 0.325 0.05625 0.05
0 0.8515625 0.2125 0.059375 0.046875
0 0.93671875 0.5703125 0.0515625 0.05625
0 0.8765625 0.55625 0.046875 0.059375
0 0.81484375 0.534375 0.0453125 0.053125
0 0.775 0.425 0.059375 0.046875
0 0.66875 0.3453125 0.0375 0.046875
0 0.69453125 0.4984375 0.0515625 0.05625
0 0.6609375 0.5640625 0.05625 0.04375
0 0.6390625 0.6375 0.090625 0.084375
0 0.8109375 0.715625 0.0625 0.046875
0 0.8 0.7828125 0.059375 0.05
0 0.85 0.99296875 0.059375 0.0140625
0 0.7203125 0.8671875 0.04375 0.0375
0 0.55 0.8671875 0.03125 0.0375