0 0.64296875 0.9390625 0.0453125 0.034375
0 0.675 0.8828125 0.04921875 0.05546875
0 0.7875 0.8515625 0.04765625 0.059375
0 0.43125 0.93671875 0.05625 0.0515625
0 0.4453125 0.8765625 0.059375 0.04609375
0 0.465625 0.81484375 0.05234375 0.0453125
0 0.575 0.775 0.04765625 0.059375
0 0.6546875 0.66875 0.04609375 0.03671875
0 0.5015625 0.69453125 0.05703125 0.0515625
0 0.4359375 0.6609375 0.04453125 0.05625
0 0.3640625 0.6390625 0.08359375 0.09140625
0 0.284375 0.8109375 0.04609375 0.06171875
0 0.2171875 0.8 0.05 0.06015625
0 0.00703125 0.85 0.0140625 0.05859375
0 0.1328125 0.7203125 0.03671875 0.04375
0 0.1328125 0.55 0.03828125 0.03125