1 0.76375 0.00375 0.73875 0.00375 0.73875 0.0225 0.76375 0.0225 0.76375 0.00375
1 0.17375000000000002 0.21749999999999997 0.16375 0.21749999999999997 0.16375 0.23374999999999999 0.17375000000000002 0.23374999999999999 0.17375000000000002 0.21749999999999997
1 0.18625 0.19375 0.17375000000000002 0.19375 0.17375000000000002 0.21000000000000002 0.18625 0.21000000000000002 0.18625 0.19375
1 0.32 0.1975 0.31124999999999997 0.1975 0.31124999999999997 0.21125 0.32 0.21125 0.32 0.1975
1 0.18125 0.21749999999999997 0.17375000000000002 0.21749999999999997 0.17375000000000002 0.23374999999999999 0.18125 0.23374999999999999 0.18125 0.21749999999999997
1 0.16375 0.26 0.13374999999999998 0.26 0.13374999999999998 0.28500000000000003 0.16375 0.28500000000000003 0.16375 0.26
1 0.18375 0.2325 0.17250000000000001 0.2325 0.17250000000000001 0.25 0.18375 0.25 0.18375 0.2325
1 0.19125 0.21625 0.18125 0.21625 0.18125 0.23625 0.19125 0.23625 0.19125 0.21625
1 0.19375 0.195 0.18125 0.195 0.18125 0.2125 0.19375 0.2125 0.19375 0.195
1 0.16625 0.24 0.13999999999999999 0.24 0.13999999999999999 0.2575 0.16625 0.2575 0.16625 0.24
1 0.16375 0.22625 0.13999999999999999 0.22625 0.13999999999999999 0.24 0.16375 0.24 0.16375 0.22625
1 0.1625 0.215 0.14125000000000001 0.215 0.14125000000000001 0.225 0.1625 0.225 0.1625 0.215
1 0.16875 0.20375000000000001 0.13874999999999998 0.20375000000000001 0.13874999999999998 0.21375000000000002 0.16875 0.21375000000000002 0.16875 0.20375000000000001
1 0.17625 0.19125 0.14625 0.19125 0.14625 0.20125 0.17625 0.20125 0.17625 0.19125
1 0.18 0.17625 0.15125 0.17625 0.15125 0.1875 0.18 0.1875 0.18 0.17625
1 0.1875 0.1625 0.16 0.1625 0.16 0.17625 0.1875 0.17625 0.1875 0.1625