0 0.68359375 0.8984375 0.0296875 0.04921875
0 0.6375 0.96875 0.04765625 0.03828125
0 0.69296875 0.7953125 0.0515625 0.05546875
0 0.5890625 0.85703125 0.0375 0.0453125
0 0.5328125 0.87109375 0.040625 0.0453125
0 0.4765625 0.875 0.034375 0.04609375
0 0.77109375 0.71328125 0.0390625 0.0484375
0 0.80546875 0.6640625 0.0515625 0.04765625
0 0.85390625 0.50078125 0.0546875 0.0484375
0 0.853125 0.425 0.04296875 0.03203125
0 0.8375 0.221875 0.04765625 0.03828125
0 0.80625 0.1765625 0.04296875 0.0375
0 0.49609375 0.0078125 0.0484375 0.015625
0 0.4265625 0.87578125 0.03203125 0.0453125
0 0.3859375 0.871875 0.028125 0.04453125