0 0.103125 0.68359375 0.05 0.0296875
0 0.03125 0.6390625 0.0375 0.046875
0 0.2046875 0.69296875 0.05625 0.0515625
0 0.14296875 0.5890625 0.0453125 0.0375
0 0.13046875 0.5328125 0.0453125 0.040625
0 0.1265625 0.4765625 0.046875 0.034375
0 0.28671875 0.77109375 0.0484375 0.0390625
0 0.3359375 0.80546875 0.046875 0.0515625
0 0.50078125 0.85390625 0.0484375 0.0546875
0 0.575 0.853125 0.03125 0.04375
0 0.778125 0.8375 0.0375 0.046875
0 0.825 0.80703125 0.0375 0.0421875
0 0.9921875 0.496875 0.015625 0.046875
0 0.12421875 0.4265625 0.0453125 0.03125
0 0.128125 0.3859375 0.04375 0.028125