0 0.103125 0.31796875 0.05 0.0296875
0 0.03125 0.3625 0.0375 0.046875
0 0.2046875 0.30703125 0.05625 0.0515625
0 0.14296875 0.4125 0.0453125 0.0375
0 0.13046875 0.46875 0.0453125 0.040625
0 0.1265625 0.525 0.046875 0.034375
0 0.28671875 0.22890625 0.0484375 0.0390625
0 0.3359375 0.19609375 0.046875 0.0515625
0 0.50078125 0.14609375 0.0484375 0.0546875
0 0.575 0.146875 0.03125 0.04375
0 0.778125 0.1625 0.0375 0.046875
0 0.825 0.19375 0.0375 0.04375
0 0.9921875 0.503125 0.015625 0.046875
0 0.12421875 0.5734375 0.0453125 0.03125
0 0.128125 0.6140625 0.04375 0.028125