0 0.1453125 0.16796875 0.04140625 0.0515625
0 0.3671875 0.31484375 0.075 0.0890625
0 0.5359375 0.3765625 0.02890625 0.028125
0 0.5734375 0.40625 0.03046875 0.03984375
0 0.515625 0.40625 0.03125 0.03203125
0 0.64921875 0.4703125 0.0390625 0.05078125
0 0.703125 0.4828125 0.025 0.02890625
0 0.7375 0.50234375 0.025 0.0296875
0 0.7171875 0.5296875 0.034375 0.03359375
0 0.83515625 0.5671875 0.0296875 0.034375
0 0.8890625 0.6046875 0.02109375 0.025
0 0.859375 0.62734375 0.02109375 0.0203125
0 0.709375 0.55859375 0.01875 0.0203125
0 0.6796875 0.515625 0.02265625 0.03046875