0 0.00390625 0.4828125 0.0078125 0.02890625
0 0.03125 0.50234375 0.025 0.0296875
0 0.0140625 0.5296875 0.028125 0.03359375
0 0.12890625 0.5671875 0.0296875 0.034375
0 0.36796875 0.49453125 0.0453125 0.0421875
0 0.4390625 0.7859375 0.04453125 0.04765625
0 0.97578125 0.509375 0.0484375 0.075
0 0.93125 0.5953125 0.07421875 0.09296875
0 0.8421875 0.7171875 0.08828125 0.09140625
0 0.890625 0.98515625 0.09140625 0.0296875
0 0.18125 0.6046875 0.02109375 0.025
0 0.153125 0.62734375 0.02109375 0.0203125
0 0.00546875 0.55703125 0.0109375 0.0203125