0 0.1453125 0.83203125 0.040625 0.0515625
0 0.3671875 0.68671875 0.075 0.0890625
0 0.5375 0.625 0.028125 0.028125
0 0.5734375 0.5953125 0.03125 0.040625
0 0.515625 0.59375 0.03125 0.03125
0 0.64921875 0.5296875 0.0390625 0.05
0 0.703125 0.5171875 0.025 0.028125
0 0.7375 0.49921875 0.025 0.0296875
0 0.7171875 0.471875 0.034375 0.034375
0 0.83515625 0.434375 0.0296875 0.034375
0 0.8890625 0.3953125 0.021875 0.025
0 0.859375 0.37265625 0.021875 0.0203125
0 0.709375 0.44296875 0.01875 0.0203125
0 0.6796875 0.484375 0.021875 0.03125