0 0.484375 0.00390625 0.028125 0.0078125
0 0.50234375 0.03125 0.0296875 0.025
0 0.5296875 0.0140625 0.034375 0.028125
0 0.5671875 0.12890625 0.034375 0.0296875
0 0.49453125 0.36796875 0.0421875 0.0453125
0 0.7875 0.440625 0.046875 0.04375
0 0.509375 0.97578125 0.075 0.0484375
0 0.5953125 0.93125 0.09375 0.075
0 0.71875 0.84375 0.090625 0.0875
0 0.98515625 0.890625 0.0296875 0.090625
0 0.6046875 0.18125 0.025 0.021875
0 0.62734375 0.153125 0.0203125 0.021875
0 0.55703125 0.00546875 0.0203125 0.0109375