0 0.5171875 0.99609375 0.028125 0.0078125
0 0.49921875 0.9703125 0.0296875 0.025
0 0.471875 0.9859375 0.034375 0.028125
0 0.434375 0.87265625 0.034375 0.0296875
0 0.50546875 0.63203125 0.0421875 0.0453125
0 0.2140625 0.5609375 0.046875 0.04375
0 0.490625 0.02421875 0.075 0.0484375
0 0.4046875 0.0703125 0.09375 0.075
0 0.2828125 0.1578125 0.090625 0.0875
0 0.01484375 0.109375 0.0296875 0.090625
0 0.3953125 0.81875 0.025 0.021875
0 0.37265625 0.8484375 0.0203125 0.021875
0 0.44296875 0.99453125 0.0203125 0.0109375