0 0.0453125 0.3625 0.03046875 0.04765625
0 0.08984375 0.34765625 0.0328125 0.0453125
0 0.13671875 0.3296875 0.0296875 0.04453125
0 0.315625 0.253125 0.04140625 0.046875
0 0.403125 0.21328125 0.04296875 0.0515625
0 0.86171875 0.09375 0.0390625 0.04921875
0 0.61640625 0.18203125 0.0421875 0.0359375
0 0.49375 0.325 0.04453125 0.034375
0 0.1140625 0.634375 0.040625 0.03828125
0 0.0109375 0.525 0.021875 0.03671875
0 0.2046875 0.59921875 0.05078125 0.0390625
0 0.5703125 0.45 0.04296875 0.0375
0 0.67265625 0.31875 0.0453125 0.0375
0 0.6515625 0.2703125 0.04609375 0.0375
0 0.6328125 0.228125 0.03984375 0.03359375
0 0.7609375 0.0859375 0.03984375 0.03828125
0 0.8140625 0.23046875 0.04296875 0.0328125
0 0.83203125 0.2765625 0.0421875 0.03515625
0 0.85234375 0.32578125 0.0390625 0.0296875
0 0.87265625 0.3734375 0.0390625 0.034375