0 0.0453125 0.6375 0.03125 0.046875
0 0.08984375 0.65390625 0.0328125 0.0453125
0 0.13671875 0.6703125 0.0296875 0.04375
0 0.315625 0.7484375 0.040625 0.046875
0 0.403125 0.78671875 0.04375 0.0515625
0 0.86171875 0.9078125 0.0390625 0.05
0 0.61640625 0.81953125 0.0421875 0.0359375
0 0.49375 0.675 0.04375 0.034375
0 0.1140625 0.365625 0.040625 0.0375
0 0.0109375 0.475 0.021875 0.0375
0 0.2046875 0.40234375 0.05 0.0390625
0 0.5703125 0.55 0.04375 0.0375
0 0.67265625 0.68125 0.0453125 0.0375
0 0.6515625 0.7296875 0.046875 0.0375
0 0.6328125 0.771875 0.040625 0.034375
0 0.7609375 0.9140625 0.040625 0.0375
0 0.8140625 0.76953125 0.04375 0.0328125
0 0.83203125 0.7234375 0.0421875 0.034375
0 0.85234375 0.67578125 0.0390625 0.0296875
0 0.87265625 0.628125 0.0390625 0.034375