0 0.04296875 0.940625 0.0859375 0.115625
0 0.01875 0.3828125 0.034375 0.071875
0 0.03515625 0.278125 0.0703125 0.071875
0 0.1328125 0.67421875 0.071875 0.0703125
0 0.18828125 0.5390625 0.0703125 0.0625
0 0.22578125 0.4203125 0.0796875 0.0625
0 0.2578125 0.3484375 0.06875 0.075
0 0.2828125 0.284375 0.065625 0.059375
0 0.3125 0.215625 0.065625 0.065625
0 0.5421875 0.11796875 0.103125 0.1203125
0 0.94296875 0.0375 0.1109375 0.071875
0 0.01640625 0.3796875 0.0328125 0.0625
0 0.03515625 0.2765625 0.0703125 0.065625
0 0.309375 0.2125 0.06875 0.0625
0 0.2828125 0.28203125 0.071875 0.0640625
0 0.25546875 0.346875 0.0703125 0.065625
0 0.228125 0.4171875 0.078125 0.0625
0 0.1890625 0.5390625 0.06875 0.0625
0 0.1328125 0.67265625 0.071875 0.0640625
0 0.04453125 0.940625 0.0890625 0.115625
0 0.5421875 0.11953125 0.103125 0.1171875
0 0.93984375 0.03671875 0.1140625 0.0734375