0 0.940625 0.04296875 0.115625 0.0859375
0 0.38203125 0.0171875 0.0703125 0.034375
0 0.2765625 0.03515625 0.07265625 0.0703125
0 0.67421875 0.1328125 0.0703125 0.07109375
0 0.5390625 0.18828125 0.06171875 0.0703125
0 0.4203125 0.22578125 0.06171875 0.0796875
0 0.3484375 0.25625 0.07421875 0.06953125
0 0.284375 0.2828125 0.06015625 0.06640625
0 0.215625 0.3125 0.065625 0.06640625
0 0.11796875 0.540625 0.1203125 0.10390625
0 0.0359375 0.94296875 0.071875 0.1109375
0 0.3796875 0.01640625 0.0625 0.0328125
0 0.2765625 0.03515625 0.065625 0.0703125
0 0.2125 0.309375 0.06328125 0.06875
0 0.28203125 0.2828125 0.0640625 0.07109375
0 0.346875 0.25546875 0.06484375 0.0703125
0 0.4171875 0.228125 0.06328125 0.07890625
0 0.5390625 0.1875 0.06171875 0.06953125
0 0.67265625 0.13125 0.0640625 0.07265625
0 0.940625 0.04453125 0.115625 0.0890625
0 0.11953125 0.540625 0.1171875 0.10390625
0 0.03671875 0.93984375 0.0734375 0.1140625