0 0.74375 0.234375 0.1 0.11875
0 0.62890625 0.2828125 0.1109375 0.1375
0 0.5015625 0.3359375 0.10625 0.125
0 0.35625 0.3828125 0.10625 0.11875
0 0.2171875 0.44140625 0.115625 0.1296875
0 0.0734375 0.49453125 0.121875 0.1359375
0 0.959375 0.2578125 0.071875 0.065625
0 0.91875 0.346875 0.078125 0.06875
0 0.76484375 0.646875 0.1203125 0.103125
0 0.96484375 0.6265625 0.0703125 0.10625
0 0.940625 0.7359375 0.115625 0.1125
0 0.575 0.6671875 0.065625 0.075
0 0.3828125 0.7046875 0.071875 0.075
0 0.278125 0.740625 0.071875 0.071875
0 0.67421875 0.8390625 0.0703125 0.071875
0 0.5390625 0.89453125 0.0625 0.0703125
0 0.4203125 0.93203125 0.0625 0.0796875
0 0.3484375 0.9640625 0.075 0.06875
0 0.284375 0.978125 0.059375 0.04375
0 0.07109375 0.4921875 0.1203125 0.1375
0 0.215625 0.44296875 0.1125 0.1296875
0 0.3546875 0.3859375 0.10625 0.115625
0 0.5 0.3359375 0.109375 0.125
0 0.63125 0.2828125 0.115625 0.134375
0 0.74375 0.23359375 0.1 0.1140625
0 0.9546875 0.2546875 0.071875 0.0625
0 0.9171875 0.35 0.078125 0.0625
0 0.7625 0.64609375 0.1125 0.1046875
0 0.575 0.6671875 0.0625 0.071875
0 0.38125 0.7046875 0.0625 0.071875
0 0.2765625 0.74140625 0.065625 0.0703125
0 0.28203125 0.9765625 0.0640625 0.046875
0 0.346875 0.96328125 0.065625 0.0703125
0 0.4171875 0.934375 0.0625 0.078125
0 0.5390625 0.8953125 0.0625 0.06875
0 0.67265625 0.8390625 0.0640625 0.071875
0 0.940625 0.740625 0.115625 0.1125
0 0.96484375 0.628125 0.0703125 0.10625