0 0.0265625 0.96484375 0.053125 0.0703125
0 0.01953125 0.7171875 0.0390625 0.065625
0 0.078125 0.6875 0.065625 0.065625
0 0.17578125 0.45859375 0.1203125 0.1046875
0 0.70625 0.259375 0.075 0.065625
0 0.43046875 0.18125 0.0703125 0.09375
0 0.5109375 0.1609375 0.065625 0.075
0 0.690625 0.0890625 0.084375 0.09375
0 0.7671875 0.0640625 0.053125 0.0625
0 0.2875 0.05859375 0.134375 0.1109375
0 0.85546875 0.02734375 0.0671875 0.0484375
0 0.025 0.96484375 0.05 0.0703125
0 0.08125 0.690625 0.0625 0.06875
0 0.021875 0.7171875 0.04375 0.071875
0 0.17421875 0.45859375 0.1171875 0.1046875
0 0.7046875 0.26015625 0.071875 0.0671875
0 0.76796875 0.065625 0.0546875 0.071875
0 0.690625 0.090625 0.084375 0.09375
0 0.51171875 0.1625 0.0609375 0.06875
0 0.4296875 0.184375 0.06875 0.09375
0 0.2859375 0.06015625 0.134375 0.1140625
0 0.85625 0.02734375 0.0625 0.0515625