0 0.171875 0.01953125 0.06171875 0.0390625
0 0.9 0.03046875 0.11640625 0.0609375
0 0.9453125 0.1109375 0.109375 0.10234375
0 0.971875 0.3015625 0.05390625 0.0625
0 0.784375 0.38046875 0.08984375 0.0796875
0 0.4296875 0.45 0.08515625 0.06484375
0 0.2015625 0.49609375 0.103125 0.0859375
0 0.4671875 0.6578125 0.10234375 0.0875
0 0.98515625 0.7328125 0.0296875 0.053125
0 0.98359375 0.78203125 0.0328125 0.0421875
0 0.9890625 0.825 0.02109375 0.04453125
0 0.865625 0.8421875 0.06640625 0.04375
0 0.8734375 0.8859375 0.065625 0.04453125
0 0.7984375 0.4875 0.09765625 0.08203125
0 0.809375 0.5796875 0.09375 0.08203125
0 0.0109375 0.00625 0.02109375 0.0125