0 0.9171875 0.046875 0.05703125 0.03828125
0 0.9078125 0.10703125 0.053125 0.0453125
0 0.73125 0.1203125 0.05390625 0.05625
0 0.4296875 0.20546875 0.09296875 0.0890625
0 0.55625 0.26328125 0.11328125 0.1234375
0 0.2765625 0.38125 0.09375 0.09375
0 0.7984375 0.54765625 0.05859375 0.0546875
0 0.7984375 0.71875 0.109375 0.109375
0 0.6953125 0.7734375 0.09296875 0.10859375
0 0.6296875 0.8296875 0.05859375 0.05859375
0 0.8015625 0.9609375 0.10546875 0.078125
0 0.19375 0.709375 0.11640625 0.115625
0 0.2390625 0.8171875 0.109375 0.10234375
0 0.27734375 0.9875 0.0765625 0.025