0 0.203125 0.9671875 0.109375 0.065625
0 0.3046875 0.934375 0.09375 0.109375
0 0.3703125 0.878125 0.059375 0.059375
0 0.2 0.7390625 0.10625 0.09375
0 0.80625 0.96953125 0.115625 0.0609375
0 0.7625 0.8890625 0.109375 0.103125
0 0.4359375 0.396875 0.103125 0.09375
0 0.721875 0.7 0.078125 0.0625
0 0.9234375 0.61953125 0.090625 0.0796875
0 0.70546875 0.26875 0.0609375 0.053125
0 0.703125 0.21953125 0.071875 0.0421875
0 0.7015625 0.175 0.053125 0.04375
0 0.6875 0.090625 0.0625 0.04375
0 0.690625 0.0515625 0.071875 0.04375
0 0.840625 0.1578125 0.065625 0.04375
0 0.834375 0.11328125 0.065625 0.0453125
0 0.9078125 0.51171875 0.096875 0.0828125
0 0.896875 0.41953125 0.09375 0.0828125