0 0.01953125 0.171875 0.0390625 0.0625
0 0.03046875 0.9 0.0609375 0.115625
0 0.1109375 0.9453125 0.103125 0.109375
0 0.3015625 0.9734375 0.0625 0.053125
0 0.38046875 0.784375 0.0796875 0.090625
0 0.45 0.4296875 0.065625 0.084375
0 0.49609375 0.2015625 0.0859375 0.103125
0 0.6578125 0.4671875 0.0875 0.103125
0 0.7328125 0.98515625 0.053125 0.0296875
0 0.78203125 0.98359375 0.0421875 0.0328125
0 0.8265625 0.9890625 0.04375 0.021875
0 0.8421875 0.865625 0.04375 0.065625
0 0.8875 0.8734375 0.04375 0.065625
0 0.4890625 0.8 0.08125 0.096875
0 0.58125 0.809375 0.08125 0.09375
0 0.00625 0.0109375 0.0125 0.021875