0 0.7984375 0.0328125 0.109375 0.065625
0 0.6953125 0.065625 0.09296875 0.10859375
0 0.6296875 0.121875 0.05859375 0.05859375
0 0.8015625 0.2625 0.10546875 0.09296875
0 0.19375 0.03046875 0.11640625 0.0609375
0 0.2390625 0.1109375 0.109375 0.10234375
0 0.565625 0.603125 0.10234375 0.09296875
0 0.278125 0.3015625 0.07734375 0.0625
0 0.078125 0.38046875 0.08984375 0.0796875
0 0.29453125 0.7328125 0.0609375 0.053125
0 0.296875 0.78203125 0.071875 0.0421875
0 0.2984375 0.825 0.05390625 0.04453125
0 0.3125 0.9109375 0.0625 0.04375
0 0.309375 0.9484375 0.07265625 0.04453125
0 0.159375 0.8421875 0.06640625 0.04375
0 0.165625 0.8859375 0.065625 0.04453125
0 0.0921875 0.4875 0.09765625 0.08203125
0 0.103125 0.5796875 0.09375 0.08203125