0 0.19453125 0.2828125 0.0796875 0.06484375
0 0.621875 0.3203125 0.11171875 0.115625
0 0.88828125 0.284375 0.1203125 0.11953125
0 0.60859375 0.453125 0.1296875 0.11640625
0 0.1796875 0.45 0.06328125 0.06328125
0 0.2328125 0.5390625 0.0625 0.06171875
0 0.184375 0.61796875 0.06640625 0.0640625
0 0.18125 0.7078125 0.06640625 0.06015625
0 0.1625 0.8140625 0.09765625 0.084375
0 0.184375 0.90703125 0.06796875 0.0609375
0 0.6109375 0.5875 0.10234375 0.11171875
0 0.884375 0.6546875 0.11328125 0.109375
0 0.628125 0.7125 0.0625 0.06328125
0 0.6109375 0.84921875 0.128125 0.1171875
0 0.88671875 0.81640625 0.1296875 0.1234375
0 0.609375 0.96484375 0.11953125 0.0703125
0 0.87265625 0.96015625 0.1046875 0.0796875
0 0.1875 0.978125 0.05703125 0.04375