0 0.8875 0.015625 0.06640625 0.03125
0 0.86875 0.10625 0.09765625 0.084375
0 0.890625 0.20078125 0.06796875 0.0609375
0 0.8953125 0.27890625 0.05703125 0.0578125
0 0.8765625 0.3875 0.10390625 0.08828125
0 0.81015625 0.521875 0.0578125 0.06796875
0 0.7265625 0.5171875 0.059375 0.06328125
0 0.6359375 0.521875 0.06171875 0.06328125
0 0.5453125 0.525 0.065625 0.06640625
0 0.86875 0.61875 0.06015625 0.06171875
0 0.8421875 0.70390625 0.06171875 0.0640625
0 0.596875 0.7125 0.0625 0.075
0 0.72109375 0.89375 0.1078125 0.115625