0 0.984375 0.18125 0.03125 0.065625
0 0.89375 0.1625 0.084375 0.096875
0 0.80078125 0.184375 0.0609375 0.06875
0 0.98125 0.628125 0.0375 0.0625
0 0.85703125 0.6109375 0.1171875 0.128125
0 0.89140625 0.88671875 0.1234375 0.1296875
0 0.7234375 0.6109375 0.109375 0.11875
0 0.73125 0.87265625 0.109375 0.1046875
0 0.6515625 0.4640625 0.103125 0.09375
0 0.5796875 0.325 0.06875 0.0625
0 0.72265625 0.1890625 0.0578125 0.05625
0 0.6125 0.1703125 0.0875 0.103125
0 0.478125 0.10390625 0.06875 0.0578125
0 0.4828125 0.02421875 0.0625 0.0484375
0 0.5859375 0.8890625 0.10625 0.1125
0 0.453125 0.8921875 0.11875 0.125
0 0.45859375 0.61640625 0.1109375 0.1203125
0 0.3234375 0.628125 0.115625 0.125
0 0.3828125 0.1625 0.0625 0.059375
0 0.29609375 0.1359375 0.0640625 0.0625
0 0.1078125 0.03359375 0.115625 0.0671875