0 0.80703125 0.7171875 0.0796875 0.065625
0 0.3796875 0.6796875 0.1125 0.115625
0 0.11328125 0.71484375 0.1203125 0.1203125
0 0.39296875 0.546875 0.1296875 0.115625
0 0.8203125 0.55 0.0625 0.0625
0 0.7671875 0.4625 0.0625 0.0625
0 0.815625 0.38359375 0.065625 0.0640625
0 0.81875 0.2921875 0.065625 0.059375
0 0.8375 0.1875 0.096875 0.084375
0 0.815625 0.09453125 0.06875 0.0609375
0 0.390625 0.4140625 0.103125 0.1125
0 0.115625 0.3453125 0.1125 0.109375
0 0.371875 0.2875 0.0625 0.0625
0 0.3890625 0.15078125 0.128125 0.1171875
0 0.11484375 0.18359375 0.1296875 0.1234375
0 0.390625 0.03515625 0.11875 0.0703125
0 0.12890625 0.03984375 0.1046875 0.0796875
0 0.81171875 0.021875 0.0578125 0.04375