0 0.18125 0.015625 0.06640625 0.03125
0 0.1625 0.10625 0.09765625 0.084375
0 0.184375 0.20078125 0.06796875 0.0609375
0 0.628125 0.01875 0.0625 0.0375
0 0.6109375 0.14296875 0.128125 0.1171875
0 0.88671875 0.11015625 0.1296875 0.1234375
0 0.609375 0.278125 0.11953125 0.10859375
0 0.87265625 0.26875 0.1046875 0.11015625
0 0.4640625 0.35 0.09296875 0.103125
0 0.325 0.4203125 0.0625 0.06953125
0 0.1875 0.27890625 0.05703125 0.0578125
0 0.1703125 0.3875 0.10390625 0.08828125
0 0.10390625 0.521875 0.0578125 0.06796875
0 0.02421875 0.5171875 0.0484375 0.06328125
0 0.8890625 0.4140625 0.11171875 0.10703125
0 0.8921875 0.5484375 0.125 0.11875
0 0.61640625 0.54140625 0.1203125 0.1109375
0 0.628125 0.678125 0.12421875 0.11484375
0 0.1625 0.61875 0.06015625 0.06171875
0 0.1359375 0.70390625 0.06171875 0.0640625
0 0.03359375 0.89375 0.0671875 0.115625