0 0.88828125 0.53984375 0.1296875 0.1203125
0 0.9234375 0.21875 0.059375 0.0625
0 0.8515625 0.0671875 0.06875 0.084375
0 0.746875 0.1078125 0.10625 0.121875
0 0.68125 0.021875 0.096875 0.04375
0 0.759375 0.471875 0.103125 0.1
0 0.64765625 0.3578125 0.1078125 0.103125
0 0.53125 0.4125 0.1 0.11875
0 0.4390625 0.23671875 0.109375 0.1140625
0 0.4359375 0.45390625 0.05625 0.0703125
0 0.78671875 0.81796875 0.1390625 0.1140625
0 0.73046875 0.95 0.1234375 0.1
0 0.43125 0.89921875 0.08125 0.0703125
0 0.3109375 0.56875 0.071875 0.059375
0 0.28671875 0.6453125 0.0796875 0.06875
0 0.184375 0.8921875 0.065625 0.059375