0 0.46015625 0.11328125 0.1203125 0.1296875
0 0.78125 0.0765625 0.06328125 0.05859375
0 0.9328125 0.1484375 0.08359375 0.06875
0 0.89375 0.253125 0.12109375 0.10625
0 0.978125 0.31875 0.04296875 0.09765625
0 0.528125 0.240625 0.1 0.10234375
0 0.6421875 0.35390625 0.10234375 0.1078125
0 0.5890625 0.4703125 0.11875 0.1
0 0.76484375 0.5609375 0.1140625 0.11015625
0 0.54765625 0.565625 0.0703125 0.05546875
0 0.18203125 0.21328125 0.1140625 0.1390625
0 0.05 0.26953125 0.1 0.1234375
0 0.10234375 0.5703125 0.0703125 0.08125
0 0.4328125 0.6890625 0.05859375 0.07265625
0 0.3546875 0.71328125 0.06875 0.0796875
0 0.1078125 0.815625 0.06015625 0.06640625