0 0.865625 0.4515625 0.1125 0.140625
0 0.75 0.40859375 0.096875 0.1265625
0 0.37890625 0.4953125 0.0734375 0.059375
0 0.3328125 0.4046875 0.096875 0.084375
0 0.30078125 0.3046875 0.0734375 0.059375
0 0.24375 0.221875 0.078125 0.065625
0 0.1484375 0.16640625 0.084375 0.0671875
0 0.0546875 0.23125 0.0625 0.0625
0 0.02578125 0.3640625 0.0515625 0.05625
0 0.3125 0.6625 0.096875 0.10625
0 0.18671875 0.8125 0.1203125 0.1
0 0.17421875 0.68359375 0.0703125 0.0578125
0 0.6171875 0.61171875 0.071875 0.0546875
0 0.6640625 0.71171875 0.071875 0.0578125
0 0.72734375 0.81640625 0.1046875 0.0984375
0 0.765625 0.91484375 0.071875 0.0609375
0 0.5265625 0.4265625 0.0625 0.05
0 0.13359375 0.59296875 0.0765625 0.0546875
0 0.5015625 0.7921875 0.115625 0.096875