0 0.01484375 0.696875 0.0296875 0.059375
0 0.05 0.778125 0.078125 0.065625
0 0.1453125 0.834375 0.084375 0.065625
0 0.240625 0.76875 0.0625 0.0625
0 0.275 0.6359375 0.065625 0.05625
0 0.01484375 0.3390625 0.0296875 0.10625
0 0.10703125 0.1890625 0.1203125 0.1
0 0.1203125 0.31796875 0.06875 0.0578125
0 0.3796875 0.290625 0.121875 0.1125
0 0.609375 0.503125 0.1 0.103125
0 0.71953125 0.45 0.0734375 0.09375
0 0.81875 0.428125 0.053125 0.06875
0 0.8265625 0.6609375 0.08125 0.090625
0 0.6078125 0.775 0.05 0.059375
0 0.1609375 0.40859375 0.075 0.0546875