0 0.134375 0.4515625 0.11328125 0.140625
0 0.25 0.40859375 0.09765625 0.1265625
0 0.62265625 0.4953125 0.0734375 0.05859375
0 0.6671875 0.4046875 0.096875 0.08359375
0 0.7 0.3046875 0.07265625 0.059375
0 0.75625 0.221875 0.07890625 0.065625
0 0.853125 0.165625 0.084375 0.06640625
0 0.9453125 0.23125 0.06328125 0.06171875
0 0.97421875 0.3640625 0.0515625 0.05625
0 0.6890625 0.6609375 0.09609375 0.10703125
0 0.81484375 0.8125 0.1203125 0.1
0 0.825 0.68359375 0.06953125 0.0578125
0 0.3828125 0.61171875 0.07109375 0.0546875
0 0.3359375 0.71171875 0.07109375 0.0578125
0 0.2734375 0.81640625 0.10390625 0.0984375
0 0.2359375 0.91484375 0.071875 0.0609375
0 0.4734375 0.425 0.06171875 0.05078125
0 0.8671875 0.59296875 0.07578125 0.0546875
0 0.4984375 0.790625 0.11484375 0.09765625