0 0.01484375 0.3046875 0.0296875 0.059375
0 0.0484375 0.221875 0.07890625 0.065625
0 0.1453125 0.165625 0.084375 0.06640625
0 0.2390625 0.23125 0.06328125 0.06171875
0 0.275 0.3640625 0.065625 0.05625
0 0.01484375 0.6609375 0.0296875 0.10703125
0 0.10703125 0.8125 0.1203125 0.1
0 0.11875 0.68359375 0.06953125 0.0578125
0 0.3796875 0.709375 0.121875 0.1125
0 0.609375 0.4984375 0.09921875 0.10234375
0 0.71953125 0.55 0.0734375 0.09453125
0 0.81875 0.571875 0.053125 0.06796875
0 0.825 0.3390625 0.08203125 0.08984375
0 0.6078125 0.2265625 0.04921875 0.059375
0 0.1609375 0.59296875 0.07578125 0.0546875