0 0.790625 0.38125 0.134375 0.1125
0 0.73984375 0.51953125 0.1484375 0.1234375
0 0.6609375 0.5765625 0.053125 0.071875
0 0.4640625 0.61640625 0.13125 0.1140625
0 0.35 0.459375 0.096875 0.121875
0 0.2375 0.403125 0.1125 0.09375
0 0.28203125 0.290625 0.0703125 0.065625
0 0.3640625 0.1125 0.075 0.065625
0 0.6 0.034375 0.053125 0.065625
0 0.63671875 0.16875 0.0703125 0.05625
0 0.1265625 0.22890625 0.059375 0.0484375
0 0.11015625 0.709375 0.1171875 0.109375
0 0.525 0.3984375 0.06875 0.0625
0 0.5625 0.2875 0.115625 0.103125