0 0.73125 0.21796875 0.07265625 0.0671875
0 0.79921875 0.5578125 0.0921875 0.09296875
0 0.7296875 0.453125 0.10234375 0.09296875
0 0.64140625 0.37578125 0.1203125 0.1359375
0 0.51640625 0.37734375 0.1203125 0.1328125
0 0.3859375 0.38125 0.11953125 0.13671875
0 0.27890625 0.45078125 0.1296875 0.1078125
0 0.2890625 0.61328125 0.14296875 0.1203125
0 0.50546875 0.6265625 0.1140625 0.13046875
0 0.640625 0.7265625 0.121875 0.109375
0 0.709375 0.83125 0.10703125 0.109375
0 0.7828125 0.93046875 0.1125 0.0953125