0 0.0703125 0.140625 0.053125 0.065625
0 0.1125 0.25234375 0.046875 0.0359375
0 0.16015625 0.51328125 0.0453125 0.0328125
0 0.1640625 0.4734375 0.05625 0.0375
0 0.1703125 0.4234375 0.05625 0.0375
0 0.16875 0.3734375 0.053125 0.0375
0 0.26796875 0.60859375 0.0546875 0.0359375
0 0.284375 0.5703125 0.059375 0.0375
0 0.2984375 0.496875 0.053125 0.0375
0 0.3125 0.45703125 0.05625 0.0390625
0 0.353125 0.3828125 0.04375 0.03125
0 0.3046875 0.3484375 0.046875 0.034375
0 0.30703125 0.3140625 0.0453125 0.03125
0 0.30625 0.275 0.040625 0.034375
0 0.3359375 0.18671875 0.034375 0.0390625
0 0.36875 0.184375 0.03125 0.053125
0 0.39609375 0.2109375 0.0296875 0.040625
0 0.40625 0.1234375 0.053125 0.0375
0 0.4140625 0.33046875 0.03125 0.0359375
0 0.46484375 0.31796875 0.0328125 0.0421875
0 0.57421875 0.2765625 0.0296875 0.0375
0 0.6078125 0.2578125 0.03125 0.046875
0 0.63984375 0.234375 0.0390625 0.0375
0 0.6765625 0.1671875 0.0625 0.0375
0 0.7171875 0.1109375 0.040625 0.05625
0 0.7390625 0.2265625 0.034375 0.046875
0 0.7734375 0.23125 0.034375 0.05
0 0.84375 0.25 0.034375 0.04375
0 0.87890625 0.2625 0.0359375 0.05
0 0.90546875 0.0140625 0.0484375 0.025
0 0.92265625 0.1203125 0.0328125 0.04375
0 0.9921875 0.1296875 0.015625 0.04375
0 0.97109375 0.30625 0.0359375 0.04375
0 0.9921875 0.3234375 0.015625 0.0375