0 0.140625 0.0703125 0.06484375 0.05234375
0 0.25234375 0.1125 0.0359375 0.04765625
0 0.51328125 0.16015625 0.0328125 0.0453125
0 0.4734375 0.1640625 0.0375 0.05546875
0 0.4234375 0.1703125 0.03828125 0.05546875
0 0.371875 0.16875 0.03828125 0.05234375
0 0.60859375 0.26796875 0.0359375 0.0546875
0 0.5703125 0.284375 0.0375 0.05859375
0 0.496875 0.2984375 0.0375 0.053125
0 0.45703125 0.3125 0.0390625 0.05625
0 0.3828125 0.353125 0.03203125 0.04375
0 0.3484375 0.3046875 0.03359375 0.046875
0 0.3140625 0.30703125 0.03125 0.0453125
0 0.275 0.3046875 0.03359375 0.04140625
0 0.18671875 0.3359375 0.0390625 0.03359375
0 0.184375 0.36875 0.053125 0.03046875
0 0.2109375 0.39609375 0.040625 0.0296875
0 0.1234375 0.40625 0.0375 0.05234375
0 0.33046875 0.4140625 0.0359375 0.03125
0 0.31796875 0.46484375 0.0421875 0.0328125
0 0.2765625 0.57421875 0.03671875 0.0296875
0 0.25625 0.60625 0.04765625 0.03203125
0 0.234375 0.63984375 0.03828125 0.0390625
0 0.165625 0.6765625 0.03828125 0.06171875
0 0.109375 0.7171875 0.05703125 0.03984375
0 0.2265625 0.7390625 0.04609375 0.034375
0 0.23125 0.7734375 0.04921875 0.03359375
0 0.25 0.84375 0.04296875 0.03359375
0 0.2625 0.87890625 0.04921875 0.0359375
0 0.0140625 0.90546875 0.025 0.0484375
0 0.1203125 0.92265625 0.04375 0.0328125
0 0.1296875 0.9921875 0.04296875 0.015625
0 0.3046875 0.97109375 0.04453125 0.0359375
0 0.3234375 0.9921875 0.03828125 0.015625