0 0.98515625 0.890625 0.0296875 0.05625
0 0.96875 0.775 0.034375 0.046875
0 0.934375 0.76875 0.034375 0.05
0 0.8640625 0.75 0.034375 0.04375
0 0.82890625 0.7375 0.0359375 0.05
0 0.80078125 0.9875 0.0484375 0.025
0 0.78515625 0.88125 0.0328125 0.04375
0 0.7078125 0.8703125 0.03125 0.04375
0 0.6609375 0.84453125 0.034375 0.0390625
0 0.6234375 0.8171875 0.025 0.034375
0 0.584375 0.78828125 0.03125 0.0421875
0 0.73515625 0.6953125 0.0359375 0.04375
0 0.703125 0.6765625 0.040625 0.0375
0 0.634375 0.69375 0.04375 0.046875
0 0.490625 0.33671875 0.040625 0.0546875
0 0.45234375 0.3484375 0.0421875 0.046875
0 0.4921875 0.8 0.0375 0.05
0 0.39921875 0.9875 0.0578125 0.025
0 0.3046875 0.371875 0.071875 0.053125
0 0.2984375 0.5625 0.06875 0.05625
0 0.29609375 0.6296875 0.0609375 0.05
0 0.3109375 0.76875 0.059375 0.0625
0 0.2140625 0.759375 0.065625 0.078125
0 0.13203125 0.7625 0.0921875 0.1
0 0.04375 0.76328125 0.084375 0.1171875