0 0.109375 0.01484375 0.05703125 0.0296875
0 0.2265625 0.0328125 0.04609375 0.034375
0 0.23125 0.065625 0.04921875 0.03359375
0 0.25 0.1375 0.04296875 0.03359375
0 0.2625 0.17265625 0.04921875 0.0359375
0 0.0140625 0.19921875 0.025 0.0484375
0 0.1203125 0.21484375 0.04375 0.0328125
0 0.1296875 0.2921875 0.04296875 0.03203125
0 0.15703125 0.340625 0.0390625 0.03359375
0 0.184375 0.3765625 0.034375 0.02578125
0 0.21171875 0.415625 0.0421875 0.03203125
0 0.3046875 0.26484375 0.04453125 0.0359375
0 0.3234375 0.2984375 0.03828125 0.03984375
0 0.30625 0.365625 0.04609375 0.04375
0 0.66328125 0.509375 0.0546875 0.04140625
0 0.6515625 0.54921875 0.046875 0.0421875
0 0.2 0.5078125 0.05078125 0.03828125
0 0.0125 0.60078125 0.025 0.0578125
0 0.628125 0.6953125 0.05390625 0.07109375
0 0.4375 0.703125 0.05703125 0.06796875
0 0.3703125 0.70390625 0.04921875 0.0609375
0 0.2328125 0.6890625 0.06171875 0.06015625
0 0.240625 0.7859375 0.078125 0.06640625
0 0.2390625 0.86796875 0.1 0.0921875
0 0.23828125 0.95625 0.1171875 0.08359375