0 0.0890625 0.0109375 0.065625 0.02109375
0 0.09296875 0.1921875 0.0609375 0.046875
0 0.0921875 0.265625 0.075 0.06015625
0 0.09140625 0.5625 0.0640625 0.05390625
0 0.096875 0.68671875 0.06171875 0.0484375
0 0.0984375 0.7484375 0.05625 0.04765625
0 0.09609375 0.8078125 0.0609375 0.04765625
0 0.50390625 0.01328125 0.0546875 0.0265625
0 0.5046875 0.1890625 0.06640625 0.04296875
0 0.346875 0.240625 0.04921875 0.04765625
0 0.35234375 0.3 0.0578125 0.04453125
0 0.50625 0.25 0.06015625 0.04296875
0 0.509375 0.303125 0.06015625 0.04609375
0 0.5046875 0.390625 0.05 0.05234375
0 0.4984375 0.45234375 0.059375 0.0421875
0 0.4984375 0.5140625 0.06484375 0.04296875
0 0.4921875 0.575 0.06171875 0.04453125
0 0.50078125 0.696875 0.0609375 0.04765625
0 0.5046875 0.76015625 0.06171875 0.0484375
0 0.35625 0.5140625 0.065625 0.04296875
0 0.35234375 0.578125 0.0640625 0.04609375
0 0.35546875 0.6375 0.0703125 0.04296875
0 0.35546875 0.76015625 0.0671875 0.0453125
0 0.9234375 0.0078125 0.053125 0.015625
0 0.75625 0.01171875 0.05625 0.0234375
0 0.9140625 0.10703125 0.05 0.0421875
0 0.75625 0.171875 0.05703125 0.03828125
0 0.759375 0.2234375 0.06015625 0.03515625
0 0.91875 0.21015625 0.05859375 0.0390625
0 0.9203125 0.26484375 0.05390625 0.0359375
0 0.9125 0.365625 0.053125 0.05625
0 0.909375 0.5921875 0.053125 0.04765625
0 0.9109375 0.65 0.05 0.0375
0 0.7609375 0.646875 0.046875 0.05078125
0 0.6765625 0.7703125 0.03828125 0.065625
0 0.890625 0.8140625 0.04296875 0.05