0 0.371875 0.584375 0.05859375 0.04921875
0 0.3859375 0.6359375 0.040625 0.034375
0 0.48359375 0.7890625 0.0453125 0.04453125
0 0.484375 0.9046875 0.03828125 0.04296875
0 0.403125 0.98515625 0.04296875 0.0296875
0 0.653125 0.6078125 0.06171875 0.05
0 0.659375 0.7203125 0.0625 0.053125
0 0.6515625 0.7796875 0.06640625 0.06015625
0 0.646875 0.84140625 0.06640625 0.0609375
0 0.878125 0.6625 0.05234375 0.053125
0 0.7953125 0.6984375 0.065625 0.05859375
0 0.80078125 0.8984375 0.0609375 0.046875
0 0.8 0.9703125 0.075 0.05703125
0 0.84921875 0.3515625 0.0484375 0.04453125