0 0.9171875 0.51640625 0.04375 0.0453125
0 0.8015625 0.515625 0.04375 0.0375
0 0.71640625 0.5984375 0.0390625 0.04375
0 0.5578125 0.6140625 0.046875 0.05625
0 0.49453125 0.609375 0.0453125 0.053125
0 0.43671875 0.5984375 0.0484375 0.059375
0 0.371875 0.6 0.05 0.059375
0 0.31015625 0.603125 0.0515625 0.06875
0 0.23515625 0.6140625 0.0546875 0.06875
0 0.9796875 0.3421875 0.040625 0.0625
0 0.9265625 0.3484375 0.059375 0.065625
0 0.86640625 0.353125 0.0609375 0.065625
0 0.621875 0.3453125 0.046875 0.065625
0 0.5515625 0.3453125 0.053125 0.0625
0 0.475 0.3390625 0.05 0.046875
0 0.396875 0.3375 0.05625 0.065625
0 0.2515625 0.34375 0.05625 0.06875
0 0.9890625 0.20625 0.021875 0.065625
0 0.809375 0.20078125 0.046875 0.0609375
0 0.734375 0.2015625 0.059375 0.075
0 0.4375 0.20234375 0.053125 0.0640625
0 0.31484375 0.196875 0.0484375 0.0625
0 0.2515625 0.1953125 0.046875 0.05625
0 0.1921875 0.19765625 0.046875 0.0609375