0 0.48359375 0.0828125 0.0453125 0.04453125
0 0.484375 0.1984375 0.03828125 0.04296875
0 0.403125 0.28359375 0.04296875 0.0390625
0 0.3859375 0.44375 0.05703125 0.04609375
0 0.3921875 0.50546875 0.05234375 0.0453125
0 0.4015625 0.56484375 0.059375 0.0484375
0 0.4 0.628125 0.06015625 0.05078125
0 0.396875 0.69140625 0.06953125 0.0515625
0 0.3859375 0.76640625 0.06875 0.0546875
0 0.659375 0.0203125 0.0625 0.03984375
0 0.6515625 0.0734375 0.06640625 0.06015625
0 0.646875 0.13359375 0.06640625 0.0609375
0 0.65625 0.378125 0.065625 0.04765625
0 0.65625 0.4484375 0.0625 0.05234375
0 0.6609375 0.525 0.04765625 0.05078125
0 0.6625 0.603125 0.06484375 0.05703125
0 0.65625 0.7484375 0.06953125 0.05703125
0 0.7953125 0.0109375 0.065625 0.02109375
0 0.80078125 0.1921875 0.0609375 0.046875
0 0.8 0.265625 0.075 0.06015625
0 0.79765625 0.5625 0.0640625 0.05390625
0 0.803125 0.68671875 0.06171875 0.0484375
0 0.80625 0.7484375 0.05625 0.04765625
0 0.80390625 0.8078125 0.0609375 0.04765625