0 0.8296875 0.6625 0.053125 0.053125
0 0.9125 0.6984375 0.065625 0.059375
0 0.90703125 0.8984375 0.0609375 0.046875
0 0.9078125 0.971875 0.075 0.05625
0 0.49765625 0.5890625 0.0609375 0.04375
0 0.37578125 0.484375 0.0546875 0.046875
0 0.64765625 0.64765625 0.0640625 0.0453125
0 0.4984375 0.6484375 0.065625 0.046875
0 0.49609375 0.7109375 0.0546875 0.046875
0 0.4953125 0.8953125 0.065625 0.04375
0 0.653125 0.946875 0.05 0.046875
0 0.64921875 0.9921875 0.0578125 0.015625
0 0.49375 0.95625 0.059375 0.04375
0 0.490625 0.99296875 0.059375 0.0140625
0 0.096875 0.59609375 0.05 0.0421875
0 0.078125 0.70234375 0.053125 0.0421875
0 0.24375 0.7109375 0.05625 0.040625
0 0.0859375 0.81328125 0.05 0.0421875
0 0.24375 0.878125 0.05625 0.0375
0 0.240625 0.93125 0.059375 0.034375
0 0.08125 0.91796875 0.059375 0.0390625
0 0.0796875 0.97109375 0.053125 0.0359375
0 0.85859375 0.353125 0.0484375 0.04375
0 0.25625 0.1421875 0.0375 0.03125