0 0.9171875 0.48359375 0.04375 0.0453125
0 0.8015625 0.484375 0.04375 0.0375
0 0.71640625 0.403125 0.0390625 0.04375
0 0.5578125 0.3875 0.046875 0.05625
0 0.49453125 0.3921875 0.0453125 0.053125
0 0.43671875 0.4015625 0.0484375 0.059375
0 0.371875 0.4015625 0.05 0.059375
0 0.31015625 0.396875 0.0515625 0.06875
0 0.23515625 0.3859375 0.0546875 0.06875
0 0.9796875 0.659375 0.040625 0.0625
0 0.9265625 0.653125 0.059375 0.065625
0 0.86640625 0.64765625 0.0609375 0.0671875
0 0.621875 0.65625 0.046875 0.065625
0 0.5515625 0.65625 0.053125 0.0625
0 0.475 0.6625 0.05 0.046875
0 0.396875 0.6625 0.05625 0.065625
0 0.2515625 0.6578125 0.05625 0.06875
0 0.9890625 0.7953125 0.021875 0.065625
0 0.809375 0.80078125 0.046875 0.0609375
0 0.734375 0.8 0.059375 0.075
0 0.4375 0.79765625 0.053125 0.0640625
0 0.31484375 0.803125 0.0484375 0.0625
0 0.2515625 0.80625 0.046875 0.05625
0 0.1921875 0.80390625 0.046875 0.0609375