0 0.640625 0.015625 0.075 0.03125
0 0.5625 0.03671875 0.075 0.0734375
0 0.3484375 0.034375 0.08125 0.06875
0 0.11484375 0.0125 0.0890625 0.021875
0 0.15546875 0.090625 0.0953125 0.071875
0 0.225 0.278125 0.09375 0.08125
0 0.2 0.3671875 0.09375 0.0875
0 0.4046875 0.35078125 0.059375 0.0453125
0 0.3796875 0.42890625 0.0875 0.0796875
0 0.525 0.25703125 0.071875 0.0796875
0 0.675 0.18203125 0.046875 0.0484375
0 0.0859375 0.69765625 0.0625 0.0515625
0 0.11171875 0.62265625 0.0828125 0.0703125
0 0.13828125 0.5359375 0.0796875 0.075
0 0.284375 0.69921875 0.084375 0.0765625
0 0.25546875 0.78515625 0.0859375 0.0765625
0 0.225 0.8796875 0.078125 0.071875
0 0.32109375 0.590625 0.0890625 0.075
0 0.515625 0.76484375 0.075 0.0859375
0 0.6015625 0.7890625 0.078125 0.096875
0 0.8515625 0.103125 0.075 0.078125