0 0.015625 0.640625 0.03125 0.075
0 0.03671875 0.5609375 0.0734375 0.07578125
0 0.034375 0.3484375 0.06875 0.08125
0 0.0109375 0.11484375 0.021875 0.0890625
0 0.090625 0.15546875 0.07265625 0.0953125
0 0.2765625 0.225 0.08203125 0.09296875
0 0.3671875 0.2 0.08828125 0.09375
0 0.35078125 0.4046875 0.0453125 0.06015625
0 0.42890625 0.378125 0.0796875 0.08828125
0 0.25703125 0.5234375 0.0796875 0.07265625
0 0.18203125 0.675 0.0484375 0.046875
0 0.69765625 0.0859375 0.0515625 0.06171875
0 0.62265625 0.11171875 0.0703125 0.0828125
0 0.5359375 0.13828125 0.075 0.0796875
0 0.69921875 0.284375 0.0765625 0.08515625
0 0.78515625 0.25546875 0.0765625 0.0859375
0 0.8796875 0.225 0.07109375 0.07734375
0 0.590625 0.32109375 0.075 0.0890625
0 0.76484375 0.5140625 0.0859375 0.07578125
0 0.7890625 0.6015625 0.09609375 0.07890625
0 0.103125 0.8515625 0.07734375 0.07578125