0 0.0890625 0.7921875 0.084375 0.0875
0 0.2921875 0.575 0.046875 0.06875
0 0.3828125 0.54921875 0.05 0.0640625
0 0.26015625 0.3625 0.0859375 0.103125
0 0.365625 0.31875 0.078125 0.075
0 0.55234375 0.259375 0.0796875 0.08125
0 0.553125 0.49375 0.046875 0.059375
0 0.6359375 0.4640625 0.046875 0.059375
0 0.64375 0.2328125 0.078125 0.084375
0 0.74140625 0.2015625 0.0828125 0.1
0 0.83203125 0.17109375 0.0765625 0.0828125
0 0.8 0.40625 0.04375 0.05625
0 0.71796875 0.4375 0.0484375 0.05625
0 0.96875 0.3359375 0.025 0.028125