0 0.58359375 0.0296875 0.1140625 0.059375
0 0.565625 0.1734375 0.053125 0.05
0 0.7 0.14140625 0.05 0.0390625
0 0.7234375 0.19765625 0.04375 0.0484375
0 0.8046875 0.0296875 0.04375 0.05
0 0.9421875 0.4546875 0.065625 0.053125
0 0.4453125 0.71875 0.05 0.0375
0 0.54375 0.78671875 0.046875 0.0390625
0 0.69375 0.7078125 0.04375 0.04375
0 0.290625 0.5328125 0.046875 0.040625
0 0.25625 0.72109375 0.053125 0.0609375
0 0.1296875 0.75 0.053125 0.0625
0 0.1 0.534375 0.040625 0.040625
0 0.015625 0.83671875 0.03125 0.0515625
0 0.4640625 0.23515625 0.046875 0.0578125