0 0.15 0.5125 0.10625 0.096875
0 0.38828125 0.525 0.0546875 0.053125
0 0.3484375 0.4296875 0.1 0.0875
0 0.309375 0.33671875 0.0875 0.0859375
0 0.29375 0.2453125 0.053125 0.05
0 0.4796875 0.2375 0.103125 0.0875
0 0.5796875 0.4296875 0.103125 0.08125
0 0.6234375 0.51875 0.1 0.08125
0 0.69375 0.58046875 0.05 0.0640625
0 0.7234375 0.41796875 0.084375 0.1140625
0 0.8796875 0.4359375 0.05 0.053125
0 0.84921875 0.3015625 0.0390625 0.05
0 0.90546875 0.278125 0.0484375 0.04375
0 0.7359375 0.196875 0.05 0.04375
0 0.94140625 0.5359375 0.0578125 0.046875