0 0.9703125 0.41796875 0.059375 0.1140625
0 0.828125 0.4359375 0.05 0.053125
0 0.85859375 0.3015625 0.0390625 0.05
0 0.80234375 0.278125 0.0484375 0.04375
0 0.9703125 0.196875 0.05 0.04375
0 0.5453125 0.059375 0.053125 0.065625
0 0.2828125 0.5546875 0.0375 0.05
0 0.21484375 0.4578125 0.0390625 0.046875
0 0.29375 0.3078125 0.04375 0.04375
0 0.46875 0.709375 0.040625 0.046875
0 0.28046875 0.74375 0.0609375 0.053125
0 0.2515625 0.871875 0.0625 0.053125
0 0.465625 0.9015625 0.040625 0.040625
0 0.16328125 0.984375 0.0515625 0.03125
0 0.76640625 0.5359375 0.0578125 0.046875