0 0.0296875 0.58359375 0.059375 0.1140625
0 0.1734375 0.565625 0.05 0.05234375
0 0.14140625 0.7 0.0390625 0.04921875
0 0.19765625 0.7234375 0.0484375 0.04375
0 0.0296875 0.803125 0.05078125 0.04453125
0 0.4546875 0.9421875 0.05390625 0.065625
0 0.71875 0.4453125 0.0375 0.05
0 0.78671875 0.5421875 0.0390625 0.04765625
0 0.7078125 0.69375 0.04375 0.04375
0 0.53125 0.290625 0.04140625 0.04765625
0 0.72109375 0.25625 0.0609375 0.053125
0 0.75 0.1296875 0.0625 0.053125
0 0.534375 0.0984375 0.03984375 0.04140625
0 0.83671875 0.015625 0.0515625 0.03046875
0 0.23515625 0.4640625 0.0578125 0.04765625