0 0.4875 0.15 0.096875 0.10625
0 0.4765625 0.38828125 0.053125 0.0546875
0 0.571875 0.3484375 0.0875 0.1
0 0.66328125 0.309375 0.0859375 0.0875
0 0.7546875 0.29375 0.05 0.053125
0 0.7625 0.4796875 0.0875 0.103125
0 0.571875 0.5796875 0.08125 0.103125
0 0.48125 0.6234375 0.08125 0.1
0 0.42109375 0.69375 0.0640625 0.05
0 0.58359375 0.7234375 0.1140625 0.084375
0 0.565625 0.8796875 0.053125 0.05
0 0.7 0.84921875 0.05 0.0390625
0 0.7234375 0.90546875 0.04375 0.0484375
0 0.8046875 0.7359375 0.04375 0.05
0 0.4640625 0.94140625 0.046875 0.0578125