0 0.115625 0.0171875 0.06484375 0.03125
0 0.753125 0.0140625 0.03828125 0.028125
0 0.8109375 0.01328125 0.03125 0.0265625
0 0.871875 0.01015625 0.03984375 0.0203125
0 0.0578125 0.3 0.0625 0.06015625
0 0.11875 0.2984375 0.05703125 0.05625
0 0.18125 0.3 0.05390625 0.06171875
0 0.3875 0.3 0.05546875 0.06171875
0 0.44765625 0.30234375 0.0578125 0.0578125
0 0.50625 0.3 0.05625 0.0625
0 0.64296875 0.3015625 0.0515625 0.05703125
0 0.715625 0.309375 0.05 0.05703125
0 0.7203125 0.48125 0.05390625 0.06484375
0 0.6625 0.4796875 0.05546875 0.05390625
0 0.5140625 0.47578125 0.05234375 0.0609375
0 0.44921875 0.4765625 0.0546875 0.05859375
0 0.384375 0.5 0.05859375 0.053125
0 0.2390625 0.50625 0.05859375 0.06015625
0 0.365625 0.67109375 0.065625 0.0546875
0 0.1125 0.47421875 0.05703125 0.0578125
0 0.053125 0.475 0.05 0.05625
0 0.1140625 0.975 0.05390625 0.04921875
0 0.2078125 0.971875 0.06171875 0.05625
0 0.45625 0.975 0.05703125 0.04921875
0 0.60078125 0.975 0.0546875 0.04765625
0 0.8171875 0.98046875 0.04296875 0.0390625