0 0.49375 0.01640625 0.0625 0.0328125
0 0.371875 0.01875 0.071875 0.034375
0 0.178125 0.0171875 0.065625 0.03125
0 0.5046875 0.3046875 0.0625 0.053125
0 0.3765625 0.2984375 0.0625 0.0625
0 0.2375 0.3015625 0.0625 0.059375
0 0.175 0.2984375 0.05625 0.05625
0 0.1109375 0.3 0.053125 0.0625
0 0.05625 0.50625 0.059375 0.059375
0 0.1796875 0.47421875 0.05625 0.0578125
0 0.240625 0.475 0.05 0.05625
0 0.378125 0.4734375 0.05 0.059375
0 0.440625 0.47109375 0.05625 0.0609375
0 0.5078125 0.4765625 0.0625 0.05625
0 0.4359375 0.8609375 0.071875 0.0625
0 0.70546875 0.97578125 0.0546875 0.0484375
0 0.5734375 0.9765625 0.0625 0.046875
0 0.1796875 0.975 0.053125 0.05
0 0.0859375 0.971875 0.0625 0.05625