0 0.0171875 0.115625 0.03125 0.065625
0 0.0140625 0.7546875 0.028125 0.0375
0 0.01328125 0.8109375 0.0265625 0.03125
0 0.01015625 0.871875 0.0203125 0.040625
0 0.3015625 0.0578125 0.059375 0.0625
0 0.2984375 0.1203125 0.05625 0.05625
0 0.3 0.1828125 0.0625 0.053125
0 0.3 0.3875 0.0625 0.05625
0 0.30234375 0.44765625 0.0578125 0.0578125
0 0.3 0.50625 0.0625 0.05625
0 0.303125 0.64296875 0.05625 0.0515625
0 0.309375 0.715625 0.05625 0.05
0 0.48125 0.721875 0.065625 0.053125
0 0.48125 0.6625 0.053125 0.05625
0 0.47578125 0.5140625 0.0609375 0.053125
0 0.4765625 0.44921875 0.059375 0.0546875
0 0.5 0.384375 0.053125 0.059375
0 0.50625 0.2390625 0.059375 0.059375
0 0.67109375 0.365625 0.0546875 0.065625
0 0.47421875 0.1140625 0.0578125 0.05625
0 0.475 0.053125 0.05625 0.05
0 0.975 0.1140625 0.05 0.053125
0 0.971875 0.2078125 0.05625 0.0625
0 0.975 0.4578125 0.05 0.05625
0 0.9765625 0.60078125 0.046875 0.0546875
0 0.98046875 0.81796875 0.0390625 0.0421875