0 0.021875 0.65859375 0.04375 0.0671875
0 0.115625 0.39609375 0.05625 0.0515625
0 0.28125 0.4 0.04375 0.040625
0 0.18984375 0.796875 0.0578125 0.065625
0 0.140625 0.653125 0.05 0.06875
0 0.2078125 0.65390625 0.05625 0.0640625
0 0.2265625 0.559375 0.065625 0.046875
0 0.2671875 0.7953125 0.05 0.065625
0 0.365625 0.8 0.05625 0.065625
0 0.45546875 0.65546875 0.0515625 0.0671875
0 0.49453125 0.79765625 0.0578125 0.0734375
0 0.56171875 0.79921875 0.0609375 0.0671875
0 0.5265625 0.59921875 0.05 0.0671875
0 0.50625 0.3875 0.0625 0.06875
0 0.6046875 0.659375 0.053125 0.06875
0 0.68125 0.65390625 0.046875 0.0703125
0 0.6859375 0.39375 0.053125 0.059375
0 0.8390625 0.3859375 0.046875 0.059375
0 0.7484375 0.653125 0.05625 0.06875
0 0.815625 0.659375 0.053125 0.065625
0 0.6859375 0.803125 0.053125 0.059375
0 0.74765625 0.81015625 0.0515625 0.0640625
0 0.8078125 0.803125 0.053125 0.065625