0 0.0890625 0.18984375 0.06640625 0.0578125
0 0.0890625 0.2671875 0.065625 0.05
0 0.09375 0.365625 0.065625 0.05703125
0 0.09140625 0.49453125 0.0734375 0.0578125
0 0.09140625 0.56171875 0.0671875 0.0609375
0 0.57734375 0.009375 0.0609375 0.01875
0 0.509375 0.0640625 0.06484375 0.04921875
0 0.5046875 0.128125 0.0625 0.05234375
0 0.34609375 0.11953125 0.0703125 0.0484375
0 0.3453125 0.2375 0.05546875 0.05234375
0 0.509375 0.25 0.06484375 0.04609375
0 0.50078125 0.45234375 0.0609375 0.0484375
0 0.3546875 0.45 0.07265625 0.053125
0 0.35390625 0.5125 0.0703125 0.05078125
0 0.353125 0.57421875 0.06484375 0.0515625
0 0.3546875 0.63671875 0.06640625 0.0484375
0 0.3515625 0.6953125 0.06875 0.04609375
0 0.490625 0.57578125 0.059375 0.0515625
0 0.5015625 0.6953125 0.06953125 0.04921875
0 0.7546875 0.01328125 0.05703125 0.0265625
0 0.684375 0.0703125 0.04765625 0.04609375
0 0.75625 0.4203125 0.05625 0.05703125
0 0.76015625 0.4765625 0.0546875 0.053125
0 0.7640625 0.5359375 0.05625 0.05234375
0 0.7578125 0.64375 0.05625 0.05703125
0 0.0953125 0.6859375 0.059375 0.05234375
0 0.103125 0.74765625 0.06328125 0.0515625
0 0.0953125 0.8078125 0.065625 0.05234375
0 0.35 0.75625 0.065625 0.046875
0 0.3640625 0.81875 0.06796875 0.059375
0 0.4984375 0.8140625 0.06484375 0.05234375
0 0.62265625 0.9515625 0.0578125 0.06484375
0 0.77890625 0.81875 0.0515625 0.05390625
0 0.9015625 0.828125 0.04921875 0.05078125