0 0.9109375 0.18984375 0.065625 0.0578125
0 0.9125 0.2671875 0.065625 0.05
0 0.9078125 0.365625 0.065625 0.05625
0 0.91015625 0.49453125 0.0734375 0.0578125
0 0.90859375 0.56171875 0.0671875 0.0609375
0 0.42265625 0.009375 0.0609375 0.01875
0 0.4921875 0.0640625 0.065625 0.05
0 0.4953125 0.128125 0.0625 0.053125
0 0.65390625 0.11953125 0.0703125 0.0484375
0 0.65625 0.2375 0.05625 0.053125
0 0.4921875 0.25 0.065625 0.046875
0 0.49921875 0.45234375 0.0609375 0.0484375
0 0.6453125 0.45 0.071875 0.053125
0 0.64609375 0.5140625 0.0703125 0.05
0 0.6484375 0.57421875 0.065625 0.0515625
0 0.6453125 0.63671875 0.065625 0.0484375
0 0.6484375 0.6953125 0.06875 0.046875
0 0.509375 0.57578125 0.059375 0.0515625
0 0.4984375 0.6953125 0.06875 0.05
0 0.2453125 0.01328125 0.05625 0.0265625
0 0.315625 0.0703125 0.046875 0.046875
0 0.24375 0.4203125 0.05625 0.05625
0 0.24140625 0.4765625 0.0546875 0.053125
0 0.2375 0.5359375 0.05625 0.053125
0 0.2421875 0.64375 0.05625 0.05625
0 0.9046875 0.6859375 0.059375 0.053125
0 0.896875 0.74765625 0.0625 0.0515625
0 0.9046875 0.8078125 0.065625 0.053125
0 0.65 0.75625 0.065625 0.046875
0 0.6375 0.81875 0.06875 0.059375
0 0.503125 0.8140625 0.065625 0.053125
0 0.37734375 0.9515625 0.0578125 0.065625
0 0.22109375 0.81875 0.0515625 0.053125
0 0.1 0.828125 0.05 0.05