0 0.9109375 0.81015625 0.065625 0.0578125
0 0.9125 0.734375 0.065625 0.05
0 0.9078125 0.634375 0.065625 0.05625
0 0.91015625 0.50703125 0.0734375 0.0578125
0 0.90859375 0.43984375 0.0671875 0.0609375
0 0.42265625 0.990625 0.0609375 0.01875
0 0.4921875 0.9359375 0.065625 0.05
0 0.4953125 0.871875 0.0625 0.053125
0 0.65390625 0.88203125 0.0703125 0.0484375
0 0.65625 0.7625 0.05625 0.053125
0 0.4921875 0.75 0.065625 0.046875
0 0.49921875 0.54921875 0.0609375 0.0484375
0 0.6453125 0.55 0.071875 0.053125
0 0.64609375 0.4875 0.0703125 0.05
0 0.6484375 0.42578125 0.065625 0.0515625
0 0.6453125 0.36328125 0.065625 0.0484375
0 0.6484375 0.3046875 0.06875 0.046875
0 0.509375 0.42578125 0.059375 0.0515625
0 0.4984375 0.3046875 0.06875 0.05
0 0.2453125 0.98671875 0.05625 0.0265625
0 0.315625 0.93125 0.046875 0.046875
0 0.24375 0.5796875 0.05625 0.05625
0 0.24140625 0.525 0.0546875 0.053125
0 0.2375 0.465625 0.05625 0.053125
0 0.2421875 0.35625 0.05625 0.05625
0 0.9046875 0.3140625 0.059375 0.053125
0 0.896875 0.25234375 0.0625 0.0515625
0 0.9046875 0.1921875 0.065625 0.053125
0 0.65 0.24375 0.065625 0.046875
0 0.6375 0.1828125 0.06875 0.059375
0 0.503125 0.1875 0.065625 0.053125
0 0.37734375 0.0484375 0.0578125 0.065625
0 0.22109375 0.18125 0.0515625 0.053125
0 0.1 0.171875 0.05 0.05