0 0.81875 0.2328125 0.034375 0.02734375
0 0.8328125 0.39453125 0.046875 0.0359375
0 0.83125 0.45 0.040625 0.03046875
0 0.83046875 0.4984375 0.0421875 0.034375
0 0.82421875 0.60703125 0.0515625 0.0484375
0 0.8125 0.6625 0.05625 0.046875
0 0.68359375 0.60078125 0.0515625 0.0484375
0 0.6921875 0.4828125 0.04296875 0.02734375
0 0.5953125 0.10546875 0.04375 0.0328125
0 0.4015625 0.64609375 0.046875 0.0453125
0 0.184375 0.60078125 0.04453125 0.0671875
0 0.4234375 0.42578125 0.05 0.0515625
0 0.4203125 0.4828125 0.05703125 0.040625
0 0.278125 0.4765625 0.0625 0.05546875
0 0.428125 0.03984375 0.05703125 0.0421875
0 0.4328125 0.09375 0.05234375 0.04765625
0 0.265625 0.01171875 0.06171875 0.0234375
0 0.2703125 0.05 0.0625 0.04296875
0 0.0265625 0.0234375 0.053125 0.046875
0 0.02734375 0.08203125 0.0546875 0.0453125
0 0.0265625 0.1328125 0.053125 0.04765625
0 0.02109375 0.2234375 0.0421875 0.053125
0 0.01875 0.28359375 0.0375 0.0515625
0 0.021875 0.3421875 0.04296875 0.05
0 0.01875 0.4046875 0.0375 0.05625
0 0.021875 0.52734375 0.04375 0.0578125
0 0.0234375 0.58828125 0.046875 0.0546875