0 0.915625 0.6609375 0.053125 0.0625
0 0.81875 0.9390625 0.034375 0.02734375
0 0.5953125 0.81328125 0.04375 0.0328125
0 0.678125 0.67578125 0.03984375 0.0359375
0 0.83125 0.459375 0.03828125 0.03046875
0 0.8234375 0.5359375 0.03984375 0.034375
0 0.8359375 0.571875 0.0375 0.03515625
0 0.67265625 0.55625 0.0421875 0.03515625
0 0.6765625 0.5984375 0.04140625 0.034375
0 0.1359375 0.31328125 0.05703125 0.0484375
0 0.5203125 0.68125 0.053125 0.04921875
0 0.41640625 0.428125 0.0578125 0.05
0 0.43515625 0.534375 0.0546875 0.046875
0 0.42734375 0.64375 0.0515625 0.04296875
0 0.428125 0.74609375 0.05703125 0.0421875
0 0.4328125 0.8 0.05234375 0.04765625
0 0.26640625 0.53984375 0.0640625 0.0453125
0 0.265625 0.70703125 0.06171875 0.0453125
0 0.2703125 0.7578125 0.0625 0.04296875
0 0.025 0.41953125 0.046875 0.0484375
0 0.0234375 0.4796875 0.04296875 0.04765625
0 0.021875 0.5390625 0.04375 0.059375
0 0.0265625 0.7265625 0.053125 0.05546875
0 0.02734375 0.78828125 0.0546875 0.0453125
0 0.0265625 0.8390625 0.053125 0.04765625
0 0.02109375 0.9296875 0.0421875 0.053125
0 0.01875 0.98046875 0.0375 0.0359375