0 0.3390625 0.084375 0.0625 0.053125
0 0.0609375 0.18125 0.028125 0.034375
0 0.18828125 0.40625 0.0328125 0.04375
0 0.32421875 0.321875 0.0359375 0.040625
0 0.5421875 0.16875 0.03125 0.0375
0 0.4640625 0.178125 0.034375 0.040625
0 0.428125 0.165625 0.034375 0.0375
0 0.44375 0.32734375 0.034375 0.0421875
0 0.403125 0.3234375 0.034375 0.040625
0 0.68671875 0.86328125 0.0484375 0.0578125
0 0.3203125 0.4796875 0.05 0.053125
0 0.5734375 0.58515625 0.05 0.0578125
0 0.465625 0.56640625 0.046875 0.0546875
0 0.3578125 0.57265625 0.04375 0.0515625
0 0.25390625 0.571875 0.0421875 0.05625
0 0.2 0.56875 0.046875 0.053125
0 0.46171875 0.73359375 0.0453125 0.0640625
0 0.29296875 0.7359375 0.0453125 0.0625
0 0.24375 0.73125 0.04375 0.0625
0 0.58203125 0.975 0.0484375 0.046875
0 0.5203125 0.978125 0.046875 0.04375
0 0.4625 0.978125 0.059375 0.04375
0 0.275 0.9734375 0.05625 0.053125
0 0.21171875 0.97265625 0.0453125 0.0546875
0 0.1609375 0.9734375 0.046875 0.053125
0 0.0703125 0.97890625 0.053125 0.0421875
0 0.01875 0.98046875 0.034375 0.0390625