0 0.1125 0.9453125 0.096875 0.10625
0 0.015625 0.61328125 0.03125 0.0921875
0 0.175 0.7203125 0.0875 0.09375
0 0.39765625 0.978125 0.0546875 0.04375
0 0.378125 0.6578125 0.065625 0.071875
0 0.4828125 0.8 0.05625 0.065625
0 0.68359375 0.82734375 0.0609375 0.0765625
0 0.38828125 0.2078125 0.0765625 0.084375
0 0.5546875 0.4484375 0.078125 0.09375
0 0.6578125 0.4671875 0.0625 0.075
0 0.68828125 0.98984375 0.0359375 0.0203125
0 0.7359375 0.9875 0.034375 0.025
0 0.78125 0.99140625 0.028125 0.0171875
0 0.7578125 0.7125 0.046875 0.05