0 0.9453125 0.8875 0.10625 0.096875
0 0.6140625 0.984375 0.09375 0.03125
0 0.7203125 0.825 0.09375 0.0875
0 0.978125 0.60234375 0.04375 0.0546875
0 0.6578125 0.6234375 0.071875 0.065625
0 0.8 0.51875 0.065625 0.05625
0 0.828125 0.31640625 0.075 0.0609375
0 0.2078125 0.61171875 0.084375 0.0765625
0 0.4484375 0.4453125 0.09375 0.078125
0 0.4671875 0.34375 0.075 0.0625
0 0.98984375 0.31171875 0.0203125 0.0359375
0 0.9875 0.2640625 0.025 0.034375
0 0.99140625 0.21875 0.0171875 0.028125
0 0.7125 0.2421875 0.05 0.046875