0 0.971875 0.8984375 0.05625 0.1125
0 0.8921875 0.9453125 0.090625 0.109375
0 0.784375 0.9625 0.06875 0.075
0 0.828125 0.7203125 0.053125 0.0625
0 0.31484375 0.99140625 0.0484375 0.0171875
0 0.5171875 0.7984375 0.078125 0.084375
0 0.1171875 0.871875 0.0375 0.046875
0 0.20625 0.859375 0.0375 0.05625
0 0.25703125 0.846875 0.0359375 0.05
0 0.4484375 0.4546875 0.09375 0.096875
0 0.98125 0.1765625 0.0375 0.075
0 0.803125 0.16875 0.05625 0.053125
0 0.6140625 0.20625 0.08125 0.090625
0 0.50625 0.20234375 0.09375 0.0984375
0 0.58125 0.096875 0.06875 0.071875
0 0.225 0.175 0.084375 0.0875