0 0.1921875 0.971875 0.1125 0.05625
0 0.2390625 0.8921875 0.109375 0.090625
0 0.2578125 0.784375 0.078125 0.06875
0 0.02265625 0.828125 0.0453125 0.053125
0 0.8328125 0.884375 0.1 0.115625
0 0.4203125 0.55 0.059375 0.071875
0 0.571875 0.39765625 0.1125 0.0984375
0 0.5828125 0.13828125 0.05625 0.0484375
0 0.3046875 0.31484375 0.05625 0.0484375
0 0.30703125 0.17890625 0.0546875 0.0421875
0 0.315625 0.09296875 0.04375 0.0421875
0 0.0921875 0.5171875 0.084375 0.078125
0 0.165625 0.1171875 0.046875 0.0375
0 0.153125 0.20625 0.05625 0.0375
0 0.140625 0.25703125 0.05 0.0359375