0 0.0296875 0.80859375 0.05625 0.1109375
0 0.109375 0.7625 0.090625 0.109375
0 0.215625 0.7421875 0.06875 0.078125
0 0.171875 0.97734375 0.053125 0.0453125
0 0.115625 0.1671875 0.115625 0.1
0 0.4515625 0.5796875 0.071875 0.059375
0 0.60234375 0.4296875 0.0984375 0.1125
0 0.86328125 0.41875 0.0484375 0.05625
0 0.68671875 0.6953125 0.0484375 0.05625
0 0.82265625 0.69453125 0.0421875 0.0546875
0 0.90859375 0.6859375 0.0421875 0.04375
0 0.4828125 0.9078125 0.078125 0.084375
0 0.884375 0.8359375 0.0375 0.046875
0 0.7953125 0.8484375 0.0375 0.05625
0 0.74453125 0.8609375 0.0359375 0.05