0 0.3046875 0.9640625 0.11875 0.071875
0 0.0375 0.615625 0.065625 0.065625
0 0.0296875 0.4296875 0.05625 0.084375
0 0.10625 0.371875 0.053125 0.06875
0 0.16015625 0.634375 0.1140625 0.125
0 0.2859375 0.5796875 0.109375 0.128125
0 0.38125 0.79375 0.115625 0.128125
0 0.51171875 0.76328125 0.1046875 0.1265625
0 0.3953125 0.53671875 0.0625 0.0703125
0 0.4890625 0.4875 0.115625 0.121875
0 0.615625 0.48125 0.115625 0.1375
0 0.796875 0.4234375 0.146875 0.14375
0 0.2140625 0.34375 0.10625 0.11875
0 0.4 0.25 0.115625 0.13125
0 0.325 0.0953125 0.065625 0.0875
0 0.41796875 0.05234375 0.0640625 0.0734375
0 0.4890625 0.209375 0.0625 0.084375
0 0.5984375 0.175 0.11875 0.14375
0 0.7125 0.125 0.1125 0.13125
0 0.496875 0.025 0.109375 0.05