0 0.3046875 0.0359375 0.11875 0.071875
0 0.0375 0.384375 0.065625 0.065625
0 0.0296875 0.571875 0.05625 0.084375
0 0.10625 0.628125 0.053125 0.06875
0 0.16015625 0.365625 0.1140625 0.125
0 0.2859375 0.4203125 0.109375 0.128125
0 0.38125 0.20625 0.115625 0.128125
0 0.51171875 0.23671875 0.1046875 0.1265625
0 0.3953125 0.46328125 0.0625 0.0703125
0 0.4890625 0.5125 0.115625 0.121875
0 0.615625 0.51875 0.115625 0.1375
0 0.796875 0.5765625 0.146875 0.14375
0 0.2140625 0.6578125 0.10625 0.11875
0 0.4 0.75 0.115625 0.13125
0 0.325 0.90546875 0.065625 0.0890625
0 0.41796875 0.94765625 0.0640625 0.0734375
0 0.4890625 0.790625 0.0625 0.084375
0 0.5984375 0.825 0.11875 0.14375
0 0.7125 0.8765625 0.1125 0.13125
0 0.496875 0.975 0.109375 0.05