0 0.0515625 0.62578125 0.065625 0.0640625
0 0.06796875 0.70625 0.0765625 0.0625
0 0.328125 0.68125 0.10625 0.096875
0 0.32265625 0.5859375 0.0734375 0.065625
0 0.3390625 0.83359375 0.109375 0.1140625
0 0.384375 0.284375 0.103125 0.1
0 0.48046875 0.22890625 0.0578125 0.0578125
0 0.51640625 0.125 0.1078125 0.109375
0 0.7578125 0.1125 0.071875 0.0625
0 0.8078125 0.2125 0.059375 0.06875
0 0.88515625 0.2625 0.0703125 0.06875
0 0.940625 0.325 0.05625 0.046875
0 0.934375 0.4125 0.0625 0.065625
0 0.9453125 0.4921875 0.071875 0.0625
0 0.94375 0.575 0.065625 0.065625
0 0.959375 0.80859375 0.06875 0.0640625
0 0.9546875 0.728125 0.06875 0.05625
0 0.66171875 0.6578125 0.0640625 0.078125
0 0.553125 0.5703125 0.065625 0.0625
0 0.7828125 0.83125 0.0625 0.05625