0 0.240625 0.959375 0.121875 0.08125
0 0.42421875 0.85078125 0.0953125 0.0796875
0 0.4859375 0.953125 0.1125 0.09375
0 0.9703125 0.615625 0.059375 0.103125
0 0.93515625 0.52109375 0.0578125 0.0578125
0 0.8328125 0.48515625 0.109375 0.1078125
0 0.63125 0.50078125 0.1125 0.1078125
0 0.6046875 0.70625 0.096875 0.078125
0 0.5265625 0.2828125 0.053125 0.065625
0 0.6140625 0.2421875 0.090625 0.103125
0 0.81875 0.24375 0.0625 0.071875
0 0.9203125 0.19375 0.06875 0.059375
0 0.9671875 0.11640625 0.065625 0.0703125