0 0.240625 0.040625 0.121875 0.08125
0 0.42421875 0.14921875 0.0953125 0.0796875
0 0.4859375 0.046875 0.11171875 0.09296875
0 0.9703125 0.384375 0.059375 0.103125
0 0.93515625 0.48046875 0.0578125 0.0578125
0 0.8328125 0.51640625 0.10859375 0.1078125
0 0.63125 0.49921875 0.11328125 0.1078125
0 0.6046875 0.29375 0.096875 0.07890625
0 0.5265625 0.7171875 0.05234375 0.06640625
0 0.6140625 0.7578125 0.08984375 0.10390625
0 0.81875 0.7578125 0.0625 0.071875
0 0.91875 0.80625 0.06953125 0.06015625
0 0.9671875 0.88515625 0.065625 0.0703125