0 0.62578125 0.0515625 0.0640625 0.065625
0 0.7046875 0.06796875 0.06328125 0.0765625
0 0.68125 0.328125 0.09609375 0.10546875
0 0.5859375 0.32265625 0.06640625 0.0734375
0 0.83359375 0.3390625 0.1140625 0.109375
0 0.284375 0.384375 0.09921875 0.103125
0 0.22890625 0.48046875 0.0578125 0.0578125
0 0.125 0.51640625 0.10859375 0.1078125
0 0.1125 0.7578125 0.0625 0.071875
0 0.2125 0.80625 0.06953125 0.06015625
0 0.2625 0.88515625 0.06953125 0.0703125
0 0.325 0.940625 0.046875 0.05546875
0 0.4125 0.934375 0.065625 0.0625
0 0.490625 0.9453125 0.06328125 0.07109375
0 0.575 0.94375 0.06484375 0.06484375
0 0.80859375 0.959375 0.0640625 0.06953125
0 0.728125 0.953125 0.05546875 0.06953125
0 0.6578125 0.66171875 0.078125 0.0640625
0 0.5703125 0.553125 0.0625 0.065625
0 0.83125 0.78125 0.05625 0.06328125