0 0.83828125 0.93125 0.0390625 0.034375
0 0.8515625 0.9859375 0.04765625 0.028125
0 0.9609375 0.8296875 0.04375 0.03125
0 0.92421875 0.7828125 0.0421875 0.034375
0 0.86484375 0.50390625 0.0453125 0.0484375
0 0.8734375 0.08359375 0.05703125 0.0421875
0 0.896875 0.0296875 0.05703125 0.04140625
0 0.9109375 0.1390625 0.05859375 0.05234375
0 0.8640625 0.1828125 0.06171875 0.04296875
0 0.82734375 0.296875 0.0578125 0.05390625
0 0.75625 0.3875 0.05 0.04375
0 0.71328125 0.4359375 0.0546875 0.040625
0 0.6828125 0.48359375 0.046875 0.0515625
0 0.6265625 0.4875 0.04296875 0.04765625
0 0.56875 0.49765625 0.03828125 0.0546875
0 0.51328125 0.4984375 0.0421875 0.04296875
0 0.4546875 0.5390625 0.05 0.05546875
0 0.40234375 0.503125 0.0484375 0.05
0 0.01015625 0.41640625 0.0203125 0.0453125