0 0.153125 0.7328125 0.028125 0.04375
0 0.04609375 0.6640625 0.0421875 0.046875
0 0.20078125 0.6609375 0.0421875 0.0375
0 0.3078125 0.7984375 0.046875 0.05625
0 0.41171875 0.85859375 0.0296875 0.0421875
0 0.46875 0.86953125 0.03125 0.0390625
0 0.6140625 0.8765625 0.034375 0.0375
0 0.1640625 0.55625 0.04375 0.04375
0 0.1453125 0.4984375 0.05625 0.04375
0 0.16171875 0.2234375 0.0390625 0.034375
0 0.1484375 0.2859375 0.046875 0.040625
0 0.040625 0.1234375 0.04375 0.03125
0 0.07734375 0.075 0.0421875 0.034375