0 0.9359375 0.6765625 0.08671875 0.09140625
0 0.853125 0.6546875 0.02734375 0.03671875
0 0.8609375 0.6171875 0.01953125 0.02109375
0 0.884375 0.596875 0.02265625 0.025
0 0.8609375 0.5890625 0.02265625 0.025
0 0.8328125 0.5734375 0.03046875 0.0375
0 0.8109375 0.6078125 0.03046875 0.03828125
0 0.7265625 0.4875 0.01953125 0.02109375
0 0.70625 0.5046875 0.02265625 0.02578125
0 0.7328125 0.50625 0.02421875 0.02734375
0 0.71796875 0.5375 0.0203125 0.02265625
0 0.6921875 0.53515625 0.025 0.0328125
0 0.64140625 0.475 0.0421875 0.05078125
0 0.6 0.44296875 0.034375 0.0359375
0 0.546875 0.43828125 0.02421875 0.0265625
0 0.52578125 0.384375 0.0296875 0.0375
0 0.4984375 0.38515625 0.02265625 0.0296875
0 0.496875 0.35859375 0.02265625 0.0296875
0 0.4765625 0.396875 0.02265625 0.025
0 0.434375 0.359375 0.04140625 0.04765625
0 0.2921875 0.2640625 0.04140625 0.053125
0 0.2078125 0.2265625 0.07421875 0.09140625