0 0.70390625 0.1359375 0.0890625 0.09375
0 0.60625 0.0765625 0.0875 0.0875
0 0.51640625 0.034375 0.0796875 0.065625
0 0.7828125 0.5984375 0.090625 0.090625
0 0.56875 0.51328125 0.040625 0.0484375
0 0.4265625 0.4265625 0.040625 0.05
0 0.40078125 0.58125 0.0421875 0.046875
0 0.678125 0.7703125 0.090625 0.0875
0 0.6546875 0.8546875 0.0375 0.028125
0 0.6171875 0.8453125 0.021875 0.01875
0 0.596875 0.821875 0.025 0.021875
0 0.5890625 0.8453125 0.025 0.021875
0 0.5734375 0.875 0.0375 0.03125
0 0.6078125 0.896875 0.0375 0.03125
0 0.4875 0.9796875 0.021875 0.01875
0 0.50625 0.99375 0.025 0.0125
0 0.50625 0.975 0.028125 0.025
0 0.5375 0.98984375 0.021875 0.0203125