0 0.0640625 0.3234375 0.0875 0.090625
0 0.146875 0.346875 0.028125 0.0375
0 0.1390625 0.3828125 0.01875 0.021875
0 0.115625 0.4046875 0.021875 0.025
0 0.1390625 0.4125 0.021875 0.025
0 0.16875 0.4265625 0.03125 0.0375
0 0.190625 0.3921875 0.03125 0.0375
0 0.2734375 0.5125 0.01875 0.021875
0 0.29375 0.4953125 0.021875 0.025
0 0.2671875 0.49375 0.025 0.028125
0 0.28359375 0.4625 0.0203125 0.021875
0 0.3078125 0.46640625 0.025 0.0328125
0 0.36015625 0.525 0.0421875 0.05
0 0.4 0.55859375 0.034375 0.0359375
0 0.453125 0.56171875 0.025 0.0265625
0 0.47578125 0.615625 0.0296875 0.0375
0 0.5015625 0.61640625 0.021875 0.0296875
0 0.503125 0.64296875 0.021875 0.0296875
0 0.5234375 0.6046875 0.021875 0.025
0 0.565625 0.640625 0.040625 0.046875
0 0.7078125 0.7359375 0.040625 0.053125
0 0.79375 0.7734375 0.075 0.090625