0 0.61953125 0.19375 0.0484375 0.05
0 0.5796875 0.240625 0.04765625 0.05546875
0 0.5390625 0.2875 0.046875 0.05078125
0 0.4515625 0.2734375 0.08125 0.0875
0 0.35703125 0.225 0.0796875 0.10625
0 0.2703125 0.175 0.08125 0.10625
0 0.1796875 0.13125 0.08125 0.096875
0 0.084375 0.0875 0.07578125 0.09453125
0 0.07421875 0.29375 0.0828125 0.10234375
0 0.01796875 0.0359375 0.0359375 0.071875
0 0.98125 0.1046875 0.0375 0.065625
0 0.921875 0.0890625 0.04609375 0.06015625
0 0.865625 0.0625 0.046875 0.05546875
0 0.625 0.9609375 0.11015625 0.06875