0 0.6453125 0.934375 0.0875 0.10625
0 0.725 0.175 0.06875 0.08125
0 0.4921875 0.85625 0.028125 0.034375
0 0.52265625 0.8953125 0.0390625 0.03125
0 0.53984375 0.93828125 0.0390625 0.0359375
0 0.06484375 0.5734375 0.0484375 0.053125
0 0.1265625 0.5640625 0.04375 0.059375
0 0.1859375 0.54140625 0.046875 0.0609375
0 0.24765625 0.5015625 0.0453125 0.059375
0 0.3421875 0.5671875 0.053125 0.05
0 0.365625 0.6390625 0.078125 0.053125
0 0.3171875 0.67578125 0.0625 0.0484375
0 0.2640625 0.6859375 0.046875 0.05
0 0.1890625 0.71875 0.065625 0.05
0 0.203125 0.78515625 0.059375 0.0453125
0 0.23125 0.840625 0.05625 0.046875
0 0.0390625 0.1421875 0.04375 0.0625
0 0.109375 0.1640625 0.0625 0.075
0 0.16875 0.28203125 0.065625 0.0484375
0 0.115625 0.3296875 0.059375 0.05625