0 0.1703125 0.79140625 0.084375 0.0890625
0 0.3546875 0.228125 0.0875 0.10625
0 0.5078125 0.15 0.028125 0.034375
0 0.47734375 0.1890625 0.0390625 0.03125
0 0.46171875 0.23046875 0.0390625 0.0359375
0 0.3671875 0.4546875 0.03125 0.0375
0 0.3984375 0.52265625 0.040625 0.0296875
0 0.425 0.4796875 0.03125 0.0375
0 0.37734375 0.59375 0.0921875 0.084375
0 0.403125 0.66484375 0.075 0.0546875
0 0.453125 0.7015625 0.046875 0.05625
0 0.328125 0.88984375 0.09375 0.0828125
0 0.675 0.39375 0.065625 0.05625
0 0.6375 0.46484375 0.065625 0.0515625
0 0.6015625 0.5328125 0.0625 0.053125
0 0.571875 0.609375 0.084375 0.075
0 0.5859375 0.91953125 0.084375 0.0796875
0 0.9 0.38046875 0.05 0.0484375
0 0.9484375 0.4203125 0.05625 0.046875
0 0.984375 0.4625 0.03125 0.046875
0 0.9671875 0.55 0.065625 0.08125
0 0.9328125 0.64296875 0.10625 0.0796875
0 0.88125 0.7296875 0.10625 0.08125
0 0.8375 0.8203125 0.096875 0.08125
0 0.7953125 0.915625 0.09375 0.075
0 0.97421875 0.92578125 0.0515625 0.0828125
0 0.73359375 0.98203125 0.0921875 0.0359375
0 0.8109375 0.01875 0.065625 0.0375
0 0.796875 0.078125 0.059375 0.046875
0 0.76875 0.134375 0.05625 0.046875