0 0.1703125 0.209375 0.084375 0.0875
0 0.3546875 0.7734375 0.0875 0.10625
0 0.5078125 0.85 0.028125 0.034375
0 0.47734375 0.8125 0.0390625 0.03125
0 0.46171875 0.76953125 0.0390625 0.0359375
0 0.3671875 0.546875 0.03125 0.0375
0 0.3984375 0.47890625 0.040625 0.0296875
0 0.425 0.521875 0.03125 0.0375
0 0.37734375 0.4078125 0.0921875 0.084375
0 0.403125 0.33671875 0.075 0.0546875
0 0.453125 0.2984375 0.046875 0.05625
0 0.328125 0.11015625 0.09375 0.0828125
0 0.675 0.60625 0.065625 0.05625
0 0.6375 0.53515625 0.065625 0.0515625
0 0.6015625 0.46875 0.0625 0.053125
0 0.571875 0.3921875 0.084375 0.075
0 0.5859375 0.08046875 0.084375 0.0796875
0 0.9 0.61953125 0.05 0.0484375
0 0.9484375 0.58046875 0.05625 0.0484375
0 0.984375 0.5390625 0.03125 0.046875
0 0.9671875 0.45 0.065625 0.08125
0 0.9328125 0.35703125 0.10625 0.0796875
0 0.88125 0.2703125 0.10625 0.08125
0 0.8375 0.1796875 0.096875 0.08125
0 0.7953125 0.0859375 0.09375 0.075
0 0.97421875 0.07421875 0.0515625 0.0828125
0 0.73359375 0.01796875 0.0921875 0.0359375
0 0.8109375 0.98125 0.065625 0.0375
0 0.796875 0.921875 0.059375 0.046875
0 0.76875 0.865625 0.05625 0.046875