0 0.80625 0.38046875 0.05 0.0484375
0 0.759375 0.4203125 0.05625 0.046875
0 0.7125 0.4625 0.05 0.046875
0 0.728125 0.55 0.0875 0.08125
0 0.775 0.64296875 0.10625 0.0796875
0 0.8265625 0.7296875 0.10625 0.08125
0 0.8703125 0.8203125 0.096875 0.08125
0 0.9125 0.915625 0.09375 0.075
0 0.7078125 0.92578125 0.103125 0.0828125
0 0.9640625 0.98203125 0.071875 0.0359375
0 0.8953125 0.01875 0.065625 0.0375
0 0.9109375 0.078125 0.059375 0.046875
0 0.9375 0.134375 0.05625 0.046875
0 0.040625 0.375 0.06875 0.109375