0 0.77109375 0.5734375 0.0484375 0.053125
0 0.834375 0.5640625 0.04375 0.059375
0 0.89375 0.54140625 0.046875 0.0609375
0 0.95390625 0.5015625 0.0453125 0.059375
0 0.9703125 0.6859375 0.046875 0.05
0 0.8953125 0.71875 0.065625 0.05
0 0.9109375 0.78515625 0.059375 0.0453125
0 0.9375 0.840625 0.05625 0.046875
0 0.6828125 0.02890625 0.05 0.0484375
0 0.7453125 0.1421875 0.04375 0.0625
0 0.815625 0.1640625 0.0625 0.075
0 0.875 0.28203125 0.065625 0.0484375
0 0.8234375 0.3296875 0.059375 0.05625
0 0.51328125 0.165625 0.0578125 0.046875
0 0.5265625 0.228125 0.05625 0.0375
0 0.53671875 0.39375 0.0484375 0.046875
0 0.375 0.40546875 0.0625 0.0578125
0 0.090625 0.265625 0.065625 0.0625
0 0.1765625 0.40625 0.05 0.034375
0 0.2203125 0.4703125 0.065625 0.046875
0 0.25625 0.5375 0.071875 0.05