0 0.38046875 0.19375 0.0484375 0.05
0 0.4203125 0.240625 0.046875 0.05625
0 0.4625 0.2875 0.046875 0.05
0 0.55 0.2734375 0.08125 0.0875
0 0.64296875 0.225 0.0796875 0.10625
0 0.7296875 0.175 0.08125 0.10625
0 0.8203125 0.13125 0.08125 0.096875
0 0.915625 0.0890625 0.075 0.09375
0 0.92578125 0.29375 0.0828125 0.103125
0 0.98203125 0.0359375 0.0359375 0.071875
0 0.01875 0.1046875 0.0375 0.065625
0 0.078125 0.090625 0.046875 0.059375
0 0.134375 0.0625 0.046875 0.05625
0 0.375 0.9609375 0.109375 0.06875