0 0.98984375 0.13125 0.0203125 0.05
0 0.8140625 0.253125 0.034375 0.05
0 0.7734375 0.23203125 0.03125 0.0484375
0 0.728125 0.225 0.034375 0.046875
0 0.6890625 0.24296875 0.03125 0.0515625
0 0.6390625 0.23125 0.0375 0.046875
0 0.609375 0.1140625 0.03125 0.04375
0 0.603125 0.26171875 0.034375 0.0546875
0 0.56640625 0.2734375 0.0296875 0.05625
0 0.528125 0.2734375 0.04375 0.046875
0 0.4953125 0.2984375 0.0375 0.0375
0 0.4578125 0.31796875 0.03125 0.0484375
0 0.409375 0.32890625 0.028125 0.0421875
0 0.34765625 0.3828125 0.0484375 0.034375
0 0.32890625 0.42421875 0.0421875 0.0359375
0 0.3078125 0.45625 0.04375 0.0375
0 0.28984375 0.49375 0.0453125 0.028125
0 0.278125 0.54140625 0.046875 0.0296875
0 0.26875 0.5875 0.04375 0.03125
0 0.2609375 0.678125 0.04375 0.03125
0 0.25 0.72265625 0.040625 0.0296875
0 0.2015625 0.6390625 0.0375 0.040625
0 0.1671875 0.36953125 0.040625 0.0296875
0 0.3 0.3453125 0.046875 0.028125
0 0.29921875 0.31171875 0.0421875 0.0296875
0 0.29453125 0.278125 0.0421875 0.028125
0 0.290625 0.2453125 0.040625 0.025
0 0.29453125 0.2046875 0.0359375 0.03125
0 0.32578125 0.1890625 0.0296875 0.04375
0 0.36171875 0.1796875 0.0265625 0.0375
0 0.39375 0.2078125 0.03125 0.034375
0 0.40078125 0.25703125 0.0265625 0.0390625