0 0.19375 0.0203125 0.053125 0.0375
0 0.16875 0.07890625 0.0625 0.0484375
0 0.12265625 0.33359375 0.0859375 0.0640625
0 0.1265625 0.39765625 0.0625 0.0453125
0 0.146875 0.45078125 0.059375 0.0421875
0 0.13125 0.5203125 0.05625 0.046875
0 0.1890625 0.5484375 0.05 0.046875
0 0.225 0.590625 0.05 0.05
0 0.271875 0.6359375 0.05 0.046875
0 0.31484375 0.6796875 0.0484375 0.05625
0 0.3734375 0.7015625 0.0625 0.065625
0 0.44375 0.696875 0.046875 0.053125
0 0.49453125 0.69765625 0.0390625 0.0453125
0 0.5375 0.796875 0.059375 0.046875
0 0.6 0.7484375 0.05 0.05
0 0.98515625 0.75 0.0296875 0.040625