0 0.88515625 0.878125 0.0453125 0.065625
0 0.85546875 0.8390625 0.0390625 0.04375
0 0.80234375 0.809375 0.0359375 0.05625
0 0.7625 0.77734375 0.040625 0.0609375
0 0.7296875 0.73125 0.046875 0.04375
0 0.696875 0.69296875 0.05625 0.0453125
0 0.653125 0.6546875 0.05625 0.046875
0 0.6375 0.5984375 0.05625 0.040625
0 0.6328125 0.54140625 0.046875 0.0453125
0 0.621875 0.471875 0.059375 0.04375
0 0.58828125 0.7421875 0.0453125 0.053125
0 0.4578125 0.4 0.05 0.05
0 0.465625 0.4640625 0.05625 0.046875
0 0.446875 0.515625 0.046875 0.046875
0 0.4515625 0.578125 0.05 0.046875
0 0.4484375 0.640625 0.046875 0.04375
0 0.42265625 0.7046875 0.0640625 0.053125
0 0.3828125 0.7546875 0.046875 0.040625
0 0.41328125 0.92734375 0.0578125 0.0453125
0 0.3640625 0.9609375 0.046875 0.046875
0 0.2734375 0.8078125 0.0375 0.053125
0 0.215625 0.8328125 0.046875 0.0625