0 0.8078125 0.98125 0.053125 0.0375
0 0.8328125 0.921875 0.0625 0.046875
0 0.87734375 0.66796875 0.0859375 0.0640625
0 0.875 0.60234375 0.0625 0.0453125
0 0.853125 0.55 0.059375 0.040625
0 0.8703125 0.4796875 0.05625 0.046875
0 0.8109375 0.4515625 0.05 0.046875
0 0.775 0.4109375 0.05 0.05
0 0.728125 0.365625 0.05 0.046875
0 0.6859375 0.321875 0.046875 0.05625
0 0.628125 0.2984375 0.0625 0.065625
0 0.5578125 0.303125 0.046875 0.053125
0 0.50546875 0.30234375 0.0390625 0.0453125
0 0.4640625 0.203125 0.059375 0.046875
0 0.4 0.253125 0.05 0.05
0 0.01640625 0.25 0.0296875 0.040625