0 0.11640625 0.878125 0.0453125 0.065625
0 0.14609375 0.8390625 0.0390625 0.04375
0 0.19765625 0.81015625 0.0359375 0.0578125
0 0.2390625 0.778125 0.040625 0.0625
0 0.2703125 0.73125 0.046875 0.04375
0 0.3046875 0.69296875 0.05625 0.0453125
0 0.346875 0.6546875 0.05625 0.046875
0 0.3625 0.5984375 0.05625 0.040625
0 0.36875 0.54140625 0.046875 0.0453125
0 0.3796875 0.471875 0.059375 0.04375
0 0.41171875 0.7421875 0.0453125 0.053125
0 0.54375 0.4 0.05 0.05
0 0.5359375 0.4640625 0.05625 0.046875
0 0.553125 0.515625 0.046875 0.046875
0 0.55 0.578125 0.05 0.046875
0 0.553125 0.640625 0.046875 0.04375
0 0.57890625 0.7046875 0.0640625 0.053125
0 0.6171875 0.7546875 0.046875 0.040625
0 0.58671875 0.92734375 0.0578125 0.0453125
0 0.6359375 0.96171875 0.046875 0.0484375
0 0.7265625 0.80703125 0.0375 0.0515625
0 0.784375 0.8328125 0.046875 0.0625