0 0.09296875 0.9890625 0.0671875 0.021875
0 0.10625 0.63046875 0.05625 0.0453125
0 0.096875 0.43671875 0.065625 0.0515625
0 0.1890625 0.3421875 0.05 0.065625
0 0.1875 0.2046875 0.053125 0.065625
0 0.3515625 0.878125 0.065625 0.04375
0 0.34765625 0.7578125 0.0578125 0.053125
0 0.359375 0.3625 0.071875 0.04375
0 0.35703125 0.2375 0.0703125 0.04375
0 0.35703125 0.175 0.0703125 0.04375
0 0.5078125 0.98515625 0.065625 0.0296875
0 0.5078125 0.809375 0.065625 0.046875
0 0.5140625 0.746875 0.0625 0.040625
0 0.596875 0.72890625 0.046875 0.0484375
0 0.5046875 0.5453125 0.0625 0.040625
0 0.503125 0.48203125 0.0625 0.0421875
0 0.4984375 0.421875 0.065625 0.04375
0 0.503125 0.359375 0.0625 0.04375
0 0.5078125 0.2984375 0.0625 0.04375
0 0.50859375 0.23671875 0.0671875 0.0390625
0 0.5109375 0.17890625 0.05625 0.0421875
0 0.5984375 0.15 0.04375 0.06875
0 0.76015625 0.940625 0.0609375 0.0375
0 0.928125 0.9890625 0.053125 0.021875
0 0.7625 0.7734375 0.05625 0.0375
0 0.7640625 0.5171875 0.053125 0.04375
0 0.7640625 0.40625 0.053125 0.04375
0 0.7703125 0.2359375 0.053125 0.04375
0 0.7875 0.1796875 0.05625 0.046875