0 0.09296875 0.0125 0.0671875 0.021875
0 0.10625 0.37109375 0.05625 0.0453125
0 0.096875 0.56484375 0.065625 0.0515625
0 0.1890625 0.6578125 0.05 0.065625
0 0.1875 0.796875 0.053125 0.065625
0 0.3515625 0.1234375 0.065625 0.04375
0 0.34765625 0.24375 0.0578125 0.053125
0 0.359375 0.6390625 0.071875 0.04375
0 0.35703125 0.7640625 0.0703125 0.04375
0 0.35703125 0.8265625 0.0703125 0.04375
0 0.5078125 0.01484375 0.065625 0.0296875
0 0.5078125 0.190625 0.065625 0.046875
0 0.5140625 0.253125 0.0625 0.040625
0 0.596875 0.27265625 0.046875 0.0484375
0 0.5046875 0.4546875 0.0625 0.040625
0 0.503125 0.51796875 0.0625 0.0421875
0 0.4984375 0.578125 0.065625 0.04375
0 0.503125 0.640625 0.0625 0.04375
0 0.5078125 0.703125 0.0625 0.04375
0 0.50859375 0.76328125 0.0671875 0.0390625
0 0.5109375 0.82265625 0.05625 0.0421875
0 0.5984375 0.85 0.04375 0.06875
0 0.76015625 0.0609375 0.0609375 0.0375
0 0.928125 0.0109375 0.053125 0.021875
0 0.7625 0.2265625 0.05625 0.0375
0 0.7640625 0.484375 0.053125 0.04375
0 0.7640625 0.59375 0.053125 0.04375
0 0.7703125 0.765625 0.053125 0.04375
0 0.7875 0.821875 0.05625 0.046875