0 0.8578125 0.11015625 0.05 0.0515625
0 0.94296875 0.30390625 0.0515625 0.0578125
0 0.88359375 0.2984375 0.0546875 0.0625
0 0.76015625 0.3015625 0.0609375 0.065625
0 0.68125 0.3 0.05234375 0.06171875
0 0.621875 0.3015625 0.05234375 0.06484375
0 0.55859375 0.3 0.0515625 0.06328125
0 0.8765625 0.4703125 0.05703125 0.06015625
0 0.81875 0.4765625 0.05390625 0.06171875
0 0.6859375 0.475 0.05234375 0.05546875
0 0.61875 0.478125 0.05390625 0.06171875
0 0.55859375 0.471875 0.0609375 0.05859375
0 0.9125 0.971875 0.05390625 0.05625
0 0.8203125 0.97109375 0.05625 0.0578125
0 0.6515625 0.75234375 0.05703125 0.0546875
0 0.7609375 0.9703125 0.05625 0.05703125
0 0.68125 0.9703125 0.05390625 0.05859375
0 0.621875 0.97265625 0.05546875 0.0546875
0 0.55625 0.96953125 0.0625 0.0609375
0 0.49375 0.9671875 0.05703125 0.06328125
0 0.42890625 0.97109375 0.0609375 0.0578125
0 0.353125 0.97109375 0.05234375 0.0578125
0 0.29296875 0.9703125 0.0546875 0.05703125