0 0.1515625 0.89140625 0.05 0.0515625
0 0.54296875 0.98984375 0.0296875 0.0203125
0 0.5640625 0.7 0.05 0.059375
0 0.4421875 0.6984375 0.05625 0.065625
0 0.23671875 0.69609375 0.0515625 0.0578125
0 0.17734375 0.703125 0.0546875 0.0625
0 0.05390625 0.7 0.0609375 0.065625
0 0.51328125 0.5234375 0.0546875 0.05625
0 0.3828125 0.50078125 0.053125 0.0609375
0 0.1703125 0.5296875 0.05625 0.059375
0 0.1125 0.525 0.053125 0.0625
0 0.96953125 0.021875 0.0296875 0.04375
0 0.878125 0.02578125 0.05625 0.0515625
0 0.81796875 0.02578125 0.0546875 0.0515625
0 0.72734375 0.025 0.0515625 0.05
0 0.6640625 0.0234375 0.053125 0.046875
0 0.59921875 0.02421875 0.0546875 0.0484375
0 0.5234375 0.02890625 0.053125 0.0578125
0 0.459375 0.028125 0.05625 0.053125
0 0.396875 0.03125 0.053125 0.0625
0 0.2078125 0.028125 0.053125 0.05625
0 0.1140625 0.02890625 0.05625 0.0578125
0 0.053125 0.0296875 0.05625 0.05625