0 0.89140625 0.8578125 0.0515625 0.05
0 0.69609375 0.94296875 0.0578125 0.0515625
0 0.703125 0.88359375 0.0625 0.0546875
0 0.7 0.76015625 0.065625 0.0609375
0 0.7015625 0.68125 0.0625 0.053125
0 0.7 0.621875 0.065625 0.053125
0 0.7 0.55859375 0.0625 0.0515625
0 0.5296875 0.878125 0.059375 0.05625
0 0.525 0.81875 0.0625 0.053125
0 0.5265625 0.6859375 0.05625 0.053125
0 0.5234375 0.61875 0.0625 0.053125
0 0.5296875 0.55859375 0.059375 0.0609375
0 0.028125 0.91328125 0.05625 0.0546875
0 0.02890625 0.8203125 0.0578125 0.05625
0 0.24921875 0.6515625 0.0546875 0.05625
0 0.0296875 0.7609375 0.05625 0.05625
0 0.0296875 0.6828125 0.059375 0.053125
0 0.02734375 0.621875 0.0546875 0.05625
0 0.03046875 0.55625 0.0609375 0.0625
0 0.0328125 0.49375 0.0625 0.05625
0 0.02890625 0.42890625 0.0578125 0.0609375
0 0.02890625 0.353125 0.0578125 0.053125
0 0.0296875 0.29296875 0.05625 0.0546875