0 0.2734375 0.9703125 0.04375 0.03125
0 0.27734375 0.878125 0.0703125 0.05625
0 0.27734375 0.81875 0.0703125 0.053125
0 0.275 0.72734375 0.0625 0.0515625
0 0.278125 0.6640625 0.0625 0.053125
0 0.278125 0.59921875 0.065625 0.0546875
0 0.27265625 0.5234375 0.0734375 0.053125
0 0.275 0.459375 0.06875 0.05625
0 0.271875 0.396875 0.08125 0.053125
0 0.26875 0.2078125 0.0625 0.053125
0 0.2703125 0.1140625 0.06875 0.05625
0 0.2703125 0.053125 0.06875 0.05625
0 0.51015625 0.9734375 0.0515625 0.034375
0 0.5046875 0.92578125 0.046875 0.0421875
0 0.50703125 0.87734375 0.0484375 0.0421875
0 0.503125 0.8203125 0.05625 0.053125
0 0.5015625 0.728125 0.05625 0.053125
0 0.50546875 0.66484375 0.0578125 0.0546875
0 0.5125 0.590625 0.078125 0.065625
0 0.4953125 0.5125 0.075 0.065625
0 0.49765625 0.4125 0.0984375 0.09375
0 0.609375 0.43515625 0.05625 0.0609375
0 0.4828125 0.19375 0.08125 0.059375
0 0.49140625 0.08984375 0.0921875 0.0921875