0 0.85 0.11015625 0.05 0.0515625
0 0.45703125 0.01015625 0.0296875 0.0203125
0 0.4375 0.3 0.05 0.059375
0 0.5578125 0.303125 0.05625 0.065625
0 0.76484375 0.30390625 0.0515625 0.0578125
0 0.82421875 0.2984375 0.0546875 0.0625
0 0.94765625 0.3015625 0.0609375 0.065625
0 0.48828125 0.4765625 0.0546875 0.05625
0 0.61875 0.50078125 0.053125 0.0609375
0 0.8296875 0.471875 0.05625 0.059375
0 0.8875 0.4765625 0.053125 0.0625
0 0.03046875 0.978125 0.0296875 0.04375
0 0.1234375 0.97421875 0.05625 0.0515625
0 0.18203125 0.97421875 0.0546875 0.0515625
0 0.27265625 0.975 0.0515625 0.05
0 0.3359375 0.9765625 0.053125 0.046875
0 0.40078125 0.97578125 0.0546875 0.0484375
0 0.478125 0.97109375 0.053125 0.0578125
0 0.5421875 0.9734375 0.05625 0.053125
0 0.6046875 0.96875 0.053125 0.0625
0 0.79375 0.971875 0.053125 0.05625
0 0.8859375 0.97109375 0.05625 0.0578125
0 0.946875 0.971875 0.05625 0.05625