0 0.9125 0.26875 0.05390625 0.0625
0 0.8203125 0.2703125 0.05625 0.06796875
0 0.6515625 0.04453125 0.05703125 0.0546875
0 0.7609375 0.2703125 0.05625 0.06796875
0 0.68125 0.26875 0.05390625 0.06875
0 0.621875 0.271875 0.05546875 0.065625
0 0.5578125 0.2703125 0.06171875 0.071875
0 0.49375 0.26640625 0.05703125 0.0703125
0 0.4296875 0.2703125 0.06015625 0.06953125
0 0.353125 0.26875 0.05234375 0.06484375
0 0.29296875 0.2671875 0.0546875 0.0625
0 0.9 0.4828125 0.06015625 0.08125
0 0.79765625 0.49140625 0.0921875 0.0921875
0 0.69375 0.5015625 0.05390625 0.06171875
0 0.6296875 0.5 0.053125 0.065625
0 0.5640625 0.503125 0.05546875 0.0625
0 0.47890625 0.49375 0.0546875 0.05546875
0 0.4140625 0.4953125 0.05625 0.0625
0 0.3515625 0.5015625 0.06015625 0.0625
0 0.2921875 0.49765625 0.05234375 0.0546875