0 0.9140625 0.73125 0.053125 0.0625
0 0.8203125 0.7296875 0.05625 0.06875
0 0.6515625 0.95546875 0.05625 0.0546875
0 0.7609375 0.7296875 0.05625 0.06875
0 0.6828125 0.73125 0.053125 0.06875
0 0.621875 0.728125 0.05625 0.065625
0 0.5578125 0.73125 0.0625 0.071875
0 0.49375 0.73515625 0.05625 0.0703125
0 0.4296875 0.7296875 0.059375 0.06875
0 0.353125 0.7328125 0.053125 0.065625
0 0.29296875 0.7328125 0.0546875 0.0625
0 0.9 0.51875 0.059375 0.08125
0 0.79765625 0.50859375 0.0921875 0.0921875
0 0.69375 0.5 0.053125 0.0625
0 0.6296875 0.5 0.053125 0.065625
0 0.5640625 0.4984375 0.05625 0.0625
0 0.47890625 0.50625 0.0546875 0.05625
0 0.4140625 0.5046875 0.05625 0.0625
0 0.353125 0.5 0.059375 0.0625
0 0.2921875 0.50234375 0.053125 0.0546875