0 0.9578125 0.875 0.084375 0.125
0 0.928125 0.13671875 0.084375 0.0671875
0 0.953125 0.45625 0.071875 0.06875
0 0.6828125 0.4328125 0.128125 0.1
0 0.8265625 0.5796875 0.115625 0.125
0 0.690625 0.596875 0.125 0.1125
0 0.621875 0.715625 0.115625 0.1
0 0.44296875 0.32421875 0.0765625 0.0703125
0 0.44453125 0.48203125 0.0765625 0.0703125
0 0.2203125 0.171875 0.065625 0.053125
0 0.2375 0.334375 0.084375 0.0625
0 0.2390625 0.41640625 0.08125 0.0703125
0 0.2375 0.4921875 0.0625 0.05625
0 0.053125 0.35546875 0.084375 0.0734375
0 0.49375 0.8765625 0.13125 0.103125
0 0.49609375 0.9703125 0.0859375 0.059375
0 0.2453125 0.98359375 0.06875 0.0328125
0 0.0265625 0.9640625 0.053125 0.071875