0 0.8234375 0.284375 0.090625 0.08125
0 0.87890625 0.45 0.1015625 0.084375
0 0.91171875 0.53359375 0.0859375 0.0796875
0 0.634375 0.4046875 0.059375 0.053125
0 0.64609375 0.45390625 0.0578125 0.0453125
0 0.6890625 0.56015625 0.05625 0.0453125
0 0.625 0.5890625 0.05 0.05
0 0.4890625 0.515625 0.05625 0.046875
0 0.50625 0.565625 0.05625 0.04375
0 0.521875 0.62421875 0.046875 0.0515625
0 0.85390625 0.72734375 0.0546875 0.0609375
0 0.8734375 0.93125 0.075 0.084375
0 0.7796875 0.76953125 0.05 0.0515625
0 0.6984375 0.79765625 0.05 0.0546875
0 0.78203125 0.9609375 0.0796875 0.078125
0 0.70234375 0.975 0.0796875 0.05
0 0.61484375 0.809375 0.0859375 0.103125
0 0.5328125 0.846875 0.05625 0.065625
0 0.4453125 0.8734375 0.0875 0.096875
0 0.3578125 0.915625 0.05625 0.065625
0 0.284375 0.93515625 0.08125 0.0859375
0 0.01171875 0.82421875 0.0234375 0.0890625
0 0.740625 0.47578125 0.05 0.0609375
0 0.01171875 0.82265625 0.0234375 0.0859375
0 0.3609375 0.9125 0.04375 0.053125
0 0.446875 0.871875 0.078125 0.09375
0 0.74375 0.475 0.046875 0.059375
0 0.69765625 0.79921875 0.0421875 0.0546875
0 0.78203125 0.7703125 0.0421875 0.05
0 0.853125 0.728125 0.046875 0.05625
0 0.7828125 0.9625 0.071875 0.075
0 0.69921875 0.97578125 0.0703125 0.0484375
0 0.87578125 0.9359375 0.0703125 0.078125
0 0.8796875 0.453125 0.09375 0.075
0 0.91328125 0.5359375 0.0828125 0.071875
0 0.825 0.2875 0.084375 0.071875
0 0.49453125 0.5171875 0.0546875 0.04375
0 0.5078125 0.5671875 0.053125 0.0375
0 0.5234375 0.6265625 0.04375 0.046875
0 0.6265625 0.5921875 0.04375 0.046875
0 0.690625 0.5609375 0.046875 0.04375
0 0.64921875 0.45625 0.0515625 0.040625
0 0.63359375 0.4078125 0.0515625 0.04375
0 0.6203125 0.8140625 0.078125 0.096875
0 0.5296875 0.8484375 0.04375 0.059375
0 0.2828125 0.934375 0.071875 0.084375
0 0.7453125 0.47578125 0.0375 0.0546875