0 0.975 0.22734375 0.05 0.0859375
0 0.609375 0.0578125 0.084375 0.103125
0 0.6953125 0.11796875 0.071875 0.0890625
0 0.34609375 0.17265625 0.0765625 0.0734375
0 0.5 0.24375 0.075 0.096875
0 0.5828125 0.2765625 0.065625 0.078125
0 0.5453125 0.48203125 0.053125 0.0453125
0 0.4546875 0.659375 0.059375 0.040625
0 0.4296875 0.7625 0.04375 0.034375
0 0.771875 0.47265625 0.09375 0.0859375
0 0.7296875 0.559375 0.0875 0.075
0 0.6515625 0.728125 0.0875 0.075
0 0.609375 0.825 0.0625 0.046875
0 0.5734375 0.8890625 0.084375 0.075
0 0.98125 0.92421875 0.0375 0.0796875
0 0.9234375 0.6078125 0.084375 0.075
0 0.91171875 0.70234375 0.0921875 0.0734375
0 0.8078125 0.840625 0.053125 0.0375
0 0.34765625 0.1734375 0.0703125 0.06875
0 0.61015625 0.06171875 0.0796875 0.1015625
0 0.696875 0.11640625 0.06875 0.0859375
0 0.5 0.24375 0.071875 0.0875
0 0.584375 0.2796875 0.065625 0.075
0 0.5453125 0.48125 0.05 0.04375
0 0.4578125 0.66171875 0.05 0.0421875
0 0.43125 0.7640625 0.0375 0.03125
0 0.65 0.7265625 0.08125 0.071875
0 0.6125 0.82578125 0.046875 0.0421875
0 0.57265625 0.890625 0.0765625 0.06875
0 0.809375 0.8421875 0.046875 0.040625
0 0.91171875 0.7046875 0.0890625 0.071875
0 0.92578125 0.6078125 0.0796875 0.071875
0 0.98359375 0.92734375 0.0328125 0.0734375
0 0.9765625 0.228125 0.046875 0.084375
0 0.7328125 0.5625 0.078125 0.071875
0 0.771875 0.475 0.0875 0.078125
0 0.0875 0.51484375 0.025 0.0234375