0 0.02578125 0.85390625 0.0515625 0.0546875
0 0.2234375 0.8734375 0.084375 0.075
0 0.06328125 0.78046875 0.0515625 0.0515625
0 0.09140625 0.6984375 0.0546875 0.05
0 0.25546875 0.78203125 0.0796875 0.0796875
0 0.2859375 0.70234375 0.084375 0.0796875
0 0.35078125 0.5078125 0.0765625 0.08125
0 0.403125 0.35 0.053125 0.05
0 0.103125 0.61484375 0.103125 0.0859375
0 0.140625 0.5328125 0.065625 0.05625
0 0.165625 0.4453125 0.096875 0.0875
0 0.209375 0.3578125 0.065625 0.05625
0 0.22734375 0.284375 0.0859375 0.08125
0 0.11796875 0.01171875 0.0890625 0.0234375
0 0.47265625 0.065625 0.0859375 0.09375
0 0.559375 0.034375 0.075 0.065625
0 0.925 0.3015625 0.08125 0.0875
0 0.60625 0.5546875 0.05 0.05625
0 0.68359375 0.58203125 0.0734375 0.0765625
0 0.60625 0.46875 0.053125 0.046875
0 0.68359375 0.46875 0.0515625 0.05625
0 0.6078125 0.2171875 0.075 0.084375
0 0.70234375 0.20546875 0.0734375 0.0921875
0 0.840625 0.1015625 0.0375 0.053125
0 0.11640625 0.01171875 0.0859375 0.0234375
0 0.8421875 0.103125 0.040625 0.046875
0 0.7046875 0.20546875 0.071875 0.0890625
0 0.6078125 0.21953125 0.071875 0.0796875
0 0.92734375 0.303125 0.0734375 0.084375
0 0.684375 0.46875 0.04375 0.053125
0 0.609375 0.471875 0.046875 0.046875
0 0.6859375 0.58359375 0.06875 0.0734375
0 0.40625 0.35 0.05 0.04375
0 0.20625 0.3609375 0.053125 0.04375
0 0.165625 0.446875 0.09375 0.078125
0 0.09296875 0.69765625 0.0546875 0.0421875
0 0.0640625 0.78203125 0.05 0.0421875
0 0.025 0.853125 0.05 0.046875
0 0.2578125 0.784375 0.075 0.071875
0 0.28671875 0.7 0.0796875 0.071875
0 0.35234375 0.5078125 0.0765625 0.071875
0 0.2296875 0.87578125 0.078125 0.0703125
0 0.1078125 0.6203125 0.096875 0.078125
0 0.140625 0.5296875 0.059375 0.04375
0 0.228125 0.2828125 0.084375 0.071875
0 0.5609375 0.03203125 0.071875 0.0640625
0 0.475 0.065625 0.078125 0.0875
0 0.6078125 0.55390625 0.04375 0.0515625