0 0.053125 0.103125 0.103125 0.11328125
0 0.0671875 0.26328125 0.134375 0.1171875
0 0.0625 0.40546875 0.125 0.1171875
0 0.05703125 0.540625 0.1140625 0.115625
0 0.0484375 0.6734375 0.06875 0.06640625
0 0.7 0.08125 0.12890625 0.125
0 0.415625 0.121875 0.12109375 0.109375
0 0.70390625 0.25859375 0.1234375 0.1140625
0 0.40625 0.26875 0.109375 0.10859375
0 0.4125 0.4 0.11796875 0.11328125
0 0.41171875 0.5359375 0.0828125 0.065625
0 0.709375 0.40390625 0.12265625 0.1171875
0 0.7046875 0.665625 0.09921875 0.08984375
0 0.05 0.1015625 0.09921875 0.1125
0 0.0640625 0.26171875 0.12734375 0.1203125
0 0.0640625 0.4046875 0.128125 0.11875
0 0.05703125 0.540625 0.1140625 0.11171875
0 0.04765625 0.6734375 0.0734375 0.06796875
0 0.4109375 0.53203125 0.08515625 0.0671875
0 0.7046875 0.6671875 0.10234375 0.09140625
0 0.409375 0.4 0.12265625 0.11171875
0 0.709375 0.4046875 0.121875 0.1125
0 0.409375 0.265625 0.11171875 0.11015625
0 0.70078125 0.25859375 0.1234375 0.1140625
0 0.41484375 0.11875 0.1203125 0.11171875
0 0.7015625 0.0796875 0.13359375 0.11796875