0 0.06640625 0.71875 0.1296875 0.121875
0 0.06015625 0.5421875 0.1203125 0.115625
0 0.0578125 0.35078125 0.115625 0.1109375
0 0.053125 0.1890625 0.103125 0.1125
0 0.0671875 0.04453125 0.134375 0.0890625
0 0.69765625 0.7203125 0.1203125 0.109375
0 0.6984375 0.559375 0.125 0.115625
0 0.40703125 0.55703125 0.1390625 0.1171875
0 0.41640625 0.36875 0.1203125 0.115625
0 0.71171875 0.37734375 0.1359375 0.1203125
0 0.7 0.2140625 0.128125 0.125
0 0.415625 0.171875 0.121875 0.109375
0 0.70390625 0.04609375 0.1234375 0.0921875
0 0.40625 0.03984375 0.109375 0.0796875
0 0.0640625 0.7203125 0.128125 0.121875
0 0.05703125 0.5421875 0.1140625 0.11875
0 0.0578125 0.35234375 0.1125 0.1140625
0 0.05 0.1921875 0.1 0.1125
0 0.06328125 0.046875 0.1265625 0.09375
0 0.40859375 0.04140625 0.1109375 0.0828125
0 0.70078125 0.046875 0.1234375 0.09375
0 0.41484375 0.175 0.1203125 0.1125
0 0.7015625 0.2140625 0.134375 0.11875
0 0.41640625 0.36875 0.1203125 0.10625
0 0.7109375 0.375 0.1375 0.11875
0 0.403125 0.55859375 0.140625 0.1203125
0 0.7015625 0.55859375 0.125 0.1140625
0 0.7 0.71875 0.121875 0.1125