0 0.93515625 0.71875 0.1296875 0.121875
0 0.940625 0.5421875 0.11875 0.115625
0 0.9421875 0.35078125 0.115625 0.1109375
0 0.9484375 0.1890625 0.103125 0.1125
0 0.9328125 0.04453125 0.134375 0.0890625
0 0.30390625 0.7203125 0.1203125 0.109375
0 0.303125 0.559375 0.125 0.115625
0 0.59453125 0.55703125 0.1390625 0.1171875
0 0.58359375 0.36875 0.1203125 0.115625
0 0.28984375 0.37734375 0.1359375 0.1203125
0 0.3 0.2140625 0.128125 0.125
0 0.584375 0.171875 0.121875 0.109375
0 0.29765625 0.04609375 0.1234375 0.0921875
0 0.59375 0.03984375 0.109375 0.0796875
0 0.9359375 0.7203125 0.128125 0.121875
0 0.94296875 0.5421875 0.1140625 0.11875
0 0.94375 0.35234375 0.1125 0.1140625
0 0.95 0.1921875 0.1 0.1125
0 0.93671875 0.046875 0.1265625 0.09375
0 0.5921875 0.04140625 0.1125 0.0828125
0 0.29921875 0.046875 0.1234375 0.09375
0 0.58515625 0.175 0.1203125 0.1125
0 0.2984375 0.2140625 0.134375 0.11875
0 0.58515625 0.36875 0.1203125 0.10625
0 0.290625 0.375 0.1375 0.11875
0 0.5984375 0.55859375 0.140625 0.1203125
0 0.3 0.55859375 0.125 0.1140625
0 0.3 0.71875 0.121875 0.1125