0 0.975 0.2796875 0.05 0.109375
0 0.9734375 0.440625 0.053125 0.115625
0 0.9640625 0.62421875 0.071875 0.1203125
0 0.971875 0.7875 0.05625 0.125
0 0.97109375 0.95390625 0.0578125 0.0921875
0 0.6578125 0.65625 0.11875 0.109375
0 0.3796875 0.9546875 0.115625 0.090625
0 0.971875 0.953125 0.05625 0.09375
0 0.96953125 0.78515625 0.0609375 0.1171875
0 0.9640625 0.6265625 0.071875 0.11875
0 0.971875 0.44140625 0.05625 0.1140625
0 0.9734375 0.28125 0.053125 0.1125
0 0.6578125 0.6578125 0.11875 0.115625
0 0.3796875 0.9546875 0.11875 0.090625