0 0.8734375 0.6703125 0.065625 0.075
0 0.71640625 0.63046875 0.0390625 0.0484375
0 0.52421875 0.578125 0.0703125 0.090625
0 0.6109375 0.596875 0.071875 0.096875
0 0.321875 0.44453125 0.084375 0.0828125
0 0.4578125 0.2734375 0.06875 0.071875
0 0.7859375 0.5390625 0.075 0.071875
0 0.79375 0.46328125 0.05625 0.0515625
0 0.834375 0.303125 0.084375 0.075
0 0.6765625 0.165625 0.084375 0.08125
0 0.13359375 0.38984375 0.0703125 0.0703125
0 0.0484375 0.4625 0.046875 0.05
0 0.15859375 0.3015625 0.0703125 0.06875
0 0.17734375 0.21875 0.0828125 0.075
0 0.196875 0.13125 0.090625 0.075
0 0.4109375 0.1015625 0.0875 0.078125
0 0.365625 0.5328125 0.03125 0.040625
0 0.0359375 0.7890625 0.040625 0.0375
0 0.028125 0.0453125 0.05 0.090625