0 0.97421875 0.340625 0.0515625 0.071875
0 0.959375 0.4828125 0.05 0.040625
0 0.8015625 0.29296875 0.08125 0.0703125
0 0.7734375 0.4390625 0.05 0.0375
0 0.6734375 0.484375 0.040625 0.05
0 0.6 0.2453125 0.096875 0.090625
0 0.5921875 0.4671875 0.071875 0.078125
0 0.6703125 0.834375 0.075 0.065625
0 0.63046875 0.98515625 0.0484375 0.0296875
0 0.5390625 0.921875 0.071875 0.075
0 0.46328125 0.9140625 0.0515625 0.05625
0 0.4515625 0.625 0.075 0.078125
0 0.50625 0.4421875 0.040625 0.046875
0 0.421875 0.4203125 0.075 0.0875
0 0.3359375 0.40625 0.059375 0.071875
0 0.28359375 0.58125 0.0734375 0.075
0 0.303125 0.8734375 0.075 0.084375