0 0.128125 0.6703125 0.065625 0.075
0 0.28359375 0.63046875 0.0390625 0.0484375
0 0.47578125 0.578125 0.0703125 0.090625
0 0.390625 0.596875 0.071875 0.096875
0 0.678125 0.44453125 0.084375 0.0828125
0 0.54375 0.2734375 0.06875 0.071875
0 0.215625 0.5390625 0.075 0.071875
0 0.2078125 0.46328125 0.05625 0.0515625
0 0.165625 0.30234375 0.084375 0.0765625
0 0.325 0.165625 0.084375 0.08125
0 0.86796875 0.38984375 0.0703125 0.0703125
0 0.9515625 0.4625 0.046875 0.05
0 0.84296875 0.3015625 0.0703125 0.06875
0 0.82421875 0.21796875 0.0828125 0.0765625
0 0.803125 0.13125 0.090625 0.075
0 0.58984375 0.1015625 0.0890625 0.078125
0 0.634375 0.5328125 0.03125 0.040625
0 0.965625 0.78984375 0.040625 0.0390625
0 0.971875 0.0453125 0.05 0.090625