0 0.128125 0.33125 0.06484375 0.075
0 0.28359375 0.36953125 0.0390625 0.0484375
0 0.47578125 0.421875 0.0703125 0.090625
0 0.3890625 0.403125 0.07265625 0.09609375
0 0.678125 0.55703125 0.084375 0.0828125
0 0.5421875 0.7265625 0.06953125 0.07265625
0 0.215625 0.4609375 0.075 0.07109375
0 0.2078125 0.53828125 0.05546875 0.0515625
0 0.165625 0.696875 0.084375 0.07578125
0 0.325 0.834375 0.084375 0.08203125
0 0.86796875 0.61171875 0.0703125 0.0703125
0 0.9515625 0.5390625 0.046875 0.04921875
0 0.84296875 0.7 0.0703125 0.06796875
0 0.82421875 0.78125 0.0828125 0.07578125
0 0.803125 0.86875 0.090625 0.075
0 0.5890625 0.9 0.08828125 0.078125
0 0.634375 0.46875 0.03125 0.040625
0 0.965625 0.2109375 0.03984375 0.03828125
0 0.971875 0.9546875 0.05078125 0.08984375