0 0.659375 0.02578125 0.071875 0.0515625
0 0.5171875 0.0421875 0.040625 0.05
0 0.70703125 0.2 0.0703125 0.08125
0 0.5625 0.228125 0.0375 0.05
0 0.5171875 0.328125 0.05 0.040625
0 0.7546875 0.4 0.090625 0.096875
0 0.534375 0.4078125 0.078125 0.071875
0 0.1671875 0.33125 0.065625 0.075
0 0.01484375 0.36953125 0.0296875 0.0484375
0 0.0796875 0.4609375 0.075 0.071875
0 0.0875 0.53828125 0.05625 0.0515625
0 0.375 0.5484375 0.078125 0.075
0 0.559375 0.49375 0.046875 0.040625
0 0.58125 0.578125 0.0875 0.075
0 0.59375 0.6640625 0.071875 0.059375
0 0.4203125 0.71796875 0.075 0.0734375
0 0.128125 0.69765625 0.084375 0.0765625