0 0.0078125 0.15390625 0.015625 0.0484375
0 0.1078125 0.2078125 0.03828125 0.04375
0 0.1640625 0.2671875 0.0375 0.04296875
0 0.2296875 0.2546875 0.0375 0.04609375
0 0.259375 0.325 0.03828125 0.04296875
0 0.4171875 0.2859375 0.03828125 0.04921875
0 0.42265625 0.37734375 0.0359375 0.0421875
0 0.56875 0.478125 0.05234375 0.06484375
0 0.7203125 0.575 0.03984375 0.04921875
0 0.79921875 0.615625 0.0390625 0.05078125
0 0.8703125 0.7484375 0.05 0.04296875
0 0.8234375 0.825 0.05390625 0.04296875
0 0.7796875 0.9046875 0.08515625 0.06953125
0 0.98515625 0.76953125 0.0296875 0.0578125