0 0.1703125 0.1515625 0.075 0.084375
0 0.23046875 0.2421875 0.0890625 0.071875
0 0.2203125 0.05546875 0.065625 0.0703125
0 0.36875 0.2765625 0.06875 0.071875
0 0.30625 0.0203125 0.075 0.040625
0 0.48515625 0.2046875 0.1171875 0.134375
0 0.809375 0.1109375 0.11875 0.134375
0 0.575 0.421875 0.121875 0.128125
0 0.7046875 0.38125 0.11875 0.1375
0 0.5 0.6125 0.128125 0.121875
0 0.559375 0.71875 0.1375 0.115625
0 0.1703125 0.7734375 0.06875 0.06875
0 0.2796875 0.71171875 0.125 0.1078125
0 0.3359375 0.834375 0.10625 0.090625
0 0.46796875 0.9640625 0.1078125 0.071875
0 0.021875 0.70546875 0.04375 0.0671875