0 0.83125 0.1515625 0.075 0.084375
0 0.77109375 0.2421875 0.0890625 0.071875
0 0.7796875 0.05546875 0.065625 0.0703125
0 0.6328125 0.2765625 0.06875 0.071875
0 0.69375 0.0203125 0.075 0.040625
0 0.51640625 0.2046875 0.1171875 0.134375
0 0.190625 0.1109375 0.11875 0.134375
0 0.425 0.421875 0.121875 0.128125
0 0.2953125 0.38125 0.11875 0.1375
0 0.5 0.6125 0.128125 0.121875
0 0.440625 0.71875 0.1375 0.115625
0 0.83125 0.7734375 0.06875 0.06875
0 0.7203125 0.71171875 0.125 0.1078125
0 0.6640625 0.834375 0.10625 0.090625
0 0.53203125 0.9640625 0.1078125 0.071875
0 0.978125 0.70546875 0.04375 0.0671875