0 0.1421875 0.83125 0.084375 0.075
0 0.0515625 0.77109375 0.071875 0.0890625
0 0.23828125 0.7796875 0.0703125 0.065625
0 0.0265625 0.6328125 0.053125 0.06875
0 0.296875 0.69375 0.0875 0.075
0 0.32734375 0.59296875 0.1203125 0.1078125
0 0.371875 0.5015625 0.078125 0.065625
0 0.090625 0.51640625 0.134375 0.1171875
0 0.4109375 0.40234375 0.121875 0.1109375
0 0.5296875 0.5734375 0.084375 0.065625
0 0.571875 0.48046875 0.0875 0.0671875
0 0.746875 0.60078125 0.115625 0.1265625
0 0.8578125 0.54921875 0.121875 0.1453125
0 0.9640625 0.4859375 0.071875 0.115625
0 0.915625 0.1625 0.06875 0.08125
0 0.725 0.1859375 0.125 0.11875
0 0.4984375 0.20546875 0.1375 0.1203125
0 0.54609375 0.09296875 0.1296875 0.1171875
0 0.815625 0.0140625 0.075 0.028125
0 0.3203125 0.31875 0.065625 0.08125
0 0.1828125 0.190625 0.134375 0.11875