0 0.8578125 0.1703125 0.08515625 0.07421875
0 0.9484375 0.23046875 0.071875 0.0890625
0 0.76171875 0.2203125 0.0703125 0.065625
0 0.9734375 0.3671875 0.053125 0.06953125
0 0.7046875 0.30625 0.08671875 0.075
0 0.67421875 0.40703125 0.1203125 0.1078125
0 0.6296875 0.4984375 0.078125 0.065625
0 0.9109375 0.48515625 0.134375 0.1171875
0 0.5890625 0.59921875 0.12265625 0.1109375
0 0.471875 0.4265625 0.084375 0.06484375
0 0.4296875 0.52109375 0.08671875 0.0671875
0 0.2546875 0.40078125 0.115625 0.1265625
0 0.1421875 0.45078125 0.12109375 0.1453125
0 0.0359375 0.51328125 0.071875 0.1140625
0 0.084375 0.8375 0.06875 0.08046875
0 0.2765625 0.8140625 0.125 0.11953125
0 0.5015625 0.79609375 0.13828125 0.1203125
0 0.45390625 0.90703125 0.1296875 0.1171875
0 0.184375 0.9859375 0.07578125 0.028125
0 0.6796875 0.6828125 0.06640625 0.08125
0 0.81875 0.809375 0.134375 0.11796875