0 0.2078125 0.26875 0.053125 0.065625
0 0.11640625 0.271875 0.0515625 0.06640625
0 0.05390625 0.2703125 0.0546875 0.06171875
0 0.9703125 0.2734375 0.02890625 0.05
0 0.9296875 0.2734375 0.02734375 0.04375
0 0.8765625 0.2765625 0.04765625 0.06953125
0 0.81875 0.2765625 0.04921875 0.065625
0 0.728125 0.2765625 0.05 0.05859375
0 0.6625 0.27578125 0.05078125 0.0640625
0 0.5984375 0.2765625 0.06015625 0.065625
0 0.5203125 0.2734375 0.053125 0.06875
0 0.4609375 0.27109375 0.05703125 0.0765625
0 0.3984375 0.271875 0.0625 0.08125
0 0.975 0.50625 0.03515625 0.04140625
0 0.9265625 0.5078125 0.03515625 0.04765625
0 0.878125 0.5078125 0.04140625 0.046875
0 0.825 0.5046875 0.03984375 0.04296875
0 0.909375 0.8453125 0.06640625 0.03828125
0 0.7296875 0.50703125 0.04921875 0.0609375
0 0.6671875 0.50859375 0.04765625 0.0703125
0 0.5875 0.5109375 0.06015625 0.08125
0 0.5125 0.49375 0.05625 0.08359375
0 0.415625 0.4953125 0.09453125 0.09453125
0 0.0890625 0.484375 0.090625 0.096875
0 0.365625 0.603125 0.07265625 0.05703125
0 0.18828125 0.6078125 0.0671875 0.08359375
0 0.5734375 0.071875 0.04765625 0.034375