0 0.9453125 0.2953125 0.059375 0.06875
0 0.8234375 0.29453125 0.05703125 0.0578125
0 0.621875 0.29375 0.053125 0.065625
0 0.55625 0.296875 0.06015625 0.0625
0 0.94375 0.5 0.05234375 0.06171875
0 0.8796875 0.465625 0.05703125 0.065625
0 0.8171875 0.46953125 0.04765625 0.0609375
0 0.2953125 0.965625 0.053125 0.06640625
0 0.353125 0.96640625 0.05234375 0.0671875
0 0.9140625 0.9703125 0.053125 0.05703125
0 0.82265625 0.97265625 0.0515625 0.0546875
0 0.76171875 0.9734375 0.0546875 0.053125
0 0.684375 0.97109375 0.05234375 0.0578125
0 0.62109375 0.96953125 0.0515625 0.0609375
0 0.55703125 0.9671875 0.0578125 0.065625
0 0.4984375 0.96484375 0.05234375 0.0703125
0 0.43125 0.9671875 0.05703125 0.06328125