0 0.7390625 0.2953125 0.06875 0.053125
0 0.7375 0.353125 0.075 0.053125
0 0.73125 0.9140625 0.065625 0.053125
0 0.728125 0.82265625 0.065625 0.0515625
0 0.7296875 0.76171875 0.0625 0.0546875
0 0.73125 0.684375 0.06875 0.053125
0 0.73203125 0.621875 0.0703125 0.053125
0 0.734375 0.55703125 0.075 0.0578125
0 0.740625 0.4984375 0.075 0.053125
0 0.7328125 0.43125 0.075 0.05625
0 0.5171875 0.7953125 0.096875 0.090625
0 0.3921875 0.89453125 0.084375 0.0671875
0 0.50234375 0.69375 0.0703125 0.053125
0 0.50234375 0.56484375 0.0640625 0.0515625
0 0.51015625 0.478125 0.0609375 0.053125
0 0.5109375 0.4140625 0.059375 0.05625
0 0.5078125 0.3515625 0.065625 0.05625
0 0.5046875 0.2953125 0.05625 0.059375