0 0.54765625 0.0125 0.0421875 0.02109375
0 0.471875 0.01484375 0.03515625 0.0296875
0 0.50390625 0.30078125 0.0578125 0.0609375
0 0.2390625 0.2953125 0.059375 0.06875
0 0.115625 0.29453125 0.05703125 0.0578125
0 0.5109375 0.4734375 0.05625 0.06484375
0 0.3828125 0.5 0.05234375 0.05234375
0 0.2375 0.5 0.05234375 0.06171875
0 0.171875 0.465625 0.05703125 0.065625
0 0.1109375 0.46953125 0.04765625 0.0609375
0 0.2078125 0.9703125 0.053125 0.05703125
0 0.11640625 0.97265625 0.0515625 0.0546875
0 0.05390625 0.9734375 0.0546875 0.053125
0 0.9703125 0.97734375 0.02890625 0.0453125
0 0.928125 0.978125 0.028125 0.04375
0 0.8765625 0.97421875 0.04765625 0.0515625
0 0.81875 0.975 0.04921875 0.05
0 0.728125 0.9765625 0.05 0.046875
0 0.6625 0.97421875 0.05 0.0515625
0 0.5984375 0.975 0.06015625 0.05
0 0.5203125 0.971875 0.053125 0.05625
0 0.46015625 0.96875 0.0578125 0.0625
0 0.3984375 0.96875 0.0625 0.06171875
0 0.5734375 0.778125 0.04765625 0.034375