0 0.20703125 0.2859375 0.0515625 0.053125
0 0.5890625 0.14375 0.0875 0.084375
0 0.5953125 0.31328125 0.053125 0.0640625
0 0.7546875 0.6140625 0.05 0.059375
0 0.5421875 0.9109375 0.053125 0.053125
0 0.59921875 0.8703125 0.0390625 0.05
0 0.66015625 0.8390625 0.0484375 0.059375
0 0.72734375 0.7515625 0.0609375 0.053125
0 0.4625 0.7453125 0.053125 0.065625
0 0.53125 0.7109375 0.0625 0.08125
0 0.59296875 0.6796875 0.0421875 0.053125
0 0.5328125 0.50625 0.05625 0.059375
0 0.5484375 0.44140625 0.05 0.0453125
0 0.53125 0.3890625 0.05 0.05625
0 0.4828125 0.346875 0.04375 0.053125
0 0.865625 0.821875 0.025 0.025