0 0.7140625 0.79453125 0.053125 0.0515625
0 0.85625 0.4125 0.084375 0.0875
0 0.68828125 0.40625 0.0640625 0.053125
0 0.3875 0.2453125 0.059375 0.05
0 0.0890625 0.4578125 0.053125 0.053125
0 0.1296875 0.4015625 0.05 0.0375
0 0.1609375 0.340625 0.059375 0.046875
0 0.25 0.27421875 0.053125 0.0609375
0 0.25625 0.5390625 0.065625 0.053125
0 0.2890625 0.46875 0.08125 0.0625
0 0.3203125 0.40859375 0.053125 0.0421875
0 0.4953125 0.4671875 0.059375 0.05625
0 0.55859375 0.4515625 0.0453125 0.05
0 0.6125 0.4703125 0.05625 0.05
0 0.6546875 0.51875 0.053125 0.04375
0 0.178125 0.1359375 0.025 0.025