0 0.20703125 0.7140625 0.0515625 0.05234375
0 0.5890625 0.85625 0.08671875 0.08515625
0 0.59375 0.68828125 0.05390625 0.0640625
0 0.7546875 0.3875 0.05 0.059375
0 0.5421875 0.0890625 0.05234375 0.05234375
0 0.5984375 0.1296875 0.03828125 0.05078125
0 0.659375 0.1609375 0.04765625 0.059375
0 0.72734375 0.25 0.0609375 0.05234375
0 0.4625 0.2546875 0.05234375 0.06640625
0 0.53125 0.2890625 0.06328125 0.08125
0 0.59296875 0.3203125 0.0421875 0.053125
0 0.5328125 0.49375 0.05546875 0.06015625
0 0.5484375 0.55859375 0.05 0.0453125
0 0.53125 0.6125 0.04921875 0.05625
0 0.4828125 0.6546875 0.04296875 0.05234375
0 0.865625 0.178125 0.025 0.025