0 0.2703125 0.91640625 0.0625 0.0515625
0 0.2734375 0.825 0.059375 0.05
0 0.26875 0.7625 0.065625 0.059375
0 0.26875 0.6859375 0.065625 0.05
0 0.271875 0.6203125 0.065625 0.053125
0 0.2703125 0.559375 0.078125 0.0625
0 0.4984375 0.6328125 0.059375 0.053125
0 0.50078125 0.69609375 0.0609375 0.0546875
0 0.49140625 0.7984375 0.0859375 0.09375
0 0.4859375 0.90234375 0.078125 0.0609375
0 0.27265625 0.35546875 0.0609375 0.0546875
0 0.2671875 0.29609375 0.0625 0.0515625
0 0.5 0.290625 0.065625 0.059375
0 0.503125 0.353125 0.0625 0.05
0 0.4984375 0.4140625 0.0625 0.05625
0 0.496875 0.478125 0.0625 0.05625