0 0.11875 0.29609375 0.05703125 0.0578125
0 0.4453125 0.2984375 0.05703125 0.0625
0 0.4 0.1140625 0.065625 0.059375
0 0.5109375 0.475 0.05703125 0.065625
0 0.7203125 0.48046875 0.05703125 0.0703125
0 0.38359375 0.503125 0.0578125 0.05234375
0 0.0484375 0.47890625 0.05703125 0.0609375
0 0.87734375 0.88125 0.0609375 0.06875
0 0.9734375 0.97734375 0.034375 0.0453125
0 0.9265625 0.9765625 0.03515625 0.04453125
0 0.81953125 0.98125 0.0390625 0.0375
0 0.72734375 0.978125 0.0453125 0.04375
0 0.6046875 0.97265625 0.05546875 0.0546875
0 0.521875 0.97421875 0.05625 0.0515625
0 0.4 0.9734375 0.05703125 0.053125
0 0.209375 0.971875 0.05078125 0.05390625
0 0.1171875 0.975 0.05078125 0.04921875
0 0.0546875 0.9703125 0.05859375 0.05703125