0 0.5640625 0.3 0.059375 0.06875
0 0.37890625 0.2984375 0.0578125 0.06875
0 0.31328125 0.3 0.0578125 0.065625
0 0.17421875 0.29609375 0.0578125 0.0578125
0 0.2453125 0.47890625 0.05625 0.0609375
0 0.38125 0.4765625 0.053125 0.05625
0 0.4421875 0.4765625 0.05625 0.05625
0 0.08359375 0.9734375 0.0515625 0.053125
0 0.175 0.975 0.05 0.05
0 0.2390625 0.971875 0.059375 0.05625
0 0.315625 0.97109375 0.05 0.0578125
0 0.3796875 0.97265625 0.053125 0.0546875
0 0.440625 0.96875 0.0625 0.0625
0 0.64609375 0.9734375 0.0546875 0.053125
0 0.70390625 0.97109375 0.0515625 0.0578125