0 0.03984375 0.6953125 0.0796875 0.11875
0 0.215625 0.61875 0.1125 0.10625
0 0.2515625 0.4828125 0.121875 0.1125
0 0.8875 0.28671875 0.115625 0.1109375
0 0.8375 0.3984375 0.125 0.1125
0 0.66015625 0.509375 0.0578125 0.06875
0 0.7578125 0.5953125 0.10625 0.1
0 0.9109375 0.675 0.075 0.05625
0 0.871875 0.76875 0.071875 0.059375
0 0.7140625 0.69453125 0.0625 0.0609375
0 0.4328125 0.7125 0.11875 0.10625
0 0.359375 0.82578125 0.06875 0.0609375
0 0.6703125 0.78828125 0.10625 0.1015625
0 0.6375 0.88671875 0.075 0.0578125
0 0.5796875 0.9734375 0.05625 0.053125
0 0.39453125 0.9609375 0.0578125 0.078125
0 0.5453125 0.0234375 0.059375 0.046875
0 0.621875 0.0140625 0.040625 0.025
0 0.52421875 0.3828125 0.1203125 0.103125