0 0.96015625 0.3046875 0.0796875 0.11796875
0 0.784375 0.38125 0.11328125 0.10703125
0 0.7484375 0.51875 0.12265625 0.11171875
0 0.1125 0.7140625 0.115625 0.11015625
0 0.1625 0.6015625 0.125 0.1125
0 0.34140625 0.490625 0.0578125 0.06796875
0 0.24375 0.4046875 0.10546875 0.09921875
0 0.0890625 0.3265625 0.075 0.05546875
0 0.128125 0.2328125 0.071875 0.059375
0 0.2859375 0.30546875 0.06328125 0.0609375
0 0.5671875 0.2875 0.11953125 0.10625
0 0.640625 0.17421875 0.06796875 0.0609375
0 0.33125 0.21328125 0.10625 0.1015625
0 0.3640625 0.11328125 0.075 0.0578125
0 0.4203125 0.0265625 0.05546875 0.053125
0 0.60546875 0.0390625 0.0578125 0.078125
0 0.4546875 0.9765625 0.059375 0.046875
0 0.378125 0.9875 0.03984375 0.025
0 0.47734375 0.61875 0.1203125 0.103125