0 0.21796875 0.1203125 0.0390625 0.03828125
0 0.5875 0.23671875 0.078125 0.0703125
0 0.88125 0.16875 0.04140625 0.04765625
0 0.8421875 0.2640625 0.040625 0.04609375
0 0.80390625 0.3578125 0.0328125 0.034375
0 0.765625 0.45 0.03984375 0.04609375
0 0.4296875 0.71171875 0.03984375 0.0453125
0 0.2578125 0.50625 0.07578125 0.06328125
0 0.221875 0.5890625 0.06796875 0.0625
0 0.29296875 0.4328125 0.0828125 0.06640625
0 0.3578125 0.27578125 0.075 0.0640625
0 0.6265625 0.596875 0.04453125 0.04765625
0 0.7984375 0.946875 0.03984375 0.04765625
0 0.3484375 0.9796875 0.05703125 0.03984375