0 0.4203125 0.73125 0.065625 0.06015625
0 0.3609375 0.81640625 0.06640625 0.0609375
0 0.32734375 0.92109375 0.1265625 0.1078125
0 0.28515625 0.990625 0.0703125 0.01875
0 0.1296875 0.9375 0.065625 0.06015625
0 0.60703125 0.7421875 0.0578125 0.08125
0 0.628125 0.86953125 0.10703125 0.1078125
0 0.56640625 0.96640625 0.1203125 0.0671875
0 0.96171875 0.98515625 0.0765625 0.0296875
0 0.1296875 0.93984375 0.05859375 0.0578125
0 0.328125 0.9203125 0.12109375 0.10546875
0 0.2859375 0.990625 0.065625 0.01875
0 0.3625 0.81640625 0.065625 0.0578125
0 0.4203125 0.73203125 0.065625 0.0578125
0 0.60546875 0.74296875 0.0609375 0.0796875
0 0.628125 0.87421875 0.109375 0.0953125
0 0.5671875 0.9703125 0.11640625 0.05703125
0 0.9625 0.98515625 0.075 0.0296875