0 0.3578125 0.49375 0.078125 0.096875
0 0.45625 0.4578125 0.0625 0.071875
0 0.921875 0.253125 0.059375 0.065625
0 0.8375 0.10546875 0.059375 0.0640625
0 0.365625 0.20625 0.084375 0.1
0 0.49375 0.15625 0.1 0.115625
0 0.5921875 0.11484375 0.096875 0.1015625
0 0.65625 0.04765625 0.128125 0.0953125
0 0.265625 0.01484375 0.096875 0.0296875
0 0.26875 0.01484375 0.096875 0.0296875
0 0.65859375 0.04453125 0.1296875 0.0890625
0 0.58984375 0.1125 0.0984375 0.096875
0 0.49453125 0.15625 0.0984375 0.1125
0 0.36640625 0.2046875 0.0828125 0.1
0 0.35546875 0.49296875 0.0796875 0.0921875
0 0.45625 0.4578125 0.059375 0.06875
0 0.92265625 0.2515625 0.0609375 0.065625
0 0.83671875 0.103125 0.0578125 0.065625