0 0.921875 0.040625 0.059375 0.065625
0 0.8375 0.18828125 0.059375 0.0640625
0 0.0546875 0.51328125 0.109375 0.1140625
0 0.365625 0.0875 0.084375 0.1
0 0.49375 0.1375 0.1 0.115625
0 0.5921875 0.18046875 0.096875 0.1015625
0 0.65625 0.275 0.128125 0.153125
0 0.265625 0.3125 0.096875 0.096875
0 0.3796875 0.3578125 0.078125 0.09375
0 0.45390625 0.52265625 0.0703125 0.0671875
0 0.6296875 0.83125 0.075 0.065625
0 0.053125 0.515625 0.10625 0.109375
0 0.26875 0.3109375 0.096875 0.09375
0 0.3796875 0.359375 0.08125 0.090625
0 0.45546875 0.521875 0.0703125 0.065625
0 0.659375 0.278125 0.13125 0.14375
0 0.5890625 0.1828125 0.096875 0.096875
0 0.4953125 0.1390625 0.096875 0.1125
0 0.3671875 0.090625 0.08125 0.1
0 0.92265625 0.0421875 0.0609375 0.065625
0 0.83671875 0.1921875 0.0578125 0.065625
0 0.628125 0.8328125 0.075 0.065625