2 0.79625 0.2325 0.7825 0.2325 0.7825 0.26 0.79625 0.26 0.79625 0.2325
2 0.96125 0.27125 0.945 0.27125 0.945 0.29874999999999996 0.96125 0.29874999999999996 0.96125 0.27125
2 0.9487500000000001 0.265 0.9375 0.265 0.9375 0.29375 0.9487500000000001 0.29375 0.9487500000000001 0.265
2 0.925 0.26625 0.91625 0.26625 0.91625 0.28875 0.925 0.28875 0.925 0.26625
2 0.91375 0.2625 0.89875 0.2625 0.89875 0.28875 0.91375 0.28875 0.91375 0.2625
2 0.9 0.26 0.8875 0.26 0.8875 0.28250000000000003 0.9 0.28250000000000003 0.9 0.26
2 0.7837500000000001 0.23625 0.77 0.23625 0.77 0.25625 0.7837500000000001 0.25625 0.7837500000000001 0.23625
2 0.725 0.22374999999999998 0.7150000000000001 0.22374999999999998 0.7150000000000001 0.24500000000000002 0.725 0.24500000000000002 0.725 0.22374999999999998
2 0.74125 0.26625 0.73125 0.26625 0.73125 0.2875 0.74125 0.2875 0.74125 0.26625
2 0.8612500000000001 0.2875 0.8462500000000001 0.2875 0.8462500000000001 0.315 0.8612500000000001 0.315 0.8612500000000001 0.2875
2 0.6975 0.11625 0.6837500000000001 0.11625 0.6837500000000001 0.1375 0.6975 0.1375 0.6975 0.11625
2 0.95375 0.20375000000000001 0.9400000000000001 0.20375000000000001 0.9400000000000001 0.22625 0.95375 0.22625 0.95375 0.20375000000000001
2 0.9412499999999999 0.2 0.9237500000000001 0.2 0.9237500000000001 0.225 0.9412499999999999 0.225 0.9412499999999999 0.2
2 0.91625 0.195 0.9075 0.195 0.9075 0.22000000000000003 0.91625 0.22000000000000003 0.91625 0.195
2 0.9087500000000001 0.19624999999999998 0.8925000000000001 0.19624999999999998 0.8925000000000001 0.21749999999999997 0.9087500000000001 0.21749999999999997 0.9087500000000001 0.19624999999999998
2 0.56375 0.03 0.54375 0.03 0.54375 0.05125 0.56375 0.05125 0.56375 0.03
2 0.45999999999999996 0.01 0.44375 0.01 0.44375 0.03375 0.45999999999999996 0.03375 0.45999999999999996 0.01
2 0.8150000000000001 0.14250000000000002 0.80375 0.14250000000000002 0.80375 0.16375 0.8150000000000001 0.16375 0.8150000000000001 0.14250000000000002
2 0.79625 0.135 0.7825 0.135 0.7825 0.15875 0.79625 0.15875 0.79625 0.135
2 0.8425 0.14625 0.8262499999999999 0.14625 0.8262499999999999 0.16625 0.8425 0.16625 0.8425 0.14625
2 0.81875 0.0775 0.8074999999999999 0.0775 0.8074999999999999 0.0975 0.81875 0.0975 0.81875 0.0775
2 0.92875 0.1 0.915 0.1 0.915 0.12125 0.92875 0.12125 0.92875 0.1
2 0.9125 0.1 0.89875 0.1 0.89875 0.11875 0.9125 0.11875 0.9125 0.1
2 0.9 0.095 0.8887499999999999 0.095 0.8887499999999999 0.1125 0.9 0.1125 0.9 0.095
2 0.89125 0.08875 0.875 0.08875 0.875 0.11374999999999999 0.89125 0.11374999999999999 0.89125 0.08875
2 0.875 0.0875 0.86 0.0875 0.86 0.11000000000000001 0.875 0.11000000000000001 0.875 0.0875
2 0.86 0.0875 0.8462500000000001 0.0875 0.8462500000000001 0.11499999999999999 0.86 0.11499999999999999 0.86 0.0875
2 0.8474999999999999 0.08499999999999999 0.835 0.08499999999999999 0.835 0.10500000000000001 0.8474999999999999 0.10500000000000001 0.8474999999999999 0.08499999999999999
2 0.835 0.08125 0.82125 0.08125 0.82125 0.1025 0.835 0.1025 0.835 0.08125
2 0.79875 0.07375000000000001 0.78 0.07375000000000001 0.78 0.09875 0.79875 0.09875 0.79875 0.07375000000000001
2 0.85 0.15 0.83625 0.15 0.83625 0.16875 0.85 0.16875 0.85 0.15
2 0.7775000000000001 0.07125000000000001 0.76375 0.07125000000000001 0.76375 0.0925 0.7775000000000001 0.0925 0.7775000000000001 0.07125000000000001
2 0.7537499999999999 0.0625 0.74 0.0625 0.74 0.08625000000000001 0.7537499999999999 0.08625000000000001 0.7537499999999999 0.0625
2 0.735 0.05625 0.7224999999999999 0.05625 0.7224999999999999 0.08125 0.735 0.08125 0.735 0.05625
2 0.72 0.057499999999999996 0.70375 0.057499999999999996 0.70375 0.08249999999999999 0.72 0.08249999999999999 0.72 0.057499999999999996
2 0.9574999999999999 0.17375000000000002 0.94625 0.17375000000000002 0.94625 0.19375 0.9574999999999999 0.19375 0.9574999999999999 0.17375000000000002
2 0.9349999999999999 0.16375 0.92125 0.16375 0.92125 0.18375 0.9349999999999999 0.18375 0.9349999999999999 0.16375
2 0.9237500000000001 0.1575 0.9087500000000001 0.1575 0.9087500000000001 0.1825 0.9237500000000001 0.1825 0.9237500000000001 0.1575
2 0.6 0.03375 0.58125 0.03375 0.58125 0.06375 0.6 0.06375 0.6 0.03375
2 0.71 0.1025 0.6900000000000001 0.1025 0.6900000000000001 0.11374999999999999 0.71 0.11374999999999999 0.71 0.1025
2 0.89875 0.155 0.885 0.155 0.885 0.1775 0.89875 0.1775 0.89875 0.155
2 0.88375 0.15 0.86875 0.15 0.86875 0.175 0.88375 0.175 0.88375 0.15
2 0.8712500000000001 0.1525 0.8550000000000001 0.1525 0.8550000000000001 0.17375000000000002 0.8712500000000001 0.17375000000000002 0.8712500000000001 0.1525
2 0.44625000000000004 0.5387500000000001 0.41 0.5387500000000001 0.41 0.5725 0.44625000000000004 0.5725 0.44625000000000004 0.5387500000000001
2 0.43125 0.5625 0.41 0.5625 0.41 0.57875 0.43125 0.57875 0.43125 0.5625
2 0.36124999999999996 0.42750000000000005 0.3375 0.42750000000000005 0.3375 0.45375 0.36124999999999996 0.45375 0.36124999999999996 0.42750000000000005
2 0.4 0.39375 0.3675 0.39375 0.3675 0.42125 0.4 0.42125 0.4 0.39375
2 0.29625 0.58125 0.27 0.58125 0.27 0.6012500000000001 0.29625 0.6012500000000001 0.29625 0.58125
2 0.31625000000000003 0.425 0.2875 0.425 0.2875 0.45 0.31625000000000003 0.45 0.31625000000000003 0.425
2 0.41875 0.0125 0.40625 0.0125 0.40625 0.03625 0.41875 0.03625 0.41875 0.0125
2 0.36124999999999996 0.11125 0.3375 0.11125 0.3375 0.13125 0.36124999999999996 0.13125 0.36124999999999996 0.11125
2 0.56875 0.09 0.55375 0.09 0.55375 0.11499999999999999 0.56875 0.11499999999999999 0.56875 0.09
2 0.40750000000000003 0.32875 0.38875000000000004 0.32875 0.38875000000000004 0.34875 0.40750000000000003 0.34875 0.40750000000000003 0.32875
2 0.3175 0.485 0.29 0.485 0.29 0.51125 0.3175 0.51125 0.3175 0.485
2 0.32375 0.4725 0.2975 0.4725 0.2975 0.49749999999999994 0.32375 0.49749999999999994 0.32375 0.4725
2 0.28625 0.5237499999999999 0.2525 0.5237499999999999 0.2525 0.5587500000000001 0.28625 0.5587500000000001 0.28625 0.5237499999999999
2 0.28125 0.64 0.26 0.64 0.26 0.6599999999999999 0.28125 0.6599999999999999 0.28125 0.64
2 0.10375000000000001 0.6637500000000001 0.08249999999999999 0.6637500000000001 0.08249999999999999 0.6825 0.10375000000000001 0.6825 0.10375000000000001 0.6637500000000001
2 0.16999999999999998 0.7275 0.14875 0.7275 0.14875 0.74875 0.16999999999999998 0.74875 0.16999999999999998 0.7275
2 0.12 0.6950000000000001 0.09875 0.6950000000000001 0.09875 0.7150000000000001 0.12 0.7150000000000001 0.12 0.6950000000000001
2 0.1825 0.70875 0.1625 0.70875 0.1625 0.7275 0.1825 0.7275 0.1825 0.70875
2 0.10625 0.5175 0.0775 0.5175 0.0775 0.54 0.10625 0.54 0.10625 0.5175
2 0.22000000000000003 0.585 0.19624999999999998 0.585 0.19624999999999998 0.6075 0.22000000000000003 0.6075 0.22000000000000003 0.585
2 0.20249999999999999 0.68625 0.17625 0.68625 0.17625 0.70875 0.20249999999999999 0.70875 0.20249999999999999 0.68625
2 0.21000000000000002 0.68125 0.1875 0.68125 0.1875 0.69625 0.21000000000000002 0.69625 0.21000000000000002 0.68125
2 0.21875 0.66625 0.19375 0.66625 0.19375 0.68875 0.21875 0.68875 0.21875 0.66625
2 0.22749999999999998 0.655 0.20249999999999999 0.655 0.20249999999999999 0.6799999999999999 0.22749999999999998 0.6799999999999999 0.22749999999999998 0.655
2 0.23374999999999999 0.65 0.215 0.65 0.215 0.67125 0.23374999999999999 0.67125 0.23374999999999999 0.65
2 0.24874999999999997 0.63875 0.22625 0.63875 0.22625 0.6587500000000001 0.24874999999999997 0.6587500000000001 0.24874999999999997 0.63875
2 0.3275 0.5725 0.305 0.5725 0.305 0.59375 0.3275 0.59375 0.3275 0.5725
2 0.34625 0.56125 0.325 0.56125 0.325 0.58375 0.34625 0.58375 0.34625 0.56125
2 0.335 0.66125 0.31625000000000003 0.66125 0.31625000000000003 0.6849999999999999 0.335 0.6849999999999999 0.335 0.66125
2 0.32625000000000004 0.6825 0.30125 0.6825 0.30125 0.705 0.32625000000000004 0.705 0.32625000000000004 0.6825
2 0.3325 0.70375 0.30874999999999997 0.70375 0.30874999999999997 0.7275 0.3325 0.7275 0.3325 0.70375
2 0.2925 0.71375 0.26875 0.71375 0.26875 0.73625 0.2925 0.73625 0.2925 0.71375
2 0.26875 0.73875 0.2425 0.73875 0.2425 0.765 0.26875 0.765 0.26875 0.73875
2 0.23875000000000002 0.77 0.215 0.77 0.215 0.79125 0.23875000000000002 0.79125 0.23875000000000002 0.77
2 0.275 0.76875 0.2575 0.76875 0.2575 0.79 0.275 0.79 0.275 0.76875
2 0.28250000000000003 0.76125 0.265 0.76125 0.265 0.77625 0.28250000000000003 0.77625 0.28250000000000003 0.76125
2 0.23500000000000001 0.87625 0.20750000000000002 0.87625 0.20750000000000002 0.9025000000000001 0.23500000000000001 0.9025000000000001 0.23500000000000001 0.87625
2 0.26875 0.9237500000000001 0.24625 0.9237500000000001 0.24625 0.945 0.26875 0.945 0.26875 0.9237500000000001
2 0.28250000000000003 1 0.28250000000000003 0.9887499999999999 0.26749999999999996 0.9887499999999999 0.26749999999999996 1 0.28250000000000003 1
2 0.14375 0.05125 0.12250000000000001 0.05125 0.12250000000000001 0.06999999999999999 0.14375 0.06999999999999999 0.14375 0.05125
2 0.1525 0.045 0.13 0.045 0.13 0.058750000000000004 0.1525 0.058750000000000004 0.1525 0.045
2 0.16 0.03375 0.13874999999999998 0.03375 0.13874999999999998 0.05 0.16 0.05 0.16 0.03375
2 0.18625 0.041249999999999995 0.16625 0.041249999999999995 0.16625 0.061250000000000006 0.18625 0.061250000000000006 0.18625 0.041249999999999995
2 0.19875 0.027500000000000004 0.17250000000000001 0.027500000000000004 0.17250000000000001 0.05500000000000001 0.19875 0.05500000000000001 0.19875 0.027500000000000004
2 0.175 0.01125 0.15375 0.01125 0.15375 0.034999999999999996 0.175 0.034999999999999996 0.175 0.01125
2 0.91375 0.45625 0.9 0.45625 0.9 0.48 0.91375 0.48 0.91375 0.45625
2 0.63125 0.41875 0.61 0.41875 0.61 0.4325 0.63125 0.4325 0.63125 0.41875
2 0.6912499999999999 0.41125 0.67625 0.41125 0.67625 0.4325 0.6912499999999999 0.4325 0.6912499999999999 0.41125
2 0.7112499999999999 0.43499999999999994 0.6925 0.43499999999999994 0.6925 0.44749999999999995 0.7112499999999999 0.44749999999999995 0.7112499999999999 0.43499999999999994
2 0.7150000000000001 0.41125 0.7 0.41125 0.7 0.4375 0.7150000000000001 0.4375 0.7150000000000001 0.41125
2 0.76 0.425 0.745 0.425 0.745 0.44875 0.76 0.44875 0.76 0.425
2 0.80625 0.43 0.7887500000000001 0.43 0.7887500000000001 0.45875000000000005 0.80625 0.45875000000000005 0.80625 0.43
2 0.8275 0.44000000000000006 0.8150000000000001 0.44000000000000006 0.8150000000000001 0.46375 0.8275 0.46375 0.8275 0.44000000000000006
2 0.85 0.44375 0.8387499999999999 0.44375 0.8387499999999999 0.465 0.85 0.465 0.85 0.44375
2 0.8612500000000001 0.44625000000000004 0.8487500000000001 0.44625000000000004 0.8487500000000001 0.47000000000000003 0.8612500000000001 0.47000000000000003 0.8612500000000001 0.44625000000000004
2 0.87375 0.44749999999999995 0.85875 0.44749999999999995 0.85875 0.47125000000000006 0.87375 0.47125000000000006 0.87375 0.44749999999999995
2 0.885 0.45375 0.8712500000000001 0.45375 0.8712500000000001 0.47625 0.885 0.47625 0.885 0.45375
2 0.8949999999999999 0.45625 0.8800000000000001 0.45625 0.8800000000000001 0.48125 0.8949999999999999 0.48125 0.8949999999999999 0.45625
2 0.9112500000000001 0.48 0.9012499999999999 0.48 0.9012499999999999 0.49874999999999997 0.9112500000000001 0.49874999999999997 0.9112500000000001 0.48
2 0.6900000000000001 0.35750000000000004 0.6725 0.35750000000000004 0.6725 0.385 0.6900000000000001 0.385 0.6900000000000001 0.35750000000000004
2 0.9025000000000001 0.48 0.89 0.48 0.89 0.50125 0.9025000000000001 0.50125 0.9025000000000001 0.48
2 0.8825 0.47375 0.86625 0.47375 0.86625 0.49625 0.8825 0.49625 0.8825 0.47375
2 0.8574999999999999 0.47000000000000003 0.845 0.47000000000000003 0.845 0.495 0.8574999999999999 0.495 0.8574999999999999 0.47000000000000003
2 0.8012499999999999 0.45999999999999996 0.7849999999999999 0.45999999999999996 0.7849999999999999 0.48250000000000004 0.8012499999999999 0.48250000000000004 0.8012499999999999 0.45999999999999996
2 0.78625 0.45375 0.7725 0.45375 0.7725 0.47750000000000004 0.78625 0.47750000000000004 0.78625 0.45375
2 0.765 0.45125000000000004 0.7537499999999999 0.45125000000000004 0.7537499999999999 0.4725 0.765 0.4725 0.765 0.45125000000000004
2 0.88125 0.525 0.8675 0.525 0.8675 0.5475 0.88125 0.5475 0.88125 0.525
2 0.8699999999999999 0.525 0.85625 0.525 0.85625 0.54625 0.8699999999999999 0.54625 0.8699999999999999 0.525
2 0.86 0.5225 0.845 0.5225 0.845 0.545 0.86 0.545 0.86 0.5225
2 0.8474999999999999 0.51625 0.83125 0.51625 0.83125 0.5425 0.8474999999999999 0.5425 0.8474999999999999 0.51625
2 0.8012499999999999 0.5075000000000001 0.78625 0.5075000000000001 0.78625 0.53125 0.8012499999999999 0.53125 0.8012499999999999 0.5075000000000001
2 0.79 0.5037499999999999 0.775 0.5037499999999999 0.775 0.53125 0.79 0.53125 0.79 0.5037499999999999
2 0.63375 0.39249999999999996 0.61875 0.39249999999999996 0.61875 0.41875 0.63375 0.41875 0.63375 0.39249999999999996
2 0.88125 0.38 0.8550000000000001 0.38 0.8550000000000001 0.39625 0.88125 0.39625 0.88125 0.38
2 0.765 0.5237499999999999 0.74875 0.5237499999999999 0.74875 0.54875 0.765 0.54875 0.765 0.5237499999999999
2 0.8637499999999999 0.35125 0.8474999999999999 0.35125 0.8474999999999999 0.37625000000000003 0.8637499999999999 0.37625000000000003 0.8637499999999999 0.35125
2 0.30625 0.7275 0.28500000000000003 0.7275 0.28500000000000003 0.75 0.30625 0.75 0.30625 0.7275
2 0.925 0.12625 0.8975 0.12625 0.8975 0.15125 0.925 0.15125 0.925 0.12625
2 0.80625 0.27375 0.79 0.27375 0.79 0.3 0.80625 0.3 0.80625 0.27375
2 0.83125 0.28250000000000003 0.8125 0.28250000000000003 0.8125 0.3075 0.83125 0.3075 0.83125 0.28250000000000003
2 0.8875 0.29 0.8712500000000001 0.29 0.8712500000000001 0.315 0.8875 0.315 0.8875 0.29
2 0.9237500000000001 0.2975 0.9099999999999999 0.2975 0.9099999999999999 0.32375 0.9237500000000001 0.32375 0.9237500000000001 0.2975
2 0.9400000000000001 0.30125 0.9225 0.30125 0.9225 0.32875 0.9400000000000001 0.32875 0.9400000000000001 0.30125
2 0.9574999999999999 0.3075 0.9412499999999999 0.3075 0.9412499999999999 0.33375 0.9574999999999999 0.33375 0.9574999999999999 0.3075
2 0.93 0.35875 0.91375 0.35875 0.91375 0.3875 0.93 0.3875 0.93 0.35875
2 0.9037499999999999 0.35750000000000004 0.8875 0.35750000000000004 0.8875 0.38375 0.9037499999999999 0.38375 0.9037499999999999 0.35750000000000004
2 0.8387499999999999 0.34500000000000003 0.8237500000000001 0.34500000000000003 0.8237500000000001 0.36875 0.8387499999999999 0.36875 0.8387499999999999 0.34500000000000003
2 0.85375 0.39375 0.8412499999999999 0.39375 0.8412499999999999 0.42000000000000004 0.85375 0.42000000000000004 0.85375 0.39375
2 0.765 0.22625 0.74875 0.22625 0.74875 0.25 0.765 0.25 0.765 0.22625
2 0.7675 0.3275 0.7537499999999999 0.3275 0.7537499999999999 0.35125 0.7675 0.35125 0.7675 0.3275
2 0.7825 0.32875 0.76875 0.32875 0.76875 0.35375 0.7825 0.35375 0.7825 0.32875
2 0.8237500000000001 0.34500000000000003 0.8087500000000001 0.34500000000000003 0.8087500000000001 0.365 0.8237500000000001 0.365 0.8237500000000001 0.34500000000000003
2 0.6637500000000001 0.3075 0.6475 0.3075 0.6475 0.32999999999999996 0.6637500000000001 0.32999999999999996 0.6637500000000001 0.3075
2 0.89375 0.1875 0.8787499999999999 0.1875 0.8787499999999999 0.21375000000000002 0.89375 0.21375000000000002 0.89375 0.1875
2 0.8875 0.35875 0.8712500000000001 0.35875 0.8712500000000001 0.3775 0.8875 0.3775 0.8875 0.35875
2 0.9199999999999999 0.40125 0.905 0.40125 0.905 0.43 0.9199999999999999 0.43 0.9199999999999999 0.40125
2 0.9075 0.39875 0.8925000000000001 0.39875 0.8925000000000001 0.42625 0.9075 0.42625 0.9075 0.39875
2 0.8949999999999999 0.39625 0.88125 0.39625 0.88125 0.42625 0.8949999999999999 0.42625 0.8949999999999999 0.39625
2 0.8775000000000001 0.39875 0.86625 0.39875 0.86625 0.4225 0.8775000000000001 0.4225 0.8775000000000001 0.39875
2 0.76875 0.5025000000000001 0.7537499999999999 0.5025000000000001 0.7537499999999999 0.525 0.76875 0.525 0.76875 0.5025000000000001
2 0.7887500000000001 0.5275000000000001 0.77125 0.5275000000000001 0.77125 0.5525 0.7887500000000001 0.5525 0.7887500000000001 0.5275000000000001
2 0.44875 0.69375 0.43125 0.69375 0.43125 0.72 0.44875 0.72 0.44875 0.69375
2 0.7212500000000001 0.6675 0.7075 0.6675 0.7075 0.6950000000000001 0.7212500000000001 0.6950000000000001 0.7212500000000001 0.6675
2 0.7212500000000001 0.645 0.70875 0.645 0.70875 0.6675 0.7212500000000001 0.6675 0.7212500000000001 0.645
2 0.7625 0.6525000000000001 0.7462500000000001 0.6525000000000001 0.7462500000000001 0.675 0.7625 0.675 0.7625 0.6525000000000001
2 0.745 0.67375 0.72875 0.67375 0.72875 0.69625 0.745 0.69625 0.745 0.67375
2 0.80625 0.66125 0.79125 0.66125 0.79125 0.68625 0.80625 0.68625 0.80625 0.66125
2 0.8262499999999999 0.68875 0.8099999999999999 0.68875 0.8099999999999999 0.7125 0.8262499999999999 0.7125 0.8262499999999999 0.68875
2 0.83625 0.6900000000000001 0.8225 0.6900000000000001 0.8225 0.7150000000000001 0.83625 0.7150000000000001 0.83625 0.6900000000000001
2 0.85 0.69375 0.83375 0.69375 0.83375 0.72 0.85 0.72 0.85 0.69375
2 0.8637499999999999 0.69375 0.84375 0.69375 0.84375 0.7224999999999999 0.8637499999999999 0.7224999999999999 0.8637499999999999 0.69375
2 0.8862500000000001 0.69875 0.8712500000000001 0.69875 0.8712500000000001 0.7275 0.8862500000000001 0.7275 0.8862500000000001 0.69875
2 0.5375 0.63 0.5175 0.63 0.5175 0.6575 0.5375 0.6575 0.5375 0.63
2 0.46749999999999997 0.66875 0.45 0.66875 0.45 0.69375 0.46749999999999997 0.69375 0.46749999999999997 0.66875
2 0.50875 0.70375 0.49000000000000005 0.70375 0.49000000000000005 0.73 0.50875 0.73 0.50875 0.70375
2 0.6875 0.65625 0.66875 0.65625 0.66875 0.68875 0.6875 0.68875 0.6875 0.65625
2 0.5387500000000001 0.71 0.525 0.71 0.525 0.735 0.5387500000000001 0.735 0.5387500000000001 0.71
2 0.5862499999999999 0.72 0.5725 0.72 0.5725 0.74125 0.5862499999999999 0.74125 0.5862499999999999 0.72
2 0.67375 0.7112499999999999 0.6575 0.7112499999999999 0.6575 0.74 0.67375 0.74 0.67375 0.7112499999999999
2 0.73125 0.7474999999999999 0.71375 0.7474999999999999 0.71375 0.775 0.73125 0.775 0.73125 0.7474999999999999
2 0.70625 0.74375 0.6875 0.74375 0.6875 0.76875 0.70625 0.76875 0.70625 0.74375
2 0.72375 0.72 0.70875 0.72 0.70875 0.74875 0.72375 0.74875 0.72375 0.72
2 0.75875 0.7262500000000001 0.7424999999999999 0.7262500000000001 0.7424999999999999 0.755 0.75875 0.755 0.75875 0.7262500000000001
2 0.77 0.73 0.755 0.73 0.755 0.7575000000000001 0.77 0.7575000000000001 0.77 0.73
2 0.80375 0.73625 0.7875 0.73625 0.7875 0.76125 0.80375 0.76125 0.80375 0.73625
2 0.8162499999999999 0.73625 0.79875 0.73625 0.79875 0.76375 0.8162499999999999 0.76375 0.8162499999999999 0.73625
2 0.82875 0.74 0.8099999999999999 0.74 0.8099999999999999 0.76875 0.82875 0.76875 0.82875 0.74
2 0.8525 0.7462500000000001 0.83625 0.7462500000000001 0.83625 0.77125 0.8525 0.77125 0.8525 0.7462500000000001
2 0.7075 0.66625 0.69375 0.66625 0.69375 0.6900000000000001 0.7075 0.6900000000000001 0.7075 0.66625
2 0.705 0.63875 0.68625 0.63875 0.68625 0.6637500000000001 0.705 0.6637500000000001 0.705 0.63875
2 0.8074999999999999 0.5375 0.79125 0.5375 0.79125 0.5625 0.8074999999999999 0.5625 0.8074999999999999 0.5375
2 0.8800000000000001 0.5974999999999999 0.8637499999999999 0.5974999999999999 0.8637499999999999 0.6287499999999999 0.8800000000000001 0.6287499999999999 0.8800000000000001 0.5974999999999999
2 0.8425 0.54125 0.8275 0.54125 0.8275 0.5675 0.8425 0.5675 0.8425 0.54125
2 0.8775000000000001 0.545 0.8625 0.545 0.8625 0.57375 0.8775000000000001 0.57375 0.8775000000000001 0.545
2 0.9012499999999999 0.5525 0.89 0.5525 0.89 0.575 0.9012499999999999 0.575 0.9012499999999999 0.5525
2 0.61 0.54875 0.59875 0.54875 0.59875 0.5700000000000001 0.61 0.5700000000000001 0.61 0.54875
2 0.625 0.54875 0.6075 0.54875 0.6075 0.57625 0.625 0.57625 0.625 0.54875
2 0.6599999999999999 0.55375 0.64375 0.55375 0.64375 0.58125 0.6599999999999999 0.58125 0.6599999999999999 0.55375
2 0.74125 0.57375 0.7275 0.57375 0.7275 0.59875 0.74125 0.59875 0.74125 0.57375
2 0.6775 0.5862499999999999 0.66125 0.5862499999999999 0.66125 0.615 0.6775 0.615 0.6775 0.5862499999999999
2 0.7325 0.6 0.71875 0.6 0.71875 0.62 0.7325 0.62 0.7325 0.6
2 0.82 0.5925 0.80625 0.5925 0.80625 0.61625 0.82 0.61625 0.82 0.5925
2 0.845 0.5962500000000001 0.8300000000000001 0.5962500000000001 0.8300000000000001 0.61875 0.845 0.61875 0.845 0.5962500000000001
2 0.8699999999999999 0.5962500000000001 0.85375 0.5962500000000001 0.85375 0.62375 0.8699999999999999 0.62375 0.8699999999999999 0.5962500000000001
2 0.9025000000000001 0.60375 0.8862500000000001 0.60375 0.8862500000000001 0.63125 0.9025000000000001 0.63125 0.9025000000000001 0.60375
2 0.66875 0.6325000000000001 0.65 0.6325000000000001 0.65 0.65625 0.66875 0.65625 0.66875 0.6325000000000001
2 0.8412499999999999 0.62 0.825 0.62 0.825 0.6425 0.8412499999999999 0.6425 0.8412499999999999 0.62
2 0.85625 0.61875 0.8375 0.61875 0.8375 0.6425 0.85625 0.6425 0.85625 0.61875
2 0.8637499999999999 0.6224999999999999 0.85 0.6224999999999999 0.85 0.645 0.8637499999999999 0.645 0.8637499999999999 0.6224999999999999
2 0.7837500000000001 0.6075 0.76625 0.6075 0.76625 0.63125 0.7837500000000001 0.63125 0.7837500000000001 0.6075
2 0.8550000000000001 0.66875 0.8387499999999999 0.66875 0.8387499999999999 0.69375 0.8550000000000001 0.69375 0.8550000000000001 0.66875
2 0.86625 0.67125 0.8525 0.67125 0.8525 0.6975 0.86625 0.6975 0.86625 0.67125
2 0.8787499999999999 0.67375 0.8625 0.67375 0.8625 0.69875 0.8787499999999999 0.69875 0.8787499999999999 0.67375
2 0.9324999999999999 0.70875 0.91875 0.70875 0.91875 0.73 0.9324999999999999 0.73 0.9324999999999999 0.70875
2 0.5862499999999999 0.6174999999999999 0.5725 0.6174999999999999 0.5725 0.64 0.5862499999999999 0.64 0.5862499999999999 0.6174999999999999
2 0.60625 0.645 0.5862499999999999 0.645 0.5862499999999999 0.67 0.60625 0.67 0.60625 0.645
2 0.61625 0.65125 0.6 0.65125 0.6 0.6725 0.61625 0.6725 0.61625 0.65125
2 0.6625 0.65625 0.6475 0.65625 0.6475 0.68125 0.6625 0.68125 0.6625 0.65625
2 0.865 0.74875 0.8474999999999999 0.74875 0.8474999999999999 0.775 0.865 0.775 0.865 0.74875
2 0.87375 0.7537499999999999 0.86 0.7537499999999999 0.86 0.7725 0.87375 0.7725 0.87375 0.7537499999999999
2 0.8887499999999999 0.75125 0.87375 0.75125 0.87375 0.7775000000000001 0.8887499999999999 0.7775000000000001 0.8887499999999999 0.75125
2 0.5725 0.91875 0.55375 0.91875 0.55375 0.94625 0.5725 0.94625 0.5725 0.91875
2 0.39875 0.88375 0.3825 0.88375 0.3825 0.9087500000000001 0.39875 0.9087500000000001 0.39875 0.88375
2 0.39625 0.9099999999999999 0.38 0.9099999999999999 0.38 0.93875 0.39625 0.93875 0.39625 0.9099999999999999
2 0.43 0.8925000000000001 0.4175 0.8925000000000001 0.4175 0.915 0.43 0.915 0.43 0.8925000000000001
2 0.4425 0.8949999999999999 0.43 0.8949999999999999 0.43 0.91875 0.4425 0.91875 0.4425 0.8949999999999999
2 0.45499999999999996 0.8975 0.44125 0.8975 0.44125 0.92125 0.45499999999999996 0.92125 0.45499999999999996 0.8975
2 0.47750000000000004 0.905 0.46375 0.905 0.46375 0.93125 0.47750000000000004 0.93125 0.47750000000000004 0.905
2 0.49124999999999996 0.90625 0.47625 0.90625 0.47625 0.93125 0.49124999999999996 0.93125 0.49124999999999996 0.90625
2 0.51125 0.9112500000000001 0.49749999999999994 0.9112500000000001 0.49749999999999994 0.9324999999999999 0.51125 0.9324999999999999 0.51125 0.9112500000000001
2 0.5225 0.91375 0.50875 0.91375 0.50875 0.9349999999999999 0.5225 0.9349999999999999 0.5225 0.91375
2 0.5349999999999999 0.915 0.51875 0.915 0.51875 0.9375 0.5349999999999999 0.9375 0.5349999999999999 0.915
2 0.5475 0.91625 0.53125 0.91625 0.53125 0.9412499999999999 0.5475 0.9412499999999999 0.5475 0.91625
2 0.56125 0.91625 0.54375 0.91625 0.54375 0.945 0.56125 0.945 0.56125 0.91625
2 0.595 0.9262499999999999 0.57625 0.9262499999999999 0.57625 0.9525 0.595 0.9525 0.595 0.9262499999999999
2 0.40625 0.8699999999999999 0.385 0.8699999999999999 0.385 0.88375 0.40625 0.88375 0.40625 0.8699999999999999
2 0.60625 0.9262499999999999 0.5925 0.9262499999999999 0.5925 0.95 0.60625 0.95 0.60625 0.9262499999999999
2 0.6174999999999999 0.9025000000000001 0.5925 0.9025000000000001 0.5925 0.91875 0.6174999999999999 0.91875 0.6174999999999999 0.9025000000000001
2 0.6275000000000001 0.91875 0.60375 0.91875 0.60375 0.9324999999999999 0.6275000000000001 0.9324999999999999 0.6275000000000001 0.91875
2 0.6174999999999999 0.92875 0.6012500000000001 0.92875 0.6012500000000001 0.9550000000000001 0.6174999999999999 0.9550000000000001 0.6174999999999999 0.92875
2 0.63 0.9324999999999999 0.6125 0.9324999999999999 0.6125 0.9574999999999999 0.63 0.9574999999999999 0.63 0.9324999999999999
2 0.64125 0.9349999999999999 0.625 0.9349999999999999 0.625 0.9574999999999999 0.64125 0.9574999999999999 0.64125 0.9349999999999999
2 0.6537499999999999 0.9400000000000001 0.63875 0.9400000000000001 0.63875 0.96125 0.6537499999999999 0.96125 0.6537499999999999 0.9400000000000001
2 0.6775 0.9400000000000001 0.6625 0.9400000000000001 0.6625 0.9650000000000001 0.6775 0.9650000000000001 0.6775 0.9400000000000001
2 0.7 0.945 0.6849999999999999 0.945 0.6849999999999999 0.96875 0.7 0.96875 0.7 0.945
2 0.7125 0.945 0.69625 0.945 0.69625 0.9712500000000001 0.7125 0.9712500000000001 0.7125 0.945
2 0.72375 0.9475 0.71 0.9475 0.71 0.9712500000000001 0.72375 0.9712500000000001 0.72375 0.9475
2 0.73375 0.9525 0.7212500000000001 0.9525 0.7212500000000001 0.975 0.73375 0.975 0.73375 0.9525
2 0.3825 0.9075 0.365 0.9075 0.365 0.93625 0.3825 0.93625 0.3825 0.9075
2 0.9275 0.9400000000000001 0.91375 0.9400000000000001 0.91375 0.9637499999999999 0.9275 0.9637499999999999 0.9275 0.9400000000000001
2 0.75625 0.95375 0.7424999999999999 0.95375 0.7424999999999999 0.9800000000000001 0.75625 0.9800000000000001 0.75625 0.95375
2 0.745 0.9037499999999999 0.7325 0.9037499999999999 0.7325 0.9262499999999999 0.745 0.9262499999999999 0.745 0.9037499999999999
2 0.605 0.875 0.5900000000000001 0.875 0.5900000000000001 0.9025000000000001 0.605 0.9025000000000001 0.605 0.875
2 0.61375 0.8787499999999999 0.6025 0.8787499999999999 0.6025 0.9037499999999999 0.61375 0.9037499999999999 0.61375 0.8787499999999999
2 0.6275000000000001 0.88375 0.6125 0.88375 0.6125 0.905 0.6275000000000001 0.905 0.6275000000000001 0.88375
2 0.64 0.88375 0.6212500000000001 0.88375 0.6212500000000001 0.9075 0.64 0.9075 0.64 0.88375
2 0.65125 0.88375 0.6325000000000001 0.88375 0.6325000000000001 0.9075 0.65125 0.9075 0.65125 0.88375
2 0.6637500000000001 0.8887499999999999 0.6475 0.8887499999999999 0.6475 0.915 0.6637500000000001 0.915 0.6637500000000001 0.8887499999999999
2 0.6775 0.8887499999999999 0.6599999999999999 0.8887499999999999 0.6599999999999999 0.9099999999999999 0.6775 0.9099999999999999 0.6775 0.8887499999999999
2 0.68875 0.89125 0.67125 0.89125 0.67125 0.91375 0.68875 0.91375 0.68875 0.89125
2 0.7025 0.8925000000000001 0.67875 0.8925000000000001 0.67875 0.92125 0.7025 0.92125 0.7025 0.8925000000000001
2 0.71 0.8975 0.6975 0.8975 0.6975 0.92125 0.71 0.92125 0.71 0.8975
2 0.7224999999999999 0.8975 0.7075 0.8975 0.7075 0.9225 0.7224999999999999 0.9225 0.7224999999999999 0.8975
2 0.735 0.9012499999999999 0.72 0.9012499999999999 0.72 0.925 0.735 0.925 0.735 0.9012499999999999
2 0.7575000000000001 0.905 0.74125 0.905 0.74125 0.93125 0.7575000000000001 0.93125 0.7575000000000001 0.905
2 0.9075 0.9349999999999999 0.89125 0.9349999999999999 0.89125 0.9637499999999999 0.9075 0.9637499999999999 0.9075 0.9349999999999999
2 0.76875 0.9075 0.7537499999999999 0.9075 0.7537499999999999 0.9337500000000001 0.76875 0.9337500000000001 0.76875 0.9075
2 0.7837500000000001 0.9099999999999999 0.76375 0.9099999999999999 0.76375 0.93875 0.7837500000000001 0.93875 0.7837500000000001 0.9099999999999999
2 0.79375 0.9125 0.7775000000000001 0.9125 0.7775000000000001 0.9412499999999999 0.79375 0.9412499999999999 0.79375 0.9125
2 0.8012499999999999 0.9175000000000001 0.78625 0.9175000000000001 0.78625 0.9400000000000001 0.8012499999999999 0.9400000000000001 0.8012499999999999 0.9175000000000001
2 0.81375 0.915 0.7975 0.915 0.7975 0.94375 0.81375 0.94375 0.81375 0.915
2 0.825 0.9199999999999999 0.81375 0.9199999999999999 0.81375 0.94625 0.825 0.94625 0.825 0.9199999999999999
2 0.83625 0.92125 0.8225 0.92125 0.8225 0.9487500000000001 0.83625 0.9487500000000001 0.83625 0.92125
2 0.8474999999999999 0.92125 0.835 0.92125 0.835 0.95 0.8474999999999999 0.95 0.8474999999999999 0.92125
2 0.86 0.9237500000000001 0.8462500000000001 0.9237500000000001 0.8462500000000001 0.9525 0.86 0.9525 0.86 0.9237500000000001
2 0.8699999999999999 0.92875 0.8574999999999999 0.92875 0.8574999999999999 0.95625 0.8699999999999999 0.95625 0.8699999999999999 0.92875
2 0.88375 0.92875 0.8675 0.92875 0.8675 0.9550000000000001 0.88375 0.9550000000000001 0.88375 0.92875
2 0.89625 0.9349999999999999 0.8800000000000001 0.9349999999999999 0.8800000000000001 0.96125 0.89625 0.96125 0.89625 0.9349999999999999
2 0.745 0.9550000000000001 0.73375 0.9550000000000001 0.73375 0.97875 0.745 0.97875 0.745 0.9550000000000001
2 0.76875 0.95625 0.7537499999999999 0.95625 0.7537499999999999 0.9824999999999999 0.76875 0.9824999999999999 0.76875 0.95625
2 0.9 0.7537499999999999 0.885 0.7537499999999999 0.885 0.7787499999999999 0.9 0.7787499999999999 0.9 0.7537499999999999
2 0.4625 1 0.4625 0.975 0.45 0.975 0.45 1 0.4625 1
2 0.755 1 0.755 0.9800000000000001 0.74 0.9800000000000001 0.74 1 0.755 1
2 0.765 1 0.765 0.9824999999999999 0.75125 0.9824999999999999 0.75125 1 0.765 1
2 0.77625 1 0.77625 0.985 0.76125 0.985 0.76125 1 0.77625 1
2 0.7849999999999999 1 0.7849999999999999 0.9862500000000001 0.77125 0.9862500000000001 0.77125 1 0.7849999999999999 1
2 0.8 1 0.8 0.99 0.78625 0.99 0.78625 1 0.8 1
2 0.81125 1 0.81125 0.99 0.7975 0.99 0.7975 1 0.81125 1
2 0.82125 1 0.82125 0.9949999999999999 0.8087500000000001 0.9949999999999999 0.8087500000000001 1 0.82125 1
2 0.84375 1 0.84375 0.9962500000000001 0.83375 0.9962500000000001 0.83375 1 0.84375 1
2 0.39625 0.96125 0.3775 0.96125 0.3775 0.9887499999999999 0.39625 0.9887499999999999 0.39625 0.96125
2 0.42874999999999996 0.96875 0.41500000000000004 0.96875 0.41500000000000004 0.9962500000000001 0.42874999999999996 0.9962500000000001 0.42874999999999996 0.96875
2 0.475 1 0.475 0.97875 0.4625 0.97875 0.4625 1 0.475 1
2 0.73 1 0.73 0.975 0.71375 0.975 0.71375 1 0.73 1
2 0.4875 1 0.4875 0.9824999999999999 0.4725 0.9824999999999999 0.4725 1 0.4875 1
2 0.51 1 0.51 0.9875 0.495 0.9875 0.495 1 0.51 1
2 0.5325 1 0.5325 0.99 0.51875 0.99 0.51875 1 0.5325 1
2 0.5425 1 0.5425 0.99375 0.53125 0.99375 0.53125 1 0.5425 1
2 0.5549999999999999 1 0.5549999999999999 0.9949999999999999 0.54125 0.9949999999999999 0.54125 1 0.5549999999999999 1
2 0.5662499999999999 1 0.5662499999999999 0.9962500000000001 0.5549999999999999 0.9962500000000001 0.5549999999999999 1 0.5662499999999999 1
2 0.7424999999999999 1 0.7424999999999999 0.97625 0.72875 0.97625 0.72875 1 0.7424999999999999 1
2 0.72 0.9712500000000001 0.70375 0.9712500000000001 0.70375 0.9974999999999999 0.72 0.9974999999999999 0.72 0.9712500000000001
2 0.7787499999999999 0.9574999999999999 0.765 0.9574999999999999 0.765 0.9824999999999999 0.7787499999999999 0.9824999999999999 0.7787499999999999 0.9574999999999999
2 0.49749999999999994 0.93 0.48125 0.93 0.48125 0.95875 0.49749999999999994 0.95875 0.49749999999999994 0.93
2 0.79 0.9637499999999999 0.77625 0.9637499999999999 0.77625 0.9862500000000001 0.79 0.9862500000000001 0.79 0.9637499999999999
2 0.8012499999999999 0.9625 0.78625 0.9625 0.78625 0.9887499999999999 0.8012499999999999 0.9887499999999999 0.8012499999999999 0.9625
2 0.81375 0.9637499999999999 0.8 0.9637499999999999 0.8 0.9925 0.81375 0.9925 0.81375 0.9637499999999999
2 0.825 0.96875 0.8099999999999999 0.96875 0.8099999999999999 0.9949999999999999 0.825 0.9949999999999999 0.825 0.96875
2 0.83625 0.9712500000000001 0.8225 0.9712500000000001 0.8225 0.9974999999999999 0.83625 0.9974999999999999 0.83625 0.9712500000000001
2 0.8487500000000001 0.9737500000000001 0.83625 0.9737500000000001 0.83625 0.99875 0.8487500000000001 0.99875 0.8487500000000001 0.9737500000000001
2 0.8625 1 0.8625 0.97625 0.8487500000000001 0.97625 0.8487500000000001 1 0.8625 1
2 0.87375 1 0.87375 0.97625 0.8574999999999999 0.97625 0.8574999999999999 1 0.87375 1
2 0.885 1 0.885 0.9800000000000001 0.8699999999999999 0.9800000000000001 0.8699999999999999 1 0.885 1
2 0.4525 0.9199999999999999 0.43624999999999997 0.9199999999999999 0.43624999999999997 0.9475 0.4525 0.9475 0.4525 0.9199999999999999
2 0.46375 0.9237500000000001 0.44875 0.9237500000000001 0.44875 0.9525 0.46375 0.9525 0.46375 0.9237500000000001
2 0.485 0.92875 0.46875 0.92875 0.46875 0.95375 0.485 0.95375 0.485 0.92875
2 0.50875 0.93125 0.495 0.93125 0.495 0.95875 0.50875 0.95875 0.50875 0.93125
2 0.70875 0.9724999999999999 0.6912499999999999 0.9724999999999999 0.6912499999999999 0.99375 0.70875 0.99375 0.70875 0.9724999999999999
2 0.55125 0.945 0.54125 0.945 0.54125 0.9662499999999999 0.55125 0.9662499999999999 0.55125 0.945
2 0.5650000000000001 0.945 0.55 0.945 0.55 0.9675 0.5650000000000001 0.9675 0.5650000000000001 0.945
2 0.5775 0.94625 0.5599999999999999 0.94625 0.5599999999999999 0.9737500000000001 0.5775 0.9737500000000001 0.5775 0.94625
2 0.58875 0.9475 0.5700000000000001 0.9475 0.5700000000000001 0.975 0.58875 0.975 0.58875 0.9475
2 0.61125 0.9525 0.595 0.9525 0.595 0.9775 0.61125 0.9775 0.61125 0.9525
2 0.62375 0.95625 0.60875 0.95625 0.60875 0.9800000000000001 0.62375 0.9800000000000001 0.62375 0.95625
2 0.63625 0.95875 0.6174999999999999 0.95875 0.6174999999999999 0.985 0.63625 0.985 0.63625 0.95875
2 0.65125 0.96125 0.6325000000000001 0.96125 0.6325000000000001 0.9875 0.65125 0.9875 0.65125 0.96125
2 0.6599999999999999 0.9625 0.645 0.9625 0.645 0.985 0.6599999999999999 0.985 0.6599999999999999 0.9625
2 0.6725 0.9637499999999999 0.6537499999999999 0.9637499999999999 0.6537499999999999 0.9862500000000001 0.6725 0.9862500000000001 0.6725 0.9637499999999999
2 0.6837500000000001 0.9662499999999999 0.665 0.9662499999999999 0.665 0.99 0.6837500000000001 0.99 0.6837500000000001 0.9662499999999999
2 0.69625 0.9675 0.6775 0.9675 0.6775 0.99375 0.69625 0.99375 0.69625 0.9675
2 0.9112500000000001 0.9112500000000001 0.8949999999999999 0.9112500000000001 0.8949999999999999 0.9400000000000001 0.9112500000000001 0.9400000000000001 0.9112500000000001 0.9112500000000001
2 0.89875 0.9099999999999999 0.88375 0.9099999999999999 0.88375 0.9337500000000001 0.89875 0.9337500000000001 0.89875 0.9099999999999999
2 0.8887499999999999 0.90625 0.87375 0.90625 0.87375 0.93125 0.8887499999999999 0.93125 0.8887499999999999 0.90625
2 0.71875 0.79625 0.705 0.79625 0.705 0.8175000000000001 0.71875 0.8175000000000001 0.71875 0.79625
2 0.54 0.7837500000000001 0.52125 0.7837500000000001 0.52125 0.81375 0.54 0.81375 0.54 0.7837500000000001
2 0.59875 0.795 0.5775 0.795 0.5775 0.8237500000000001 0.59875 0.8237500000000001 0.59875 0.795
2 0.63 0.805 0.6125 0.805 0.6125 0.82875 0.63 0.82875 0.63 0.805
2 0.6525000000000001 0.8087500000000001 0.6375 0.8087500000000001 0.6375 0.83375 0.6525000000000001 0.83375 0.6525000000000001 0.8087500000000001
2 0.6487499999999999 0.7837500000000001 0.635 0.7837500000000001 0.635 0.8087500000000001 0.6487499999999999 0.8087500000000001 0.6487499999999999 0.7837500000000001
2 0.6587500000000001 0.7849999999999999 0.64375 0.7849999999999999 0.64375 0.81125 0.6587500000000001 0.81125 0.6587500000000001 0.7849999999999999
2 0.6825 0.79 0.6675 0.79 0.6675 0.81375 0.6825 0.81375 0.6825 0.79
2 0.70625 0.7925 0.6912499999999999 0.7925 0.6912499999999999 0.81875 0.70625 0.81875 0.70625 0.7925
2 0.665 0.8074999999999999 0.6487499999999999 0.8074999999999999 0.6487499999999999 0.8400000000000001 0.665 0.8400000000000001 0.665 0.8074999999999999
2 0.67875 0.8125 0.6625 0.8125 0.6625 0.8425 0.67875 0.8425 0.67875 0.8125
2 0.70125 0.81875 0.68625 0.81875 0.68625 0.8425 0.70125 0.8425 0.70125 0.81875
2 0.71375 0.81875 0.6975 0.81875 0.6975 0.845 0.71375 0.845 0.71375 0.81875
2 0.7325 0.7975 0.7150000000000001 0.7975 0.7150000000000001 0.82125 0.7325 0.82125 0.7325 0.7975
2 0.9400000000000001 0.7875 0.9275 0.7875 0.9275 0.81125 0.9400000000000001 0.81125 0.9400000000000001 0.7875
2 0.745 0.8 0.7275 0.8 0.7275 0.82125 0.745 0.82125 0.745 0.8
2 0.7537499999999999 0.80375 0.73875 0.80375 0.73875 0.8237500000000001 0.7537499999999999 0.8237500000000001 0.7537499999999999 0.80375
2 0.7675 0.805 0.75125 0.805 0.75125 0.8262499999999999 0.7675 0.8262499999999999 0.7675 0.805
2 0.79 0.8074999999999999 0.7737499999999999 0.8074999999999999 0.7737499999999999 0.835 0.79 0.835 0.79 0.8074999999999999
2 0.8 0.8099999999999999 0.7849999999999999 0.8099999999999999 0.7849999999999999 0.8387499999999999 0.8 0.8387499999999999 0.8 0.8099999999999999
2 0.81375 0.81375 0.795 0.81375 0.795 0.8375 0.81375 0.8375 0.81375 0.81375
2 0.8225 0.8162499999999999 0.80625 0.8162499999999999 0.80625 0.8425 0.8225 0.8425 0.8225 0.8162499999999999
2 0.835 0.8162499999999999 0.81875 0.8162499999999999 0.81875 0.845 0.835 0.845 0.835 0.8162499999999999
2 0.8487500000000001 0.82125 0.8300000000000001 0.82125 0.8300000000000001 0.845 0.8487500000000001 0.845 0.8487500000000001 0.82125
2 0.8699999999999999 0.8262499999999999 0.85625 0.8262499999999999 0.85625 0.85125 0.8699999999999999 0.85125 0.8699999999999999 0.8262499999999999
2 0.88375 0.8262499999999999 0.8637499999999999 0.8262499999999999 0.8637499999999999 0.8550000000000001 0.88375 0.8550000000000001 0.88375 0.8262499999999999
2 0.89625 0.8300000000000001 0.8775000000000001 0.8300000000000001 0.8775000000000001 0.8550000000000001 0.89625 0.8550000000000001 0.89625 0.8300000000000001
2 0.9525 0.7875 0.9375 0.7875 0.9375 0.81125 0.9525 0.81125 0.9525 0.7875
2 0.9262499999999999 0.7849999999999999 0.9125 0.7849999999999999 0.9125 0.8074999999999999 0.9262499999999999 0.8074999999999999 0.9262499999999999 0.7849999999999999
2 0.8775000000000001 0.905 0.85875 0.905 0.85875 0.92875 0.8775000000000001 0.92875 0.8775000000000001 0.905
2 0.4375 0.7424999999999999 0.425 0.7424999999999999 0.425 0.7675 0.4375 0.7675 0.4375 0.7424999999999999
2 0.9324999999999999 0.76375 0.91875 0.76375 0.91875 0.78625 0.9324999999999999 0.78625 0.9324999999999999 0.76375
2 0.9800000000000001 0.70625 0.96125 0.70625 0.96125 0.7262500000000001 0.9800000000000001 0.7262500000000001 0.9800000000000001 0.70625
2 0.9875 0.73 0.9737500000000001 0.73 0.9737500000000001 0.75 0.9875 0.75 0.9875 0.73
2 0.9962500000000001 0.78 0.9800000000000001 0.78 0.9800000000000001 0.8025 0.9962500000000001 0.8025 0.9962500000000001 0.78
2 0.9962500000000001 0.805 0.98125 0.805 0.98125 0.8262499999999999 0.9962500000000001 0.8262499999999999 0.9962500000000001 0.805
2 0.99875 0.82875 0.98375 0.82875 0.98375 0.85 0.99875 0.85 0.99875 0.82875
2 1 0.85 0.9824999999999999 0.85 0.9824999999999999 0.8724999999999999 1 0.8724999999999999 1 0.85
2 1 0.875 0.9875 0.875 0.9875 0.8975 1 0.8975 1 0.875
2 0.99875 0.9012499999999999 0.9862500000000001 0.9012499999999999 0.9862500000000001 0.925 0.99875 0.925 0.99875 0.9012499999999999
2 1 0.9275 0.985 0.9275 0.985 0.95375 1 0.95375 1 0.9275
2 0.9962500000000001 0.9550000000000001 0.9824999999999999 0.9550000000000001 0.9824999999999999 0.97875 0.9962500000000001 0.97875 0.9962500000000001 0.9550000000000001
2 0.99375 1 0.99375 0.9800000000000001 0.97875 0.9800000000000001 0.97875 1 0.99375 1
2 0.44625000000000004 0.76625 0.43 0.76625 0.43 0.7875 0.44625000000000004 0.7875 0.44625000000000004 0.76625
2 0.91375 0.78125 0.9012499999999999 0.78125 0.9012499999999999 0.8074999999999999 0.91375 0.8074999999999999 0.91375 0.78125
2 0.48 0.77625 0.465 0.77625 0.465 0.79875 0.48 0.79875 0.48 0.77625
2 0.81125 0.7625 0.795 0.7625 0.795 0.78625 0.81125 0.78625 0.81125 0.7625
2 0.8225 0.76625 0.8074999999999999 0.76625 0.8074999999999999 0.7887500000000001 0.8225 0.7887500000000001 0.8225 0.76625
2 0.8375 0.7675 0.81875 0.7675 0.81875 0.7925 0.8375 0.7925 0.8375 0.7675
2 0.85625 0.77 0.8400000000000001 0.77 0.8400000000000001 0.7975 0.85625 0.7975 0.85625 0.77
2 0.8699999999999999 0.77625 0.8525 0.77625 0.8525 0.8 0.8699999999999999 0.8 0.8699999999999999 0.77625
2 0.8800000000000001 0.77625 0.86625 0.77625 0.86625 0.80375 0.8800000000000001 0.80375 0.8800000000000001 0.77625
2 0.8949999999999999 0.7825 0.8825 0.7825 0.8825 0.80375 0.8949999999999999 0.80375 0.8949999999999999 0.7825
2 0.9075 0.83375 0.8887499999999999 0.83375 0.8887499999999999 0.85875 0.9075 0.85875 0.9075 0.83375
2 0.9262499999999999 0.835 0.9112500000000001 0.835 0.9112500000000001 0.8612500000000001 0.9262499999999999 0.8612500000000001 0.9262499999999999 0.835
2 0.93875 0.83625 0.9237500000000001 0.83625 0.9237500000000001 0.86625 0.93875 0.86625 0.93875 0.83625
2 0.7175 0.8712500000000001 0.7025 0.8712500000000001 0.7025 0.8949999999999999 0.7175 0.8949999999999999 0.7175 0.8712500000000001
2 0.56125 0.845 0.545 0.845 0.545 0.86875 0.56125 0.86875 0.56125 0.845
2 0.585 0.85 0.5700000000000001 0.85 0.5700000000000001 0.8724999999999999 0.585 0.8724999999999999 0.585 0.85
2 0.56875 0.8699999999999999 0.55375 0.8699999999999999 0.55375 0.89375 0.56875 0.89375 0.56875 0.8699999999999999
2 0.58125 0.875 0.5662499999999999 0.875 0.5662499999999999 0.9012499999999999 0.58125 0.9012499999999999 0.58125 0.875
2 0.5912499999999999 0.8775000000000001 0.575 0.8775000000000001 0.575 0.9025000000000001 0.5912499999999999 0.9025000000000001 0.5912499999999999 0.8775000000000001
2 0.5962500000000001 0.85375 0.58125 0.85375 0.58125 0.87625 0.5962500000000001 0.87625 0.5962500000000001 0.85375
2 0.60625 0.8525 0.5925 0.8525 0.5925 0.8775000000000001 0.60625 0.8775000000000001 0.60625 0.8525
2 0.6325000000000001 0.8525 0.6174999999999999 0.8525 0.6174999999999999 0.88125 0.6325000000000001 0.88125 0.6325000000000001 0.8525
2 0.645 0.85875 0.63125 0.85875 0.63125 0.88375 0.645 0.88375 0.645 0.85875
2 0.68125 0.865 0.665 0.865 0.665 0.89125 0.68125 0.89125 0.68125 0.865
2 0.6950000000000001 0.8625 0.6799999999999999 0.8625 0.6799999999999999 0.8887499999999999 0.6950000000000001 0.8887499999999999 0.6950000000000001 0.8625
2 0.70375 0.8699999999999999 0.6912499999999999 0.8699999999999999 0.6912499999999999 0.89375 0.70375 0.89375 0.70375 0.8699999999999999
2 0.7275 0.8724999999999999 0.71375 0.8724999999999999 0.71375 0.89625 0.7275 0.89625 0.7275 0.8724999999999999
2 0.97875 0.8425 0.96875 0.8425 0.96875 0.86875 0.97875 0.86875 0.97875 0.8425
2 0.74 0.87375 0.7262500000000001 0.87375 0.7262500000000001 0.9012499999999999 0.74 0.9012499999999999 0.74 0.87375
2 0.75 0.8775000000000001 0.74 0.8775000000000001 0.74 0.9025000000000001 0.75 0.9025000000000001 0.75 0.8775000000000001
2 0.76375 0.8800000000000001 0.74875 0.8800000000000001 0.74875 0.905 0.76375 0.905 0.76375 0.8800000000000001
2 0.77625 0.8825 0.76 0.8825 0.76 0.9075 0.77625 0.9075 0.77625 0.8825
2 0.7849999999999999 0.88375 0.7725 0.88375 0.7725 0.9075 0.7849999999999999 0.9075 0.7849999999999999 0.88375
2 0.79625 0.8862500000000001 0.78 0.8862500000000001 0.78 0.9125 0.79625 0.9125 0.79625 0.8862500000000001
2 0.8087500000000001 0.8887499999999999 0.7925 0.8887499999999999 0.7925 0.9125 0.8087500000000001 0.9125 0.8087500000000001 0.8887499999999999
2 0.8225 0.89 0.805 0.89 0.805 0.9199999999999999 0.8225 0.9199999999999999 0.8225 0.89
2 0.8300000000000001 0.89625 0.81875 0.89625 0.81875 0.9199999999999999 0.8300000000000001 0.9199999999999999 0.8300000000000001 0.89625
2 0.8400000000000001 0.89625 0.8275 0.89625 0.8275 0.9199999999999999 0.8400000000000001 0.9199999999999999 0.8400000000000001 0.89625
2 0.8525 0.89625 0.8400000000000001 0.89625 0.8400000000000001 0.9225 0.8525 0.9225 0.8525 0.89625
2 0.86625 0.89875 0.8487500000000001 0.89875 0.8487500000000001 0.9262499999999999 0.86625 0.9262499999999999 0.86625 0.89875
2 0.55625 0.8699999999999999 0.5425 0.8699999999999999 0.5425 0.89125 0.55625 0.89125 0.55625 0.8699999999999999
2 0.545 0.865 0.5287499999999999 0.865 0.5287499999999999 0.89125 0.545 0.89125 0.545 0.865
2 0.95 0.945 0.93625 0.945 0.93625 0.9712500000000001 0.95 0.9712500000000001 0.95 0.945
2 0.9574999999999999 0.8699999999999999 0.94375 0.8699999999999999 0.94375 0.8949999999999999 0.9574999999999999 0.8949999999999999 0.9574999999999999 0.8699999999999999
2 0.525 0.8387499999999999 0.51125 0.8387499999999999 0.51125 0.8625 0.525 0.8625 0.525 0.8387499999999999
2 0.39625 0.83125 0.38125 0.83125 0.38125 0.8574999999999999 0.39625 0.8574999999999999 0.39625 0.83125
2 0.41 0.835 0.39625 0.835 0.39625 0.8612500000000001 0.41 0.8612500000000001 0.41 0.835
2 0.42125 0.8387499999999999 0.40750000000000003 0.8387499999999999 0.40750000000000003 0.8637499999999999 0.42125 0.8637499999999999 0.42125 0.8387499999999999
2 0.44375 0.8425 0.42625 0.8425 0.42625 0.86625 0.44375 0.86625 0.44375 0.8425
2 0.465 0.8487500000000001 0.4525 0.8487500000000001 0.4525 0.875 0.465 0.875 0.465 0.8487500000000001
2 0.47874999999999995 0.85 0.4625 0.85 0.4625 0.8787499999999999 0.47874999999999995 0.8787499999999999 0.47874999999999995 0.85
2 0.495 0.85875 0.48250000000000004 0.85875 0.48250000000000004 0.8825 0.495 0.8825 0.495 0.85875
2 0.50875 0.86 0.495 0.86 0.495 0.8825 0.50875 0.8825 0.50875 0.86
2 0.52125 0.8625 0.50625 0.8625 0.50625 0.8875 0.52125 0.8875 0.52125 0.8625
2 0.725 0.82 0.71 0.82 0.71 0.8487500000000001 0.725 0.8487500000000001 0.725 0.82
2 0.74 0.8237500000000001 0.7212500000000001 0.8237500000000001 0.7212500000000001 0.8487500000000001 0.74 0.8487500000000001 0.74 0.8237500000000001
2 0.75 0.8237500000000001 0.73625 0.8237500000000001 0.73625 0.85125 0.75 0.85125 0.75 0.8237500000000001
2 0.7737499999999999 0.8300000000000001 0.75625 0.8300000000000001 0.75625 0.85875 0.7737499999999999 0.85875 0.7737499999999999 0.8300000000000001
2 0.795 0.8375 0.78 0.8375 0.78 0.8625 0.795 0.8625 0.795 0.8375
2 0.80625 0.8387499999999999 0.7925 0.8387499999999999 0.7925 0.86625 0.80625 0.86625 0.80625 0.8387499999999999
2 0.8175000000000001 0.8412499999999999 0.80375 0.8412499999999999 0.80375 0.8675 0.8175000000000001 0.8675 0.8175000000000001 0.8412499999999999
2 0.83125 0.8425 0.81375 0.8425 0.81375 0.8699999999999999 0.83125 0.8699999999999999 0.83125 0.8425
2 0.8425 0.84375 0.825 0.84375 0.825 0.8699999999999999 0.8425 0.8699999999999999 0.8425 0.84375
2 0.8550000000000001 0.845 0.8400000000000001 0.845 0.8400000000000001 0.8724999999999999 0.8550000000000001 0.8724999999999999 0.8550000000000001 0.845
2 0.865 0.8487500000000001 0.85 0.8487500000000001 0.85 0.875 0.865 0.875 0.865 0.8487500000000001
2 0.8787499999999999 0.85125 0.85875 0.85125 0.85875 0.8775000000000001 0.8787499999999999 0.8775000000000001 0.8787499999999999 0.85125
2 0.8887499999999999 0.8550000000000001 0.8724999999999999 0.8550000000000001 0.8724999999999999 0.8775000000000001 0.8887499999999999 0.8775000000000001 0.8887499999999999 0.8550000000000001
2 0.9025000000000001 0.85875 0.88375 0.85875 0.88375 0.88125 0.9025000000000001 0.88125 0.9025000000000001 0.85875
2 0.9337500000000001 0.8675 0.9175000000000001 0.8675 0.9175000000000001 0.89375 0.9337500000000001 0.89375 0.9337500000000001 0.8675