2 0.04625 1 0.04625 0.9824999999999999 0.03375 0.9824999999999999 0.03375 1 0.04625 1
2 0.03375 1 0.03375 0.9862500000000001 0.02 0.9862500000000001 0.02 1 0.03375 1
2 0.37374999999999997 0.5 0.33625 0.5 0.33625 0.53 0.37374999999999997 0.53 0.37374999999999997 0.5
2 0.7275 0.46125 0.6912499999999999 0.46125 0.6912499999999999 0.49625 0.7275 0.49625 0.7275 0.46125
2 0.70625 0.46624999999999994 0.6775 0.46624999999999994 0.6775 0.5 0.70625 0.5 0.70625 0.46624999999999994
2 0.6875 0.47125000000000006 0.6575 0.47125000000000006 0.6575 0.50125 0.6875 0.50125 0.6875 0.47125000000000006
2 0.4025 0.74875 0.3775 0.74875 0.3775 0.7887500000000001 0.4025 0.7887500000000001 0.4025 0.74875
2 0.5287499999999999 0.8574999999999999 0.49874999999999997 0.8574999999999999 0.49874999999999997 0.8800000000000001 0.5287499999999999 0.8800000000000001 0.5287499999999999 0.8574999999999999
2 0.18375 0.6375 0.15625 0.6375 0.15625 0.6637500000000001 0.18375 0.6637500000000001 0.18375 0.6375
2 0.31625000000000003 0.9349999999999999 0.305 0.9349999999999999 0.305 0.9625 0.31625000000000003 0.9625 0.31625000000000003 0.9349999999999999
2 0.20375000000000001 0.95375 0.19 0.95375 0.19 0.97625 0.20375000000000001 0.97625 0.20375000000000001 0.95375
2 0.19125 0.95 0.17375000000000002 0.95 0.17375000000000002 0.975 0.19125 0.975 0.19125 0.95
2 0.16625 0.945 0.1575 0.945 0.1575 0.97 0.16625 0.97 0.16625 0.945
2 0.15875 0.94625 0.14250000000000002 0.94625 0.14250000000000002 0.9675 0.15875 0.9675 0.15875 0.94625
2 0.02375 0.6950000000000001 0.01 0.6950000000000001 0.01 0.7162499999999999 0.02375 0.7162499999999999 0.02375 0.6950000000000001
2 0.065 0.8925000000000001 0.05375 0.8925000000000001 0.05375 0.91375 0.065 0.91375 0.065 0.8925000000000001
2 0.04625 0.885 0.0325 0.885 0.0325 0.9087500000000001 0.04625 0.9087500000000001 0.04625 0.885
2 0.0925 0.89625 0.07625 0.89625 0.07625 0.91625 0.0925 0.91625 0.0925 0.89625
2 0.06875 0.8275 0.057499999999999996 0.8275 0.057499999999999996 0.8474999999999999 0.06875 0.8474999999999999 0.06875 0.8275
2 0.17875000000000002 0.85 0.16499999999999998 0.85 0.16499999999999998 0.8712500000000001 0.17875000000000002 0.8712500000000001 0.17875000000000002 0.85
2 0.1625 0.85 0.14875 0.85 0.14875 0.86875 0.1625 0.86875 0.1625 0.85
2 0.15 0.845 0.13874999999999998 0.845 0.13874999999999998 0.8625 0.15 0.8625 0.15 0.845
2 0.14125000000000001 0.8387499999999999 0.125 0.8387499999999999 0.125 0.8637499999999999 0.14125000000000001 0.8637499999999999 0.14125000000000001 0.8387499999999999
2 0.125 0.8375 0.11000000000000001 0.8375 0.11000000000000001 0.86 0.125 0.86 0.125 0.8375
2 0.11000000000000001 0.8375 0.09625 0.8375 0.09625 0.865 0.11000000000000001 0.865 0.11000000000000001 0.8375
2 0.0975 0.835 0.08499999999999999 0.835 0.08499999999999999 0.8550000000000001 0.0975 0.8550000000000001 0.0975 0.835
2 0.08499999999999999 0.83125 0.07125000000000001 0.83125 0.07125000000000001 0.8525 0.08499999999999999 0.8525 0.08499999999999999 0.83125
2 0.04875 0.8237500000000001 0.03 0.8237500000000001 0.03 0.8487500000000001 0.04875 0.8487500000000001 0.04875 0.8237500000000001
2 0.1 0.9 0.08625000000000001 0.9 0.08625000000000001 0.91875 0.1 0.91875 0.1 0.9
2 0.027500000000000004 0.82125 0.013750000000000002 0.82125 0.013750000000000002 0.8425 0.027500000000000004 0.8425 0.027500000000000004 0.82125
2 0.20750000000000002 0.9237500000000001 0.19624999999999998 0.9237500000000001 0.19624999999999998 0.94375 0.20750000000000002 0.94375 0.20750000000000002 0.9237500000000001
2 0.185 0.91375 0.17124999999999999 0.91375 0.17124999999999999 0.9337500000000001 0.185 0.9337500000000001 0.185 0.91375
2 0.17375000000000002 0.9075 0.15875 0.9075 0.15875 0.9324999999999999 0.17375000000000002 0.9324999999999999 0.17375000000000002 0.9075
2 0.14875 0.905 0.135 0.905 0.135 0.9275 0.14875 0.9275 0.14875 0.905
2 0.13374999999999998 0.9 0.11875 0.9 0.11875 0.925 0.13374999999999998 0.925 0.13374999999999998 0.9
2 0.12125 0.9025000000000001 0.10500000000000001 0.9025000000000001 0.10500000000000001 0.9237500000000001 0.12125 0.9237500000000001 0.12125 0.9025000000000001
2 0.83125 0.54 0.79625 0.54 0.79625 0.60375 0.83125 0.60375 0.83125 0.54
2 0.83625 0.6525000000000001 0.765 0.6525000000000001 0.765 0.6900000000000001 0.83625 0.6900000000000001 0.83625 0.6525000000000001
2 0.75875 0.74375 0.6912499999999999 0.74375 0.6912499999999999 0.775 0.75875 0.775 0.75875 0.74375
2 0.6025 0.5237499999999999 0.55375 0.5237499999999999 0.55375 0.5912499999999999 0.6025 0.5912499999999999 0.6025 0.5237499999999999
2 0.52 0.5075000000000001 0.445 0.5075000000000001 0.445 0.55125 0.52 0.55125 0.52 0.5075000000000001
2 0.89 0.8975 0.85625 0.8975 0.85625 0.95 0.89 0.95 0.89 0.8975
2 0.30625 0.68875 0.27375 0.68875 0.27375 0.73125 0.30625 0.73125 0.30625 0.68875
2 0.175 0.87625 0.14750000000000002 0.87625 0.14750000000000002 0.9012499999999999 0.175 0.9012499999999999 0.175 0.87625
2 0.015 1 0.015 0.97625 0.00125 0.97625 0.00125 1 0.015 1
2 0.14375 0.9375 0.12875 0.9375 0.12875 0.9637499999999999 0.14375 0.9637499999999999 0.14375 0.9375
2 0.47125000000000006 0.9099999999999999 0.44125 0.9099999999999999 0.44125 0.93 0.47125000000000006 0.93 0.47125000000000006 0.9099999999999999
2 0.4925 0.9262499999999999 0.475 0.9262499999999999 0.475 0.94375 0.4925 0.94375 0.4925 0.9262499999999999
2 0.5025000000000001 0.9237500000000001 0.49000000000000005 0.9237500000000001 0.49000000000000005 0.945 0.5025000000000001 0.945 0.5025000000000001 0.9237500000000001
2 0.515 0.91875 0.49874999999999997 0.91875 0.49874999999999997 0.945 0.515 0.945 0.515 0.91875
2 0.515 0.945 0.49625 0.945 0.49625 0.96875 0.515 0.96875 0.515 0.945
2 0.5349999999999999 0.9425000000000001 0.5175 0.9425000000000001 0.5175 0.9637499999999999 0.5349999999999999 0.9637499999999999 0.5349999999999999 0.9425000000000001
2 0.5037499999999999 0.945 0.47750000000000004 0.945 0.47750000000000004 0.98375 0.5037499999999999 0.98375 0.5037499999999999 0.945
2 0.5125 0.805 0.49625 0.805 0.49625 0.8275 0.5125 0.8275 0.5125 0.805
2 0.49625 0.80625 0.47750000000000004 0.80625 0.47750000000000004 0.83125 0.49625 0.83125 0.49625 0.80625
2 0.45625 0.8875 0.43 0.8875 0.43 0.9087500000000001 0.45625 0.9087500000000001 0.45625 0.8875
2 0.45999999999999996 0.9 0.4375 0.9 0.4375 0.9175000000000001 0.45999999999999996 0.9175000000000001 0.45999999999999996 0.9
2 0.4525 0.87625 0.42874999999999996 0.87625 0.42874999999999996 0.8925000000000001 0.4525 0.8925000000000001 0.4525 0.87625
2 0.66625 0.79125 0.6325000000000001 0.79125 0.6325000000000001 0.8162499999999999 0.66625 0.8162499999999999 0.66625 0.79125
2 0.78125 0.37 0.76625 0.37 0.76625 0.39375 0.78125 0.39375 0.78125 0.37
2 0.66875 0.40750000000000003 0.6375 0.40750000000000003 0.6375 0.42625 0.66875 0.42625 0.66875 0.40750000000000003
2 0.11000000000000001 0.59875 0.09125 0.59875 0.09125 0.61625 0.11000000000000001 0.61625 0.11000000000000001 0.59875
2 0.2375 0.7150000000000001 0.22000000000000003 0.7150000000000001 0.22000000000000003 0.73875 0.2375 0.73875 0.2375 0.7150000000000001
2 0.32125 0.8724999999999999 0.30874999999999997 0.8724999999999999 0.30874999999999997 0.8949999999999999 0.32125 0.8949999999999999 0.32125 0.8724999999999999
2 0.34750000000000003 0.9175000000000001 0.3325 0.9175000000000001 0.3325 0.9375 0.34750000000000003 0.9375 0.34750000000000003 0.9175000000000001
2 0.35750000000000004 0.7150000000000001 0.335 0.7150000000000001 0.335 0.74 0.35750000000000004 0.74 0.35750000000000004 0.7150000000000001
2 0.5275000000000001 0.8012499999999999 0.5125 0.8012499999999999 0.5125 0.8237500000000001 0.5275000000000001 0.8237500000000001 0.5275000000000001 0.8012499999999999
2 0.5700000000000001 0.8275 0.5337500000000001 0.8275 0.5337500000000001 0.85125 0.5700000000000001 0.85125 0.5700000000000001 0.8275
2 0.19624999999999998 0.9199999999999999 0.18375 0.9199999999999999 0.18375 0.9425000000000001 0.19624999999999998 0.9425000000000001 0.19624999999999998 0.9199999999999999