2 0.10874999999999999 0.51875 0.09 0.51875 0.09 0.5337500000000001 0.10874999999999999 0.5337500000000001 0.10874999999999999 0.51875
2 0.34249999999999997 0.49000000000000005 0.32125 0.49000000000000005 0.32125 0.505 0.34249999999999997 0.505 0.34249999999999997 0.49000000000000005
2 0.32875 0.54 0.30874999999999997 0.54 0.30874999999999997 0.5525 0.32875 0.5525 0.32875 0.54
2 0.2525 0.44375 0.2325 0.44375 0.2325 0.45999999999999996 0.2525 0.45999999999999996 0.2525 0.44375
2 0.14875 0.4725 0.12875 0.4725 0.12875 0.48624999999999996 0.14875 0.48624999999999996 0.14875 0.4725
2 0.1525 0.48375 0.1275 0.48375 0.1275 0.50125 0.1525 0.50125 0.1525 0.48375
2 0.15875 0.5037499999999999 0.13999999999999999 0.5037499999999999 0.13999999999999999 0.51875 0.15875 0.51875 0.15875 0.5037499999999999
2 0.1625 0.515 0.145 0.515 0.145 0.53 0.1625 0.53 0.1625 0.515
2 0.1125 0.5325 0.09 0.5325 0.09 0.5475 0.1125 0.5475 0.1125 0.5325
2 0.16625 0.54 0.14750000000000002 0.54 0.14750000000000002 0.5549999999999999 0.16625 0.5549999999999999 0.16625 0.54
2 0.11625 0.54375 0.0975 0.54375 0.0975 0.5587500000000001 0.11625 0.5587500000000001 0.11625 0.54375
2 0.09125 0.55 0.06999999999999999 0.55 0.06999999999999999 0.5662499999999999 0.09125 0.5662499999999999 0.09125 0.55
2 0.32 0.6587500000000001 0.29500000000000004 0.6587500000000001 0.29500000000000004 0.6775 0.32 0.6775 0.32 0.6587500000000001
2 0.10124999999999999 0.5075000000000001 0.08125 0.5075000000000001 0.08125 0.525 0.10124999999999999 0.525 0.10124999999999999 0.5075000000000001
2 0.3725 0.5862499999999999 0.34875 0.5862499999999999 0.34875 0.6012500000000001 0.3725 0.6012500000000001 0.3725 0.5862499999999999
2 0.3325 0.70875 0.3125 0.70875 0.3125 0.7262500000000001 0.3325 0.7262500000000001 0.3325 0.70875
2 0.39625 0.49124999999999996 0.365 0.49124999999999996 0.365 0.51125 0.39625 0.51125 0.39625 0.49124999999999996
2 0.39125 0.745 0.3725 0.745 0.3725 0.75875 0.39125 0.75875 0.39125 0.745
2 0.41624999999999995 0.75 0.39375 0.75 0.39375 0.76625 0.41624999999999995 0.76625 0.41624999999999995 0.75
2 0.395 0.7575000000000001 0.37625000000000003 0.7575000000000001 0.37625000000000003 0.77 0.395 0.77 0.395 0.7575000000000001
2 0.4225 0.76 0.4025 0.76 0.4025 0.7737499999999999 0.4225 0.7737499999999999 0.4225 0.76
2 0.40374999999999994 0.765 0.3825 0.765 0.3825 0.78 0.40374999999999994 0.78 0.40374999999999994 0.765
2 0.45625 0.6950000000000001 0.43375 0.6950000000000001 0.43375 0.7112499999999999 0.45625 0.7112499999999999 0.45625 0.6950000000000001
2 0.425 0.78625 0.40499999999999997 0.78625 0.40499999999999997 0.7975 0.425 0.7975 0.425 0.78625
2 0.42874999999999996 0.79625 0.40625 0.79625 0.40625 0.8087500000000001 0.42874999999999996 0.8087500000000001 0.42874999999999996 0.79625
2 0.40625 0.7875 0.385 0.7875 0.385 0.80375 0.40625 0.80375 0.40625 0.7875
2 0.40750000000000003 0.8 0.385 0.8 0.385 0.8175000000000001 0.40750000000000003 0.8175000000000001 0.40750000000000003 0.8
2 0.23125 0.49625 0.2125 0.49625 0.2125 0.51 0.23125 0.51 0.23125 0.49625
2 0.36875 0.57125 0.34750000000000003 0.57125 0.34750000000000003 0.585 0.36875 0.585 0.36875 0.57125
2 0.4125 0.8125 0.39375 0.8125 0.39375 0.8262499999999999 0.4125 0.8262499999999999 0.4125 0.8125
2 0.42625 0.60625 0.40499999999999997 0.60625 0.40499999999999997 0.6212500000000001 0.42625 0.6212500000000001 0.42625 0.60625
2 0.34375 0.32 0.32375 0.32 0.32375 0.33375 0.34375 0.33375 0.34375 0.32
2 0.36875 0.41125 0.35125 0.41125 0.35125 0.425 0.36875 0.425 0.36875 0.41125
2 0.37124999999999997 0.43375 0.35625 0.43375 0.35625 0.445 0.37124999999999997 0.445 0.37124999999999997 0.43375
2 0.37625000000000003 0.44625000000000004 0.35875 0.44625000000000004 0.35875 0.45999999999999996 0.37625000000000003 0.45999999999999996 0.37625000000000003 0.44625000000000004
2 0.3875 0.465 0.36625 0.465 0.36625 0.48 0.3875 0.48 0.3875 0.465
2 0.40875000000000006 0.5375 0.38625 0.5375 0.38625 0.5525 0.40875000000000006 0.5525 0.40875000000000006 0.5375
2 0.41 0.5587500000000001 0.39 0.5587500000000001 0.39 0.57375 0.41 0.57375 0.41 0.5587500000000001
2 0.42000000000000004 0.5875 0.40125 0.5875 0.40125 0.59875 0.42000000000000004 0.59875 0.42000000000000004 0.5875
2 0.42374999999999996 0.5974999999999999 0.40625 0.5974999999999999 0.40625 0.60875 0.42374999999999996 0.60875 0.42374999999999996 0.5974999999999999
2 0.43125 0.8074999999999999 0.41125 0.8074999999999999 0.41125 0.82125 0.43125 0.82125 0.43125 0.8074999999999999
2 0.42000000000000004 0.82125 0.3975 0.82125 0.3975 0.8387499999999999 0.42000000000000004 0.8387499999999999 0.42000000000000004 0.82125
2 0.1825 0.8025 0.15875 0.8025 0.15875 0.82125 0.1825 0.82125 0.1825 0.8025
2 0.315 0.775 0.29625 0.775 0.29625 0.79 0.315 0.79 0.315 0.775
2 0.26875 0.76125 0.24874999999999997 0.76125 0.24874999999999997 0.77625 0.26875 0.77625 0.26875 0.76125
2 0.26375000000000004 0.75125 0.2425 0.75125 0.2425 0.7625 0.26375000000000004 0.7625 0.26375000000000004 0.75125
2 0.25875 0.735 0.23875000000000002 0.735 0.23875000000000002 0.74875 0.25875 0.74875 0.25875 0.735
2 0.18625 0.75 0.16125 0.75 0.16125 0.76875 0.18625 0.76875 0.18625 0.75
2 0.195 0.77625 0.17250000000000001 0.77625 0.17250000000000001 0.7887500000000001 0.195 0.7887500000000001 0.195 0.77625
2 0.17250000000000001 0.7825 0.1525 0.7825 0.1525 0.79375 0.17250000000000001 0.79375 0.17250000000000001 0.7825
2 0.20125 0.7849999999999999 0.18 0.7849999999999999 0.18 0.8 0.20125 0.8 0.20125 0.7849999999999999
2 0.20375000000000001 0.79625 0.18375 0.79625 0.18375 0.81125 0.20375000000000001 0.81125 0.20375000000000001 0.79625
2 0.20625 0.8074999999999999 0.185 0.8074999999999999 0.185 0.8225 0.20625 0.8225 0.20625 0.8074999999999999
2 0.20875 0.8175000000000001 0.19 0.8175000000000001 0.19 0.83375 0.20875 0.83375 0.20875 0.8175000000000001
2 0.1775 0.7925 0.155 0.7925 0.155 0.8087500000000001 0.1775 0.8087500000000001 0.1775 0.7925
2 0.19125 0.8412499999999999 0.17250000000000001 0.8412499999999999 0.17250000000000001 0.8550000000000001 0.19125 0.8550000000000001 0.19125 0.8412499999999999
2 0.39625 0.50625 0.37625000000000003 0.50625 0.37625000000000003 0.52125 0.39625 0.52125 0.39625 0.50625
2 0.27875 0.81125 0.26375000000000004 0.81125 0.26375000000000004 0.825 0.27875 0.825 0.27875 0.81125
2 0.27625 0.79625 0.26 0.79625 0.26 0.81125 0.27625 0.81125 0.27625 0.79625
2 0.275 0.7837500000000001 0.255 0.7837500000000001 0.255 0.7975 0.275 0.7975 0.275 0.7837500000000001
2 0.24874999999999997 0.77125 0.22875 0.77125 0.22875 0.7875 0.24874999999999997 0.7875 0.24874999999999997 0.77125
2 0.375 0.86 0.35125 0.86 0.35125 0.875 0.375 0.875 0.375 0.86
2 0.38 0.8775000000000001 0.35875 0.8775000000000001 0.35875 0.8925000000000001 0.38 0.8925000000000001 0.38 0.8775000000000001
2 0.385 0.8949999999999999 0.3675 0.8949999999999999 0.3675 0.9087500000000001 0.385 0.9087500000000001 0.385 0.8949999999999999
2 0.3875 0.9075 0.3675 0.9075 0.3675 0.9225 0.3875 0.9225 0.3875 0.9075
2 0.39125 0.92125 0.375 0.92125 0.375 0.93625 0.39125 0.93625 0.39125 0.92125
2 0.39875 0.9324999999999999 0.375 0.9324999999999999 0.375 0.9512499999999999 0.39875 0.9512499999999999 0.39875 0.9324999999999999
2 0.39875 0.9475 0.3825 0.9475 0.3825 0.96125 0.39875 0.96125 0.39875 0.9475
2 0.34625 0.7725 0.3325 0.7725 0.3325 0.78625 0.34625 0.78625 0.34625 0.7725
2 0.32375 0.7975 0.30375 0.7975 0.30375 0.8125 0.32375 0.8125 0.32375 0.7975
2 0.42750000000000005 0.51625 0.40750000000000003 0.51625 0.40750000000000003 0.5349999999999999 0.42750000000000005 0.5349999999999999 0.42750000000000005 0.51625
2 0.44375 0.8162499999999999 0.4225 0.8162499999999999 0.4225 0.83125 0.44375 0.83125 0.44375 0.8162499999999999
2 0.44125 0.82875 0.42374999999999996 0.82875 0.42374999999999996 0.84375 0.44125 0.84375 0.44125 0.82875
2 0.4225 0.83375 0.40499999999999997 0.83375 0.40499999999999997 0.8462500000000001 0.4225 0.8462500000000001 0.4225 0.83375
2 0.44875 0.8474999999999999 0.42625 0.8474999999999999 0.42625 0.8637499999999999 0.44875 0.8637499999999999 0.44875 0.8474999999999999
2 0.42374999999999996 0.84375 0.40625 0.84375 0.40625 0.8574999999999999 0.42374999999999996 0.8574999999999999 0.42374999999999996 0.84375
2 0.42625 0.8550000000000001 0.40875000000000006 0.8550000000000001 0.40875000000000006 0.86875 0.42625 0.86875 0.42625 0.8550000000000001
2 0.45499999999999996 0.8712500000000001 0.43499999999999994 0.8712500000000001 0.43499999999999994 0.8875 0.45499999999999996 0.8875 0.45499999999999996 0.8712500000000001
2 0.43 0.86625 0.40875000000000006 0.86625 0.40875000000000006 0.88125 0.43 0.88125 0.43 0.86625
2 0.4325 0.8800000000000001 0.41125 0.8800000000000001 0.41125 0.8949999999999999 0.4325 0.8949999999999999 0.4325 0.8800000000000001
2 0.52 0.9112500000000001 0.49874999999999997 0.9112500000000001 0.49874999999999997 0.9275 0.52 0.9275 0.52 0.9112500000000001
2 0.5225 0.925 0.5025000000000001 0.925 0.5025000000000001 0.9375 0.5225 0.9375 0.5225 0.925
2 0.52625 0.9349999999999999 0.50625 0.9349999999999999 0.50625 0.9487500000000001 0.52625 0.9487500000000001 0.52625 0.9349999999999999
2 0.53125 0.94625 0.51125 0.94625 0.51125 0.96125 0.53125 0.96125 0.53125 0.94625
2 0.48624999999999996 0.98375 0.465 0.98375 0.465 0.9974999999999999 0.48624999999999996 0.9974999999999999 0.48624999999999996 0.98375
2 0.48125 0.96 0.45999999999999996 0.96 0.45999999999999996 0.975 0.48125 0.975 0.48125 0.96
2 0.46749999999999997 0.915 0.44749999999999995 0.915 0.44749999999999995 0.9324999999999999 0.46749999999999997 0.9324999999999999 0.46749999999999997 0.915
2 0.44625000000000004 0.9237500000000001 0.425 0.9237500000000001 0.425 0.93875 0.44625000000000004 0.93875 0.44625000000000004 0.9237500000000001
2 0.46875 0.9262499999999999 0.45125000000000004 0.9262499999999999 0.45125000000000004 0.9425000000000001 0.46875 0.9425000000000001 0.46875 0.9262499999999999
2 0.45 0.9337500000000001 0.43 0.9337500000000001 0.43 0.95 0.45 0.95 0.45 0.9337500000000001
2 0.09375 0.53625 0.06999999999999999 0.53625 0.06999999999999999 0.55375 0.09375 0.55375 0.09375 0.53625
2 0.78 0.70125 0.75875 0.70125 0.75875 0.7175 0.78 0.7175 0.78 0.70125
2 0.44000000000000006 0.5475 0.4175 0.5475 0.4175 0.56875 0.44000000000000006 0.56875 0.44000000000000006 0.5475
2 0.78 0.7150000000000001 0.75875 0.7150000000000001 0.75875 0.7262500000000001 0.78 0.7262500000000001 0.78 0.7150000000000001
2 0.79375 0.75625 0.76625 0.75625 0.76625 0.77625 0.79375 0.77625 0.79375 0.75625
2 0.45375 0.94625 0.4325 0.94625 0.4325 0.96125 0.45375 0.96125 0.45375 0.94625
2 0.47125000000000006 0.9375 0.45375 0.9375 0.45375 0.95375 0.47125000000000006 0.95375 0.47125000000000006 0.9375
2 0.40499999999999997 0.95875 0.385 0.95875 0.385 0.9724999999999999 0.40499999999999997 0.9724999999999999 0.40499999999999997 0.95875
2 0.47625 0.95 0.4575 0.95 0.4575 0.9662499999999999 0.47625 0.9662499999999999 0.47625 0.95
2 0.46125 0.9800000000000001 0.44000000000000006 0.9800000000000001 0.44000000000000006 0.9949999999999999 0.46125 0.9949999999999999 0.46125 0.9800000000000001
2 0.46125 0.96875 0.44125 0.96875 0.44125 0.9824999999999999 0.46125 0.9824999999999999 0.46125 0.96875
2 0.46375 1 0.46375 0.99 0.445 0.99 0.445 1 0.46375 1
2 0.11625 0.76875 0.09625 0.76875 0.09625 0.78625 0.11625 0.78625 0.11625 0.76875
2 0.015 0.90625 0.00125 0.90625 0.00125 0.9199999999999999 0.015 0.9199999999999999 0.015 0.90625
2 0.26 0.8150000000000001 0.2375 0.8150000000000001 0.2375 0.8324999999999999 0.26 0.8324999999999999 0.26 0.8150000000000001
2 0.215 0.83375 0.19375 0.83375 0.19375 0.8487500000000001 0.215 0.8487500000000001 0.215 0.83375
2 0.425 0.77125 0.40374999999999994 0.77125 0.40374999999999994 0.7849999999999999 0.425 0.7849999999999999 0.425 0.77125
2 0.41500000000000004 0.73625 0.39249999999999996 0.73625 0.39249999999999996 0.75125 0.41500000000000004 0.75125 0.41500000000000004 0.73625
2 1 0.5125 0.9675 0.5125 0.9675 0.54 1 0.54 1 0.5125
2 0.8275 0.7875 0.79875 0.7875 0.79875 0.8087500000000001 0.8275 0.8087500000000001 0.8275 0.7875
2 0.37374999999999997 0.8525 0.35 0.8525 0.35 0.8637499999999999 0.37374999999999997 0.8637499999999999 0.37374999999999997 0.8525
2 0.41125 0.97 0.38875000000000004 0.97 0.38875000000000004 0.985 0.41125 0.985 0.41125 0.97
2 0.41 0.98375 0.39 0.98375 0.39 0.9962500000000001 0.41 0.9962500000000001 0.41 0.98375