2 0.945 0.865 0.9262499999999999 0.865 0.9262499999999999 0.8787499999999999 0.945 0.8787499999999999 0.945 0.865
2 0.9262499999999999 0.8699999999999999 0.9 0.8699999999999999 0.9 0.88375 0.9262499999999999 0.88375 0.9262499999999999 0.8699999999999999
2 0.9724999999999999 0.52625 0.95375 0.52625 0.95375 0.55 0.9724999999999999 0.55 0.9724999999999999 0.52625
2 0.11875 0.93875 0.06375 0.93875 0.06375 0.9625 0.11875 0.9625 0.11875 0.93875
2 0.5125 0.97 0.46875 0.97 0.46875 0.9925 0.5125 0.9925 0.5125 0.97
2 0.52 0.9337500000000001 0.4925 0.9337500000000001 0.4925 0.9512499999999999 0.52 0.9512499999999999 0.52 0.9337500000000001
2 0.86625 0.58 0.8425 0.58 0.8425 0.6025 0.86625 0.6025 0.86625 0.58
2 0.8025 0.54625 0.7875 0.54625 0.7875 0.5662499999999999 0.8025 0.5662499999999999 0.8025 0.54625
2 0.9324999999999999 0.77 0.9112500000000001 0.77 0.9112500000000001 0.7925 0.9324999999999999 0.7925 0.9324999999999999 0.77
2 0.89875 0.24 0.86875 0.24 0.86875 0.28625 0.89875 0.28625 0.89875 0.24
2 0.85375 0.9550000000000001 0.83375 0.9550000000000001 0.83375 0.97 0.85375 0.97 0.85375 0.9550000000000001
2 0.9237500000000001 0.8612500000000001 0.9037499999999999 0.8612500000000001 0.9037499999999999 0.87375 0.9237500000000001 0.87375 0.9237500000000001 0.8612500000000001
2 0.9949999999999999 0.89625 0.9775 0.89625 0.9775 0.905 0.9949999999999999 0.905 0.9949999999999999 0.89625
2 0.9175000000000001 0.88375 0.89875 0.88375 0.89875 0.89625 0.9175000000000001 0.89625 0.9175000000000001 0.88375
2 0.5675 0.22625 0.54875 0.22625 0.54875 0.23875000000000002 0.5675 0.23875000000000002 0.5675 0.22625
2 0.585 0.1525 0.56875 0.1525 0.56875 0.1625 0.585 0.1625 0.585 0.1525
2 0.585 0.1625 0.5650000000000001 0.1625 0.5650000000000001 0.17250000000000001 0.585 0.17250000000000001 0.585 0.1625
2 0.5825 0.16875 0.5599999999999999 0.16875 0.5599999999999999 0.18625 0.5825 0.18625 0.5825 0.16875
2 0.5625 0.25 0.545 0.25 0.545 0.26 0.5625 0.26 0.5625 0.25
2 0.54875 0.31625000000000003 0.5287499999999999 0.31625000000000003 0.5287499999999999 0.32875 0.54875 0.32875 0.54875 0.31625000000000003
2 0.595 0.31 0.5825 0.31 0.5825 0.3325 0.595 0.3325 0.595 0.31
2 0.59875 0.2625 0.5775 0.2625 0.5775 0.27749999999999997 0.59875 0.27749999999999997 0.59875 0.2625
2 0.5775 0.18375 0.5587500000000001 0.18375 0.5587500000000001 0.19375 0.5775 0.19375 0.5775 0.18375
2 0.58875 0.18625 0.57875 0.18625 0.57875 0.205 0.58875 0.205 0.58875 0.18625
2 0.575 0.19624999999999998 0.55625 0.19624999999999998 0.55625 0.20750000000000002 0.575 0.20750000000000002 0.575 0.19624999999999998
2 0.57125 0.20750000000000002 0.55375 0.20750000000000002 0.55375 0.21875 0.57125 0.21875 0.57125 0.20750000000000002
2 0.5700000000000001 0.21625 0.55125 0.21625 0.55125 0.22999999999999998 0.5700000000000001 0.22999999999999998 0.5700000000000001 0.21625
2 0.56375 0.24 0.54625 0.24 0.54625 0.25 0.56375 0.25 0.56375 0.24
2 0.5900000000000001 0.125 0.56875 0.125 0.56875 0.1375 0.5900000000000001 0.1375 0.5900000000000001 0.125
2 0.5599999999999999 0.26125 0.54 0.26125 0.54 0.27125 0.5599999999999999 0.27125 0.5599999999999999 0.26125
2 0.56125 0.27 0.53625 0.27 0.53625 0.28500000000000003 0.56125 0.28500000000000003 0.56125 0.27
2 0.55625 0.28250000000000003 0.5375 0.28250000000000003 0.5375 0.29500000000000004 0.55625 0.29500000000000004 0.55625 0.28250000000000003
2 0.5525 0.29625 0.5325 0.29625 0.5325 0.3075 0.5525 0.3075 0.5525 0.29625
2 0.6212500000000001 0.31 0.61 0.31 0.61 0.33125 0.6212500000000001 0.33125 0.6212500000000001 0.31
2 0.60875 0.31375000000000003 0.59875 0.31375000000000003 0.59875 0.32999999999999996 0.60875 0.32999999999999996 0.60875 0.31375000000000003
2 0.615 0.21625 0.5925 0.21625 0.5925 0.2325 0.615 0.2325 0.615 0.21625
2 0.61125 0.20625 0.5900000000000001 0.20625 0.5900000000000001 0.21875 0.61125 0.21875 0.61125 0.20625
2 0.60625 0.925 0.5925 0.925 0.5925 0.9475 0.60625 0.9475 0.60625 0.925
2 0.5225 0.9012499999999999 0.5025000000000001 0.9012499999999999 0.5025000000000001 0.915 0.5225 0.915 0.5225 0.9012499999999999
2 0.5225 0.87375 0.5037499999999999 0.87375 0.5037499999999999 0.8887499999999999 0.5225 0.8887499999999999 0.5225 0.87375
2 0.5900000000000001 0.13625 0.56875 0.13625 0.56875 0.15 0.5900000000000001 0.15 0.5900000000000001 0.13625
2 0.5900000000000001 0.11499999999999999 0.57125 0.11499999999999999 0.57125 0.1275 0.5900000000000001 0.1275 0.5900000000000001 0.11499999999999999
2 0.545 0.8074999999999999 0.5275000000000001 0.8074999999999999 0.5275000000000001 0.8225 0.545 0.8225 0.545 0.8074999999999999
2 0.5925 0.10500000000000001 0.57625 0.10500000000000001 0.57625 0.11750000000000001 0.5925 0.11750000000000001 0.5925 0.10500000000000001
2 0.6025 0.06875 0.5862499999999999 0.06875 0.5862499999999999 0.07875 0.6025 0.07875 0.6025 0.06875
2 0.60375 0.057499999999999996 0.5875 0.057499999999999996 0.5875 0.06625 0.60375 0.06625 0.60375 0.057499999999999996
2 0.6 0.07875 0.58125 0.07875 0.58125 0.09375 0.6 0.09375 0.6 0.07875
2 0.6 0.09375 0.57875 0.09375 0.57875 0.1075 0.6 0.1075 0.6 0.09375
2 0.5287499999999999 0.8574999999999999 0.51 0.8574999999999999 0.51 0.875 0.5287499999999999 0.875 0.5287499999999999 0.8574999999999999
2 0.73125 0.91625 0.7150000000000001 0.91625 0.7150000000000001 0.9412499999999999 0.73125 0.9412499999999999 0.73125 0.91625
2 1 0.8225 0.9887499999999999 0.8225 0.9887499999999999 0.84375 1 0.84375 1 0.8225
2 0.7675 0.9550000000000001 0.7462500000000001 0.9550000000000001 0.7462500000000001 0.9675 0.7675 0.9675 0.7675 0.9550000000000001
2 0.7675 0.94375 0.7462500000000001 0.94375 0.7462500000000001 0.95375 0.7675 0.95375 0.7675 0.94375
2 0.76875 0.93125 0.74875 0.93125 0.74875 0.9425000000000001 0.76875 0.9425000000000001 0.76875 0.93125
2 0.76375 0.97875 0.745 0.97875 0.745 0.99 0.76375 0.99 0.76375 0.97875
2 0.76 1 0.76 0.99125 0.74125 0.99125 0.74125 1 0.76 1
2 0.5587500000000001 0.40750000000000003 0.54875 0.40750000000000003 0.54875 0.42874999999999996 0.5587500000000001 0.42874999999999996 0.5587500000000001 0.40750000000000003
2 0.2925 0.35125 0.27125 0.35125 0.27125 0.3675 0.2925 0.3675 0.2925 0.35125
2 0.53125 0.8412499999999999 0.51125 0.8412499999999999 0.51125 0.8550000000000001 0.53125 0.8550000000000001 0.53125 0.8412499999999999
2 0.54 0.7975 0.5237499999999999 0.7975 0.5237499999999999 0.8099999999999999 0.54 0.8099999999999999 0.54 0.7975