2 0.85875 0.51875 0.8400000000000001 0.51875 0.8400000000000001 0.5337500000000001 0.85875 0.5337500000000001 0.85875 0.51875
2 1 0.445 0.9824999999999999 0.445 0.9824999999999999 0.45999999999999996 1 0.45999999999999996 1 0.445
2 0.89875 0.4725 0.8787499999999999 0.4725 0.8787499999999999 0.48624999999999996 0.89875 0.48624999999999996 0.89875 0.4725
2 0.9025000000000001 0.48375 0.8775000000000001 0.48375 0.8775000000000001 0.50125 0.9025000000000001 0.50125 0.9025000000000001 0.48375
2 0.9087500000000001 0.5037499999999999 0.89 0.5037499999999999 0.89 0.51875 0.9087500000000001 0.51875 0.9087500000000001 0.5037499999999999
2 0.9125 0.515 0.8949999999999999 0.515 0.8949999999999999 0.53 0.9125 0.53 0.9125 0.515
2 0.8625 0.5325 0.8400000000000001 0.5325 0.8400000000000001 0.5475 0.8625 0.5475 0.8625 0.5325
2 0.91625 0.54 0.8975 0.54 0.8975 0.5549999999999999 0.91625 0.5549999999999999 0.91625 0.54
2 0.86625 0.54375 0.8474999999999999 0.54375 0.8474999999999999 0.5587500000000001 0.86625 0.5587500000000001 0.86625 0.54375
2 0.8412499999999999 0.55 0.82 0.55 0.82 0.5662499999999999 0.8412499999999999 0.5662499999999999 0.8412499999999999 0.55
2 0.85125 0.5075000000000001 0.83125 0.5075000000000001 0.83125 0.5225 0.85125 0.5225 0.85125 0.5075000000000001
2 0.98125 0.49625 0.9625 0.49625 0.9625 0.51 0.98125 0.51 0.98125 0.49625
2 0.28375 0.095 0.24125000000000002 0.095 0.24125000000000002 0.16625 0.28375 0.16625 0.28375 0.095
2 0.9324999999999999 0.8025 0.9087500000000001 0.8025 0.9087500000000001 0.82125 0.9324999999999999 0.82125 0.9324999999999999 0.8025
2 1 0.7525000000000001 0.9925 0.7525000000000001 0.9925 0.7625 1 0.7625 1 0.7525000000000001
2 1 0.73625 0.9887499999999999 0.73625 0.9887499999999999 0.74875 1 0.74875 1 0.73625
2 0.93625 0.75 0.9112500000000001 0.75 0.9112500000000001 0.76875 0.93625 0.76875 0.93625 0.75
2 0.945 0.77625 0.9225 0.77625 0.9225 0.7887500000000001 0.945 0.7887500000000001 0.945 0.77625
2 0.9225 0.7825 0.9025000000000001 0.7825 0.9025000000000001 0.79375 0.9225 0.79375 0.9225 0.7825
2 0.9512499999999999 0.7849999999999999 0.93 0.7849999999999999 0.93 0.8 0.9512499999999999 0.8 0.9512499999999999 0.7849999999999999
2 0.95375 0.79625 0.9337500000000001 0.79625 0.9337500000000001 0.81125 0.95375 0.81125 0.95375 0.79625
2 0.95625 0.8074999999999999 0.9349999999999999 0.8074999999999999 0.9349999999999999 0.8225 0.95625 0.8225 0.95625 0.8074999999999999
2 0.95875 0.8175000000000001 0.9349999999999999 0.8175000000000001 0.9349999999999999 0.83375 0.95875 0.83375 0.95875 0.8175000000000001
2 0.9275 0.7925 0.905 0.7925 0.905 0.8087500000000001 0.9275 0.8087500000000001 0.9275 0.7925
2 0.9412499999999999 0.8412499999999999 0.9225 0.8412499999999999 0.9225 0.8550000000000001 0.9412499999999999 0.8550000000000001 0.9412499999999999 0.8412499999999999
2 0.99875 0.77125 0.97875 0.77125 0.97875 0.7875 0.99875 0.7875 0.99875 0.77125
2 0.84375 0.53625 0.82 0.53625 0.82 0.55375 0.84375 0.55375 0.84375 0.53625
2 0.21000000000000002 0.33125 0.19375 0.33125 0.19375 0.35375 0.21000000000000002 0.35375 0.21000000000000002 0.33125
2 0.25125000000000003 0.0925 0.23625 0.0925 0.23625 0.11374999999999999 0.25125000000000003 0.11374999999999999 0.25125000000000003 0.0925
2 0.0775 0.6174999999999999 0.058750000000000004 0.6174999999999999 0.058750000000000004 0.64375 0.0775 0.64375 0.0775 0.6174999999999999
2 0.02375 0.81125 0.0125 0.81125 0.0125 0.83125 0.02375 0.83125 0.02375 0.81125
2 0.11374999999999999 0.9175000000000001 0.10375000000000001 0.9175000000000001 0.10375000000000001 0.9412499999999999 0.11374999999999999 0.9412499999999999 0.11374999999999999 0.9175000000000001
2 0.15625 0.63625 0.1375 0.63625 0.1375 0.6637500000000001 0.15625 0.6637500000000001 0.15625 0.63625
2 0.86625 0.76875 0.8462500000000001 0.76875 0.8462500000000001 0.78625 0.86625 0.78625 0.86625 0.76875
2 0.7625 0.90625 0.7424999999999999 0.90625 0.7424999999999999 0.9199999999999999 0.7625 0.9199999999999999 0.7625 0.90625
2 1 0.8175000000000001 0.9875 0.8175000000000001 0.9875 0.8324999999999999 1 0.8324999999999999 1 0.8175000000000001
2 0.9650000000000001 0.83375 0.94375 0.83375 0.94375 0.8487500000000001 0.9650000000000001 0.8487500000000001 0.9650000000000001 0.83375
2 0.6075 0.68875 0.5725 0.68875 0.5725 0.7112499999999999 0.6075 0.7112499999999999 0.6075 0.68875
2 0.7537499999999999 0.8949999999999999 0.73375 0.8949999999999999 0.73375 0.9099999999999999 0.7537499999999999 0.9099999999999999 0.7537499999999999 0.8949999999999999