2 0.12875 0.11374999999999999 0.11625 0.11374999999999999 0.11625 0.13874999999999998 0.12875 0.13874999999999998 0.12875 0.11374999999999999
2 0.13 0.0075 0.11625 0.0075 0.11625 0.03625 0.13 0.03625 0.13 0.0075
2 0.11125 0.1975 0.09375 0.1975 0.09375 0.23500000000000001 0.11125 0.23500000000000001 0.11125 0.1975
2 0.16125 0.27375 0.14750000000000002 0.27375 0.14750000000000002 0.29500000000000004 0.16125 0.29500000000000004 0.16125 0.27375
2 0.1025 0.44749999999999995 0.09 0.44749999999999995 0.09 0.47000000000000003 0.1025 0.47000000000000003 0.1025 0.44749999999999995
2 0.08499999999999999 0.34500000000000003 0.07375000000000001 0.34500000000000003 0.07375000000000001 0.365 0.08499999999999999 0.365 0.08499999999999999 0.34500000000000003
2 0.16 0.44625000000000004 0.14875 0.44625000000000004 0.14875 0.4725 0.16 0.4725 0.16 0.44625000000000004
2 0.07625 0.54625 0.06375 0.54625 0.06375 0.5675 0.07625 0.5675 0.07625 0.54625
2 0.14375 0.83625 0.13 0.83625 0.13 0.8612500000000001 0.14375 0.8612500000000001 0.14375 0.83625
2 0.17375000000000002 0.975 0.1525 0.975 0.1525 0.9887499999999999 0.17375000000000002 0.9887499999999999 0.17375000000000002 0.975
2 0.08249999999999999 0.9650000000000001 0.06 0.9650000000000001 0.06 0.9775 0.08249999999999999 0.9775 0.08249999999999999 0.9650000000000001
2 0.49625 1 0.49625 0.9949999999999999 0.4725 0.9949999999999999 0.4725 1 0.49625 1
2 0.42750000000000005 1 0.42750000000000005 0.99 0.40750000000000003 0.99 0.40750000000000003 1 0.42750000000000005 1
2 0.375 0.98125 0.35 0.98125 0.35 0.9949999999999999 0.375 0.9949999999999999 0.375 0.98125
2 0.2925 1 0.2925 0.9875 0.26625 0.9875 0.26625 1 0.2925 1