2 0.945 0.11499999999999999 0.9262499999999999 0.11499999999999999 0.9262499999999999 0.12875 0.945 0.12875 0.945 0.11499999999999999
2 0.9262499999999999 0.12 0.9 0.12 0.9 0.13374999999999998 0.9262499999999999 0.13374999999999998 0.9262499999999999 0.12
2 0.875 0.51 0.85 0.51 0.85 0.5287499999999999 0.875 0.5287499999999999 0.875 0.51
2 0.88375 0.42125 0.865 0.42125 0.865 0.43499999999999994 0.88375 0.43499999999999994 0.88375 0.42125
2 0.9824999999999999 0.26375000000000004 0.96 0.26375000000000004 0.96 0.275 0.9824999999999999 0.275 0.9824999999999999 0.26375000000000004
2 1 0.27375 0.985 0.27375 0.985 0.28375 1 0.28375 1 0.27375
2 1 0.28500000000000003 0.98375 0.28500000000000003 0.98375 0.29375 1 0.29375 1 0.28500000000000003
2 0.11875 0.18875 0.06375 0.18875 0.06375 0.2125 0.11875 0.2125 0.11875 0.18875
2 0.5125 0.22000000000000003 0.46875 0.22000000000000003 0.46875 0.2425 0.5125 0.2425 0.5125 0.22000000000000003
2 0.52 0.18375 0.4925 0.18375 0.4925 0.20125 0.52 0.20125 0.52 0.18375
2 0.9324999999999999 0.02 0.9112500000000001 0.02 0.9112500000000001 0.042499999999999996 0.9324999999999999 0.042499999999999996 0.9324999999999999 0.02
2 0.85375 0.205 0.83375 0.205 0.83375 0.22000000000000003 0.85375 0.22000000000000003 0.85375 0.205
2 1 0.6287499999999999 0.9974999999999999 0.6287499999999999 0.9974999999999999 0.6375 1 0.6375 1 0.6287499999999999
2 0.9650000000000001 0.62 0.9425000000000001 0.62 0.9425000000000001 0.63 0.9650000000000001 0.63 0.9650000000000001 0.62
2 1 0.65125 0.9962500000000001 0.65125 0.9962500000000001 0.6599999999999999 1 0.6599999999999999 1 0.65125
2 1 0.6599999999999999 0.9949999999999999 0.6599999999999999 0.9949999999999999 0.67 1 0.67 1 0.6599999999999999
2 1 0.67125 0.99375 0.67125 0.99375 0.68125 1 0.68125 1 0.67125
2 1 0.6837500000000001 0.9925 0.6837500000000001 0.9925 0.6950000000000001 1 0.6950000000000001 1 0.6837500000000001
2 0.96 0.64 0.93875 0.64 0.93875 0.655 0.96 0.655 0.96 0.64
2 0.96125 0.63 0.9400000000000001 0.63 0.9400000000000001 0.64125 0.96125 0.64125 0.96125 0.63
2 0.9650000000000001 0.60875 0.9487500000000001 0.60875 0.9487500000000001 0.61875 0.9650000000000001 0.61875 0.9650000000000001 0.60875
2 0.95875 0.47874999999999995 0.93875 0.47874999999999995 0.93875 0.49000000000000005 0.95875 0.49000000000000005 0.95875 0.47874999999999995
2 0.9237500000000001 0.11499999999999999 0.9025000000000001 0.11499999999999999 0.9025000000000001 0.12375 0.9237500000000001 0.12375 0.9237500000000001 0.11499999999999999
2 0.9949999999999999 0.14625 0.9775 0.14625 0.9775 0.155 0.9949999999999999 0.155 0.9949999999999999 0.14625
2 0.975 0.505 0.9574999999999999 0.505 0.9574999999999999 0.515 0.975 0.515 0.975 0.505
2 0.9425000000000001 0.6174999999999999 0.92125 0.6174999999999999 0.92125 0.6275000000000001 0.9425000000000001 0.6275000000000001 0.9425000000000001 0.6174999999999999
2 0.95625 0.5237499999999999 0.9349999999999999 0.5237499999999999 0.9349999999999999 0.5349999999999999 0.95625 0.5349999999999999 0.95625 0.5237499999999999
2 0.925 0.53125 0.9125 0.53125 0.9125 0.55375 0.925 0.55375 0.925 0.53125
2 0.89375 0.5275000000000001 0.86875 0.5275000000000001 0.86875 0.54125 0.89375 0.54125 0.89375 0.5275000000000001
2 0.8925000000000001 0.54 0.86875 0.54 0.86875 0.5525 0.8925000000000001 0.5525 0.8925000000000001 0.54
2 0.89125 0.5525 0.8699999999999999 0.5525 0.8699999999999999 0.5625 0.89125 0.5625 0.89125 0.5525
2 0.9712500000000001 0.54875 0.95 0.54875 0.95 0.5625 0.9712500000000001 0.5625 0.9712500000000001 0.54875
2 0.95 0.55625 0.93125 0.55625 0.93125 0.56875 0.95 0.56875 0.95 0.55625
2 0.9737500000000001 0.56375 0.95375 0.56375 0.95375 0.57375 0.9737500000000001 0.57375 0.9737500000000001 0.56375
2 0.95 0.56875 0.92875 0.56875 0.92875 0.58125 0.95 0.58125 0.95 0.56875
2 0.94625 0.58125 0.92875 0.58125 0.92875 0.59375 0.94625 0.59375 0.94625 0.58125
2 0.945 0.59375 0.9237500000000001 0.59375 0.9237500000000001 0.605 0.945 0.605 0.945 0.59375
2 0.94625 0.60625 0.92125 0.60625 0.92125 0.61625 0.94625 0.61625 0.94625 0.60625
2 0.9175000000000001 0.13374999999999998 0.89875 0.13374999999999998 0.89875 0.14625 0.9175000000000001 0.14625 0.9175000000000001 0.13374999999999998
2 0.60625 0.175 0.5925 0.175 0.5925 0.1975 0.60625 0.1975 0.60625 0.175
2 0.5225 0.15125 0.5025000000000001 0.15125 0.5025000000000001 0.16499999999999998 0.5225 0.16499999999999998 0.5225 0.15125
2 0.5225 0.12375 0.5037499999999999 0.12375 0.5037499999999999 0.13874999999999998 0.5225 0.13874999999999998 0.5225 0.12375
2 0.545 0.057499999999999996 0.5275000000000001 0.057499999999999996 0.5275000000000001 0.0725 0.545 0.0725 0.545 0.057499999999999996
2 0.5287499999999999 0.1075 0.51 0.1075 0.51 0.125 0.5287499999999999 0.125 0.5287499999999999 0.1075
2 0.73125 0.16625 0.7150000000000001 0.16625 0.7150000000000001 0.19125 0.73125 0.19125 0.73125 0.16625
2 1 0.32125 0.9800000000000001 0.32125 0.9800000000000001 0.335 1 0.335 1 0.32125
2 0.95 0.7125 0.92875 0.7125 0.92875 0.735 0.95 0.735 0.95 0.7125
2 0.9574999999999999 0.7212500000000001 0.93875 0.7212500000000001 0.93875 0.74 0.9574999999999999 0.74 0.9574999999999999 0.7212500000000001
2 0.9675 0.7275 0.9475 0.7275 0.9475 0.75 0.9675 0.75 0.9675 0.7275
2 0.9775 0.7375 0.9574999999999999 0.7375 0.9574999999999999 0.76 0.9775 0.76 0.9775 0.7375
2 0.985 0.7474999999999999 0.9637499999999999 0.7474999999999999 0.9637499999999999 0.76625 0.985 0.76625 0.985 0.7474999999999999
2 0.9925 0.7525000000000001 0.9737500000000001 0.7525000000000001 0.9737500000000001 0.7737499999999999 0.9925 0.7737499999999999 0.9925 0.7525000000000001
2 1 0.76 0.9824999999999999 0.76 0.9824999999999999 0.7825 1 0.7825 1 0.76
2 1 0.29874999999999996 0.9800000000000001 0.29874999999999996 0.9800000000000001 0.31124999999999997 1 0.31124999999999997 1 0.29874999999999996
2 0.99875 0.335 0.9775 0.335 0.9775 0.34500000000000003 0.99875 0.34500000000000003 0.99875 0.335
2 1 0.0725 0.9887499999999999 0.0725 0.9887499999999999 0.09375 1 0.09375 1 0.0725
2 0.9324999999999999 0.7 0.91375 0.7 0.91375 0.71875 0.9324999999999999 0.71875 0.9324999999999999 0.7
2 0.9400000000000001 0.70625 0.9225 0.70625 0.9225 0.7262500000000001 0.9400000000000001 0.7262500000000001 0.9400000000000001 0.70625
2 0.9175000000000001 0.6825 0.89375 0.6825 0.89375 0.705 0.9175000000000001 0.705 0.9175000000000001 0.6825
2 0.7675 0.205 0.7462500000000001 0.205 0.7462500000000001 0.21749999999999997 0.7675 0.21749999999999997 0.7675 0.205
2 0.7849999999999999 0.4725 0.765 0.4725 0.765 0.48624999999999996 0.7849999999999999 0.48624999999999996 0.7849999999999999 0.4725
2 0.7675 0.19375 0.7462500000000001 0.19375 0.7462500000000001 0.20375000000000001 0.7675 0.20375000000000001 0.7675 0.19375
2 0.76875 0.18125 0.74875 0.18125 0.74875 0.1925 0.76875 0.1925 0.76875 0.18125
2 0.76375 0.22875 0.745 0.22875 0.745 0.24 0.76375 0.24 0.76375 0.22875
2 0.76 0.24125000000000002 0.74125 0.24125000000000002 0.74125 0.2525 0.76 0.2525 0.76 0.24125000000000002
2 0.75875 0.25375000000000003 0.74 0.25375000000000003 0.74 0.265 0.75875 0.265 0.75875 0.25375000000000003
2 0.76 0.265 0.73875 0.265 0.73875 0.27625 0.76 0.27625 0.76 0.265
2 0.7575000000000001 0.27749999999999997 0.73875 0.27749999999999997 0.73875 0.28625 0.7575000000000001 0.28625 0.7575000000000001 0.27749999999999997
2 0.75875 0.2875 0.73875 0.2875 0.73875 0.3 0.75875 0.3 0.75875 0.2875
2 0.7725 0.425 0.75125 0.425 0.75125 0.4425 0.7725 0.4425 0.7725 0.425
2 0.7737499999999999 0.44125 0.7525000000000001 0.44125 0.7525000000000001 0.45499999999999996 0.7737499999999999 0.45499999999999996 0.7737499999999999 0.44125
2 0.7787499999999999 0.45125000000000004 0.75625 0.45125000000000004 0.75625 0.46749999999999997 0.7787499999999999 0.46749999999999997 0.7787499999999999 0.45125000000000004
2 0.78125 0.46125 0.76 0.46125 0.76 0.47874999999999995 0.78125 0.47874999999999995 0.78125 0.46125
2 0.7887500000000001 0.48125 0.7675 0.48125 0.7675 0.5 0.7887500000000001 0.5 0.7887500000000001 0.48125
2 0.9099999999999999 0.6725 0.8887499999999999 0.6725 0.8887499999999999 0.6925 0.9099999999999999 0.6925 0.9099999999999999 0.6725
2 0.79375 0.49375 0.77125 0.49375 0.77125 0.51125 0.79375 0.51125 0.79375 0.49375
2 0.80625 0.5287499999999999 0.7849999999999999 0.5287499999999999 0.7849999999999999 0.545 0.80625 0.545 0.80625 0.5287499999999999
2 0.8175000000000001 0.55125 0.79375 0.55125 0.79375 0.57125 0.8175000000000001 0.57125 0.8175000000000001 0.55125
2 0.8275 0.40499999999999997 0.8074999999999999 0.40499999999999997 0.8074999999999999 0.41624999999999995 0.8275 0.41624999999999995 0.8275 0.40499999999999997
2 0.83125 0.39249999999999996 0.8074999999999999 0.39249999999999996 0.8074999999999999 0.40374999999999994 0.83125 0.40374999999999994 0.83125 0.39249999999999996
2 0.83125 0.38 0.81125 0.38 0.81125 0.39375 0.83125 0.39375 0.83125 0.38
2 0.85625 0.60875 0.8324999999999999 0.60875 0.8324999999999999 0.63125 0.85625 0.63125 0.85625 0.60875
2 0.8612500000000001 0.6212500000000001 0.8425 0.6212500000000001 0.8425 0.64 0.8612500000000001 0.64 0.8612500000000001 0.6212500000000001
2 0.87625 0.6375 0.85625 0.6375 0.85625 0.6575 0.87625 0.6575 0.87625 0.6375
2 0.8825 0.645 0.8637499999999999 0.645 0.8637499999999999 0.665 0.8825 0.665 0.8825 0.645
2 0.8925000000000001 0.6525000000000001 0.86875 0.6525000000000001 0.86875 0.67625 0.8925000000000001 0.67625 0.8925000000000001 0.6525000000000001
2 0.9 0.66625 0.8787499999999999 0.66625 0.8787499999999999 0.6837500000000001 0.9 0.6837500000000001 0.9 0.66625
2 0.9724999999999999 0.57375 0.95375 0.57375 0.95375 0.58875 0.9724999999999999 0.58875 0.9724999999999999 0.57375
2 0.91875 0.3225 0.8949999999999999 0.3225 0.8949999999999999 0.33625 0.91875 0.33625 0.91875 0.3225
2 0.97875 0.31375000000000003 0.95375 0.31375000000000003 0.95375 0.32999999999999996 0.97875 0.32999999999999996 0.97875 0.31375000000000003