2 0.95875 0.23125 0.9400000000000001 0.23125 0.9400000000000001 0.255 0.95875 0.255 0.95875 0.23125
2 0.99875 0.34375 0.97875 0.34375 0.97875 0.36875 0.99875 0.36875 0.99875 0.34375
2 0.9125 0.46125 0.9012499999999999 0.46125 0.9012499999999999 0.485 0.9125 0.485 0.9125 0.46125
2 0.9349999999999999 0.16999999999999998 0.91375 0.16999999999999998 0.91375 0.195 0.9349999999999999 0.195 0.9349999999999999 0.16999999999999998
2 0.94625 0.20875 0.92875 0.20875 0.92875 0.22875 0.94625 0.22875 0.94625 0.20875
2 0.9225 0.14375 0.90625 0.14375 0.90625 0.16999999999999998 0.9225 0.16999999999999998 0.9225 0.14375
2 0.96125 0.18125 0.94625 0.18125 0.94625 0.205 0.96125 0.205 0.96125 0.18125
2 0.9550000000000001 0.1525 0.9349999999999999 0.1525 0.9349999999999999 0.18125 0.9550000000000001 0.18125 0.9550000000000001 0.1525
2 0.8550000000000001 0.65125 0.83375 0.65125 0.83375 0.67375 0.8550000000000001 0.67375 0.8550000000000001 0.65125
2 0.89375 0.8012499999999999 0.8724999999999999 0.8012499999999999 0.8724999999999999 0.82 0.89375 0.82 0.89375 0.8012499999999999
2 0.9025000000000001 0.795 0.8800000000000001 0.795 0.8800000000000001 0.8087500000000001 0.9025000000000001 0.8087500000000001 0.9025000000000001 0.795
2 0.9099999999999999 0.7837500000000001 0.8887499999999999 0.7837500000000001 0.8887499999999999 0.8 0.9099999999999999 0.8 0.9099999999999999 0.7837500000000001
2 0.93625 0.79125 0.91625 0.79125 0.91625 0.81125 0.93625 0.81125 0.93625 0.79125
2 0.9487500000000001 0.7775000000000001 0.9225 0.7775000000000001 0.9225 0.805 0.9487500000000001 0.805 0.9487500000000001 0.7775000000000001
2 0.925 0.76125 0.9037499999999999 0.76125 0.9037499999999999 0.7849999999999999 0.925 0.7849999999999999 0.925 0.76125
2 0.49625 0.7837500000000001 0.47625 0.7837500000000001 0.47625 0.79625 0.49625 0.79625 0.49625 0.7837500000000001
2 0.28375 0.76375 0.2625 0.76375 0.2625 0.7787499999999999 0.28375 0.7787499999999999 0.28375 0.76375
2 0.14875 1 0.14875 0.99 0.13 0.99 0.13 1 0.14875 1
2 0.3225 0.8775000000000001 0.25625 0.8775000000000001 0.25625 0.9025000000000001 0.3225 0.9025000000000001 0.3225 0.8775000000000001
2 0.40625 0.9625 0.34625 0.9625 0.34625 0.9887499999999999 0.40625 0.9887499999999999 0.40625 0.9625
2 0.11374999999999999 0.30874999999999997 0.09875 0.30874999999999997 0.09875 0.33125 0.11374999999999999 0.33125 0.11374999999999999 0.30874999999999997
2 0.8712500000000001 0.215 0.85625 0.215 0.85625 0.23875000000000002 0.8712500000000001 0.23875000000000002 0.8712500000000001 0.215
2 0.9425000000000001 0.13625 0.93125 0.13625 0.93125 0.16 0.9425000000000001 0.16 0.9425000000000001 0.13625