2 0.32999999999999996 0.32625000000000004 0.31375000000000003 0.32625000000000004 0.31375000000000003 0.34875 0.32999999999999996 0.34875 0.32999999999999996 0.32625000000000004
2 0.26875 0.00125 0.24375 0.00125 0.24375 0.015 0.26875 0.015 0.26875 0.00125
2 0.23875000000000002 0.02 0.215 0.02 0.215 0.041249999999999995 0.23875000000000002 0.041249999999999995 0.23875000000000002 0.02
2 0.275 0.01875 0.2575 0.01875 0.2575 0.04 0.275 0.04 0.275 0.01875
2 0.28250000000000003 0.01125 0.265 0.01125 0.265 0.026250000000000002 0.28250000000000003 0.026250000000000002 0.28250000000000003 0.01125
2 0.23500000000000001 0.12625 0.20750000000000002 0.12625 0.20750000000000002 0.1525 0.23500000000000001 0.1525 0.23500000000000001 0.12625
2 0.26875 0.17375000000000002 0.24625 0.17375000000000002 0.24625 0.195 0.26875 0.195 0.26875 0.17375000000000002
2 0.2875 0.23875000000000002 0.26749999999999996 0.23875000000000002 0.26749999999999996 0.26125 0.2875 0.26125 0.2875 0.23875000000000002
2 0.16499999999999998 0.8074999999999999 0.14625 0.8074999999999999 0.14625 0.8275 0.16499999999999998 0.8275 0.16499999999999998 0.8074999999999999
2 0.13625 0.8150000000000001 0.11125 0.8150000000000001 0.11125 0.835 0.13625 0.835 0.13625 0.8150000000000001
2 0.14625 0.79375 0.11000000000000001 0.79375 0.11000000000000001 0.8262499999999999 0.14625 0.8262499999999999 0.14625 0.79375
2 0.3375 0.8237500000000001 0.3125 0.8237500000000001 0.3125 0.84375 0.3375 0.84375 0.3375 0.8237500000000001
2 0.26875 0.8150000000000001 0.24 0.8150000000000001 0.24 0.83625 0.26875 0.83625 0.26875 0.8150000000000001
2 0.25125000000000003 0.79625 0.2225 0.79625 0.2225 0.82 0.25125000000000003 0.82 0.25125000000000003 0.79625
2 0.12 0.9637499999999999 0.0925 0.9637499999999999 0.0925 0.9862500000000001 0.12 0.9862500000000001 0.12 0.9637499999999999
2 0.125 0.9512499999999999 0.1 0.9512499999999999 0.1 0.97625 0.125 0.97625 0.125 0.9512499999999999
2 0.1575 0.9512499999999999 0.13374999999999998 0.9512499999999999 0.13374999999999998 0.975 0.1575 0.975 0.1575 0.9512499999999999
2 0.05 0.9199999999999999 0.026250000000000002 0.9199999999999999 0.026250000000000002 0.9400000000000001 0.05 0.9400000000000001 0.05 0.9199999999999999
2 0.06375 0.9025000000000001 0.042499999999999996 0.9025000000000001 0.042499999999999996 0.9237500000000001 0.06375 0.9237500000000001 0.06375 0.9025000000000001
2 0.0975 0.9012499999999999 0.0775 0.9012499999999999 0.0775 0.9199999999999999 0.0975 0.9199999999999999 0.0975 0.9012499999999999
2 0.095 0.86625 0.0725 0.86625 0.0725 0.8862500000000001 0.095 0.8862500000000001 0.095 0.86625
2 0.20875 0.8887499999999999 0.18375 0.8887499999999999 0.18375 0.9075 0.20875 0.9075 0.20875 0.8887499999999999
2 0.21625 0.8775000000000001 0.18875 0.8775000000000001 0.18875 0.89875 0.21625 0.89875 0.21625 0.8775000000000001
2 0.21375000000000002 0.8474999999999999 0.18875 0.8474999999999999 0.18875 0.865 0.21375000000000002 0.865 0.21375000000000002 0.8474999999999999
2 0.22000000000000003 0.8400000000000001 0.1975 0.8400000000000001 0.1975 0.8550000000000001 0.22000000000000003 0.8550000000000001 0.22000000000000003 0.8400000000000001
2 0.22625 0.8300000000000001 0.20125 0.8300000000000001 0.20125 0.8487500000000001 0.22625 0.8487500000000001 0.22625 0.8300000000000001
2 0.2325 0.8175000000000001 0.20750000000000002 0.8175000000000001 0.20750000000000002 0.8387499999999999 0.2325 0.8387499999999999 0.2325 0.8175000000000001
2 0.6475 0.41125 0.63375 0.41125 0.63375 0.43499999999999994 0.6475 0.43499999999999994 0.6475 0.41125
2 0.6575 0.4125 0.64375 0.4125 0.64375 0.43624999999999997 0.6575 0.43624999999999997 0.6575 0.4125
2 0.67 0.41624999999999995 0.6537499999999999 0.41624999999999995 0.6537499999999999 0.44000000000000006 0.67 0.44000000000000006 0.67 0.41624999999999995
2 0.67875 0.42000000000000004 0.665 0.42000000000000004 0.665 0.4425 0.67875 0.4425 0.67875 0.42000000000000004
2 0.6925 0.42125 0.67625 0.42125 0.67625 0.445 0.6925 0.445 0.6925 0.42125
2 0.47750000000000004 0.41 0.465 0.41 0.465 0.43499999999999994 0.47750000000000004 0.43499999999999994 0.47750000000000004 0.41
2 0.49000000000000005 0.41 0.47750000000000004 0.41 0.47750000000000004 0.43375 0.49000000000000005 0.43375 0.49000000000000005 0.41
2 0.505 0.41125 0.48875 0.41125 0.48875 0.43624999999999997 0.505 0.43624999999999997 0.505 0.41125
2 0.515 0.4125 0.5 0.4125 0.5 0.44125 0.515 0.44125 0.515 0.4125
2 0.52625 0.41375 0.50875 0.41375 0.50875 0.44125 0.52625 0.44125 0.52625 0.41375
2 0.5375 0.41624999999999995 0.52125 0.41624999999999995 0.52125 0.4425 0.5375 0.4425 0.5375 0.41624999999999995
2 0.5475 0.4175 0.5325 0.4175 0.5325 0.445 0.5475 0.445 0.5475 0.4175
2 0.61375 0.4025 0.5974999999999999 0.4025 0.5974999999999999 0.42874999999999996 0.61375 0.42874999999999996 0.61375 0.4025
2 0.63625 0.41125 0.6212500000000001 0.41125 0.6212500000000001 0.43125 0.63625 0.43125 0.63625 0.41125
2 0.6012500000000001 0.40125 0.5875 0.40125 0.5875 0.42374999999999996 0.6012500000000001 0.42374999999999996 0.6012500000000001 0.40125
2 0.6975 0.27125 0.67875 0.27125 0.67875 0.29874999999999996 0.6975 0.29874999999999996 0.6975 0.27125
2 0.9175000000000001 0.5875 0.8925000000000001 0.5875 0.8925000000000001 0.6 0.9175000000000001 0.6 0.9175000000000001 0.5875
2 0.82 0.31875 0.805 0.31875 0.805 0.34375 0.82 0.34375 0.82 0.31875
2 0.8300000000000001 0.32125 0.8150000000000001 0.32125 0.8150000000000001 0.34750000000000003 0.8300000000000001 0.34750000000000003 0.8300000000000001 0.32125
2 0.8412499999999999 0.3225 0.8275 0.3225 0.8275 0.34625 0.8412499999999999 0.34625 0.8412499999999999 0.3225
2 0.85375 0.32625000000000004 0.8387499999999999 0.32625000000000004 0.8387499999999999 0.3525 0.85375 0.3525 0.85375 0.32625000000000004
2 0.8775000000000001 0.33375 0.8612500000000001 0.33375 0.8612500000000001 0.36 0.8775000000000001 0.36 0.8775000000000001 0.33375
2 0.425 0.31875 0.40750000000000003 0.31875 0.40750000000000003 0.34375 0.425 0.34375 0.425 0.31875
2 0.44625000000000004 0.32375 0.43 0.32375 0.43 0.35 0.44625000000000004 0.35 0.44625000000000004 0.32375
2 0.45999999999999996 0.32375 0.44000000000000006 0.32375 0.44000000000000006 0.3525 0.45999999999999996 0.3525 0.45999999999999996 0.32375
2 0.37625000000000003 0.4225 0.34625 0.4225 0.34625 0.44875 0.37625000000000003 0.44875 0.37625000000000003 0.4225
2 0.85625 0.6587500000000001 0.82875 0.6587500000000001 0.82875 0.67125 0.85625 0.67125 0.85625 0.6587500000000001
2 0.9075 0.5974999999999999 0.88375 0.5974999999999999 0.88375 0.6125 0.9075 0.6125 0.9075 0.5974999999999999
2 0.8 0.54875 0.77625 0.54875 0.77625 0.5675 0.8 0.5675 0.8 0.54875
2 0.7975 0.3125 0.78 0.3125 0.78 0.33625 0.7975 0.33625 0.7975 0.3125
2 0.8175000000000001 0.52 0.795 0.52 0.795 0.53625 0.8175000000000001 0.53625 0.8175000000000001 0.52
2 0.6875 0.5725 0.665 0.5725 0.665 0.5912499999999999 0.6875 0.5912499999999999 0.6875 0.5725
2 0.515 0.57125 0.49000000000000005 0.57125 0.49000000000000005 0.58375 0.515 0.58375 0.515 0.57125
2 0.36375 0.5725 0.3375 0.5725 0.3375 0.5925 0.36375 0.5925 0.36375 0.5725
2 0.47625 0.44749999999999995 0.45125000000000004 0.44749999999999995 0.45125000000000004 0.4725 0.47625 0.4725 0.47625 0.44749999999999995
2 0.48250000000000004 0.45625 0.4625 0.45625 0.4625 0.48125 0.48250000000000004 0.48125 0.48250000000000004 0.45625
2 0.49375 0.4575 0.47375 0.4575 0.47375 0.4875 0.49375 0.4875 0.49375 0.4575
2 0.5037499999999999 0.46875 0.48125 0.46875 0.48125 0.495 0.5037499999999999 0.495 0.5037499999999999 0.46875
2 0.5237499999999999 0.49124999999999996 0.5 0.49124999999999996 0.5 0.505 0.5237499999999999 0.505 0.5237499999999999 0.49124999999999996
2 0.5662499999999999 0.46624999999999994 0.55 0.46624999999999994 0.55 0.495 0.5662499999999999 0.495 0.5662499999999999 0.46624999999999994
2 0.5862499999999999 0.46875 0.57125 0.46875 0.57125 0.495 0.5862499999999999 0.495 0.5862499999999999 0.46875
2 0.59875 0.47125000000000006 0.585 0.47125000000000006 0.585 0.49749999999999994 0.59875 0.49749999999999994 0.59875 0.47125000000000006
2 0.8087500000000001 0.31375000000000003 0.795 0.31375000000000003 0.795 0.33999999999999997 0.8087500000000001 0.33999999999999997 0.8087500000000001 0.31375000000000003
2 0.78625 0.31124999999999997 0.77 0.31124999999999997 0.77 0.33625 0.78625 0.33625 0.78625 0.31124999999999997
2 0.6224999999999999 0.475 0.6075 0.475 0.6075 0.5037499999999999 0.6224999999999999 0.5037499999999999 0.6224999999999999 0.475
2 0.86 0.2975 0.84375 0.2975 0.84375 0.32375 0.86 0.32375 0.86 0.2975
2 0.7175 0.27375 0.705 0.27375 0.705 0.30125 0.7175 0.30125 0.7175 0.27375
2 0.73125 0.275 0.7150000000000001 0.275 0.7150000000000001 0.3 0.73125 0.3 0.73125 0.275
2 0.7424999999999999 0.27875 0.7275 0.27875 0.7275 0.3 0.7424999999999999 0.3 0.7424999999999999 0.27875
2 0.75125 0.27999999999999997 0.73875 0.27999999999999997 0.73875 0.30375 0.75125 0.30375 0.75125 0.27999999999999997
2 0.76625 0.28125 0.75125 0.28125 0.75125 0.305 0.76625 0.305 0.76625 0.28125
2 0.7775000000000001 0.28375 0.76125 0.28375 0.76125 0.30874999999999997 0.7775000000000001 0.30874999999999997 0.7775000000000001 0.28375
2 0.79125 0.28500000000000003 0.7737499999999999 0.28500000000000003 0.7737499999999999 0.31 0.79125 0.31 0.79125 0.28500000000000003
2 0.8 0.2875 0.78625 0.2875 0.78625 0.315 0.8 0.315 0.8 0.2875
2 0.8162499999999999 0.28875 0.7975 0.28875 0.7975 0.315 0.8162499999999999 0.315 0.8162499999999999 0.28875
2 0.8237500000000001 0.29500000000000004 0.8087500000000001 0.29500000000000004 0.8087500000000001 0.32125 0.8237500000000001 0.32125 0.8237500000000001 0.29500000000000004
2 0.8375 0.29625 0.82125 0.29625 0.82125 0.32375 0.8375 0.32375 0.8375 0.29625
2 0.8462500000000001 0.2975 0.83375 0.2975 0.83375 0.3225 0.8462500000000001 0.3225 0.8462500000000001 0.2975
2 0.8712500000000001 0.3 0.85625 0.3 0.85625 0.32625000000000004 0.8712500000000001 0.32625000000000004 0.8712500000000001 0.3
2 0.775 0.3075 0.7575000000000001 0.3075 0.7575000000000001 0.33125 0.775 0.33125 0.775 0.3075
2 0.67875 0.29375 0.6637500000000001 0.29375 0.6637500000000001 0.31875 0.67875 0.31875 0.67875 0.29375
2 0.6912499999999999 0.2975 0.6775 0.2975 0.6775 0.31875 0.6912499999999999 0.31875 0.6912499999999999 0.2975
2 0.8925000000000001 0.305 0.88125 0.305 0.88125 0.32999999999999996 0.8925000000000001 0.32999999999999996 0.8925000000000001 0.305
2 0.9550000000000001 0.33875 0.9337500000000001 0.33875 0.9337500000000001 0.36625 0.9550000000000001 0.36625 0.9550000000000001 0.33875
2 0.9637499999999999 0.3175 0.94375 0.3175 0.94375 0.34249999999999997 0.9637499999999999 0.34249999999999997 0.9637499999999999 0.3175
2 0.95625 0.41624999999999995 0.93 0.41624999999999995 0.93 0.4425 0.95625 0.4425 0.95625 0.41624999999999995
2 0.70375 0.29375 0.6875 0.29375 0.6875 0.32125 0.70375 0.32125 0.70375 0.29375
2 0.7150000000000001 0.30125 0.7 0.30125 0.7 0.32375 0.7150000000000001 0.32375 0.7150000000000001 0.30125
2 0.73 0.3 0.7125 0.3 0.7125 0.325 0.73 0.325 0.73 0.3
2 0.7375 0.3025 0.7212500000000001 0.3025 0.7212500000000001 0.3275 0.7375 0.3275 0.7375 0.3025
2 0.75125 0.3025 0.73375 0.3025 0.73375 0.32999999999999996 0.75125 0.32999999999999996 0.75125 0.3025
2 0.7625 0.30625 0.7462500000000001 0.30625 0.7462500000000001 0.33125 0.7625 0.33125 0.7625 0.30625
2 0.60875 0.47625 0.5962500000000001 0.47625 0.5962500000000001 0.50125 0.60875 0.50125 0.60875 0.47625
2 0.6487499999999999 0.47874999999999995 0.6287499999999999 0.47874999999999995 0.6287499999999999 0.5075000000000001 0.6487499999999999 0.5075000000000001 0.6487499999999999 0.47874999999999995
2 0.5925 0.39875 0.5725 0.39875 0.5725 0.42374999999999996 0.5925 0.42374999999999996 0.5925 0.39875
2 0.61 0.42750000000000005 0.5900000000000001 0.42750000000000005 0.5900000000000001 0.45375 0.61 0.45375 0.61 0.42750000000000005
2 0.60875 0.355 0.59375 0.355 0.59375 0.38125 0.60875 0.38125 0.60875 0.355
2 0.5775 0.34875 0.56125 0.34875 0.56125 0.375 0.5775 0.375 0.5775 0.34875
2 0.5650000000000001 0.34625 0.55 0.34625 0.55 0.3725 0.5650000000000001 0.3725 0.5650000000000001 0.34625
2 0.55 0.34125 0.5337500000000001 0.34125 0.5337500000000001 0.37 0.55 0.37 0.55 0.34125
2 0.5375 0.33875 0.5237499999999999 0.33875 0.5237499999999999 0.3675 0.5375 0.3675 0.5375 0.33875
2 0.5275000000000001 0.33875 0.51125 0.33875 0.51125 0.3625 0.5275000000000001 0.3625 0.5275000000000001 0.33875
2 0.515 0.3375 0.50125 0.3375 0.50125 0.3625 0.515 0.3625 0.515 0.3375
2 0.665 0.44000000000000006 0.6475 0.44000000000000006 0.6475 0.46375 0.665 0.46375 0.665 0.44000000000000006
2 0.6537499999999999 0.43875000000000003 0.64 0.43875000000000003 0.64 0.46125 0.6537499999999999 0.46125 0.6537499999999999 0.43875000000000003
2 0.64125 0.43499999999999994 0.6275000000000001 0.43499999999999994 0.6275000000000001 0.4575 0.64125 0.4575 0.64125 0.43499999999999994
2 0.63 0.4325 0.61625 0.4325 0.61625 0.4575 0.63 0.4575 0.63 0.4325
2 0.62 0.43125 0.60375 0.43125 0.60375 0.4575 0.62 0.4575 0.62 0.43125
2 0.5962500000000001 0.425 0.58 0.425 0.58 0.4525 0.5962500000000001 0.4525 0.5962500000000001 0.425
2 0.6837500000000001 0.33875 0.665 0.33875 0.665 0.36625 0.6837500000000001 0.36625 0.6837500000000001 0.33875
2 0.585 0.42374999999999996 0.56875 0.42374999999999996 0.56875 0.45125000000000004 0.585 0.45125000000000004 0.585 0.42374999999999996
2 0.57125 0.42125 0.55625 0.42125 0.55625 0.44749999999999995 0.57125 0.44749999999999995 0.57125 0.42125
2 0.5587500000000001 0.42000000000000004 0.54625 0.42000000000000004 0.54625 0.445 0.5587500000000001 0.445 0.5587500000000001 0.42000000000000004
2 0.44875 0.3775 0.43875000000000003 0.3775 0.43875000000000003 0.4 0.44875 0.4 0.44875 0.3775
2 0.45999999999999996 0.3775 0.44749999999999995 0.3775 0.44749999999999995 0.4 0.45999999999999996 0.4 0.45999999999999996 0.3775
2 0.4725 0.37625000000000003 0.45875000000000005 0.37625000000000003 0.45875000000000005 0.39875 0.4725 0.39875 0.4725 0.37625000000000003
2 0.4925 0.38375 0.48125 0.38375 0.48125 0.40625 0.4925 0.40625 0.4925 0.38375
2 0.5325 0.3875 0.5125 0.3875 0.5125 0.41500000000000004 0.5325 0.41500000000000004 0.5325 0.3875
2 0.54375 0.39125 0.52625 0.39125 0.52625 0.41624999999999995 0.54375 0.41624999999999995 0.54375 0.39125
2 0.55375 0.39375 0.54 0.39375 0.54 0.4175 0.55375 0.4175 0.55375 0.39375
2 0.5662499999999999 0.39375 0.55 0.39375 0.55 0.42000000000000004 0.5662499999999999 0.42000000000000004 0.5662499999999999 0.39375
2 0.5775 0.39625 0.56125 0.39625 0.56125 0.4225 0.5775 0.4225 0.5775 0.39625
2 0.5962500000000001 0.35375 0.58 0.35375 0.58 0.37875000000000003 0.5962500000000001 0.37875000000000003 0.5962500000000001 0.35375
2 0.6799999999999999 0.36625 0.6637500000000001 0.36625 0.6637500000000001 0.39249999999999996 0.6799999999999999 0.39249999999999996 0.6799999999999999 0.36625
2 0.665 0.47874999999999995 0.64625 0.47874999999999995 0.64625 0.50625 0.665 0.50625 0.665 0.47874999999999995
2 0.8 0.365 0.7825 0.365 0.7825 0.39249999999999996 0.8 0.39249999999999996 0.8 0.365
2 0.67625 0.47750000000000004 0.6599999999999999 0.47750000000000004 0.6599999999999999 0.5025000000000001 0.67625 0.5025000000000001 0.67625 0.47750000000000004
2 0.6900000000000001 0.47874999999999995 0.67875 0.47874999999999995 0.67875 0.5025000000000001 0.6900000000000001 0.5025000000000001 0.6900000000000001 0.47874999999999995
2 0.69875 0.4625 0.675 0.4625 0.675 0.47750000000000004 0.69875 0.47750000000000004 0.69875 0.4625
2 0.76125 0.42625 0.745 0.42625 0.745 0.45499999999999996 0.76125 0.45499999999999996 0.76125 0.42625
2 0.7737499999999999 0.43125 0.7575000000000001 0.43125 0.7575000000000001 0.45999999999999996 0.7737499999999999 0.45999999999999996 0.7737499999999999 0.43125
2 0.82875 0.4 0.81125 0.4 0.81125 0.42874999999999996 0.82875 0.42874999999999996 0.82875 0.4
2 0.80625 0.39375 0.7875 0.39375 0.7875 0.42374999999999996 0.80625 0.42374999999999996 0.80625 0.39375
2 0.77 0.39 0.7575000000000001 0.39 0.7575000000000001 0.41125 0.77 0.41125 0.77 0.39
2 0.8675 0.38 0.8574999999999999 0.38 0.8574999999999999 0.40374999999999994 0.8675 0.40374999999999994 0.8675 0.38
2 0.85875 0.3775 0.84375 0.3775 0.84375 0.4025 0.85875 0.4025 0.85875 0.3775
2 0.8324999999999999 0.3675 0.81875 0.3675 0.81875 0.39625 0.8324999999999999 0.39625 0.8324999999999999 0.3675
2 0.81125 0.3675 0.7975 0.3675 0.7975 0.39249999999999996 0.81125 0.39249999999999996 0.81125 0.3675
2 0.7875 0.365 0.77 0.365 0.77 0.38875000000000004 0.7875 0.38875000000000004 0.7875 0.365
2 0.6912499999999999 0.36875 0.675 0.36875 0.675 0.395 0.6912499999999999 0.395 0.6912499999999999 0.36875
2 0.775 0.36375 0.76 0.36375 0.76 0.3875 0.775 0.3875 0.775 0.36375
2 0.76375 0.36124999999999996 0.74875 0.36124999999999996 0.74875 0.38625 0.76375 0.38625 0.76375 0.36124999999999996
2 0.7537499999999999 0.35875 0.74 0.35875 0.74 0.38375 0.7537499999999999 0.38375 0.7537499999999999 0.35875
2 0.7424999999999999 0.355 0.7224999999999999 0.355 0.7224999999999999 0.38 0.7424999999999999 0.38 0.7424999999999999 0.355
2 0.73125 0.35375 0.7150000000000001 0.35375 0.7150000000000001 0.37875000000000003 0.73125 0.37875000000000003 0.73125 0.35375
2 0.71875 0.35 0.70375 0.35 0.70375 0.375 0.71875 0.375 0.71875 0.35
2 0.70625 0.34375 0.6900000000000001 0.34375 0.6900000000000001 0.37 0.70625 0.37 0.70625 0.34375
2 0.69625 0.34125 0.67875 0.34125 0.67875 0.36875 0.69625 0.36875 0.69625 0.34125
2 0.48 0.33125 0.46749999999999997 0.33125 0.46749999999999997 0.35375 0.48 0.35375 0.48 0.33125
2 0.4925 0.33125 0.47750000000000004 0.33125 0.47750000000000004 0.35875 0.4925 0.35875 0.4925 0.33125
2 0.505 0.33625 0.48875 0.33625 0.48875 0.36 0.505 0.36 0.505 0.33625
2 0.7112499999999999 0.375 0.6975 0.375 0.6975 0.4 0.7112499999999999 0.4 0.7112499999999999 0.375
2 0.93 0.37875000000000003 0.9087500000000001 0.37875000000000003 0.9087500000000001 0.4025 0.93 0.4025 0.93 0.37875000000000003
2 0.7075 0.2725 0.69375 0.2725 0.69375 0.29625 0.7075 0.29625 0.7075 0.2725
2 0.6837500000000001 0.26749999999999996 0.6675 0.26749999999999996 0.6675 0.29625 0.6837500000000001 0.29625 0.6837500000000001 0.26749999999999996
2 0.73125 0.00125 0.71375 0.00125 0.71375 0.025 0.73125 0.025 0.73125 0.00125
2 0.70375 0.00125 0.6875 0.00125 0.6875 0.01875 0.70375 0.01875 0.70375 0.00125
2 0.7537499999999999 0.00125 0.7424999999999999 0.00125 0.7424999999999999 0.005 0.7537499999999999 0.005 0.7537499999999999 0.00125
2 0.76625 0.00125 0.755 0.00125 0.755 0.0075 0.76625 0.0075 0.76625 0.00125
2 0.8012499999999999 0.00125 0.7875 0.00125 0.7875 0.01125 0.8012499999999999 0.01125 0.8012499999999999 0.00125
2 0.8125 0.00125 0.79875 0.00125 0.79875 0.013750000000000002 0.8125 0.013750000000000002 0.8125 0.00125
2 0.8275 0.00125 0.8099999999999999 0.00125 0.8099999999999999 0.01875 0.8275 0.01875 0.8275 0.00125
2 0.85125 0.00125 0.83625 0.00125 0.83625 0.021249999999999998 0.85125 0.021249999999999998 0.85125 0.00125
2 0.6725 0.26625 0.655 0.26625 0.655 0.29625 0.6725 0.29625 0.6725 0.26625
2 0.6125 0.86625 0.58 0.86625 0.58 0.8875 0.6125 0.8875 0.6125 0.86625
2 0.865 0.00125 0.8474999999999999 0.00125 0.8474999999999999 0.025 0.865 0.025 0.865 0.00125
2 0.87375 0.00375 0.86 0.00375 0.86 0.0225 0.87375 0.0225 0.87375 0.00375
2 0.8887499999999999 0.00125 0.87375 0.00125 0.87375 0.027500000000000004 0.8887499999999999 0.027500000000000004 0.8887499999999999 0.00125
2 0.5725 0.16875 0.55375 0.16875 0.55375 0.19624999999999998 0.5725 0.19624999999999998 0.5725 0.16875
2 0.39875 0.13374999999999998 0.3825 0.13374999999999998 0.3825 0.15875 0.39875 0.15875 0.39875 0.13374999999999998
2 0.39625 0.16 0.38 0.16 0.38 0.18875 0.39625 0.18875 0.39625 0.16
2 0.43 0.14250000000000002 0.4175 0.14250000000000002 0.4175 0.16499999999999998 0.43 0.16499999999999998 0.43 0.14250000000000002
2 0.4425 0.145 0.43 0.145 0.43 0.16875 0.4425 0.16875 0.4425 0.145
2 0.45499999999999996 0.14750000000000002 0.44125 0.14750000000000002 0.44125 0.17124999999999999 0.45499999999999996 0.17124999999999999 0.45499999999999996 0.14750000000000002
2 0.47750000000000004 0.155 0.46375 0.155 0.46375 0.18125 0.47750000000000004 0.18125 0.47750000000000004 0.155
2 0.49124999999999996 0.15625 0.47625 0.15625 0.47625 0.18125 0.49124999999999996 0.18125 0.49124999999999996 0.15625
2 0.51125 0.16125 0.49749999999999994 0.16125 0.49749999999999994 0.1825 0.51125 0.1825 0.51125 0.16125
2 0.5225 0.16375 0.50875 0.16375 0.50875 0.185 0.5225 0.185 0.5225 0.16375
2 0.5349999999999999 0.16499999999999998 0.51875 0.16499999999999998 0.51875 0.1875 0.5349999999999999 0.1875 0.5349999999999999 0.16499999999999998
2 0.5475 0.16625 0.53125 0.16625 0.53125 0.19125 0.5475 0.19125 0.5475 0.16625
2 0.56125 0.16625 0.54375 0.16625 0.54375 0.195 0.56125 0.195 0.56125 0.16625
2 0.595 0.17625 0.57625 0.17625 0.57625 0.20249999999999999 0.595 0.20249999999999999 0.595 0.17625
2 0.40625 0.12 0.385 0.12 0.385 0.13374999999999998 0.40625 0.13374999999999998 0.40625 0.12
2 0.60625 0.17625 0.5925 0.17625 0.5925 0.2 0.60625 0.2 0.60625 0.17625
2 0.6174999999999999 0.1525 0.5925 0.1525 0.5925 0.16875 0.6174999999999999 0.16875 0.6174999999999999 0.1525
2 0.6275000000000001 0.16875 0.60375 0.16875 0.60375 0.1825 0.6275000000000001 0.1825 0.6275000000000001 0.16875
2 0.6174999999999999 0.17875000000000002 0.6012500000000001 0.17875000000000002 0.6012500000000001 0.205 0.6174999999999999 0.205 0.6174999999999999 0.17875000000000002
2 0.63 0.1825 0.6125 0.1825 0.6125 0.20750000000000002 0.63 0.20750000000000002 0.63 0.1825
2 0.64125 0.185 0.625 0.185 0.625 0.20750000000000002 0.64125 0.20750000000000002 0.64125 0.185
2 0.6537499999999999 0.19 0.63875 0.19 0.63875 0.21125 0.6537499999999999 0.21125 0.6537499999999999 0.19
2 0.6775 0.19 0.6625 0.19 0.6625 0.215 0.6775 0.215 0.6775 0.19
2 0.7 0.195 0.6849999999999999 0.195 0.6849999999999999 0.21875 0.7 0.21875 0.7 0.195
2 0.7125 0.195 0.69625 0.195 0.69625 0.22125 0.7125 0.22125 0.7125 0.195
2 0.72375 0.1975 0.71 0.1975 0.71 0.22125 0.72375 0.22125 0.72375 0.1975
2 0.73375 0.20249999999999999 0.7212500000000001 0.20249999999999999 0.7212500000000001 0.225 0.73375 0.225 0.73375 0.20249999999999999
2 0.3825 0.1575 0.365 0.1575 0.365 0.18625 0.3825 0.18625 0.3825 0.1575
2 0.93 0.19 0.9099999999999999 0.19 0.9099999999999999 0.21375000000000002 0.93 0.21375000000000002 0.93 0.19
2 0.75625 0.20375000000000001 0.7424999999999999 0.20375000000000001 0.7424999999999999 0.22999999999999998 0.75625 0.22999999999999998 0.75625 0.20375000000000001
2 0.745 0.15375 0.7325 0.15375 0.7325 0.17625 0.745 0.17625 0.745 0.15375
2 0.605 0.125 0.5900000000000001 0.125 0.5900000000000001 0.1525 0.605 0.1525 0.605 0.125
2 0.61375 0.12875 0.6025 0.12875 0.6025 0.15375 0.61375 0.15375 0.61375 0.12875
2 0.6275000000000001 0.13374999999999998 0.6125 0.13374999999999998 0.6125 0.155 0.6275000000000001 0.155 0.6275000000000001 0.13374999999999998
2 0.64 0.13374999999999998 0.6212500000000001 0.13374999999999998 0.6212500000000001 0.1575 0.64 0.1575 0.64 0.13374999999999998
2 0.65125 0.13374999999999998 0.6325000000000001 0.13374999999999998 0.6325000000000001 0.1575 0.65125 0.1575 0.65125 0.13374999999999998
2 0.6637500000000001 0.13874999999999998 0.6475 0.13874999999999998 0.6475 0.16499999999999998 0.6637500000000001 0.16499999999999998 0.6637500000000001 0.13874999999999998
2 0.6775 0.13874999999999998 0.6599999999999999 0.13874999999999998 0.6599999999999999 0.16 0.6775 0.16 0.6775 0.13874999999999998
2 0.68875 0.14125000000000001 0.67125 0.14125000000000001 0.67125 0.16375 0.68875 0.16375 0.68875 0.14125000000000001
2 0.7025 0.14250000000000002 0.67875 0.14250000000000002 0.67875 0.17124999999999999 0.7025 0.17124999999999999 0.7025 0.14250000000000002
2 0.71 0.14750000000000002 0.6975 0.14750000000000002 0.6975 0.17124999999999999 0.71 0.17124999999999999 0.71 0.14750000000000002
2 0.7224999999999999 0.14750000000000002 0.7075 0.14750000000000002 0.7075 0.17250000000000001 0.7224999999999999 0.17250000000000001 0.7224999999999999 0.14750000000000002
2 0.735 0.15125 0.72 0.15125 0.72 0.175 0.735 0.175 0.735 0.15125
2 0.7575000000000001 0.155 0.74125 0.155 0.74125 0.18125 0.7575000000000001 0.18125 0.7575000000000001 0.155
2 0.9075 0.185 0.89125 0.185 0.89125 0.21375000000000002 0.9075 0.21375000000000002 0.9075 0.185
2 0.76875 0.1575 0.7537499999999999 0.1575 0.7537499999999999 0.18375 0.76875 0.18375 0.76875 0.1575
2 0.7837500000000001 0.16 0.76375 0.16 0.76375 0.18875 0.7837500000000001 0.18875 0.7837500000000001 0.16
2 0.79375 0.1625 0.7775000000000001 0.1625 0.7775000000000001 0.19125 0.79375 0.19125 0.79375 0.1625
2 0.8012499999999999 0.1675 0.78625 0.1675 0.78625 0.19 0.8012499999999999 0.19 0.8012499999999999 0.1675
2 0.81375 0.16499999999999998 0.7975 0.16499999999999998 0.7975 0.19375 0.81375 0.19375 0.81375 0.16499999999999998
2 0.825 0.16999999999999998 0.81375 0.16999999999999998 0.81375 0.19624999999999998 0.825 0.19624999999999998 0.825 0.16999999999999998
2 0.83625 0.17124999999999999 0.8225 0.17124999999999999 0.8225 0.19875 0.83625 0.19875 0.83625 0.17124999999999999
2 0.8474999999999999 0.17124999999999999 0.835 0.17124999999999999 0.835 0.2 0.8474999999999999 0.2 0.8474999999999999 0.17124999999999999
2 0.86 0.17375000000000002 0.8462500000000001 0.17375000000000002 0.8462500000000001 0.20249999999999999 0.86 0.20249999999999999 0.86 0.17375000000000002
2 0.8699999999999999 0.17875000000000002 0.8574999999999999 0.17875000000000002 0.8574999999999999 0.20625 0.8699999999999999 0.20625 0.8699999999999999 0.17875000000000002
2 0.88375 0.17875000000000002 0.8675 0.17875000000000002 0.8675 0.205 0.88375 0.205 0.88375 0.17875000000000002
2 0.89625 0.185 0.8800000000000001 0.185 0.8800000000000001 0.21125 0.89625 0.21125 0.89625 0.185
2 0.745 0.205 0.73375 0.205 0.73375 0.22875 0.745 0.22875 0.745 0.205
2 0.76875 0.20625 0.7537499999999999 0.20625 0.7537499999999999 0.2325 0.76875 0.2325 0.76875 0.20625
2 0.9 0.00375 0.885 0.00375 0.885 0.028749999999999998 0.9 0.028749999999999998 0.9 0.00375
2 0.4625 0.225 0.45 0.225 0.45 0.2525 0.4625 0.2525 0.4625 0.225
2 0.755 0.22999999999999998 0.74 0.22999999999999998 0.74 0.255 0.755 0.255 0.755 0.22999999999999998
2 0.765 0.2325 0.75125 0.2325 0.75125 0.25875 0.765 0.25875 0.765 0.2325
2 0.77625 0.23500000000000001 0.76 0.23500000000000001 0.76 0.26 0.77625 0.26 0.77625 0.23500000000000001
2 0.7849999999999999 0.23625 0.76875 0.23625 0.76875 0.26375000000000004 0.7849999999999999 0.26375000000000004 0.7849999999999999 0.23625
2 0.8 0.24 0.7849999999999999 0.24 0.7849999999999999 0.26749999999999996 0.8 0.26749999999999996 0.8 0.24
2 0.81125 0.24 0.79625 0.24 0.79625 0.27 0.81125 0.27 0.81125 0.24
2 0.82125 0.24500000000000002 0.805 0.24500000000000002 0.805 0.26625 0.82125 0.26625 0.82125 0.24500000000000002
2 0.84375 0.24625 0.8300000000000001 0.24625 0.8300000000000001 0.2725 0.84375 0.2725 0.84375 0.24625
2 0.8550000000000001 0.25125000000000003 0.8425 0.25125000000000003 0.8425 0.2725 0.8550000000000001 0.2725 0.8550000000000001 0.25125000000000003
2 0.8699999999999999 0.25125000000000003 0.8525 0.25125000000000003 0.8525 0.28125 0.8699999999999999 0.28125 0.8699999999999999 0.25125000000000003
2 0.39625 0.21125 0.3775 0.21125 0.3775 0.23875000000000002 0.39625 0.23875000000000002 0.39625 0.21125
2 0.42874999999999996 0.21875 0.41500000000000004 0.21875 0.41500000000000004 0.24625 0.42874999999999996 0.24625 0.42874999999999996 0.21875
2 0.475 0.22875 0.4625 0.22875 0.4625 0.2575 0.475 0.2575 0.475 0.22875
2 0.73 0.225 0.7125 0.225 0.7125 0.2525 0.73 0.2525 0.73 0.225
2 0.4875 0.2325 0.4725 0.2325 0.4725 0.2575 0.4875 0.2575 0.4875 0.2325
2 0.51 0.2375 0.4925 0.2375 0.4925 0.265 0.51 0.265 0.51 0.2375
2 0.5325 0.24 0.5175 0.24 0.5175 0.26749999999999996 0.5325 0.26749999999999996 0.5325 0.24
2 0.5425 0.24375 0.5287499999999999 0.24375 0.5287499999999999 0.26875 0.5425 0.26875 0.5425 0.24375
2 0.5549999999999999 0.24500000000000002 0.54 0.24500000000000002 0.54 0.27 0.5549999999999999 0.27 0.5549999999999999 0.24500000000000002
2 0.5662499999999999 0.24625 0.55125 0.24625 0.55125 0.27375 0.5662499999999999 0.27375 0.5662499999999999 0.24625
2 0.5825 0.25 0.56375 0.25 0.56375 0.27749999999999997 0.5825 0.27749999999999997 0.5825 0.25
2 0.6025 0.25125000000000003 0.585 0.25125000000000003 0.585 0.28125 0.6025 0.28125 0.6025 0.25125000000000003
2 0.6125 0.2575 0.6 0.2575 0.6 0.28125 0.6125 0.28125 0.6125 0.2575
2 0.625 0.2575 0.61125 0.2575 0.61125 0.28250000000000003 0.625 0.28250000000000003 0.625 0.2575
2 0.6375 0.25875 0.6224999999999999 0.25875 0.6224999999999999 0.28500000000000003 0.6375 0.28500000000000003 0.6375 0.25875
2 0.65125 0.265 0.635 0.265 0.635 0.28875 0.65125 0.28875 0.65125 0.265
2 0.7424999999999999 0.22625 0.72875 0.22625 0.72875 0.25125000000000003 0.7424999999999999 0.25125000000000003 0.7424999999999999 0.22625
2 0.72 0.22125 0.70375 0.22125 0.70375 0.2475 0.72 0.2475 0.72 0.22125
2 0.7787499999999999 0.20750000000000002 0.765 0.20750000000000002 0.765 0.2325 0.7787499999999999 0.2325 0.7787499999999999 0.20750000000000002
2 0.49749999999999994 0.18 0.48125 0.18 0.48125 0.20875 0.49749999999999994 0.20875 0.49749999999999994 0.18
2 0.79 0.21375000000000002 0.77625 0.21375000000000002 0.77625 0.23625 0.79 0.23625 0.79 0.21375000000000002
2 0.8012499999999999 0.2125 0.78625 0.2125 0.78625 0.23875000000000002 0.8012499999999999 0.23875000000000002 0.8012499999999999 0.2125
2 0.81375 0.21375000000000002 0.8 0.21375000000000002 0.8 0.2425 0.81375 0.2425 0.81375 0.21375000000000002
2 0.825 0.21875 0.8099999999999999 0.21875 0.8099999999999999 0.24500000000000002 0.825 0.24500000000000002 0.825 0.21875
2 0.83625 0.22125 0.8225 0.22125 0.8225 0.2475 0.83625 0.2475 0.83625 0.22125
2 0.8487500000000001 0.22374999999999998 0.83625 0.22374999999999998 0.83625 0.24874999999999997 0.8487500000000001 0.24874999999999997 0.8487500000000001 0.22374999999999998
2 0.8625 0.22625 0.8487500000000001 0.22625 0.8487500000000001 0.25 0.8625 0.25 0.8625 0.22625
2 0.87375 0.22625 0.8574999999999999 0.22625 0.8574999999999999 0.25375000000000003 0.87375 0.25375000000000003 0.87375 0.22625
2 0.885 0.22999999999999998 0.8699999999999999 0.22999999999999998 0.8699999999999999 0.25625 0.885 0.25625 0.885 0.22999999999999998
2 0.4525 0.16999999999999998 0.43624999999999997 0.16999999999999998 0.43624999999999997 0.1975 0.4525 0.1975 0.4525 0.16999999999999998
2 0.46375 0.17375000000000002 0.44875 0.17375000000000002 0.44875 0.20249999999999999 0.46375 0.20249999999999999 0.46375 0.17375000000000002
2 0.485 0.17875000000000002 0.46875 0.17875000000000002 0.46875 0.20375000000000001 0.485 0.20375000000000001 0.485 0.17875000000000002
2 0.50875 0.18125 0.495 0.18125 0.495 0.20875 0.50875 0.20875 0.50875 0.18125
2 0.70875 0.2225 0.6912499999999999 0.2225 0.6912499999999999 0.24375 0.70875 0.24375 0.70875 0.2225
2 0.55125 0.195 0.54125 0.195 0.54125 0.21625 0.55125 0.21625 0.55125 0.195
2 0.5650000000000001 0.195 0.55 0.195 0.55 0.21749999999999997 0.5650000000000001 0.21749999999999997 0.5650000000000001 0.195
2 0.5775 0.19624999999999998 0.5599999999999999 0.19624999999999998 0.5599999999999999 0.22374999999999998 0.5775 0.22374999999999998 0.5775 0.19624999999999998
2 0.58875 0.1975 0.5700000000000001 0.1975 0.5700000000000001 0.225 0.58875 0.225 0.58875 0.1975
2 0.61125 0.20249999999999999 0.595 0.20249999999999999 0.595 0.22749999999999998 0.61125 0.22749999999999998 0.61125 0.20249999999999999
2 0.62375 0.20625 0.60875 0.20625 0.60875 0.22999999999999998 0.62375 0.22999999999999998 0.62375 0.20625
2 0.63625 0.20875 0.6174999999999999 0.20875 0.6174999999999999 0.23500000000000001 0.63625 0.23500000000000001 0.63625 0.20875
2 0.65125 0.21125 0.6325000000000001 0.21125 0.6325000000000001 0.2375 0.65125 0.2375 0.65125 0.21125
2 0.6599999999999999 0.2125 0.645 0.2125 0.645 0.23500000000000001 0.6599999999999999 0.23500000000000001 0.6599999999999999 0.2125
2 0.6725 0.21375000000000002 0.6537499999999999 0.21375000000000002 0.6537499999999999 0.23625 0.6725 0.23625 0.6725 0.21375000000000002
2 0.6837500000000001 0.21625 0.665 0.21625 0.665 0.24 0.6837500000000001 0.24 0.6837500000000001 0.21625
2 0.69625 0.21749999999999997 0.6775 0.21749999999999997 0.6775 0.24375 0.69625 0.24375 0.69625 0.21749999999999997
2 0.9112500000000001 0.16125 0.8949999999999999 0.16125 0.8949999999999999 0.19 0.9112500000000001 0.19 0.9112500000000001 0.16125
2 0.89875 0.16 0.88375 0.16 0.88375 0.18375 0.89875 0.18375 0.89875 0.16
2 0.8887499999999999 0.15625 0.87375 0.15625 0.87375 0.18125 0.8887499999999999 0.18125 0.8887499999999999 0.15625
2 0.71875 0.04625 0.705 0.04625 0.705 0.0675 0.71875 0.0675 0.71875 0.04625
2 0.54 0.03375 0.52125 0.03375 0.52125 0.06375 0.54 0.06375 0.54 0.03375
2 0.59875 0.045 0.5775 0.045 0.5775 0.07375000000000001 0.59875 0.07375000000000001 0.59875 0.045
2 0.63 0.05500000000000001 0.6125 0.05500000000000001 0.6125 0.07875 0.63 0.07875 0.63 0.05500000000000001
2 0.6525000000000001 0.058750000000000004 0.6375 0.058750000000000004 0.6375 0.08375 0.6525000000000001 0.08375 0.6525000000000001 0.058750000000000004
2 0.6487499999999999 0.03375 0.635 0.03375 0.635 0.058750000000000004 0.6487499999999999 0.058750000000000004 0.6487499999999999 0.03375
2 0.6587500000000001 0.034999999999999996 0.64375 0.034999999999999996 0.64375 0.061250000000000006 0.6587500000000001 0.061250000000000006 0.6587500000000001 0.034999999999999996
2 0.6825 0.04 0.6675 0.04 0.6675 0.06375 0.6825 0.06375 0.6825 0.04
2 0.70625 0.042499999999999996 0.6912499999999999 0.042499999999999996 0.6912499999999999 0.06875 0.70625 0.06875 0.70625 0.042499999999999996
2 0.665 0.057499999999999996 0.6487499999999999 0.057499999999999996 0.6487499999999999 0.09 0.665 0.09 0.665 0.057499999999999996
2 0.67875 0.0625 0.6625 0.0625 0.6625 0.0925 0.67875 0.0925 0.67875 0.0625
2 0.70125 0.06875 0.68625 0.06875 0.68625 0.0925 0.70125 0.0925 0.70125 0.06875
2 0.71375 0.06875 0.6975 0.06875 0.6975 0.095 0.71375 0.095 0.71375 0.06875
2 0.7325 0.0475 0.7150000000000001 0.0475 0.7150000000000001 0.07125000000000001 0.7325 0.07125000000000001 0.7325 0.0475
2 0.9400000000000001 0.0375 0.9275 0.0375 0.9275 0.061250000000000006 0.9400000000000001 0.061250000000000006 0.9400000000000001 0.0375
2 0.745 0.05 0.7275 0.05 0.7275 0.07125000000000001 0.745 0.07125000000000001 0.745 0.05
2 0.7537499999999999 0.05375 0.73875 0.05375 0.73875 0.07375000000000001 0.7537499999999999 0.07375000000000001 0.7537499999999999 0.05375
2 0.7675 0.05500000000000001 0.75125 0.05500000000000001 0.75125 0.07625 0.7675 0.07625 0.7675 0.05500000000000001
2 0.79 0.057499999999999996 0.7737499999999999 0.057499999999999996 0.7737499999999999 0.08499999999999999 0.79 0.08499999999999999 0.79 0.057499999999999996
2 0.8 0.06 0.7849999999999999 0.06 0.7849999999999999 0.08875 0.8 0.08875 0.8 0.06
2 0.81375 0.06375 0.795 0.06375 0.795 0.0875 0.81375 0.0875 0.81375 0.06375
2 0.8225 0.06625 0.80625 0.06625 0.80625 0.0925 0.8225 0.0925 0.8225 0.06625
2 0.835 0.06625 0.81875 0.06625 0.81875 0.095 0.835 0.095 0.835 0.06625
2 0.8487500000000001 0.07125000000000001 0.8300000000000001 0.07125000000000001 0.8300000000000001 0.095 0.8487500000000001 0.095 0.8487500000000001 0.07125000000000001
2 0.8699999999999999 0.07625 0.85625 0.07625 0.85625 0.10124999999999999 0.8699999999999999 0.10124999999999999 0.8699999999999999 0.07625
2 0.88375 0.07625 0.8637499999999999 0.07625 0.8637499999999999 0.10500000000000001 0.88375 0.10500000000000001 0.88375 0.07625
2 0.89625 0.08 0.8775000000000001 0.08 0.8775000000000001 0.10500000000000001 0.89625 0.10500000000000001 0.89625 0.08
2 0.9525 0.0375 0.9375 0.0375 0.9375 0.061250000000000006 0.9525 0.061250000000000006 0.9525 0.0375
2 0.9262499999999999 0.034999999999999996 0.9125 0.034999999999999996 0.9125 0.057499999999999996 0.9262499999999999 0.057499999999999996 0.9262499999999999 0.034999999999999996
2 0.8775000000000001 0.155 0.85875 0.155 0.85875 0.17875000000000002 0.8775000000000001 0.17875000000000002 0.8775000000000001 0.155
2 0.43624999999999997 0.00125 0.425 0.00125 0.425 0.017499999999999998 0.43624999999999997 0.017499999999999998 0.43624999999999997 0.00125
2 0.9324999999999999 0.013750000000000002 0.91875 0.013750000000000002 0.91875 0.03625 0.9324999999999999 0.03625 0.9324999999999999 0.013750000000000002
2 0.9962500000000001 0.03 0.9800000000000001 0.03 0.9800000000000001 0.052500000000000005 0.9962500000000001 0.052500000000000005 0.9962500000000001 0.03
2 0.9962500000000001 0.05500000000000001 0.98125 0.05500000000000001 0.98125 0.07625 0.9962500000000001 0.07625 0.9962500000000001 0.05500000000000001
2 0.99875 0.07875 0.98375 0.07875 0.98375 0.1 0.99875 0.1 0.99875 0.07875
2 1 0.1 0.9824999999999999 0.1 0.9824999999999999 0.12250000000000001 1 0.12250000000000001 1 0.1
2 1 0.125 0.9875 0.125 0.9875 0.14750000000000002 1 0.14750000000000002 1 0.125
2 0.99875 0.15125 0.9862500000000001 0.15125 0.9862500000000001 0.175 0.99875 0.175 0.99875 0.15125
2 1 0.1775 0.985 0.1775 0.985 0.20375000000000001 1 0.20375000000000001 1 0.1775
2 0.9962500000000001 0.205 0.9824999999999999 0.205 0.9824999999999999 0.22875 0.9962500000000001 0.22875 0.9962500000000001 0.205
2 0.99375 0.22999999999999998 0.97875 0.22999999999999998 0.97875 0.2525 0.99375 0.2525 0.99375 0.22999999999999998
2 0.44625000000000004 0.01625 0.43 0.01625 0.43 0.0375 0.44625000000000004 0.0375 0.44625000000000004 0.01625
2 0.91375 0.03125 0.9012499999999999 0.03125 0.9012499999999999 0.057499999999999996 0.91375 0.057499999999999996 0.91375 0.03125
2 0.48 0.026250000000000002 0.465 0.026250000000000002 0.465 0.04875 0.48 0.04875 0.48 0.026250000000000002
2 0.81125 0.0125 0.795 0.0125 0.795 0.03625 0.81125 0.03625 0.81125 0.0125
2 0.8225 0.01625 0.8074999999999999 0.01625 0.8074999999999999 0.03875 0.8225 0.03875 0.8225 0.01625
2 0.8375 0.017499999999999998 0.81875 0.017499999999999998 0.81875 0.042499999999999996 0.8375 0.042499999999999996 0.8375 0.017499999999999998
2 0.85625 0.02 0.8400000000000001 0.02 0.8400000000000001 0.0475 0.85625 0.0475 0.85625 0.02
2 0.8699999999999999 0.026250000000000002 0.8525 0.026250000000000002 0.8525 0.05 0.8699999999999999 0.05 0.8699999999999999 0.026250000000000002
2 0.8800000000000001 0.026250000000000002 0.86625 0.026250000000000002 0.86625 0.05375 0.8800000000000001 0.05375 0.8800000000000001 0.026250000000000002
2 0.8949999999999999 0.0325 0.8825 0.0325 0.8825 0.05375 0.8949999999999999 0.05375 0.8949999999999999 0.0325
2 0.9075 0.08375 0.8887499999999999 0.08375 0.8887499999999999 0.10874999999999999 0.9075 0.10874999999999999 0.9075 0.08375
2 0.9262499999999999 0.08499999999999999 0.9112500000000001 0.08499999999999999 0.9112500000000001 0.11125 0.9262499999999999 0.11125 0.9262499999999999 0.08499999999999999
2 0.93875 0.08625000000000001 0.9237500000000001 0.08625000000000001 0.9237500000000001 0.11625 0.93875 0.11625 0.93875 0.08625000000000001
2 0.7175 0.12125 0.7025 0.12125 0.7025 0.145 0.7175 0.145 0.7175 0.12125
2 0.56125 0.095 0.545 0.095 0.545 0.11875 0.56125 0.11875 0.56125 0.095
2 0.585 0.1 0.5700000000000001 0.1 0.5700000000000001 0.12250000000000001 0.585 0.12250000000000001 0.585 0.1
2 0.56875 0.12 0.55375 0.12 0.55375 0.14375 0.56875 0.14375 0.56875 0.12
2 0.58125 0.125 0.5662499999999999 0.125 0.5662499999999999 0.15125 0.58125 0.15125 0.58125 0.125
2 0.5912499999999999 0.1275 0.575 0.1275 0.575 0.1525 0.5912499999999999 0.1525 0.5912499999999999 0.1275
2 0.5962500000000001 0.10375000000000001 0.58125 0.10375000000000001 0.58125 0.12625 0.5962500000000001 0.12625 0.5962500000000001 0.10375000000000001
2 0.60625 0.1025 0.5925 0.1025 0.5925 0.1275 0.60625 0.1275 0.60625 0.1025
2 0.6325000000000001 0.1025 0.6174999999999999 0.1025 0.6174999999999999 0.13125 0.6325000000000001 0.13125 0.6325000000000001 0.1025
2 0.645 0.10874999999999999 0.63125 0.10874999999999999 0.63125 0.13374999999999998 0.645 0.13374999999999998 0.645 0.10874999999999999
2 0.68125 0.11499999999999999 0.665 0.11499999999999999 0.665 0.14125000000000001 0.68125 0.14125000000000001 0.68125 0.11499999999999999
2 0.6950000000000001 0.1125 0.6799999999999999 0.1125 0.6799999999999999 0.13874999999999998 0.6950000000000001 0.13874999999999998 0.6950000000000001 0.1125
2 0.70375 0.12 0.6912499999999999 0.12 0.6912499999999999 0.14375 0.70375 0.14375 0.70375 0.12
2 0.7275 0.12250000000000001 0.71375 0.12250000000000001 0.71375 0.14625 0.7275 0.14625 0.7275 0.12250000000000001
2 0.97875 0.0925 0.96875 0.0925 0.96875 0.11875 0.97875 0.11875 0.97875 0.0925
2 0.74 0.12375 0.7262500000000001 0.12375 0.7262500000000001 0.15125 0.74 0.15125 0.74 0.12375
2 0.75 0.1275 0.74 0.1275 0.74 0.1525 0.75 0.1525 0.75 0.1275
2 0.76375 0.13 0.74875 0.13 0.74875 0.155 0.76375 0.155 0.76375 0.13
2 0.77625 0.1325 0.76 0.1325 0.76 0.1575 0.77625 0.1575 0.77625 0.1325
2 0.7849999999999999 0.13374999999999998 0.7725 0.13374999999999998 0.7725 0.1575 0.7849999999999999 0.1575 0.7849999999999999 0.13374999999999998
2 0.79625 0.13625 0.78 0.13625 0.78 0.1625 0.79625 0.1625 0.79625 0.13625
2 0.8087500000000001 0.13874999999999998 0.7925 0.13874999999999998 0.7925 0.1625 0.8087500000000001 0.1625 0.8087500000000001 0.13874999999999998
2 0.8225 0.13999999999999999 0.805 0.13999999999999999 0.805 0.16999999999999998 0.8225 0.16999999999999998 0.8225 0.13999999999999999
2 0.8300000000000001 0.14625 0.81875 0.14625 0.81875 0.16999999999999998 0.8300000000000001 0.16999999999999998 0.8300000000000001 0.14625
2 0.8400000000000001 0.14625 0.8275 0.14625 0.8275 0.16999999999999998 0.8400000000000001 0.16999999999999998 0.8400000000000001 0.14625
2 0.8525 0.14625 0.8400000000000001 0.14625 0.8400000000000001 0.17250000000000001 0.8525 0.17250000000000001 0.8525 0.14625
2 0.86625 0.14875 0.8487500000000001 0.14875 0.8487500000000001 0.17625 0.86625 0.17625 0.86625 0.14875
2 0.55625 0.12 0.5425 0.12 0.5425 0.14125000000000001 0.55625 0.14125000000000001 0.55625 0.12
2 0.545 0.11499999999999999 0.5287499999999999 0.11499999999999999 0.5287499999999999 0.14125000000000001 0.545 0.14125000000000001 0.545 0.11499999999999999
2 0.95 0.195 0.93625 0.195 0.93625 0.22125 0.95 0.22125 0.95 0.195
2 0.9574999999999999 0.12 0.94375 0.12 0.94375 0.145 0.9574999999999999 0.145 0.9574999999999999 0.12
2 0.525 0.08875 0.51125 0.08875 0.51125 0.1125 0.525 0.1125 0.525 0.08875
2 0.39625 0.08125 0.38125 0.08125 0.38125 0.1075 0.39625 0.1075 0.39625 0.08125
2 0.41 0.08499999999999999 0.39625 0.08499999999999999 0.39625 0.11125 0.41 0.11125 0.41 0.08499999999999999
2 0.42125 0.08875 0.40750000000000003 0.08875 0.40750000000000003 0.11374999999999999 0.42125 0.11374999999999999 0.42125 0.08875
2 0.44375 0.0925 0.42625 0.0925 0.42625 0.11625 0.44375 0.11625 0.44375 0.0925
2 0.465 0.09875 0.4525 0.09875 0.4525 0.125 0.465 0.125 0.465 0.09875
2 0.47874999999999995 0.1 0.4625 0.1 0.4625 0.12875 0.47874999999999995 0.12875 0.47874999999999995 0.1
2 0.495 0.10874999999999999 0.48250000000000004 0.10874999999999999 0.48250000000000004 0.1325 0.495 0.1325 0.495 0.10874999999999999
2 0.50875 0.11000000000000001 0.495 0.11000000000000001 0.495 0.1325 0.50875 0.1325 0.50875 0.11000000000000001
2 0.52125 0.1125 0.50625 0.1125 0.50625 0.1375 0.52125 0.1375 0.52125 0.1125
2 0.725 0.06999999999999999 0.71 0.06999999999999999 0.71 0.09875 0.725 0.09875 0.725 0.06999999999999999
2 0.74 0.07375000000000001 0.7212500000000001 0.07375000000000001 0.7212500000000001 0.09875 0.74 0.09875 0.74 0.07375000000000001
2 0.75 0.07375000000000001 0.73625 0.07375000000000001 0.73625 0.10124999999999999 0.75 0.10124999999999999 0.75 0.07375000000000001
2 0.7737499999999999 0.08 0.75625 0.08 0.75625 0.10874999999999999 0.7737499999999999 0.10874999999999999 0.7737499999999999 0.08
2 0.795 0.0875 0.78 0.0875 0.78 0.1125 0.795 0.1125 0.795 0.0875
2 0.80625 0.08875 0.7925 0.08875 0.7925 0.11625 0.80625 0.11625 0.80625 0.08875
2 0.8175000000000001 0.09125 0.80375 0.09125 0.80375 0.11750000000000001 0.8175000000000001 0.11750000000000001 0.8175000000000001 0.09125
2 0.83125 0.0925 0.81375 0.0925 0.81375 0.12 0.83125 0.12 0.83125 0.0925
2 0.8425 0.09375 0.825 0.09375 0.825 0.12 0.8425 0.12 0.8425 0.09375
2 0.8550000000000001 0.095 0.8400000000000001 0.095 0.8400000000000001 0.12250000000000001 0.8550000000000001 0.12250000000000001 0.8550000000000001 0.095
2 0.865 0.09875 0.85 0.09875 0.85 0.125 0.865 0.125 0.865 0.09875
2 0.8787499999999999 0.10124999999999999 0.85875 0.10124999999999999 0.85875 0.1275 0.8787499999999999 0.1275 0.8787499999999999 0.10124999999999999
2 0.8887499999999999 0.10500000000000001 0.8724999999999999 0.10500000000000001 0.8724999999999999 0.1275 0.8887499999999999 0.1275 0.8887499999999999 0.10500000000000001
2 0.9025000000000001 0.10874999999999999 0.88375 0.10874999999999999 0.88375 0.13125 0.9025000000000001 0.13125 0.9025000000000001 0.10874999999999999
2 0.9337500000000001 0.11750000000000001 0.9175000000000001 0.11750000000000001 0.9175000000000001 0.14375 0.9337500000000001 0.14375 0.9337500000000001 0.11750000000000001