2 0.46749999999999997 0.865 0.44749999999999995 0.865 0.44749999999999995 0.8875 0.46749999999999997 0.8875 0.46749999999999997 0.865
2 0.9637499999999999 0.16875 0.9525 0.16875 0.9525 0.19 0.9637499999999999 0.19 0.9637499999999999 0.16875
2 0.9375 0.2325 0.925 0.2325 0.925 0.26 0.9375 0.26 0.9375 0.2325
2 0.885 0.35875 0.8699999999999999 0.35875 0.8699999999999999 0.3875 0.885 0.3875 0.885 0.35875
2 0.605 0.6537499999999999 0.58875 0.6537499999999999 0.58875 0.6775 0.605 0.6775 0.605 0.6537499999999999
2 0.825 0.51625 0.8125 0.51625 0.8125 0.5425 0.825 0.5425 0.825 0.51625
2 0.8875 0.52625 0.8724999999999999 0.52625 0.8724999999999999 0.5587500000000001 0.8875 0.5587500000000001 0.8875 0.52625
2 0.85625 0.5575 0.8425 0.5575 0.8425 0.58125 0.85625 0.58125 0.85625 0.5575
2 0.8550000000000001 0.63125 0.8412499999999999 0.63125 0.8412499999999999 0.655 0.8550000000000001 0.655 0.8550000000000001 0.63125
2 0.86625 0.68875 0.85375 0.68875 0.85375 0.71375 0.86625 0.71375 0.86625 0.68875
2 0.8462500000000001 0.7162499999999999 0.835 0.7162499999999999 0.835 0.73875 0.8462500000000001 0.73875 0.8462500000000001 0.7162499999999999
2 0.8787499999999999 0.8637499999999999 0.86625 0.8637499999999999 0.86625 0.8887499999999999 0.8787499999999999 0.8887499999999999 0.8787499999999999 0.8637499999999999
2 0.8800000000000001 0.7575000000000001 0.86625 0.7575000000000001 0.86625 0.78625 0.8800000000000001 0.78625 0.8800000000000001 0.7575000000000001
2 0.40374999999999994 0.9512499999999999 0.3825 0.9512499999999999 0.3825 0.975 0.40374999999999994 0.975 0.40374999999999994 0.9512499999999999
2 0.8612500000000001 0.9475 0.84375 0.9475 0.84375 0.985 0.8612500000000001 0.985 0.8612500000000001 0.9475