2 0.6599999999999999 0.87625 0.64125 0.87625 0.64125 0.9025000000000001 0.6599999999999999 0.9025000000000001 0.6599999999999999 0.87625
2 0.6837500000000001 0.89125 0.6625 0.89125 0.6625 0.91625 0.6837500000000001 0.91625 0.6837500000000001 0.89125
2 0.6925 0.9025000000000001 0.67125 0.9025000000000001 0.67125 0.925 0.6925 0.925 0.6925 0.9025000000000001
2 0.69875 0.9125 0.6775 0.9125 0.6775 0.9324999999999999 0.69875 0.9324999999999999 0.69875 0.9125
2 0.70375 0.93 0.6837500000000001 0.93 0.6837500000000001 0.9425000000000001 0.70375 0.9425000000000001 0.70375 0.93
2 0.7075 0.94375 0.68625 0.94375 0.68625 0.9574999999999999 0.7075 0.9574999999999999 0.7075 0.94375
2 0.71 0.9574999999999999 0.68875 0.9574999999999999 0.68875 0.97 0.71 0.97 0.71 0.9574999999999999
2 0.70875 0.96875 0.68625 0.96875 0.68625 0.9800000000000001 0.70875 0.9800000000000001 0.70875 0.96875
2 0.705 0.9800000000000001 0.6849999999999999 0.9800000000000001 0.6849999999999999 0.9962500000000001 0.705 0.9962500000000001 0.705 0.9800000000000001
2 0.705 1 0.705 0.99375 0.6825 0.99375 0.6825 1 0.705 1
2 0.85375 0.6637500000000001 0.8324999999999999 0.6637500000000001 0.8324999999999999 0.6825 0.85375 0.6825 0.85375 0.6637500000000001
2 0.9199999999999999 0.7275 0.89875 0.7275 0.89875 0.74875 0.9199999999999999 0.74875 0.9199999999999999 0.7275
2 0.8699999999999999 0.6950000000000001 0.8487500000000001 0.6950000000000001 0.8487500000000001 0.7150000000000001 0.8699999999999999 0.7150000000000001 0.8699999999999999 0.6950000000000001
2 0.9324999999999999 0.70875 0.9125 0.70875 0.9125 0.7275 0.9324999999999999 0.7275 0.9324999999999999 0.70875
2 0.85625 0.5175 0.8275 0.5175 0.8275 0.54 0.85625 0.54 0.85625 0.5175
2 0.97 0.585 0.94625 0.585 0.94625 0.6075 0.97 0.6075 0.97 0.585
2 0.9525 0.68625 0.9262499999999999 0.68625 0.9262499999999999 0.70875 0.9525 0.70875 0.9525 0.68625
2 0.96 0.68125 0.9375 0.68125 0.9375 0.69625 0.96 0.69625 0.96 0.68125
2 0.96875 0.66625 0.94375 0.66625 0.94375 0.68875 0.96875 0.68875 0.96875 0.66625
2 0.9775 0.655 0.9525 0.655 0.9525 0.6799999999999999 0.9775 0.6799999999999999 0.9775 0.655
2 0.98375 0.65 0.9650000000000001 0.65 0.9650000000000001 0.67125 0.98375 0.67125 0.98375 0.65
2 0.99875 0.63875 0.97625 0.63875 0.97625 0.6587500000000001 0.99875 0.6587500000000001 0.99875 0.63875
2 0.9887499999999999 0.77 0.9650000000000001 0.77 0.9650000000000001 0.79125 0.9887499999999999 0.79125 0.9887499999999999 0.77
2 0.985 0.87625 0.9574999999999999 0.87625 0.9574999999999999 0.9025000000000001 0.985 0.9025000000000001 0.985 0.87625
2 0.5725 0.3275 0.5587500000000001 0.3275 0.5587500000000001 0.34875 0.5725 0.34875 0.5725 0.3275
2 0.58125 0.42625 0.5662499999999999 0.42625 0.5662499999999999 0.44749999999999995 0.58125 0.44749999999999995 0.58125 0.42625
2 0.7262500000000001 0.5625 0.7025 0.5625 0.7025 0.5875 0.7262500000000001 0.5875 0.7262500000000001 0.5625
2 0.195 0.865 0.17625 0.865 0.17625 0.8787499999999999 0.195 0.8787499999999999 0.195 0.865
2 0.17625 0.8699999999999999 0.15 0.8699999999999999 0.15 0.88375 0.17625 0.88375 0.17625 0.8699999999999999
2 0.2225 0.52625 0.20375000000000001 0.52625 0.20375000000000001 0.55 0.2225 0.55 0.2225 0.52625
2 0.34500000000000003 0.9324999999999999 0.32625000000000004 0.9324999999999999 0.32625000000000004 0.9425000000000001 0.34500000000000003 0.9425000000000001 0.34500000000000003 0.9324999999999999
2 0.3175 0.9425000000000001 0.30125 0.9425000000000001 0.30125 0.9525 0.3175 0.9525 0.3175 0.9425000000000001
2 0.41875 0.9425000000000001 0.4025 0.9425000000000001 0.4025 0.9550000000000001 0.41875 0.9550000000000001 0.41875 0.9425000000000001
2 0.625 0.52 0.60875 0.52 0.60875 0.54125 0.625 0.54125 0.625 0.52
2 0.41875 0.93125 0.4 0.93125 0.4 0.9425000000000001 0.41875 0.9425000000000001 0.41875 0.93125
2 0.11625 0.58 0.0925 0.58 0.0925 0.6025 0.11625 0.6025 0.11625 0.58
2 0.052500000000000005 0.54625 0.0375 0.54625 0.0375 0.5662499999999999 0.052500000000000005 0.5662499999999999 0.052500000000000005 0.54625
2 0.2725 0.6975 0.24500000000000002 0.6975 0.24500000000000002 0.7162499999999999 0.2725 0.7162499999999999 0.2725 0.6975
2 0.1825 0.77 0.16125 0.77 0.16125 0.7925 0.1825 0.7925 0.1825 0.77
2 0.43499999999999994 0.7837500000000001 0.4125 0.7837500000000001 0.4125 0.79875 0.43499999999999994 0.79875 0.43499999999999994 0.7837500000000001
2 0.5075000000000001 0.2575 0.4925 0.2575 0.4925 0.28250000000000003 0.5075000000000001 0.28250000000000003 0.5075000000000001 0.2575
2 0.89375 0.05125 0.8724999999999999 0.05125 0.8724999999999999 0.06999999999999999 0.89375 0.06999999999999999 0.89375 0.05125
2 0.9025000000000001 0.045 0.8800000000000001 0.045 0.8800000000000001 0.058750000000000004 0.9025000000000001 0.058750000000000004 0.9025000000000001 0.045
2 0.9099999999999999 0.03375 0.8887499999999999 0.03375 0.8887499999999999 0.05 0.9099999999999999 0.05 0.9099999999999999 0.03375
2 0.93625 0.041249999999999995 0.91625 0.041249999999999995 0.91625 0.061250000000000006 0.93625 0.061250000000000006 0.93625 0.041249999999999995
2 0.9487500000000001 0.027500000000000004 0.9225 0.027500000000000004 0.9225 0.05500000000000001 0.9487500000000001 0.05500000000000001 0.9487500000000001 0.027500000000000004
2 0.925 0.01125 0.9037499999999999 0.01125 0.9037499999999999 0.034999999999999996 0.925 0.034999999999999996 0.925 0.01125
2 0.49625 0.03375 0.47625 0.03375 0.47625 0.04625 0.49625 0.04625 0.49625 0.03375
2 0.48375 0.28625 0.4625 0.28625 0.4625 0.315 0.48375 0.315 0.48375 0.28625
2 0.44625000000000004 0.5912499999999999 0.42125 0.5912499999999999 0.42125 0.61125 0.44625000000000004 0.61125 0.44625000000000004 0.5912499999999999
2 0.28375 0.013750000000000002 0.2625 0.013750000000000002 0.2625 0.028749999999999998 0.28375 0.028749999999999998 0.28375 0.013750000000000002
2 0.14875 0.24 0.11875 0.24 0.11875 0.28625 0.14875 0.28625 0.14875 0.24
2 0.3225 0.1275 0.25625 0.1275 0.25625 0.1525 0.3225 0.1525 0.3225 0.1275
2 0.40625 0.2125 0.34625 0.2125 0.34625 0.23875000000000002 0.40625 0.23875000000000002 0.40625 0.2125
2 0.39375 0.2925 0.36875 0.2925 0.36875 0.3375 0.39375 0.3375 0.39375 0.2925
2 0.5825 0.7 0.5599999999999999 0.7 0.5599999999999999 0.72 0.5825 0.72 0.5825 0.7
2 0.63875 0.81875 0.6174999999999999 0.81875 0.6174999999999999 0.8324999999999999 0.63875 0.8324999999999999 0.63875 0.81875
2 0.10375000000000001 0.9550000000000001 0.08375 0.9550000000000001 0.08375 0.97 0.10375000000000001 0.97 0.10375000000000001 0.9550000000000001
2 0.64375 0.6025 0.62375 0.6025 0.62375 0.62625 0.64375 0.62625 0.64375 0.6025
2 0.675 0.6475 0.65625 0.6475 0.65625 0.6725 0.675 0.6725 0.675 0.6475
2 0.6212500000000001 0.5912499999999999 0.6012500000000001 0.5912499999999999 0.6012500000000001 0.6125 0.6212500000000001 0.6125 0.6212500000000001 0.5912499999999999
2 0.6174999999999999 0.5425 0.5962500000000001 0.5425 0.5962500000000001 0.5700000000000001 0.6174999999999999 0.5700000000000001 0.6174999999999999 0.5425
2 0.67125 0.88375 0.6537499999999999 0.88375 0.6537499999999999 0.9087500000000001 0.67125 0.9087500000000001 0.67125 0.88375
2 0.65 0.87375 0.63375 0.87375 0.63375 0.8949999999999999 0.65 0.8949999999999999 0.65 0.87375
2 0.17375000000000002 0.865 0.1525 0.865 0.1525 0.87375 0.17375000000000002 0.87375 0.17375000000000002 0.865
2 0.24500000000000002 0.89625 0.22749999999999998 0.89625 0.22749999999999998 0.905 0.24500000000000002 0.905 0.24500000000000002 0.89625
2 0.26749999999999996 0.8975 0.2475 0.8975 0.2475 0.9099999999999999 0.26749999999999996 0.9099999999999999 0.26749999999999996 0.8975
2 0.32125 0.91875 0.3025 0.91875 0.3025 0.9275 0.32125 0.9275 0.32125 0.91875
2 0.31875 0.9275 0.29874999999999996 0.9275 0.29874999999999996 0.9412499999999999 0.31875 0.9412499999999999 0.31875 0.9275
2 0.33875 0.9199999999999999 0.32125 0.9199999999999999 0.32125 0.93 0.33875 0.93 0.33875 0.9199999999999999
2 0.34249999999999997 0.94375 0.32375 0.94375 0.32375 0.9525 0.34249999999999997 0.9525 0.34249999999999997 0.94375
2 0.33999999999999997 0.9525 0.32125 0.9525 0.32125 0.9637499999999999 0.33999999999999997 0.9637499999999999 0.33999999999999997 0.9525
2 0.3375 0.9650000000000001 0.32 0.9650000000000001 0.32 0.975 0.3375 0.975 0.3375 0.9650000000000001
2 0.33875 0.9775 0.31625000000000003 0.9775 0.31625000000000003 0.9925 0.33875 0.9925 0.33875 0.9775
2 0.515 0.86875 0.505 0.86875 0.505 0.89125 0.515 0.89125 0.515 0.86875
2 0.49625 0.95375 0.47375 0.95375 0.47375 0.9637499999999999 0.49625 0.9637499999999999 0.49625 0.95375
2 0.495 0.9662499999999999 0.47375 0.9662499999999999 0.47375 0.97625 0.495 0.97625 0.495 0.9662499999999999
2 0.4925 0.9775 0.475 0.9775 0.475 0.9862500000000001 0.4925 0.9862500000000001 0.4925 0.9775
2 0.49000000000000005 0.9875 0.4725 0.9875 0.4725 0.99875 0.49000000000000005 0.99875 0.49000000000000005 0.9875
2 0.4175 0.9650000000000001 0.395 0.9650000000000001 0.395 0.97625 0.4175 0.97625 0.4175 0.9650000000000001
2 0.47375 0.93625 0.45625 0.93625 0.45625 0.95 0.47375 0.95 0.47375 0.93625
2 0.47000000000000003 0.9512499999999999 0.45 0.9512499999999999 0.45 0.9625 0.47000000000000003 0.9625 0.47000000000000003 0.9512499999999999
2 0.47375 0.96125 0.45499999999999996 0.96125 0.45499999999999996 0.9737500000000001 0.47375 0.9737500000000001 0.47375 0.96125
2 0.4725 0.9737500000000001 0.45125000000000004 0.9737500000000001 0.45125000000000004 0.98375 0.4725 0.98375 0.4725 0.9737500000000001
2 0.47125000000000006 0.98375 0.44875 0.98375 0.44875 0.9949999999999999 0.47125000000000006 0.9949999999999999 0.47125000000000006 0.98375
2 0.46749999999999997 1 0.46749999999999997 0.9974999999999999 0.44875 0.9974999999999999 0.44875 1 0.46749999999999997 1
2 0.49749999999999994 0.9412499999999999 0.47625 0.9412499999999999 0.47625 0.9525 0.49749999999999994 0.9525 0.49749999999999994 0.9412499999999999
2 0.41624999999999995 0.9775 0.39625 0.9775 0.39625 0.99 0.41624999999999995 0.99 0.41624999999999995 0.9775
2 0.41375 1 0.41375 0.99875 0.395 0.99875 0.395 1 0.41375 1
2 0.39375 0.9875 0.37374999999999997 0.9875 0.37374999999999997 0.9974999999999999 0.39375 0.9974999999999999 0.39375 0.9875
2 0.39625 0.9625 0.375 0.9625 0.375 0.9724999999999999 0.39625 0.9724999999999999 0.39625 0.9625
2 0.3975 0.9525 0.37374999999999997 0.9525 0.37374999999999997 0.9650000000000001 0.3975 0.9650000000000001 0.3975 0.9525
2 0.40125 0.9324999999999999 0.37374999999999997 0.9324999999999999 0.37374999999999997 0.9425000000000001 0.40125 0.9425000000000001 0.40125 0.9324999999999999
2 0.1675 0.88375 0.14875 0.88375 0.14875 0.89625 0.1675 0.89625 0.1675 0.88375
2 0.4925 0.8699999999999999 0.47874999999999995 0.8699999999999999 0.47874999999999995 0.8887499999999999 0.4925 0.8887499999999999 0.4925 0.8699999999999999
2 0.63875 0.86875 0.6212500000000001 0.86875 0.6212500000000001 0.8925000000000001 0.63875 0.8925000000000001 0.63875 0.86875
2 0.48125 0.86875 0.4725 0.86875 0.4725 0.89 0.48125 0.89 0.48125 0.86875
2 0.2575 0.8225 0.23875000000000002 0.8225 0.23875000000000002 0.84375 0.2575 0.84375 0.2575 0.8225
2 0.28875 0.83625 0.2725 0.83625 0.2725 0.85875 0.28875 0.85875 0.28875 0.83625
2 0.32125 0.8474999999999999 0.30625 0.8474999999999999 0.30625 0.875 0.32125 0.875 0.32125 0.8474999999999999
2 0.34125 0.8550000000000001 0.32875 0.8550000000000001 0.32875 0.87625 0.34125 0.87625 0.34125 0.8550000000000001
2 0.3675 0.86 0.35375 0.86 0.35375 0.8825 0.3675 0.8825 0.3675 0.86
2 0.37875000000000003 0.8625 0.36375 0.8625 0.36375 0.8862500000000001 0.37875000000000003 0.8862500000000001 0.37875000000000003 0.8625
2 0.39125 0.8637499999999999 0.3775 0.8637499999999999 0.3775 0.88375 0.39125 0.88375 0.39125 0.8637499999999999
2 0.4025 0.8625 0.39125 0.8625 0.39125 0.8875 0.4025 0.8875 0.4025 0.8625
2 0.4125 0.86625 0.4 0.86625 0.4 0.8887499999999999 0.4125 0.8887499999999999 0.4125 0.86625
2 0.43499999999999994 0.8675 0.42374999999999996 0.8675 0.42374999999999996 0.8887499999999999 0.43499999999999994 0.8887499999999999 0.43499999999999994 0.8675
2 0.44749999999999995 0.8675 0.43499999999999994 0.8675 0.43499999999999994 0.89125 0.44749999999999995 0.89125 0.44749999999999995 0.8675
2 0.45875000000000005 0.8699999999999999 0.45 0.8699999999999999 0.45 0.89125 0.45875000000000005 0.89125 0.45875000000000005 0.8699999999999999
2 0.47375 0.86625 0.45875000000000005 0.86625 0.45875000000000005 0.89 0.47375 0.89 0.47375 0.86625
2 0.017499999999999998 0.9550000000000001 0.00125 0.9550000000000001 0.00125 0.9662499999999999 0.017499999999999998 0.9662499999999999 0.017499999999999998 0.9550000000000001
2 0.017499999999999998 0.94375 0.00125 0.94375 0.00125 0.95375 0.017499999999999998 0.95375 0.017499999999999998 0.94375
2 0.01875 0.93125 0.00125 0.93125 0.00125 0.9425000000000001 0.01875 0.9425000000000001 0.01875 0.93125
2 0.013750000000000002 0.97875 0.00125 0.97875 0.00125 0.99 0.013750000000000002 0.99 0.013750000000000002 0.97875
2 0.01 1 0.01 0.99125 0.00125 0.99125 0.00125 1 0.01 1
2 0.63125 0.9487500000000001 0.6125 0.9487500000000001 0.6125 0.95875 0.63125 0.95875 0.63125 0.9487500000000001
2 0.635 0.9574999999999999 0.61375 0.9574999999999999 0.61375 0.9712500000000001 0.635 0.9712500000000001 0.635 0.9574999999999999
2 0.62625 1 0.62625 0.9949999999999999 0.60875 0.9949999999999999 0.60875 1 0.62625 1
2 0.575 0.9512499999999999 0.55375 0.9512499999999999 0.55375 0.9625 0.575 0.9625 0.575 0.9512499999999999
2 0.5700000000000001 1 0.5700000000000001 0.9875 0.54875 0.9875 0.54875 1 0.5700000000000001 1
2 0.625 0.86625 0.61125 0.86625 0.61125 0.89125 0.625 0.89125 0.625 0.86625
2 0.6487499999999999 1 0.6487499999999999 0.9962500000000001 0.6287499999999999 0.9962500000000001 0.6287499999999999 1 0.6487499999999999 1
2 0.65125 0.975 0.63 0.975 0.63 0.985 0.65125 0.985 0.65125 0.975
2 0.65125 0.9862500000000001 0.63 0.9862500000000001 0.63 0.9962500000000001 0.65125 0.9962500000000001 0.65125 0.9862500000000001
2 0.63125 0.97 0.60875 0.97 0.60875 0.985 0.63125 0.985 0.63125 0.97
2 0.6275000000000001 0.985 0.60625 0.985 0.60625 0.9949999999999999 0.6275000000000001 0.9949999999999999 0.6275000000000001 0.985
2 0.5525 0.9375 0.5287499999999999 0.9375 0.5287499999999999 0.95 0.5525 0.95 0.5525 0.9375
2 0.57125 0.9412499999999999 0.5525 0.9412499999999999 0.5525 0.9512499999999999 0.57125 0.9512499999999999 0.57125 0.9412499999999999
2 0.55125 0.95 0.53 0.95 0.53 0.96 0.55125 0.96 0.55125 0.95
2 0.55 0.96 0.5325 0.96 0.5325 0.9712500000000001 0.55 0.9712500000000001 0.55 0.96
2 0.54875 0.97 0.5275000000000001 0.97 0.5275000000000001 0.98125 0.54875 0.98125 0.54875 0.97
2 0.54625 0.9824999999999999 0.5275000000000001 0.9824999999999999 0.5275000000000001 0.99375 0.54625 0.99375 0.54625 0.9824999999999999
2 0.5475 1 0.5475 0.9962500000000001 0.5275000000000001 0.9962500000000001 0.5275000000000001 1 0.5475 1
2 0.35375 0.86 0.34249999999999997 0.86 0.34249999999999997 0.88125 0.35375 0.88125 0.35375 0.86