2 0.14250000000000002 0.01 0.1375 0.01 0.1375 0.02375 0.14250000000000002 0.02375 0.14250000000000002 0.01
2 0.1625 0.00375 0.15 0.00375 0.15 0.01125 0.1625 0.01125 0.1625 0.00375
2 0.01625 0.12250000000000001 0.008749999999999999 0.12250000000000001 0.008749999999999999 0.13625 0.01625 0.13625 0.01625 0.12250000000000001
2 0.08125 0.335 0.0725 0.335 0.0725 0.34875 0.08125 0.34875 0.08125 0.335
2 0.0125 0.41375 0.0075 0.41375 0.0075 0.42374999999999996 0.0125 0.42374999999999996 0.0125 0.41375
2 0.09 0.41125 0.07875 0.41125 0.07875 0.42874999999999996 0.09 0.42874999999999996 0.09 0.41125
2 0.14875 0.49000000000000005 0.13999999999999999 0.49000000000000005 0.13999999999999999 0.505 0.14875 0.505 0.14875 0.49000000000000005
2 0.18375 0.445 0.17375000000000002 0.445 0.17375000000000002 0.45875000000000005 0.18375 0.45875000000000005 0.18375 0.445
2 0.1975 0.48375 0.19 0.48375 0.19 0.49749999999999994 0.1975 0.49749999999999994 0.1975 0.48375
2 0.20375000000000001 0.45499999999999996 0.19 0.45499999999999996 0.19 0.465 0.20375000000000001 0.465 0.20375000000000001 0.45499999999999996
2 0.28250000000000003 0.4425 0.27625 0.4425 0.27625 0.4575 0.28250000000000003 0.4575 0.28250000000000003 0.4425
2 0.17250000000000001 0.425 0.16625 0.425 0.16625 0.43875000000000003 0.17250000000000001 0.43875000000000003 0.17250000000000001 0.425
2 0.1825 0.5337500000000001 0.17375000000000002 0.5337500000000001 0.17375000000000002 0.54875 0.1825 0.54875 0.1825 0.5337500000000001
2 0.21375000000000002 0.615 0.20625 0.615 0.20625 0.6275000000000001 0.21375000000000002 0.6275000000000001 0.21375000000000002 0.615
2 0.205 0.63625 0.19624999999999998 0.63625 0.19624999999999998 0.65 0.205 0.65 0.205 0.63625
2 0.23875000000000002 0.675 0.22875 0.675 0.22875 0.68875 0.23875000000000002 0.68875 0.23875000000000002 0.675
2 0.27125 0.66625 0.2625 0.66625 0.2625 0.6799999999999999 0.27125 0.6799999999999999 0.27125 0.66625
2 0.26375000000000004 0.72375 0.25 0.72375 0.25 0.74875 0.26375000000000004 0.74875 0.26375000000000004 0.72375
2 0.305 0.8625 0.29625 0.8625 0.29625 0.875 0.305 0.875 0.305 0.8625
2 0.28625 0.86625 0.27749999999999997 0.86625 0.27749999999999997 0.8787499999999999 0.28625 0.8787499999999999 0.28625 0.86625
2 0.3025 0.89625 0.29 0.89625 0.29 0.905 0.3025 0.905 0.3025 0.89625
2 0.49124999999999996 0.85125 0.48125 0.85125 0.48125 0.85875 0.49124999999999996 0.85875 0.49124999999999996 0.85125
2 0.55375 0.8 0.54125 0.8 0.54125 0.8074999999999999 0.55375 0.8074999999999999 0.55375 0.8
2 0.5875 0.78625 0.57375 0.78625 0.57375 0.79625 0.5875 0.79625 0.5875 0.78625
2 0.6025 0.8012499999999999 0.5912499999999999 0.8012499999999999 0.5912499999999999 0.8099999999999999 0.6025 0.8099999999999999 0.6025 0.8012499999999999
2 0.61875 0.6849999999999999 0.61 0.6849999999999999 0.61 0.7 0.61875 0.7 0.61875 0.6849999999999999
2 0.5425 0.3725 0.5349999999999999 0.3725 0.5349999999999999 0.3875 0.5425 0.3875 0.5425 0.3725
2 0.39875 0.32375 0.39125 0.32375 0.39125 0.33625 0.39875 0.33625 0.39875 0.32375
2 0.42625 0.3 0.41500000000000004 0.3 0.41500000000000004 0.3075 0.42625 0.3075 0.42625 0.3
2 0.48624999999999996 0.34249999999999997 0.47874999999999995 0.34249999999999997 0.47874999999999995 0.35375 0.48624999999999996 0.35375 0.48624999999999996 0.34249999999999997
2 0.7737499999999999 0.315 0.7675 0.315 0.7675 0.325 0.7737499999999999 0.325 0.7737499999999999 0.315
2 0.77625 0.3375 0.77125 0.3375 0.77125 0.34875 0.77625 0.34875 0.77625 0.3375
2 0.8425 0.6025 0.82875 0.6025 0.82875 0.61 0.8425 0.61 0.8425 0.6025
2 0.9012499999999999 0.7462500000000001 0.8887499999999999 0.7462500000000001 0.8887499999999999 0.7537499999999999 0.9012499999999999 0.7537499999999999 0.9012499999999999 0.7462500000000001
2 0.9262499999999999 0.41 0.91875 0.41 0.91875 0.42625 0.9262499999999999 0.42625 0.9262499999999999 0.41
2 0.94375 0.42000000000000004 0.93125 0.42000000000000004 0.93125 0.42750000000000005 0.94375 0.42750000000000005 0.94375 0.42000000000000004
2 0.9625 0.38625 0.9475 0.38625 0.9475 0.395 0.9625 0.395 0.9625 0.38625
2 0.92125 0.30375 0.91375 0.30375 0.91375 0.3175 0.92125 0.3175 0.92125 0.30375
2 0.9862500000000001 0.05625 0.97875 0.05625 0.97875 0.06999999999999999 0.9862500000000001 0.06999999999999999 0.9862500000000001 0.05625
2 0.9875 0.045 0.9800000000000001 0.045 0.9800000000000001 0.05625 0.9875 0.05625 0.9875 0.045
2 0.9525 0.16625 0.945 0.16625 0.945 0.18375 0.9525 0.18375 0.9525 0.16625
2 0.96125 0.19375 0.9487500000000001 0.19375 0.9487500000000001 0.20125 0.96125 0.20125 0.96125 0.19375
2 0.9574999999999999 0.14375 0.95 0.14375 0.95 0.15625 0.9574999999999999 0.15625 0.9574999999999999 0.14375
2 0.85125 0.1925 0.84375 0.1925 0.84375 0.20750000000000002 0.85125 0.20750000000000002 0.85125 0.1925
2 0.8625 0.1525 0.8550000000000001 0.1525 0.8550000000000001 0.16875 0.8625 0.16875 0.8625 0.1525
2 0.76 0.1325 0.7525000000000001 0.1325 0.7525000000000001 0.145 0.76 0.145 0.76 0.1325