2 0.49625 0.05375 0.48250000000000004 0.05375 0.48250000000000004 0.061250000000000006 0.49625 0.061250000000000006 0.49625 0.05375
2 0.49874999999999997 0.04375 0.48375 0.04375 0.48375 0.05125 0.49874999999999997 0.05125 0.49874999999999997 0.04375
2 0.50125 0.017499999999999998 0.48624999999999996 0.017499999999999998 0.48624999999999996 0.025 0.50125 0.025 0.50125 0.017499999999999998
2 0.5025000000000001 0.008749999999999999 0.48875 0.008749999999999999 0.48875 0.015 0.5025000000000001 0.015 0.5025000000000001 0.008749999999999999
2 0.5025000000000001 0.00125 0.48875 0.00125 0.48875 0.00625 0.5025000000000001 0.00625 0.5025000000000001 0.00125
2 0.46375 0.05 0.45375 0.05 0.45375 0.0675 0.46375 0.0675 0.46375 0.05
2 0.63625 0.07375000000000001 0.6212500000000001 0.07375000000000001 0.6212500000000001 0.08125 0.63625 0.08125 0.63625 0.07375000000000001
2 0.6425 0.07875 0.6275000000000001 0.07875 0.6275000000000001 0.08625000000000001 0.6425 0.08625000000000001 0.6425 0.07875
2 0.6224999999999999 0.205 0.60875 0.205 0.60875 0.2125 0.6224999999999999 0.2125 0.6224999999999999 0.205
2 0.026250000000000002 0.14750000000000002 0.0125 0.14750000000000002 0.0125 0.15625 0.026250000000000002 0.15625 0.026250000000000002 0.14750000000000002
2 0.08375 0.17250000000000001 0.06875 0.17250000000000001 0.06875 0.17875000000000002 0.08375 0.17875000000000002 0.08375 0.17250000000000001
2 0.09625 0.1675 0.08375 0.1675 0.08375 0.17375000000000002 0.09625 0.17375000000000002 0.09625 0.1675
2 0.10124999999999999 0.175 0.08875 0.175 0.08875 0.18125 0.10124999999999999 0.18125 0.10124999999999999 0.175
2 0.13 0.18 0.11499999999999999 0.18 0.11499999999999999 0.18625 0.13 0.18625 0.13 0.18
2 0.24500000000000002 0.1825 0.22999999999999998 0.1825 0.22999999999999998 0.18875 0.24500000000000002 0.18875 0.24500000000000002 0.1825
2 0.28875 0.185 0.27749999999999997 0.185 0.27749999999999997 0.19125 0.28875 0.19125 0.28875 0.185
2 0.28625 0.20249999999999999 0.2625 0.20249999999999999 0.2625 0.21375000000000002 0.28625 0.21375000000000002 0.28625 0.20249999999999999
2 0.33875 0.21375000000000002 0.32375 0.21375000000000002 0.32375 0.22000000000000003 0.33875 0.22000000000000003 0.33875 0.21375000000000002
2 0.46749999999999997 0.23500000000000001 0.4525 0.23500000000000001 0.4525 0.24125000000000002 0.46749999999999997 0.24125000000000002 0.46749999999999997 0.23500000000000001
2 0.015 0.25875 0.0075 0.25875 0.0075 0.2725 0.015 0.2725 0.015 0.25875
2 0.04625 0.2125 0.03875 0.2125 0.03875 0.22625 0.04625 0.22625 0.04625 0.2125
2 0.04375 0.22625 0.03625 0.22625 0.03625 0.23875000000000002 0.04375 0.23875000000000002 0.04375 0.22625
2 0.026250000000000002 0.3275 0.01875 0.3275 0.01875 0.34125 0.026250000000000002 0.34125 0.026250000000000002 0.3275
2 0.11000000000000001 0.19 0.09875 0.19 0.09875 0.20249999999999999 0.11000000000000001 0.20249999999999999 0.11000000000000001 0.19
2 0.14625 0.19624999999999998 0.1375 0.19624999999999998 0.1375 0.20750000000000002 0.14625 0.20750000000000002 0.14625 0.19624999999999998
2 0.155 0.1975 0.145 0.1975 0.145 0.20750000000000002 0.155 0.20750000000000002 0.155 0.1975
2 0.1625 0.19875 0.15125 0.19875 0.15125 0.21000000000000002 0.1625 0.21000000000000002 0.1625 0.19875
2 0.16999999999999998 0.19875 0.16 0.19875 0.16 0.21000000000000002 0.16999999999999998 0.21000000000000002 0.16999999999999998 0.19875
2 0.1775 0.20125 0.16499999999999998 0.20125 0.16499999999999998 0.2125 0.1775 0.2125 0.1775 0.20125
2 0.195 0.20125 0.18125 0.20125 0.18125 0.21375000000000002 0.195 0.21375000000000002 0.195 0.20125
2 0.325 0.24500000000000002 0.31625000000000003 0.24500000000000002 0.31625000000000003 0.255 0.325 0.255 0.325 0.24500000000000002
2 0.32375 0.2475 0.31124999999999997 0.2475 0.31124999999999997 0.26125 0.32375 0.26125 0.32375 0.2475
2 0.32 0.2575 0.31124999999999997 0.2575 0.31124999999999997 0.26875 0.32 0.26875 0.32 0.2575
2 0.3175 0.28125 0.305 0.28125 0.305 0.29 0.3175 0.29 0.3175 0.28125
2 0.31625000000000003 0.28625 0.30375 0.28625 0.30375 0.29375 0.31625000000000003 0.29375 0.31625000000000003 0.28625
2 0.31375000000000003 0.3025 0.3025 0.3025 0.3025 0.31375000000000003 0.31375000000000003 0.31375000000000003 0.31375000000000003 0.3025
2 0.28500000000000003 0.28625 0.27125 0.28625 0.27125 0.29500000000000004 0.28500000000000003 0.29500000000000004 0.28500000000000003 0.28625
2 0.2575 0.3075 0.25 0.3075 0.25 0.32 0.2575 0.32 0.2575 0.3075
2 0.27 0.31124999999999997 0.26375000000000004 0.31124999999999997 0.26375000000000004 0.32375 0.27 0.32375 0.27 0.31124999999999997
2 0.27749999999999997 0.31124999999999997 0.27 0.31124999999999997 0.27 0.32625000000000004 0.27749999999999997 0.32625000000000004 0.27749999999999997 0.31124999999999997
2 0.28375 0.315 0.27625 0.315 0.27625 0.3275 0.28375 0.3275 0.28375 0.315
2 0.28875 0.3175 0.28375 0.3175 0.28375 0.32875 0.28875 0.32875 0.28875 0.3175
2 0.09875 0.275 0.09125 0.275 0.09125 0.29 0.09875 0.29 0.09875 0.275
2 0.14625 0.27999999999999997 0.13874999999999998 0.27999999999999997 0.13874999999999998 0.29500000000000004 0.14625 0.29500000000000004 0.14625 0.27999999999999997
2 0.1975 0.27875 0.1925 0.27875 0.1925 0.29 0.1975 0.29 0.1975 0.27875
2 0.26625 0.23125 0.255 0.23125 0.255 0.24 0.26625 0.24 0.26625 0.23125
2 0.205 0.27875 0.1975 0.27875 0.1975 0.29375 0.205 0.29375 0.205 0.27875
2 0.06625 0.39249999999999996 0.05500000000000001 0.39249999999999996 0.05500000000000001 0.39875 0.06625 0.39875 0.06625 0.39249999999999996
2 0.06 0.40374999999999994 0.04875 0.40374999999999994 0.04875 0.41 0.06 0.41 0.06 0.40374999999999994
2 0.0925 0.39625 0.07875 0.39625 0.07875 0.40374999999999994 0.0925 0.40374999999999994 0.0925 0.39625
2 0.08875 0.40750000000000003 0.075 0.40750000000000003 0.075 0.41500000000000004 0.08875 0.41500000000000004 0.08875 0.40750000000000003
2 0.1075 0.39875 0.09375 0.39875 0.09375 0.40625 0.1075 0.40625 0.1075 0.39875
2 0.11625 0.44000000000000006 0.10874999999999999 0.44000000000000006 0.10874999999999999 0.45375 0.11625 0.45375 0.11625 0.44000000000000006
2 0.13999999999999999 0.41624999999999995 0.1275 0.41624999999999995 0.1275 0.425 0.13999999999999999 0.425 0.13999999999999999 0.41624999999999995
2 0.16 0.41500000000000004 0.15 0.41500000000000004 0.15 0.42125 0.16 0.42125 0.16 0.41500000000000004
2 0.15625 0.42000000000000004 0.14250000000000002 0.42000000000000004 0.14250000000000002 0.42874999999999996 0.15625 0.42874999999999996 0.15625 0.42000000000000004
2 0.18125 0.41125 0.16875 0.41125 0.16875 0.4175 0.18125 0.4175 0.18125 0.41125
2 0.29375 0.42374999999999996 0.28125 0.42374999999999996 0.28125 0.43125 0.29375 0.43125 0.29375 0.42374999999999996
2 0.37625000000000003 0.4925 0.37 0.4925 0.37 0.5037499999999999 0.37625000000000003 0.5037499999999999 0.37625000000000003 0.4925
2 0.36875 0.5387500000000001 0.36124999999999996 0.5387500000000001 0.36124999999999996 0.55 0.36875 0.55 0.36875 0.5387500000000001
2 0.36625 0.55625 0.35875 0.55625 0.35875 0.5700000000000001 0.36625 0.5700000000000001 0.36625 0.55625
2 0.16 0.50625 0.15125 0.50625 0.15125 0.51875 0.16 0.51875 0.16 0.50625
2 0.265 0.605 0.2575 0.605 0.2575 0.61875 0.265 0.61875 0.265 0.605
2 0.22000000000000003 0.5974999999999999 0.21125 0.5974999999999999 0.21125 0.61375 0.22000000000000003 0.61375 0.22000000000000003 0.5974999999999999
2 0.37625000000000003 0.57125 0.36875 0.57125 0.36875 0.58375 0.37625000000000003 0.58375 0.37625000000000003 0.57125
2 0.19875 0.80625 0.185 0.80625 0.185 0.81375 0.19875 0.81375 0.19875 0.80625
2 0.33875 0.79375 0.33125 0.79375 0.33125 0.8074999999999999 0.33875 0.8074999999999999 0.33875 0.79375
2 0.31375000000000003 0.86625 0.30625 0.86625 0.30625 0.8800000000000001 0.31375000000000003 0.8800000000000001 0.31375000000000003 0.86625
2 0.1575 0.88375 0.145 0.88375 0.145 0.89125 0.1575 0.89125 0.1575 0.88375
2 0.27749999999999997 0.9237500000000001 0.27 0.9237500000000001 0.27 0.9375 0.27749999999999997 0.9375 0.27749999999999997 0.9237500000000001
2 0.5575 0.8262499999999999 0.55125 0.8262499999999999 0.55125 0.8375 0.5575 0.8375 0.5575 0.8262499999999999
2 0.5900000000000001 0.705 0.5825 0.705 0.5825 0.72 0.5900000000000001 0.72 0.5900000000000001 0.705
2 0.39625 0.27625 0.38875000000000004 0.27625 0.38875000000000004 0.28875 0.39625 0.28875 0.39625 0.27625
2 0.41875 0.305 0.4125 0.305 0.4125 0.3175 0.41875 0.3175 0.41875 0.305
2 0.41125 0.35375 0.40374999999999994 0.35375 0.40374999999999994 0.3675 0.41125 0.3675 0.41125 0.35375
2 0.5337500000000001 0.23374999999999999 0.51875 0.23374999999999999 0.51875 0.2425 0.5337500000000001 0.2425 0.5337500000000001 0.23374999999999999
2 0.58875 0.255 0.57375 0.255 0.57375 0.2625 0.58875 0.2625 0.58875 0.255
2 0.6224999999999999 0.23875000000000002 0.605 0.23875000000000002 0.605 0.2475 0.6224999999999999 0.2475 0.6224999999999999 0.23875000000000002
2 0.62375 0.24874999999999997 0.60875 0.24874999999999997 0.60875 0.2575 0.62375 0.2575 0.62375 0.24874999999999997
2 0.6425 0.31 0.6325000000000001 0.31 0.6325000000000001 0.325 0.6425 0.325 0.6425 0.31
2 0.6487499999999999 0.34249999999999997 0.63875 0.34249999999999997 0.63875 0.355 0.6487499999999999 0.355 0.6487499999999999 0.34249999999999997
2 0.67 0.24874999999999997 0.6537499999999999 0.24874999999999997 0.6537499999999999 0.2575 0.67 0.2575 0.67 0.24874999999999997
2 0.71375 0.26 0.7025 0.26 0.7025 0.26625 0.71375 0.26625 0.71375 0.26
2 0.70375 0.24625 0.6950000000000001 0.24625 0.6950000000000001 0.2525 0.70375 0.2525 0.70375 0.24625
2 0.755 0.26749999999999996 0.74125 0.26749999999999996 0.74125 0.275 0.755 0.275 0.755 0.26749999999999996
2 0.7975 0.275 0.7849999999999999 0.275 0.7849999999999999 0.28250000000000003 0.7975 0.28250000000000003 0.7975 0.275
2 0.8375 0.28250000000000003 0.825 0.28250000000000003 0.825 0.29 0.8375 0.29 0.8375 0.28250000000000003
2 0.86 0.29874999999999996 0.845 0.29874999999999996 0.845 0.30874999999999997 0.86 0.30874999999999997 0.86 0.29874999999999996
2 0.64625 0.36625 0.63875 0.36625 0.63875 0.37875000000000003 0.64625 0.37875000000000003 0.64625 0.36625
2 0.6325000000000001 0.365 0.62625 0.365 0.62625 0.37875000000000003 0.6325000000000001 0.37875000000000003 0.6325000000000001 0.365
2 0.7837500000000001 0.89875 0.77625 0.89875 0.77625 0.91375 0.7837500000000001 0.91375 0.7837500000000001 0.89875
2 0.7775000000000001 0.82125 0.77125 0.82125 0.77125 0.83375 0.7775000000000001 0.83375 0.7775000000000001 0.82125
2 0.7675 0.8300000000000001 0.7625 0.8300000000000001 0.7625 0.84375 0.7675 0.84375 0.7675 0.8300000000000001
2 0.7775000000000001 0.83625 0.77125 0.83625 0.77125 0.845 0.7775000000000001 0.845 0.7775000000000001 0.83625
2 0.835 0.8074999999999999 0.82125 0.8074999999999999 0.82125 0.81375 0.835 0.81375 0.835 0.8074999999999999
2 0.8324999999999999 0.82 0.82125 0.82 0.82125 0.83125 0.8324999999999999 0.83125 0.8324999999999999 0.82
2 0.81375 0.72375 0.80625 0.72375 0.80625 0.73375 0.81375 0.73375 0.81375 0.72375
2 0.78125 0.645 0.765 0.645 0.765 0.6537499999999999 0.78125 0.6537499999999999 0.78125 0.645
2 0.8625 0.6537499999999999 0.85375 0.6537499999999999 0.85375 0.665 0.8625 0.665 0.8625 0.6537499999999999
2 0.88375 0.29125 0.8699999999999999 0.29125 0.8699999999999999 0.29874999999999996 0.88375 0.29874999999999996 0.88375 0.29125
2 0.905 0.27999999999999997 0.89125 0.27999999999999997 0.89125 0.28625 0.905 0.28625 0.905 0.27999999999999997
2 0.9025000000000001 0.28625 0.8862500000000001 0.28625 0.8862500000000001 0.29375 0.9025000000000001 0.29375 0.9025000000000001 0.28625
2 0.985 0.30625 0.97 0.30625 0.97 0.31375000000000003 0.985 0.31375000000000003 0.985 0.30625
2 1 0.32375 0.9887499999999999 0.32375 0.9887499999999999 0.33125 1 0.33125 1 0.32375
2 0.8487500000000001 0.50625 0.8400000000000001 0.50625 0.8400000000000001 0.5237499999999999 0.8487500000000001 0.5237499999999999 0.8487500000000001 0.50625