2 0.17625 0.041249999999999995 0.1675 0.041249999999999995 0.1675 0.05375 0.17625 0.05375 0.17625 0.041249999999999995
2 0.3875 0.02 0.375 0.02 0.375 0.026250000000000002 0.3875 0.026250000000000002 0.3875 0.02
2 0.40374999999999994 0.0875 0.39625 0.0875 0.39625 0.11125 0.40374999999999994 0.11125 0.40374999999999994 0.0875
2 0.3975 0.1275 0.39 0.1275 0.39 0.14375 0.3975 0.14375 0.3975 0.1275
2 0.3975 0.14375 0.39 0.14375 0.39 0.1575 0.3975 0.1575 0.3975 0.14375
2 0.39375 0.1675 0.38625 0.1675 0.38625 0.17875000000000002 0.39375 0.17875000000000002 0.39375 0.1675
2 0.39249999999999996 0.18 0.385 0.18 0.385 0.19375 0.39249999999999996 0.19375 0.39249999999999996 0.18
2 0.39 0.20125 0.38375 0.20125 0.38375 0.215 0.39 0.215 0.39 0.20125
2 0.38875000000000004 0.21749999999999997 0.38375 0.21749999999999997 0.38375 0.22999999999999998 0.38875000000000004 0.22999999999999998 0.38875000000000004 0.21749999999999997
2 0.39 0.23625 0.385 0.23625 0.385 0.24625 0.39 0.24625 0.39 0.23625
2 0.34500000000000003 0.2975 0.3375 0.2975 0.3375 0.3125 0.34500000000000003 0.3125 0.34500000000000003 0.2975
2 0.35625 0.3025 0.35 0.3025 0.35 0.31625000000000003 0.35625 0.31625000000000003 0.35625 0.3025
2 0.36 0.28625 0.35375 0.28625 0.35375 0.30125 0.36 0.30125 0.36 0.28625
2 0.4525 0.36875 0.44000000000000006 0.36875 0.44000000000000006 0.37625000000000003 0.4525 0.37625000000000003 0.4525 0.36875
2 0.3775 0.42374999999999996 0.37 0.42374999999999996 0.37 0.4375 0.3775 0.4375 0.3775 0.42374999999999996
2 0.34500000000000003 0.43125 0.33375 0.43125 0.33375 0.44125 0.34500000000000003 0.44125 0.34500000000000003 0.43125
2 0.71 0.3275 0.69875 0.3275 0.69875 0.335 0.71 0.335 0.71 0.3275
2 0.6675 0.45499999999999996 0.6599999999999999 0.45499999999999996 0.6599999999999999 0.46749999999999997 0.6675 0.46749999999999997 0.6675 0.45499999999999996
2 0.70875 0.33375 0.69875 0.33375 0.69875 0.34249999999999997 0.70875 0.34249999999999997 0.70875 0.33375
2 0.70375 0.3725 0.68875 0.3725 0.68875 0.37875000000000003 0.70375 0.37875000000000003 0.70375 0.3725
2 0.70125 0.3775 0.6875 0.3775 0.6875 0.385 0.70125 0.385 0.70125 0.3775
2 0.70125 0.38375 0.68625 0.38375 0.68625 0.39125 0.70125 0.39125 0.70125 0.38375
2 0.69875 0.39125 0.68625 0.39125 0.68625 0.3975 0.69875 0.3975 0.69875 0.39125
2 0.72875 0.39125 0.7224999999999999 0.39125 0.7224999999999999 0.40374999999999994 0.72875 0.40374999999999994 0.72875 0.39125
2 0.735 0.39125 0.73 0.39125 0.73 0.40499999999999997 0.735 0.40499999999999997 0.735 0.39125
2 0.7424999999999999 0.39249999999999996 0.73625 0.39249999999999996 0.73625 0.40750000000000003 0.7424999999999999 0.40750000000000003 0.7424999999999999 0.39249999999999996
2 0.7537499999999999 0.39375 0.7474999999999999 0.39375 0.7474999999999999 0.40875000000000006 0.7537499999999999 0.40875000000000006 0.7537499999999999 0.39375
2 0.76125 0.395 0.7537499999999999 0.395 0.7537499999999999 0.40875000000000006 0.76125 0.40875000000000006 0.76125 0.395
2 0.7675 0.39625 0.76 0.39625 0.76 0.41 0.7675 0.41 0.7675 0.39625
2 0.7725 0.3975 0.7675 0.3975 0.7675 0.4125 0.7725 0.4125 0.7725 0.3975
2 0.7787499999999999 0.39875 0.77125 0.39875 0.77125 0.41375 0.7787499999999999 0.41375 0.7787499999999999 0.39875
2 0.7837500000000001 0.4025 0.7787499999999999 0.4025 0.7787499999999999 0.41375 0.7837500000000001 0.41375 0.7837500000000001 0.4025
2 0.79125 0.40125 0.7837500000000001 0.40125 0.7837500000000001 0.41500000000000004 0.79125 0.41500000000000004 0.79125 0.40125
2 0.8225 0.40374999999999994 0.8150000000000001 0.40374999999999994 0.8150000000000001 0.41624999999999995 0.8225 0.41624999999999995 0.8225 0.40374999999999994
2 0.61125 0.00125 0.605 0.00125 0.605 0.0075 0.61125 0.0075 0.61125 0.00125
2 0.67625 0.00375 0.6637500000000001 0.00375 0.6637500000000001 0.01125 0.67625 0.01125 0.67625 0.00375
2 0.6975 0.01 0.6825 0.01 0.6825 0.01625 0.6975 0.01625 0.6975 0.01
2 0.6950000000000001 0.0225 0.6825 0.0225 0.6825 0.03 0.6950000000000001 0.03 0.6950000000000001 0.0225
2 0.6950000000000001 0.03 0.6837500000000001 0.03 0.6837500000000001 0.03625 0.6950000000000001 0.03625 0.6950000000000001 0.03
2 0.78625 0.01875 0.76875 0.01875 0.76875 0.027500000000000004 0.78625 0.027500000000000004 0.78625 0.01875
2 0.735 0.70875 0.7224999999999999 0.70875 0.7224999999999999 0.7162499999999999 0.735 0.7162499999999999 0.735 0.70875
2 0.75125 0.7125 0.73875 0.7125 0.73875 0.7212500000000001 0.75125 0.7212500000000001 0.75125 0.7125
2 0.8474999999999999 0.7150000000000001 0.83625 0.7150000000000001 0.83625 0.7224999999999999 0.8474999999999999 0.7224999999999999 0.8474999999999999 0.7150000000000001
2 0.8625 0.7175 0.8487500000000001 0.7175 0.8487500000000001 0.72375 0.8625 0.72375 0.8625 0.7175
2 0.9099999999999999 0.7375 0.89625 0.7375 0.89625 0.745 0.9099999999999999 0.745 0.9099999999999999 0.7375
2 0.8237500000000001 0.96 0.8150000000000001 0.96 0.8150000000000001 0.97 0.8237500000000001 0.97 0.8237500000000001 0.96
2 0.26 0.945 0.2525 0.945 0.2525 0.9574999999999999 0.26 0.9574999999999999 0.26 0.945
2 0.2925 0.95625 0.28500000000000003 0.95625 0.28500000000000003 0.9712500000000001 0.2925 0.9712500000000001 0.2925 0.95625
2 0.31625000000000003 0.8 0.31 0.8 0.31 0.8175000000000001 0.31625000000000003 0.8175000000000001 0.31625000000000003 0.8
2 0.3325 0.6375 0.3225 0.6375 0.3225 0.6537499999999999 0.3325 0.6537499999999999 0.3325 0.6375
2 0.40499999999999997 0.64125 0.39249999999999996 0.64125 0.39249999999999996 0.65 0.40499999999999997 0.65 0.40499999999999997 0.64125
2 0.275 0.8300000000000001 0.26749999999999996 0.8300000000000001 0.26749999999999996 0.8425 0.275 0.8425 0.275 0.8300000000000001
2 0.27375 0.84375 0.26375000000000004 0.84375 0.26375000000000004 0.85375 0.27375 0.85375 0.27375 0.84375
2 0.41125 0.96 0.40499999999999997 0.96 0.40499999999999997 0.9712500000000001 0.41125 0.9712500000000001 0.41125 0.96
2 0.50875 0.9412499999999999 0.49625 0.9412499999999999 0.49625 0.95 0.50875 0.95 0.50875 0.9412499999999999
2 0.63625 0.745 0.6275000000000001 0.745 0.6275000000000001 0.75875 0.63625 0.75875 0.63625 0.745