2 0.16125 0.88375 0.1375 0.88375 0.1375 0.9075 0.16125 0.9075 0.16125 0.88375
2 0.56125 1 0.56125 0.9824999999999999 0.5387500000000001 0.9824999999999999 0.5387500000000001 1 0.56125 1
2 0.57875 0.96875 0.5575 0.96875 0.5575 0.9887499999999999 0.57875 0.9887499999999999 0.57875 0.96875
2 0.615 0.975 0.59375 0.975 0.59375 0.9949999999999999 0.615 0.9949999999999999 0.615 0.975
2 0.13874999999999998 0.93125 0.11750000000000001 0.93125 0.11750000000000001 0.94625 0.13874999999999998 0.94625 0.13874999999999998 0.93125
2 0.18625 0.94375 0.16499999999999998 0.94375 0.16499999999999998 0.9625 0.18625 0.9625 0.18625 0.94375
2 0.145 0.9175000000000001 0.11750000000000001 0.9175000000000001 0.11750000000000001 0.9375 0.145 0.9375 0.145 0.9175000000000001
2 0.14875 0.90625 0.12625 0.90625 0.12625 0.9275 0.14875 0.9275 0.14875 0.90625
2 0.155 0.8975 0.1325 0.8975 0.1325 0.91625 0.155 0.91625 0.155 0.8975
2 0.19125 0.9324999999999999 0.16875 0.9324999999999999 0.16875 0.9550000000000001 0.19125 0.9550000000000001 0.19125 0.9324999999999999
2 0.9512499999999999 0.33125 0.9262499999999999 0.33125 0.9262499999999999 0.35375 0.9512499999999999 0.35375 0.9512499999999999 0.33125
2 0.9412499999999999 0.34125 0.91875 0.34125 0.91875 0.3625 0.9412499999999999 0.3625 0.9412499999999999 0.34125
2 0.93625 0.35750000000000004 0.9099999999999999 0.35750000000000004 0.9099999999999999 0.3775 0.93625 0.3775 0.93625 0.35750000000000004
2 0.92875 0.3775 0.9075 0.3775 0.9075 0.38875000000000004 0.92875 0.38875000000000004 0.92875 0.3775
2 0.92875 0.39249999999999996 0.9037499999999999 0.39249999999999996 0.9037499999999999 0.4025 0.92875 0.4025 0.92875 0.39249999999999996
2 0.93 0.4 0.90625 0.4 0.90625 0.41375 0.93 0.41375 0.93 0.4
2 0.93 0.425 0.9087500000000001 0.425 0.9087500000000001 0.4375 0.93 0.4375 0.93 0.425
2 0.9199999999999999 0.4375 0.8975 0.4375 0.8975 0.45 0.9199999999999999 0.45 0.9199999999999999 0.4375
2 0.9225 0.45375 0.9025000000000001 0.45375 0.9025000000000001 0.46375 0.9225 0.46375 0.9225 0.45375
2 0.9262499999999999 0.465 0.905 0.465 0.905 0.47625 0.9262499999999999 0.47625 0.9262499999999999 0.465
2 0.9275 0.47750000000000004 0.90625 0.47750000000000004 0.90625 0.48875 0.9275 0.48875 0.9275 0.47750000000000004
2 0.9775 0.42874999999999996 0.95 0.42874999999999996 0.95 0.4425 0.9775 0.4425 0.9775 0.42874999999999996
2 0.9775 0.42000000000000004 0.9512499999999999 0.42000000000000004 0.9512499999999999 0.43125 0.9775 0.43125 0.9775 0.42000000000000004
2 0.9025000000000001 0.008749999999999999 0.8800000000000001 0.008749999999999999 0.8800000000000001 0.0375 0.9025000000000001 0.0375 0.9025000000000001 0.008749999999999999
2 0.86625 0.00125 0.85 0.00125 0.85 0.0125 0.86625 0.0125 0.86625 0.00125
2 0.8800000000000001 0.00125 0.86 0.00125 0.86 0.021249999999999998 0.8800000000000001 0.021249999999999998 0.8800000000000001 0.00125
2 0.89125 0.00375 0.8699999999999999 0.00375 0.8699999999999999 0.027500000000000004 0.89125 0.027500000000000004 0.89125 0.00375
2 0.975 0.395 0.9550000000000001 0.395 0.9550000000000001 0.41 0.975 0.41 0.975 0.395
2 0.9862500000000001 0.37625000000000003 0.9662499999999999 0.37625000000000003 0.9662499999999999 0.395 0.9862500000000001 0.395 0.9862500000000001 0.37625000000000003
2 0.9962500000000001 0.38125 0.9775 0.38125 0.9775 0.40625 0.9962500000000001 0.40625 0.9962500000000001 0.38125
2 1 0.38625 0.9862500000000001 0.38625 0.9862500000000001 0.41125 1 0.41125 1 0.38625
2 0.70125 0.90625 0.67625 0.90625 0.67625 0.9199999999999999 0.70125 0.9199999999999999 0.70125 0.90625
2 0.82125 0.92875 0.79875 0.92875 0.79875 0.94375 0.82125 0.94375 0.82125 0.92875