2 0.045 0.058750000000000004 0.034999999999999996 0.058750000000000004 0.034999999999999996 0.06375 0.045 0.06375 0.045 0.058750000000000004
2 0.16125 0.041249999999999995 0.1525 0.041249999999999995 0.1525 0.05375 0.16125 0.05375 0.16125 0.041249999999999995
2 0.17124999999999999 0.0325 0.16375 0.0325 0.16375 0.04625 0.17124999999999999 0.04625 0.17124999999999999 0.0325
2 0.16875 0.04875 0.16 0.04875 0.16 0.0625 0.16875 0.0625 0.16875 0.04875
2 0.075 0.13374999999999998 0.0675 0.13374999999999998 0.0675 0.15 0.075 0.15 0.075 0.13374999999999998
2 0.034999999999999996 0.155 0.027500000000000004 0.155 0.027500000000000004 0.1675 0.034999999999999996 0.1675 0.034999999999999996 0.155
2 0.05500000000000001 0.1575 0.0475 0.1575 0.0475 0.16875 0.05500000000000001 0.16875 0.05500000000000001 0.1575
2 0.0925 0.1375 0.08499999999999999 0.1375 0.08499999999999999 0.15 0.0925 0.15 0.0925 0.1375
2 0.12125 0.13625 0.11125 0.13625 0.11125 0.15 0.12125 0.15 0.12125 0.13625
2 0.0225 0.1825 0.015 0.1825 0.015 0.1975 0.0225 0.1975 0.0225 0.1825
2 0.052500000000000005 0.1875 0.04625 0.1875 0.04625 0.20249999999999999 0.052500000000000005 0.20249999999999999 0.052500000000000005 0.1875
2 0.09125 0.18375 0.08125 0.18375 0.08125 0.19624999999999998 0.09125 0.19624999999999998 0.09125 0.18375
2 0.07125000000000001 0.22374999999999998 0.06 0.22374999999999998 0.06 0.23500000000000001 0.07125000000000001 0.23500000000000001 0.07125000000000001 0.22374999999999998
2 0.061250000000000006 0.24874999999999997 0.05 0.24874999999999997 0.05 0.26125 0.061250000000000006 0.26125 0.061250000000000006 0.24874999999999997
2 0.02375 0.205 0.015 0.205 0.015 0.22000000000000003 0.02375 0.22000000000000003 0.02375 0.205
2 0.03125 0.21000000000000002 0.02375 0.21000000000000002 0.02375 0.2225 0.03125 0.2225 0.03125 0.21000000000000002
2 0.03625 0.1825 0.028749999999999998 0.1825 0.028749999999999998 0.19875 0.03625 0.19875 0.03625 0.1825
2 0.02375 0.29874999999999996 0.01 0.29874999999999996 0.01 0.31124999999999997 0.02375 0.31124999999999997 0.02375 0.29874999999999996
2 0.06999999999999999 0.28125 0.05 0.28125 0.05 0.305 0.06999999999999999 0.305 0.06999999999999999 0.28125
2 0.0375 0.365 0.026250000000000002 0.365 0.026250000000000002 0.37875000000000003 0.0375 0.37875000000000003 0.0375 0.365
2 0.027500000000000004 0.3775 0.01625 0.3775 0.01625 0.3875 0.027500000000000004 0.3875 0.027500000000000004 0.3775
2 0.015 0.39 0.005 0.39 0.005 0.4025 0.015 0.4025 0.015 0.39
2 0.04375 0.3775 0.034999999999999996 0.3775 0.034999999999999996 0.38875000000000004 0.04375 0.38875000000000004 0.04375 0.3775
2 0.034999999999999996 0.39 0.02375 0.39 0.02375 0.40374999999999994 0.034999999999999996 0.40374999999999994 0.034999999999999996 0.39
2 0.05 0.43375 0.04375 0.43375 0.04375 0.44625000000000004 0.05 0.44625000000000004 0.05 0.43375
2 0.04375 0.4325 0.03625 0.4325 0.03625 0.44625000000000004 0.04375 0.44625000000000004 0.04375 0.4325
2 0.01875 0.5075000000000001 0.005 0.5075000000000001 0.005 0.515 0.01875 0.515 0.01875 0.5075000000000001
2 0.052500000000000005 0.50625 0.041249999999999995 0.50625 0.041249999999999995 0.515 0.052500000000000005 0.515 0.052500000000000005 0.50625
2 0.07125000000000001 0.50875 0.058750000000000004 0.50875 0.058750000000000004 0.51625 0.07125000000000001 0.51625 0.07125000000000001 0.50875
2 0.10375000000000001 0.5125 0.08875 0.5125 0.08875 0.52125 0.10375000000000001 0.52125 0.10375000000000001 0.5125
2 0.10874999999999999 0.5237499999999999 0.09 0.5237499999999999 0.09 0.5325 0.10874999999999999 0.5325 0.10874999999999999 0.5237499999999999
2 0.0775 0.5225 0.0625 0.5225 0.0625 0.53125 0.0775 0.53125 0.0775 0.5225
2 0.058750000000000004 0.53625 0.04625 0.53625 0.04625 0.54375 0.058750000000000004 0.54375 0.058750000000000004 0.53625
2 0.09375 0.86 0.0875 0.86 0.0875 0.87375 0.09375 0.87375 0.09375 0.86
2 0.0875 0.86 0.08125 0.86 0.08125 0.87375 0.0875 0.87375 0.0875 0.86
2 0.0375 0.85125 0.03 0.85125 0.03 0.865 0.0375 0.865 0.0375 0.85125
2 0.0125 0.8474999999999999 0.005 0.8474999999999999 0.005 0.8612500000000001 0.0125 0.8612500000000001 0.0125 0.8474999999999999
2 0.0075 0.95 0.00125 0.95 0.00125 0.9650000000000001 0.0075 0.9650000000000001 0.0075 0.95
2 0.015 0.95375 0.008749999999999999 0.95375 0.008749999999999999 0.9675 0.015 0.9675 0.015 0.95375
2 0.1125 0.73125 0.10625 0.73125 0.10625 0.7424999999999999 0.1125 0.7424999999999999 0.1125 0.73125
2 0.11750000000000001 0.7325 0.11125 0.7325 0.11125 0.74375 0.11750000000000001 0.74375 0.11750000000000001 0.7325
2 0.12250000000000001 0.73375 0.11750000000000001 0.73375 0.11750000000000001 0.745 0.12250000000000001 0.745 0.12250000000000001 0.73375
2 0.1325 0.735 0.1275 0.735 0.1275 0.7474999999999999 0.1325 0.7474999999999999 0.1325 0.735
2 0.16125 0.57125 0.14875 0.57125 0.14875 0.5775 0.16125 0.5775 0.16125 0.57125
2 0.08625000000000001 0.5587500000000001 0.0775 0.5587500000000001 0.0775 0.57375 0.08625000000000001 0.57375 0.08625000000000001 0.5587500000000001
2 0.14375 0.51125 0.13 0.51125 0.13 0.52 0.14375 0.52 0.14375 0.51125
2 0.17375000000000002 0.51 0.16 0.51 0.16 0.5175 0.17375000000000002 0.5175 0.17375000000000002 0.51
2 0.29874999999999996 0.0325 0.28875 0.0325 0.28875 0.04 0.29874999999999996 0.04 0.29874999999999996 0.0325
2 0.3325 0.03125 0.32 0.03125 0.32 0.0375 0.3325 0.0375 0.3325 0.03125
2 0.3225 0.05625 0.3125 0.05625 0.3125 0.0625 0.3225 0.0625 0.3225 0.05625
2 0.21875 0.14875 0.21000000000000002 0.14875 0.21000000000000002 0.1625 0.21875 0.1625 0.21875 0.14875
2 0.2225 0.185 0.21749999999999997 0.185 0.21749999999999997 0.1975 0.2225 0.1975 0.2225 0.185
2 0.22999999999999998 0.185 0.22374999999999998 0.185 0.22374999999999998 0.19624999999999998 0.22999999999999998 0.19624999999999998 0.22999999999999998 0.185
2 0.2525 0.18875 0.24500000000000002 0.18875 0.24500000000000002 0.20125 0.2525 0.20125 0.2525 0.18875
2 0.21125 0.5037499999999999 0.20375000000000001 0.5037499999999999 0.20375000000000001 0.5175 0.21125 0.5175 0.21125 0.5037499999999999
2 0.22999999999999998 0.5425 0.21625 0.5425 0.21625 0.55 0.22999999999999998 0.55 0.22999999999999998 0.5425
2 0.54125 0.05 0.5325 0.05 0.5325 0.058750000000000004 0.54125 0.058750000000000004 0.54125 0.05
2 0.5549999999999999 0.04875 0.54375 0.04875 0.54375 0.057499999999999996 0.5549999999999999 0.057499999999999996 0.5549999999999999 0.04875
2 0.5587500000000001 0.05125 0.5475 0.05125 0.5475 0.0625 0.5587500000000001 0.0625 0.5587500000000001 0.05125
2 0.5912499999999999 0.05625 0.58375 0.05625 0.58375 0.0675 0.5912499999999999 0.0675 0.5912499999999999 0.05625
2 0.60375 0.057499999999999996 0.595 0.057499999999999996 0.595 0.06875 0.60375 0.06875 0.60375 0.057499999999999996
2 0.61125 0.058750000000000004 0.6025 0.058750000000000004 0.6025 0.06999999999999999 0.61125 0.06999999999999999 0.61125 0.058750000000000004
2 0.62 0.06 0.61 0.06 0.61 0.07125000000000001 0.62 0.07125000000000001 0.62 0.06
2 0.62625 0.0625 0.61625 0.0625 0.61625 0.07375000000000001 0.62625 0.07375000000000001 0.62625 0.0625
2 0.63375 0.0625 0.6224999999999999 0.0625 0.6224999999999999 0.07375000000000001 0.63375 0.07375000000000001 0.63375 0.0625
2 0.675 0.041249999999999995 0.6675 0.041249999999999995 0.6675 0.05375 0.675 0.05375 0.675 0.041249999999999995
2 0.6900000000000001 0.008749999999999999 0.67375 0.008749999999999999 0.67375 0.01625 0.6900000000000001 0.01625 0.6900000000000001 0.008749999999999999
2 0.6637500000000001 0.041249999999999995 0.6575 0.041249999999999995 0.6575 0.05375 0.6637500000000001 0.05375 0.6637500000000001 0.041249999999999995
2 0.64625 0.065 0.635 0.065 0.635 0.075 0.64625 0.075 0.64625 0.065
2 0.6575 0.06625 0.64625 0.06625 0.64625 0.08 0.6575 0.08 0.6575 0.06625
2 0.66625 0.06625 0.655 0.06625 0.655 0.07875 0.66625 0.07875 0.66625 0.06625
2 0.675 0.06875 0.665 0.06875 0.665 0.08 0.675 0.08 0.675 0.06875
2 0.6837500000000001 0.07125000000000001 0.67375 0.07125000000000001 0.67375 0.08249999999999999 0.6837500000000001 0.08249999999999999 0.6837500000000001 0.07125000000000001
2 0.68875 0.07375000000000001 0.67875 0.07375000000000001 0.67875 0.08375 0.68875 0.08375 0.68875 0.07375000000000001
2 0.6950000000000001 0.075 0.6875 0.075 0.6875 0.08625000000000001 0.6950000000000001 0.08625000000000001 0.6950000000000001 0.075
2 0.7025 0.07375000000000001 0.6925 0.07375000000000001 0.6925 0.08625000000000001 0.7025 0.08625000000000001 0.7025 0.07375000000000001
2 0.70875 0.0775 0.7 0.0775 0.7 0.0875 0.70875 0.0875 0.70875 0.0775
2 0.7224999999999999 0.07875 0.7125 0.07875 0.7125 0.09 0.7224999999999999 0.09 0.7224999999999999 0.07875
2 0.6849999999999999 0.042499999999999996 0.6775 0.042499999999999996 0.6775 0.057499999999999996 0.6849999999999999 0.057499999999999996 0.6849999999999999 0.042499999999999996
2 0.69375 0.04625 0.68625 0.04625 0.68625 0.058750000000000004 0.69375 0.058750000000000004 0.69375 0.04625
2 0.7 0.0475 0.6925 0.0475 0.6925 0.061250000000000006 0.7 0.061250000000000006 0.7 0.0475
2 0.70625 0.04875 0.7 0.04875 0.7 0.061250000000000006 0.70625 0.061250000000000006 0.70625 0.04875
2 0.77125 0.08499999999999999 0.7625 0.08499999999999999 0.7625 0.1 0.77125 0.1 0.77125 0.08499999999999999
2 0.89875 0.0025 0.8862500000000001 0.0025 0.8862500000000001 0.008749999999999999 0.89875 0.008749999999999999 0.89875 0.0025
2 0.81375 0.03875 0.8 0.03875 0.8 0.045 0.81375 0.045 0.81375 0.03875
2 0.9324999999999999 0.058750000000000004 0.91875 0.058750000000000004 0.91875 0.06625 0.9324999999999999 0.06625 0.9324999999999999 0.058750000000000004
2 0.7849999999999999 0.0875 0.77625 0.0875 0.77625 0.1 0.7849999999999999 0.1 0.7849999999999999 0.0875
2 0.78625 0.10124999999999999 0.7737499999999999 0.10124999999999999 0.7737499999999999 0.11374999999999999 0.78625 0.11374999999999999 0.78625 0.10124999999999999
2 0.79125 0.10500000000000001 0.7825 0.10500000000000001 0.7825 0.11625 0.79125 0.11625 0.79125 0.10500000000000001
2 0.8012499999999999 0.1075 0.79125 0.1075 0.79125 0.11875 0.8012499999999999 0.11875 0.8012499999999999 0.1075
2 0.4925 0.29125 0.47625 0.29125 0.47625 0.29874999999999996 0.4925 0.29874999999999996 0.4925 0.29125
2 0.5175 0.29500000000000004 0.50625 0.29500000000000004 0.50625 0.3025 0.5175 0.3025 0.5175 0.29500000000000004
2 0.4925 0.2975 0.47750000000000004 0.2975 0.47750000000000004 0.305 0.4925 0.305 0.4925 0.2975
2 0.51625 0.3025 0.505 0.3025 0.505 0.30874999999999997 0.51625 0.30874999999999997 0.51625 0.3025
2 0.51625 0.30874999999999997 0.5037499999999999 0.30874999999999997 0.5037499999999999 0.315 0.51625 0.315 0.51625 0.30874999999999997
2 0.51375 0.315 0.5037499999999999 0.315 0.5037499999999999 0.32375 0.51375 0.32375 0.51375 0.315
2 0.44375 0.36875 0.43624999999999997 0.36875 0.43624999999999997 0.3825 0.44375 0.3825 0.44375 0.36875
2 0.43875000000000003 0.36625 0.43 0.36625 0.43 0.38125 0.43875000000000003 0.38125 0.43875000000000003 0.36625
2 0.425 0.36625 0.41624999999999995 0.36625 0.41624999999999995 0.38125 0.425 0.38125 0.425 0.36625
2 0.41125 0.36625 0.40374999999999994 0.36625 0.40374999999999994 0.37875000000000003 0.41125 0.37875000000000003 0.41125 0.36625
2 0.40499999999999997 0.3675 0.395 0.3675 0.395 0.37875000000000003 0.40499999999999997 0.37875000000000003 0.40499999999999997 0.3675
2 0.39249999999999996 0.37 0.385 0.37 0.385 0.3825 0.39249999999999996 0.3825 0.39249999999999996 0.37
2 0.40125 0.36875 0.39249999999999996 0.36875 0.39249999999999996 0.38375 0.40125 0.38375 0.40125 0.36875
2 0.14125000000000001 0.45999999999999996 0.13 0.45999999999999996 0.13 0.47750000000000004 0.14125000000000001 0.47750000000000004 0.14125000000000001 0.45999999999999996
2 0.24625 0.545 0.23125 0.545 0.23125 0.5525 0.24625 0.5525 0.24625 0.545
2 0.25125000000000003 0.58125 0.23875000000000002 0.58125 0.23875000000000002 0.58875 0.25125000000000003 0.58875 0.25125000000000003 0.58125
2 0.25 0.5875 0.23875000000000002 0.5875 0.23875000000000002 0.5962500000000001 0.25 0.5962500000000001 0.25 0.5875
2 0.28500000000000003 0.5875 0.27125 0.5875 0.27125 0.5962500000000001 0.28500000000000003 0.5962500000000001 0.28500000000000003 0.5875
2 0.26875 0.59875 0.2625 0.59875 0.2625 0.61125 0.26875 0.61125 0.26875 0.59875
2 0.26125 0.59875 0.255 0.59875 0.255 0.6125 0.26125 0.6125 0.26125 0.59875
2 0.26625 0.54875 0.2525 0.54875 0.2525 0.55625 0.26625 0.55625 0.26625 0.54875
2 0.3175 0.54875 0.305 0.54875 0.305 0.5549999999999999 0.3175 0.5549999999999999 0.3175 0.54875
2 0.3525 0.5549999999999999 0.33999999999999997 0.5549999999999999 0.33999999999999997 0.56375 0.3525 0.56375 0.3525 0.5549999999999999
2 0.35375 0.5475 0.33875 0.5475 0.33875 0.55375 0.35375 0.55375 0.35375 0.5475
2 0.35375 0.54125 0.33875 0.54125 0.33875 0.5475 0.35375 0.5475 0.35375 0.54125
2 0.3625 0.5287499999999999 0.35 0.5287499999999999 0.35 0.5349999999999999 0.3625 0.5349999999999999 0.3625 0.5287499999999999
2 0.4125 0.42625 0.40625 0.42625 0.40625 0.44000000000000006 0.4125 0.44000000000000006 0.4125 0.42625
2 0.41624999999999995 0.45375 0.40374999999999994 0.45375 0.40374999999999994 0.45999999999999996 0.41624999999999995 0.45999999999999996 0.41624999999999995 0.45375
2 0.41624999999999995 0.45999999999999996 0.40374999999999994 0.45999999999999996 0.40374999999999994 0.46749999999999997 0.41624999999999995 0.46749999999999997 0.41624999999999995 0.45999999999999996
2 0.4125 0.46624999999999994 0.40374999999999994 0.46624999999999994 0.40374999999999994 0.4725 0.4125 0.4725 0.4125 0.46624999999999994
2 0.41125 0.4725 0.4 0.4725 0.4 0.47874999999999995 0.41125 0.47874999999999995 0.41125 0.4725
2 0.41125 0.47750000000000004 0.4 0.47750000000000004 0.4 0.485 0.41125 0.485 0.41125 0.47750000000000004
2 0.41 0.485 0.39875 0.485 0.39875 0.49124999999999996 0.41 0.49124999999999996 0.41 0.485
2 0.40875000000000006 0.49124999999999996 0.3975 0.49124999999999996 0.3975 0.49874999999999997 0.40875000000000006 0.49874999999999997 0.40875000000000006 0.49124999999999996
2 0.40750000000000003 0.49749999999999994 0.3975 0.49749999999999994 0.3975 0.5037499999999999 0.40750000000000003 0.5037499999999999 0.40750000000000003 0.49749999999999994
2 0.40625 0.5037499999999999 0.39625 0.5037499999999999 0.39625 0.51 0.40625 0.51 0.40625 0.5037499999999999
2 0.40750000000000003 0.50875 0.395 0.50875 0.395 0.51625 0.40750000000000003 0.51625 0.40750000000000003 0.50875
2 0.40499999999999997 0.51625 0.39375 0.51625 0.39375 0.5225 0.40499999999999997 0.5225 0.40499999999999997 0.51625
2 0.40374999999999994 0.5287499999999999 0.39125 0.5287499999999999 0.39125 0.5337500000000001 0.40374999999999994 0.5337500000000001 0.40374999999999994 0.5287499999999999
2 0.43375 0.5337500000000001 0.4225 0.5337500000000001 0.4225 0.5387500000000001 0.43375 0.5387500000000001 0.43375 0.5337500000000001
2 0.4375 0.5075000000000001 0.425 0.5075000000000001 0.425 0.515 0.4375 0.515 0.4375 0.5075000000000001
2 0.4375 0.5025000000000001 0.42750000000000005 0.5025000000000001 0.42750000000000005 0.50875 0.4375 0.50875 0.4375 0.5025000000000001
2 0.38875000000000004 0.5425 0.37625000000000003 0.5425 0.37625000000000003 0.5475 0.38875000000000004 0.5475 0.38875000000000004 0.5425
2 0.39125 0.5625 0.37875000000000003 0.5625 0.37875000000000003 0.5700000000000001 0.39125 0.5700000000000001 0.39125 0.5625
2 0.40125 0.575 0.3875 0.575 0.3875 0.58125 0.40125 0.58125 0.40125 0.575
2 0.44749999999999995 0.5425 0.43624999999999997 0.5425 0.43624999999999997 0.55375 0.44749999999999995 0.55375 0.44749999999999995 0.5425
2 0.4725 0.5475 0.46125 0.5475 0.46125 0.5587500000000001 0.4725 0.5587500000000001 0.4725 0.5475
2 0.485 0.54625 0.47750000000000004 0.54625 0.47750000000000004 0.56125 0.485 0.56125 0.485 0.54625
2 0.34125 0.65125 0.325 0.65125 0.325 0.66125 0.34125 0.66125 0.34125 0.65125
2 0.34125 0.645 0.3275 0.645 0.3275 0.6537499999999999 0.34125 0.6537499999999999 0.34125 0.645
2 0.34249999999999997 0.63875 0.32875 0.63875 0.32875 0.6475 0.34249999999999997 0.6475 0.34249999999999997 0.63875
2 0.39 0.5900000000000001 0.3775 0.5900000000000001 0.3775 0.5974999999999999 0.39 0.5974999999999999 0.39 0.5900000000000001
2 0.4025 0.61375 0.39625 0.61375 0.39625 0.6287499999999999 0.4025 0.6287499999999999 0.4025 0.61375
2 0.44125 0.62375 0.42874999999999996 0.62375 0.42874999999999996 0.63125 0.44125 0.63125 0.44125 0.62375
2 0.44375 0.615 0.43125 0.615 0.43125 0.6212500000000001 0.44375 0.6212500000000001 0.44375 0.615
2 0.45375 0.6012500000000001 0.43624999999999997 0.6012500000000001 0.43624999999999997 0.61 0.45375 0.61 0.45375 0.6012500000000001
2 0.46375 0.6025 0.45375 0.6025 0.45375 0.61125 0.46375 0.61125 0.46375 0.6025
2 0.48250000000000004 0.605 0.47000000000000003 0.605 0.47000000000000003 0.61375 0.48250000000000004 0.61375 0.48250000000000004 0.605
2 0.5237499999999999 0.56125 0.51875 0.56125 0.51875 0.57375 0.5237499999999999 0.57375 0.5237499999999999 0.56125
2 0.49874999999999997 0.6075 0.485 0.6075 0.485 0.615 0.49874999999999997 0.615 0.49874999999999997 0.6075
2 0.52125 0.64 0.51375 0.64 0.51375 0.6537499999999999 0.52125 0.6537499999999999 0.52125 0.64
2 0.32875 0.7075 0.31625000000000003 0.7075 0.31625000000000003 0.7150000000000001 0.32875 0.7150000000000001 0.32875 0.7075
2 0.32875 0.7150000000000001 0.315 0.7150000000000001 0.315 0.7212500000000001 0.32875 0.7212500000000001 0.32875 0.7150000000000001
2 0.3225 0.73125 0.30874999999999997 0.73125 0.30874999999999997 0.73875 0.3225 0.73875 0.3225 0.73125
2 0.5587500000000001 0.575 0.55125 0.575 0.55125 0.5900000000000001 0.5587500000000001 0.5900000000000001 0.5587500000000001 0.575
2 0.6025 0.5825 0.5925 0.5825 0.5925 0.58875 0.6025 0.58875 0.6025 0.5825
2 0.6 0.5900000000000001 0.5900000000000001 0.5900000000000001 0.5900000000000001 0.5962500000000001 0.6 0.5962500000000001 0.6 0.5900000000000001
2 0.6 0.60375 0.5825 0.60375 0.5825 0.61125 0.6 0.61125 0.6 0.60375
2 0.6174999999999999 0.60625 0.605 0.60625 0.605 0.61375 0.6174999999999999 0.61375 0.6174999999999999 0.60625
2 0.6325000000000001 0.60875 0.6212500000000001 0.60875 0.6212500000000001 0.615 0.6325000000000001 0.615 0.6325000000000001 0.60875
2 0.72875 0.625 0.71375 0.625 0.71375 0.63375 0.72875 0.63375 0.72875 0.625
2 0.69875 0.6212500000000001 0.6875 0.6212500000000001 0.6875 0.62625 0.69875 0.62625 0.69875 0.6212500000000001
2 0.6575 0.65125 0.6475 0.65125 0.6475 0.6625 0.6575 0.6625 0.6575 0.65125
2 0.65 0.70625 0.64125 0.70625 0.64125 0.71875 0.65 0.71875 0.65 0.70625
2 0.64375 0.74375 0.63625 0.74375 0.63625 0.75875 0.64375 0.75875 0.64375 0.74375
2 0.67875 0.6775 0.67125 0.6775 0.67125 0.6925 0.67875 0.6925 0.67875 0.6775
2 0.6875 0.67875 0.6799999999999999 0.67875 0.6799999999999999 0.6912499999999999 0.6875 0.6912499999999999 0.6875 0.67875
2 0.62 0.75625 0.61375 0.75625 0.61375 0.7725 0.62 0.7725 0.62 0.75625
2 0.6012500000000001 0.7737499999999999 0.58375 0.7737499999999999 0.58375 0.7825 0.6012500000000001 0.7825 0.6012500000000001 0.7737499999999999
2 0.625 0.775 0.61875 0.775 0.61875 0.79 0.625 0.79 0.625 0.775
2 0.67 0.755 0.6625 0.755 0.6625 0.77 0.67 0.77 0.67 0.755
2 0.6837500000000001 0.7575000000000001 0.6775 0.7575000000000001 0.6775 0.77 0.6837500000000001 0.77 0.6837500000000001 0.7575000000000001
2 0.65 0.7825 0.6425 0.7825 0.6425 0.79625 0.65 0.79625 0.65 0.7825
2 0.6575 0.8125 0.645 0.8125 0.645 0.82125 0.6575 0.82125 0.6575 0.8125
2 0.6425 0.7887500000000001 0.635 0.7887500000000001 0.635 0.8025 0.6425 0.8025 0.6425 0.7887500000000001
2 0.635 0.795 0.6287499999999999 0.795 0.6287499999999999 0.8074999999999999 0.635 0.8074999999999999 0.635 0.795
2 0.67125 0.7887500000000001 0.665 0.7887500000000001 0.665 0.8012499999999999 0.67125 0.8012499999999999 0.67125 0.7887500000000001
2 0.6837500000000001 0.79 0.6775 0.79 0.6775 0.80375 0.6837500000000001 0.80375 0.6837500000000001 0.79
2 0.6075 0.8324999999999999 0.6 0.8324999999999999 0.6 0.845 0.6075 0.845 0.6075 0.8324999999999999
2 0.63 0.825 0.6224999999999999 0.825 0.6224999999999999 0.8387499999999999 0.63 0.8387499999999999 0.63 0.825
2 0.6275000000000001 0.8412499999999999 0.62 0.8412499999999999 0.62 0.85375 0.6275000000000001 0.85375 0.6275000000000001 0.8412499999999999
2 0.62625 0.85375 0.6174999999999999 0.85375 0.6174999999999999 0.8675 0.62625 0.8675 0.62625 0.85375
2 0.65125 0.8574999999999999 0.64375 0.8574999999999999 0.64375 0.8699999999999999 0.65125 0.8699999999999999 0.65125 0.8574999999999999
2 0.64375 0.8612500000000001 0.63875 0.8612500000000001 0.63875 0.87375 0.64375 0.87375 0.64375 0.8612500000000001
2 0.5725 0.8637499999999999 0.5650000000000001 0.8637499999999999 0.5650000000000001 0.87375 0.5725 0.87375 0.5725 0.8637499999999999
2 0.5587500000000001 0.8612500000000001 0.5525 0.8612500000000001 0.5525 0.875 0.5587500000000001 0.875 0.5587500000000001 0.8612500000000001
2 0.5662499999999999 0.8637499999999999 0.5599999999999999 0.8637499999999999 0.5599999999999999 0.8775000000000001 0.5662499999999999 0.8775000000000001 0.5662499999999999 0.8637499999999999
2 0.54625 0.89875 0.54125 0.89875 0.54125 0.9125 0.54625 0.9125 0.54625 0.89875
2 0.69875 0.8975 0.68625 0.8975 0.68625 0.905 0.69875 0.905 0.69875 0.8975
2 0.70125 0.885 0.6900000000000001 0.885 0.6900000000000001 0.8925000000000001 0.70125 0.8925000000000001 0.70125 0.885
2 0.6912499999999999 0.885 0.67875 0.885 0.67875 0.8925000000000001 0.6912499999999999 0.8925000000000001 0.6912499999999999 0.885
2 0.6799999999999999 0.8825 0.66875 0.8825 0.66875 0.89 0.6799999999999999 0.89 0.6799999999999999 0.8825
2 0.6174999999999999 0.89375 0.61125 0.89375 0.61125 0.905 0.6174999999999999 0.905 0.6174999999999999 0.89375
2 0.61625 0.9075 0.60875 0.9075 0.60875 0.91875 0.61625 0.91875 0.61625 0.9075
2 0.61375 0.91875 0.60625 0.91875 0.60625 0.93125 0.61375 0.93125 0.61375 0.91875
2 0.6537499999999999 0.905 0.6475 0.905 0.6475 0.91625 0.6537499999999999 0.91625 0.6537499999999999 0.905
2 0.64125 0.93 0.635 0.93 0.635 0.9425000000000001 0.64125 0.9425000000000001 0.64125 0.93
2 0.5675 0.9349999999999999 0.5587500000000001 0.9349999999999999 0.5587500000000001 0.9487500000000001 0.5675 0.9487500000000001 0.5675 0.9349999999999999
2 0.54875 0.9574999999999999 0.54 0.9574999999999999 0.54 0.9712500000000001 0.54875 0.9712500000000001 0.54875 0.9574999999999999
2 0.645 0.9800000000000001 0.6375 0.9800000000000001 0.6375 0.9925 0.645 0.9925 0.645 0.9800000000000001
2 0.65625 0.96 0.65 0.96 0.65 0.9724999999999999 0.65625 0.9724999999999999 0.65625 0.96
2 0.6487499999999999 0.96 0.64375 0.96 0.64375 0.9737500000000001 0.6487499999999999 0.9737500000000001 0.6487499999999999 0.96
2 0.5875 0.95875 0.58 0.95875 0.58 0.97 0.5875 0.97 0.5875 0.95875
2 0.6012500000000001 0.9425000000000001 0.5912499999999999 0.9425000000000001 0.5912499999999999 0.9574999999999999 0.6012500000000001 0.9574999999999999 0.6012500000000001 0.9425000000000001
2 0.5900000000000001 0.9412499999999999 0.58125 0.9412499999999999 0.58125 0.9550000000000001 0.5900000000000001 0.9550000000000001 0.5900000000000001 0.9412499999999999
2 0.6375 0.9574999999999999 0.63125 0.9574999999999999 0.63125 0.9712500000000001 0.6375 0.9712500000000001 0.6375 0.9574999999999999
2 0.6425 0.96 0.6375 0.96 0.6375 0.9724999999999999 0.6425 0.9724999999999999 0.6425 0.96
2 0.775 0.63375 0.76125 0.63375 0.76125 0.64 0.775 0.64 0.775 0.63375
2 0.7887500000000001 0.635 0.77625 0.635 0.77625 0.64375 0.7887500000000001 0.64375 0.7887500000000001 0.635
2 0.8175000000000001 0.64125 0.8025 0.64125 0.8025 0.6475 0.8175000000000001 0.6475 0.8175000000000001 0.64125
2 0.8324999999999999 0.64125 0.82 0.64125 0.82 0.6487499999999999 0.8324999999999999 0.6487499999999999 0.8324999999999999 0.64125
2 0.87625 0.65125 0.8637499999999999 0.65125 0.8637499999999999 0.6575 0.87625 0.6575 0.87625 0.65125
2 0.89125 0.65125 0.8787499999999999 0.65125 0.8787499999999999 0.6599999999999999 0.89125 0.6599999999999999 0.89125 0.65125
2 0.9375 0.66125 0.9262499999999999 0.66125 0.9262499999999999 0.66875 0.9375 0.66875 0.9375 0.66125
2 0.78125 0.655 0.76875 0.655 0.76875 0.6625 0.78125 0.6625 0.78125 0.655
2 0.8087500000000001 0.6599999999999999 0.79625 0.6599999999999999 0.79625 0.6675 0.8087500000000001 0.6675 0.8087500000000001 0.6599999999999999
2 0.83375 0.6625 0.82125 0.6625 0.82125 0.6725 0.83375 0.6725 0.83375 0.6625
2 0.88125 0.6950000000000001 0.87375 0.6950000000000001 0.87375 0.71 0.88125 0.71 0.88125 0.6950000000000001
2 0.8487500000000001 0.66625 0.835 0.66625 0.835 0.67375 0.8487500000000001 0.67375 0.8487500000000001 0.66625