2 0.21125 0.005 0.20249999999999999 0.005 0.20249999999999999 0.01625 0.21125 0.01625 0.21125 0.005
2 0.22374999999999998 0.00625 0.2125 0.00625 0.2125 0.017499999999999998 0.22374999999999998 0.017499999999999998 0.22374999999999998 0.00625
2 0.26125 0.0125 0.25125000000000003 0.0125 0.25125000000000003 0.02375 0.26125 0.02375 0.26125 0.0125
2 0.27375 0.013750000000000002 0.265 0.013750000000000002 0.265 0.026250000000000002 0.27375 0.026250000000000002 0.27375 0.013750000000000002
2 0.28250000000000003 0.01625 0.27375 0.01625 0.27375 0.027500000000000004 0.28250000000000003 0.027500000000000004 0.28250000000000003 0.01625
2 0.29 0.01625 0.27999999999999997 0.01625 0.27999999999999997 0.028749999999999998 0.29 0.028749999999999998 0.29 0.01625
2 0.2975 0.017499999999999998 0.28625 0.017499999999999998 0.28625 0.03 0.2975 0.03 0.2975 0.017499999999999998
2 0.305 0.01875 0.29375 0.01875 0.29375 0.03125 0.305 0.03125 0.305 0.01875
2 0.31625000000000003 0.021249999999999998 0.30625 0.021249999999999998 0.30625 0.034999999999999996 0.31625000000000003 0.034999999999999996 0.31625000000000003 0.021249999999999998
2 0.33375 0.00125 0.325 0.00125 0.325 0.0125 0.33375 0.0125 0.33375 0.00125
2 0.3275 0.02375 0.31625000000000003 0.02375 0.31625000000000003 0.0375 0.3275 0.0375 0.3275 0.02375
2 0.335 0.02375 0.325 0.02375 0.325 0.03625 0.335 0.03625 0.335 0.02375
2 0.34500000000000003 0.00125 0.3375 0.00125 0.3375 0.01125 0.34500000000000003 0.01125 0.34500000000000003 0.00125
2 0.34500000000000003 0.025 0.33625 0.025 0.33625 0.0375 0.34500000000000003 0.0375 0.34500000000000003 0.025
2 0.35375 0.027500000000000004 0.34375 0.027500000000000004 0.34375 0.03875 0.35375 0.03875 0.35375 0.027500000000000004
2 0.36124999999999996 0.027500000000000004 0.34875 0.027500000000000004 0.34875 0.04 0.36124999999999996 0.04 0.36124999999999996 0.027500000000000004
2 0.36625 0.03 0.35875 0.03 0.35875 0.04 0.36625 0.04 0.36625 0.03
2 0.37374999999999997 0.03125 0.36375 0.03125 0.36375 0.042499999999999996 0.37374999999999997 0.042499999999999996 0.37374999999999997 0.03125
2 0.37875000000000003 0.0325 0.37124999999999997 0.0325 0.37124999999999997 0.04375 0.37875000000000003 0.04375 0.37875000000000003 0.0325
2 0.39375 0.034999999999999996 0.3825 0.034999999999999996 0.3825 0.0475 0.39375 0.0475 0.39375 0.034999999999999996
2 0.44125 0.04375 0.43375 0.04375 0.43375 0.05625 0.44125 0.05625 0.44125 0.04375
2 0.35375 0.00125 0.34875 0.00125 0.34875 0.0125 0.35375 0.0125 0.35375 0.00125
2 0.3625 0.00125 0.355 0.00125 0.355 0.01625 0.3625 0.01625 0.3625 0.00125
2 0.37 0.0025 0.36375 0.0025 0.36375 0.017499999999999998 0.37 0.017499999999999998 0.37 0.0025
2 0.3775 0.005 0.37124999999999997 0.005 0.37124999999999997 0.02 0.3775 0.02 0.3775 0.005
2 0.1625 0.24874999999999997 0.14750000000000002 0.24874999999999997 0.14750000000000002 0.255 0.1625 0.255 0.1625 0.24874999999999997
2 0.16125 0.25375000000000003 0.14625 0.25375000000000003 0.14625 0.2625 0.16125 0.2625 0.16125 0.25375000000000003
2 0.08 0.3225 0.07375000000000001 0.3225 0.07375000000000001 0.335 0.08 0.335 0.08 0.3225
2 0.0625 0.3275 0.05500000000000001 0.3275 0.05500000000000001 0.33875 0.0625 0.33875 0.0625 0.3275
2 0.08499999999999999 0.41624999999999995 0.07375000000000001 0.41624999999999995 0.07375000000000001 0.4225 0.08499999999999999 0.4225 0.08499999999999999 0.41624999999999995
2 0.08375 0.4225 0.0725 0.4225 0.0725 0.42874999999999996 0.08375 0.42874999999999996 0.08375 0.4225
2 0.08125 0.42750000000000005 0.06999999999999999 0.42750000000000005 0.06999999999999999 0.43375 0.08125 0.43375 0.08125 0.42750000000000005
2 0.08125 0.43375 0.06999999999999999 0.43375 0.06999999999999999 0.44125 0.08125 0.44125 0.08125 0.43375
2 0.08125 0.44125 0.0675 0.44125 0.0675 0.44875 0.08125 0.44875 0.08125 0.44125
2 0.08 0.44875 0.06875 0.44875 0.06875 0.45375 0.08 0.45375 0.08 0.44875
2 0.08 0.45375 0.06625 0.45375 0.06625 0.46125 0.08 0.46125 0.08 0.45375
2 0.07875 0.45999999999999996 0.065 0.45999999999999996 0.065 0.46749999999999997 0.07875 0.46749999999999997 0.07875 0.45999999999999996
2 0.07875 0.465 0.065 0.465 0.065 0.47375 0.07875 0.47375 0.07875 0.465
2 0.07625 0.47125000000000006 0.0625 0.47125000000000006 0.0625 0.47874999999999995 0.07625 0.47874999999999995 0.07625 0.47125000000000006
2 0.07625 0.48250000000000004 0.061250000000000006 0.48250000000000004 0.061250000000000006 0.49124999999999996 0.07625 0.49124999999999996 0.07625 0.48250000000000004
2 0.0325 0.48375 0.01875 0.48375 0.01875 0.4925 0.0325 0.4925 0.0325 0.48375
2 0.025 0.49625 0.0075 0.49625 0.0075 0.5037499999999999 0.025 0.5037499999999999 0.025 0.49625
2 0.02375 0.5025000000000001 0.01 0.5025000000000001 0.01 0.50875 0.02375 0.50875 0.02375 0.5025000000000001
2 0.025 0.5125 0.0075 0.5125 0.0075 0.52 0.025 0.52 0.025 0.5125
2 0.061250000000000006 0.5175 0.045 0.5175 0.045 0.52625 0.061250000000000006 0.52625 0.061250000000000006 0.5175
2 0.058750000000000004 0.49749999999999994 0.04375 0.49749999999999994 0.04375 0.5037499999999999 0.058750000000000004 0.5037499999999999 0.058750000000000004 0.49749999999999994
2 0.0725 0.49124999999999996 0.058750000000000004 0.49124999999999996 0.058750000000000004 0.49749999999999994 0.0725 0.49749999999999994 0.0725 0.49124999999999996
2 0.10500000000000001 0.48875 0.0925 0.48875 0.0925 0.49625 0.10500000000000001 0.49625 0.10500000000000001 0.48875
2 0.10500000000000001 0.48250000000000004 0.0925 0.48250000000000004 0.0925 0.48875 0.10500000000000001 0.48875 0.10500000000000001 0.48250000000000004
2 0.10874999999999999 0.4725 0.09625 0.4725 0.09625 0.47874999999999995 0.10874999999999999 0.47874999999999995 0.10874999999999999 0.4725
2 0.10874999999999999 0.46375 0.095 0.46375 0.095 0.47125000000000006 0.10874999999999999 0.47125000000000006 0.10874999999999999 0.46375
2 0.10874999999999999 0.45875000000000005 0.0975 0.45875000000000005 0.0975 0.465 0.10874999999999999 0.465 0.10874999999999999 0.45875000000000005
2 0.11625 0.49874999999999997 0.10375000000000001 0.49874999999999997 0.10375000000000001 0.51125 0.11625 0.51125 0.11625 0.49874999999999997
2 0.14250000000000002 0.5037499999999999 0.13 0.5037499999999999 0.13 0.51625 0.14250000000000002 0.51625 0.14250000000000002 0.5037499999999999
2 0.155 0.5037499999999999 0.14750000000000002 0.5037499999999999 0.14750000000000002 0.515 0.155 0.515 0.155 0.5037499999999999
2 0.06 0.54625 0.0475 0.54625 0.0475 0.55375 0.06 0.55375 0.06 0.54625
2 0.0075 0.6 0.00125 0.6 0.00125 0.60875 0.0075 0.60875 0.0075 0.6
2 0.11499999999999999 0.58125 0.09875 0.58125 0.09875 0.58875 0.11499999999999999 0.58875 0.11499999999999999 0.58125
2 0.11499999999999999 0.56875 0.1 0.56875 0.1 0.5775 0.11499999999999999 0.5775 0.11499999999999999 0.56875
2 0.12625 0.5549999999999999 0.10625 0.5549999999999999 0.10625 0.5650000000000001 0.12625 0.5650000000000001 0.12625 0.5549999999999999
2 0.19125 0.5962500000000001 0.18375 0.5962500000000001 0.18375 0.61125 0.19125 0.61125 0.19125 0.5962500000000001
2 0.27 0.5599999999999999 0.25375000000000003 0.5599999999999999 0.25375000000000003 0.5675 0.27 0.5675 0.27 0.5599999999999999
2 0.2125 0.95875 0.20625 0.95875 0.20625 0.9724999999999999 0.2125 0.9724999999999999 0.2125 0.95875
2 0.25125000000000003 0.9512499999999999 0.2425 0.9512499999999999 0.2425 0.9675 0.25125000000000003 0.9675 0.25125000000000003 0.9512499999999999
2 0.21875 0.91375 0.21125 0.91375 0.21125 0.92875 0.21875 0.92875 0.21875 0.91375
2 0.25625 0.915 0.25 0.915 0.25 0.92875 0.25625 0.92875 0.25625 0.915
2 0.34750000000000003 0.97 0.33999999999999997 0.97 0.33999999999999997 0.9824999999999999 0.34750000000000003 0.9824999999999999 0.34750000000000003 0.97
2 0.315 0.9349999999999999 0.3075 0.9349999999999999 0.3075 0.95 0.315 0.95 0.315 0.9349999999999999
2 0.22749999999999998 0.5325 0.22000000000000003 0.5325 0.22000000000000003 0.545 0.22749999999999998 0.545 0.22749999999999998 0.5325
2 0.27125 0.5387500000000001 0.26125 0.5387500000000001 0.26125 0.545 0.27125 0.545 0.27125 0.5387500000000001
2 0.3175 0.9650000000000001 0.31 0.9650000000000001 0.31 0.97625 0.3175 0.97625 0.3175 0.9650000000000001
2 0.32999999999999996 0.9662499999999999 0.3225 0.9662499999999999 0.3225 0.97875 0.32999999999999996 0.97875 0.32999999999999996 0.9662499999999999
2 0.32625000000000004 0.91625 0.32 0.91625 0.32 0.92875 0.32625000000000004 0.92875 0.32625000000000004 0.91625
2 0.32 0.91625 0.31375000000000003 0.91625 0.31375000000000003 0.93 0.32 0.93 0.32 0.91625
2 0.30874999999999997 0.91375 0.30125 0.91375 0.30125 0.9275 0.30874999999999997 0.9275 0.30874999999999997 0.91375
2 0.26875 0.89875 0.2625 0.89875 0.2625 0.91375 0.26875 0.91375 0.26875 0.89875
2 0.25875 0.89875 0.2525 0.89875 0.2525 0.9125 0.25875 0.9125 0.25875 0.89875
2 0.21875 0.8550000000000001 0.21000000000000002 0.8550000000000001 0.21000000000000002 0.86875 0.21875 0.86875 0.21875 0.8550000000000001
2 0.22875 0.81875 0.22125 0.81875 0.22125 0.83125 0.22875 0.83125 0.22875 0.81875
2 0.24125000000000002 0.82 0.23500000000000001 0.82 0.23500000000000001 0.83375 0.24125000000000002 0.83375 0.24125000000000002 0.82
2 0.22875 0.85625 0.2225 0.85625 0.2225 0.8699999999999999 0.22875 0.8699999999999999 0.22875 0.85625
2 0.26375000000000004 0.8625 0.25625 0.8625 0.25625 0.87625 0.26375000000000004 0.87625 0.26375000000000004 0.8625
2 0.37 0.8525 0.35625 0.8525 0.35625 0.86 0.37 0.86 0.37 0.8525
2 0.32375 0.8612500000000001 0.3175 0.8612500000000001 0.3175 0.87375 0.32375 0.87375 0.32375 0.8612500000000001
2 0.31124999999999997 0.8862500000000001 0.30375 0.8862500000000001 0.30375 0.9 0.31124999999999997 0.9 0.31124999999999997 0.8862500000000001
2 0.32 0.81375 0.315 0.81375 0.315 0.82875 0.32 0.82875 0.32 0.81375
2 0.31375000000000003 0.8162499999999999 0.3075 0.8162499999999999 0.3075 0.83125 0.31375000000000003 0.83125 0.31375000000000003 0.8162499999999999
2 0.2875 0.8487500000000001 0.28125 0.8487500000000001 0.28125 0.8637499999999999 0.2875 0.8637499999999999 0.2875 0.8487500000000001
2 0.28625 0.8637499999999999 0.27999999999999997 0.8637499999999999 0.27999999999999997 0.8775000000000001 0.28625 0.8775000000000001 0.28625 0.8637499999999999
2 0.28500000000000003 0.87625 0.27749999999999997 0.87625 0.27749999999999997 0.8887499999999999 0.28500000000000003 0.8887499999999999 0.28500000000000003 0.87625
2 0.2925 0.8099999999999999 0.28625 0.8099999999999999 0.28625 0.8237500000000001 0.2925 0.8237500000000001 0.2925 0.8099999999999999
2 0.29625 0.79625 0.29 0.79625 0.29 0.81125 0.29625 0.81125 0.29625 0.79625
2 0.30125 0.78 0.29375 0.78 0.29375 0.79375 0.30125 0.79375 0.30125 0.78
2 0.27749999999999997 0.7875 0.26875 0.7875 0.26875 0.80375 0.27749999999999997 0.80375 0.27749999999999997 0.7875
2 0.3275 0.76875 0.3125 0.76875 0.3125 0.7787499999999999 0.3275 0.7787499999999999 0.3275 0.76875
2 0.305 0.75 0.29874999999999996 0.75 0.29874999999999996 0.76375 0.305 0.76375 0.305 0.75
2 0.28500000000000003 0.7474999999999999 0.27875 0.7474999999999999 0.27875 0.7625 0.28500000000000003 0.7625 0.28500000000000003 0.7474999999999999
2 0.29500000000000004 0.73125 0.28875 0.73125 0.28875 0.7462500000000001 0.29500000000000004 0.7462500000000001 0.29500000000000004 0.73125
2 0.31124999999999997 0.745 0.305 0.745 0.305 0.75875 0.31124999999999997 0.75875 0.31124999999999997 0.745
2 0.34375 0.74375 0.33625 0.74375 0.33625 0.76 0.34375 0.76 0.34375 0.74375
2 0.335 0.745 0.32875 0.745 0.32875 0.7575000000000001 0.335 0.7575000000000001 0.335 0.745
2 0.35375 0.7462500000000001 0.34750000000000003 0.7462500000000001 0.34750000000000003 0.76125 0.35375 0.76125 0.35375 0.7462500000000001
2 0.31375000000000003 0.7 0.30625 0.7 0.30625 0.7150000000000001 0.31375000000000003 0.7150000000000001 0.31375000000000003 0.7
2 0.33999999999999997 0.71375 0.3325 0.71375 0.3325 0.7262500000000001 0.33999999999999997 0.7262500000000001 0.33999999999999997 0.71375
2 0.31875 0.6625 0.3125 0.6625 0.3125 0.6775 0.31875 0.6775 0.31875 0.6625
2 0.35 0.63375 0.34375 0.63375 0.34375 0.6487499999999999 0.35 0.6487499999999999 0.35 0.63375
2 0.2875 0.5625 0.275 0.5625 0.275 0.5700000000000001 0.2875 0.5700000000000001 0.2875 0.5625
2 0.30375 0.5662499999999999 0.29125 0.5662499999999999 0.29125 0.57375 0.30375 0.57375 0.30375 0.5662499999999999
2 0.37 0.575 0.355 0.575 0.355 0.58375 0.37 0.58375 0.37 0.575
2 0.3975 0.58 0.38375 0.58 0.38375 0.58875 0.3975 0.58875 0.3975 0.58
2 0.44375 0.5900000000000001 0.43 0.5900000000000001 0.43 0.5974999999999999 0.44375 0.5974999999999999 0.44375 0.5900000000000001
2 0.4575 0.5900000000000001 0.44375 0.5900000000000001 0.44375 0.59875 0.4575 0.59875 0.4575 0.5900000000000001
2 0.48624999999999996 0.5962500000000001 0.47125000000000006 0.5962500000000001 0.47125000000000006 0.60375 0.48624999999999996 0.60375 0.48624999999999996 0.5962500000000001
2 0.5025000000000001 0.5974999999999999 0.49000000000000005 0.5974999999999999 0.49000000000000005 0.60625 0.5025000000000001 0.60625 0.5025000000000001 0.5974999999999999
2 0.54875 0.60625 0.5349999999999999 0.60625 0.5349999999999999 0.61375 0.54875 0.61375 0.54875 0.60625
2 0.56125 0.6075 0.5475 0.6075 0.5475 0.61625 0.56125 0.61625 0.56125 0.6075
2 0.61125 0.61625 0.595 0.61625 0.595 0.625 0.61125 0.625 0.61125 0.61625
2 0.55125 0.65125 0.545 0.65125 0.545 0.665 0.55125 0.665 0.55125 0.65125
2 0.56125 0.6375 0.55375 0.6375 0.55375 0.6525000000000001 0.56125 0.6525000000000001 0.56125 0.6375
2 0.57125 0.64 0.56125 0.64 0.56125 0.65625 0.57125 0.65625 0.57125 0.64
2 0.47874999999999995 0.61625 0.46624999999999994 0.61625 0.46624999999999994 0.625 0.47874999999999995 0.625 0.47874999999999995 0.61625
2 0.5025000000000001 0.62 0.49124999999999996 0.62 0.49124999999999996 0.6275000000000001 0.5025000000000001 0.6275000000000001 0.5025000000000001 0.62
2 0.73875 0.6599999999999999 0.725 0.6599999999999999 0.725 0.6675 0.73875 0.6675 0.73875 0.6599999999999999
2 0.7537499999999999 0.6625 0.74125 0.6625 0.74125 0.67 0.7537499999999999 0.67 0.7537499999999999 0.6625
2 0.7675 0.665 0.755 0.665 0.755 0.6725 0.7675 0.6725 0.7675 0.665
2 0.7825 0.66625 0.77 0.66625 0.77 0.67375 0.7825 0.67375 0.7825 0.66625
2 0.68875 0.69875 0.6775 0.69875 0.6775 0.70375 0.68875 0.70375 0.68875 0.69875
2 0.68625 0.7162499999999999 0.67625 0.7162499999999999 0.67625 0.7224999999999999 0.68625 0.7224999999999999 0.68625 0.7162499999999999
2 0.6825 0.7325 0.6725 0.7325 0.6725 0.73875 0.6825 0.73875 0.6825 0.7325
2 0.6825 0.74 0.67125 0.74 0.67125 0.745 0.6825 0.745 0.6825 0.74
2 0.6799999999999999 0.75125 0.6675 0.75125 0.6675 0.75875 0.6799999999999999 0.75875 0.6799999999999999 0.75125
2 0.67875 0.75875 0.665 0.75875 0.665 0.7675 0.67875 0.7675 0.67875 0.75875
2 0.67875 0.76875 0.665 0.76875 0.665 0.77625 0.67875 0.77625 0.67875 0.76875
2 0.67875 0.775 0.665 0.775 0.665 0.7825 0.67875 0.7825 0.67875 0.775
2 0.67625 0.78125 0.6637500000000001 0.78125 0.6637500000000001 0.7887500000000001 0.67625 0.7887500000000001 0.67625 0.78125
2 0.67375 0.79625 0.6587500000000001 0.79625 0.6587500000000001 0.80375 0.67375 0.80375 0.67375 0.79625
2 0.69875 0.79875 0.68875 0.79875 0.68875 0.80625 0.69875 0.80625 0.69875 0.79875
2 0.70125 0.7925 0.6912499999999999 0.7925 0.6912499999999999 0.79875 0.70125 0.79875 0.70125 0.7925
2 0.7025 0.78 0.6925 0.78 0.6925 0.78625 0.7025 0.78625 0.7025 0.78
2 0.70375 0.7737499999999999 0.6925 0.7737499999999999 0.6925 0.78 0.70375 0.78 0.70375 0.7737499999999999
2 0.705 0.76625 0.6950000000000001 0.76625 0.6950000000000001 0.7737499999999999 0.705 0.7737499999999999 0.705 0.76625
2 0.91375 0.7525000000000001 0.90625 0.7525000000000001 0.90625 0.765 0.91375 0.765 0.91375 0.7525000000000001
2 0.81875 0.825 0.80375 0.825 0.80375 0.83125 0.81875 0.83125 0.81875 0.825
2 0.81875 0.8162499999999999 0.80625 0.8162499999999999 0.80625 0.8225 0.81875 0.8225 0.81875 0.8162499999999999
2 0.8175000000000001 0.8099999999999999 0.80625 0.8099999999999999 0.80625 0.8162499999999999 0.8175000000000001 0.8162499999999999 0.8175000000000001 0.8099999999999999
2 0.81875 0.80375 0.8087500000000001 0.80375 0.8087500000000001 0.8099999999999999 0.81875 0.8099999999999999 0.81875 0.80375
2 0.82125 0.7975 0.8074999999999999 0.7975 0.8074999999999999 0.805 0.82125 0.805 0.82125 0.7975
2 0.82125 0.79125 0.8099999999999999 0.79125 0.8099999999999999 0.79875 0.82125 0.79875 0.82125 0.79125
2 0.8225 0.7849999999999999 0.81125 0.7849999999999999 0.81125 0.79125 0.8225 0.79125 0.8225 0.7849999999999999
2 0.8225 0.7787499999999999 0.81125 0.7787499999999999 0.81125 0.7849999999999999 0.8225 0.7849999999999999 0.8225 0.7787499999999999
2 0.825 0.7725 0.81375 0.7725 0.81375 0.7787499999999999 0.825 0.7787499999999999 0.825 0.7725
2 0.825 0.76625 0.81375 0.76625 0.81375 0.7725 0.825 0.7725 0.825 0.76625
2 0.8275 0.75875 0.8150000000000001 0.75875 0.8150000000000001 0.76625 0.8275 0.76625 0.8275 0.75875
2 0.8275 0.7537499999999999 0.8175000000000001 0.7537499999999999 0.8175000000000001 0.75875 0.8275 0.75875 0.8275 0.7537499999999999
2 0.8275 0.7474999999999999 0.8175000000000001 0.7474999999999999 0.8175000000000001 0.7525000000000001 0.8275 0.7525000000000001 0.8275 0.7474999999999999
2 0.8324999999999999 0.73875 0.81875 0.73875 0.81875 0.7474999999999999 0.8324999999999999 0.7474999999999999 0.8324999999999999 0.73875
2 0.83375 0.67625 0.82 0.67625 0.82 0.6837500000000001 0.83375 0.6837500000000001 0.83375 0.67625
2 0.83625 0.6537499999999999 0.8225 0.6537499999999999 0.8225 0.66125 0.83625 0.66125 0.83625 0.6537499999999999
2 0.85 0.65625 0.83625 0.65625 0.83625 0.6625 0.85 0.6625 0.85 0.65625
2 0.8637499999999999 0.6587500000000001 0.8525 0.6587500000000001 0.8525 0.6675 0.8637499999999999 0.6675 0.8637499999999999 0.6587500000000001
2 0.8712500000000001 0.68125 0.8574999999999999 0.68125 0.8574999999999999 0.68875 0.8712500000000001 0.68875 0.8712500000000001 0.68125
2 0.905 0.6875 0.89125 0.6875 0.89125 0.6925 0.905 0.6925 0.905 0.6875
2 0.91875 0.6900000000000001 0.9075 0.6900000000000001 0.9075 0.6975 0.91875 0.6975 0.91875 0.6900000000000001
2 0.85625 0.62375 0.8425 0.62375 0.8425 0.63 0.85625 0.63 0.85625 0.62375
2 0.905 0.595 0.8925000000000001 0.595 0.8925000000000001 0.6012500000000001 0.905 0.6012500000000001 0.905 0.595
2 0.8925000000000001 0.5862499999999999 0.8800000000000001 0.5862499999999999 0.8800000000000001 0.5925 0.8925000000000001 0.5925 0.8925000000000001 0.5862499999999999
2 0.8612500000000001 0.605 0.8462500000000001 0.605 0.8462500000000001 0.6125 0.8612500000000001 0.6125 0.8612500000000001 0.605
2 0.70875 0.5974999999999999 0.69625 0.5974999999999999 0.69625 0.60375 0.70875 0.60375 0.70875 0.5974999999999999
2 0.8637499999999999 0.59375 0.8487500000000001 0.59375 0.8487500000000001 0.6025 0.8637499999999999 0.6025 0.8637499999999999 0.59375
2 0.86625 0.5775 0.85375 0.5775 0.85375 0.585 0.86625 0.585 0.86625 0.5775
2 0.8675 0.57125 0.8525 0.57125 0.8525 0.57875 0.8675 0.57875 0.8675 0.57125
2 0.86875 0.56125 0.85625 0.56125 0.85625 0.5675 0.86875 0.5675 0.86875 0.56125
2 0.8712500000000001 0.55375 0.8550000000000001 0.55375 0.8550000000000001 0.5599999999999999 0.8712500000000001 0.5599999999999999 0.8712500000000001 0.55375
2 0.8712500000000001 0.5475 0.8574999999999999 0.5475 0.8574999999999999 0.55625 0.8712500000000001 0.55625 0.8712500000000001 0.5475
2 0.60375 0.01625 0.5875 0.01625 0.5875 0.0225 0.60375 0.0225 0.60375 0.01625
2 0.69625 0.03 0.67875 0.03 0.67875 0.03875 0.69625 0.03875 0.69625 0.03
2 0.185 0.265 0.17250000000000001 0.265 0.17250000000000001 0.27125 0.185 0.27125 0.185 0.265
2 0.1875 0.2525 0.175 0.2525 0.175 0.25875 0.1875 0.25875 0.1875 0.2525
2 0.09375 0.32375 0.0875 0.32375 0.0875 0.33625 0.09375 0.33625 0.09375 0.32375
2 0.1075 0.32375 0.1 0.32375 0.1 0.3375 0.1075 0.3375 0.1075 0.32375
2 0.11374999999999999 0.325 0.1075 0.325 0.1075 0.33999999999999997 0.11374999999999999 0.33999999999999997 0.11374999999999999 0.325
2 0.47000000000000003 0.0625 0.46125 0.0625 0.46125 0.07375000000000001 0.47000000000000003 0.07375000000000001 0.47000000000000003 0.0625
2 0.46125 0.061250000000000006 0.45375 0.061250000000000006 0.45375 0.07125000000000001 0.46125 0.07125000000000001 0.46125 0.061250000000000006
2 0.45375 0.061250000000000006 0.445 0.061250000000000006 0.445 0.0725 0.45375 0.0725 0.45375 0.061250000000000006
2 0.45375 0.04625 0.44625000000000004 0.04625 0.44625000000000004 0.058750000000000004 0.45375 0.058750000000000004 0.45375 0.04625
2 0.46624999999999994 0.04625 0.45875000000000005 0.04625 0.45875000000000005 0.058750000000000004 0.46624999999999994 0.058750000000000004 0.46624999999999994 0.04625