2 0.14625 0.00125 0.13999999999999999 0.00125 0.13999999999999999 0.0075 0.14625 0.0075 0.14625 0.00125
2 0.16125 0.04875 0.15125 0.04875 0.15125 0.05500000000000001 0.16125 0.05500000000000001 0.16125 0.04875
2 0.14375 0.05500000000000001 0.13625 0.05500000000000001 0.13625 0.0675 0.14375 0.0675 0.14375 0.05500000000000001
2 0.09625 0.11499999999999999 0.08875 0.11499999999999999 0.08875 0.12875 0.09625 0.12875 0.09625 0.11499999999999999
2 0.01625 0.1675 0.008749999999999999 0.1675 0.008749999999999999 0.18125 0.01625 0.18125 0.01625 0.1675
2 0.08 0.37875000000000003 0.07125000000000001 0.37875000000000003 0.07125000000000001 0.39125 0.08 0.39125 0.08 0.37875000000000003
2 0.09 0.4575 0.08 0.4575 0.08 0.4725 0.09 0.4725 0.09 0.4575
2 0.013750000000000002 0.45625 0.0075 0.45625 0.0075 0.46624999999999994 0.013750000000000002 0.46624999999999994 0.013750000000000002 0.45625
2 0.14875 0.5325 0.13874999999999998 0.5325 0.13874999999999998 0.54875 0.14875 0.54875 0.14875 0.5325
2 0.1825 0.49000000000000005 0.17375000000000002 0.49000000000000005 0.17375000000000002 0.5025000000000001 0.1825 0.5025000000000001 0.1825 0.49000000000000005
2 0.205 0.49749999999999994 0.1925 0.49749999999999994 0.1925 0.5075000000000001 0.205 0.5075000000000001 0.205 0.49749999999999994
2 0.1975 0.52625 0.18875 0.52625 0.18875 0.54125 0.1975 0.54125 0.1975 0.52625
2 0.18125 0.57875 0.175 0.57875 0.175 0.5925 0.18125 0.5925 0.18125 0.57875
2 0.21375000000000002 0.6599999999999999 0.20625 0.6599999999999999 0.20625 0.6725 0.21375000000000002 0.6725 0.21375000000000002 0.6599999999999999
2 0.20375000000000001 0.6799999999999999 0.1975 0.6799999999999999 0.1975 0.69375 0.20375000000000001 0.69375 0.20375000000000001 0.6799999999999999
2 0.24 0.71875 0.23125 0.71875 0.23125 0.7325 0.24 0.7325 0.24 0.71875
2 0.27 0.71 0.26125 0.71 0.26125 0.72375 0.27 0.72375 0.27 0.71
2 0.265 0.76625 0.25 0.76625 0.25 0.7925 0.265 0.7925 0.265 0.76625
2 0.2875 0.9112500000000001 0.27875 0.9112500000000001 0.27875 0.9237500000000001 0.2875 0.9237500000000001 0.2875 0.9112500000000001
2 0.305 0.905 0.29625 0.905 0.29625 0.91875 0.305 0.91875 0.305 0.905
2 0.315 0.9087500000000001 0.30625 0.9087500000000001 0.30625 0.9199999999999999 0.315 0.9199999999999999 0.315 0.9087500000000001
2 0.30375 0.9400000000000001 0.29125 0.9400000000000001 0.29125 0.9487500000000001 0.30375 0.9487500000000001 0.30375 0.9400000000000001
2 0.3325 0.9425000000000001 0.32125 0.9425000000000001 0.32125 0.95 0.3325 0.95 0.3325 0.9425000000000001
2 0.33999999999999997 0.9475 0.32875 0.9475 0.32875 0.9550000000000001 0.33999999999999997 0.9550000000000001 0.33999999999999997 0.9475
2 0.4925 0.8949999999999999 0.48125 0.8949999999999999 0.48125 0.9012499999999999 0.4925 0.9012499999999999 0.4925 0.8949999999999999
2 0.55375 0.8425 0.54125 0.8425 0.54125 0.85125 0.55375 0.85125 0.55375 0.8425
2 0.58875 0.82875 0.575 0.82875 0.575 0.8375 0.58875 0.8375 0.58875 0.82875
2 0.6025 0.8462500000000001 0.5925 0.8462500000000001 0.5925 0.85375 0.6025 0.85375 0.6025 0.8462500000000001
2 0.61875 0.73 0.61125 0.73 0.61125 0.7424999999999999 0.61875 0.7424999999999999 0.61875 0.73
2 0.4 0.3675 0.39249999999999996 0.3675 0.39249999999999996 0.38125 0.4 0.38125 0.4 0.3675
2 0.42750000000000005 0.34375 0.41624999999999995 0.34375 0.41624999999999995 0.35125 0.42750000000000005 0.35125 0.42750000000000005 0.34375
2 0.48624999999999996 0.385 0.47874999999999995 0.385 0.47874999999999995 0.39875 0.48624999999999996 0.39875 0.48624999999999996 0.385
2 0.54125 0.41875 0.5349999999999999 0.41875 0.5349999999999999 0.43 0.54125 0.43 0.54125 0.41875
2 0.9025000000000001 0.79 0.8887499999999999 0.79 0.8887499999999999 0.79875 0.9025000000000001 0.79875 0.9025000000000001 0.79
2 0.94375 0.465 0.9324999999999999 0.465 0.9324999999999999 0.47125000000000006 0.94375 0.47125000000000006 0.94375 0.465
2 0.9275 0.45625 0.91875 0.45625 0.91875 0.47000000000000003 0.9275 0.47000000000000003 0.9275 0.45625
2 0.9625 0.43125 0.9487500000000001 0.43125 0.9487500000000001 0.43875000000000003 0.9625 0.43875000000000003 0.9625 0.43125
2 0.92125 0.34875 0.915 0.34875 0.915 0.36124999999999996 0.92125 0.36124999999999996 0.92125 0.34875
2 0.96125 0.2375 0.9487500000000001 0.2375 0.9487500000000001 0.24375 0.96125 0.24375 0.96125 0.2375
2 0.9512499999999999 0.2125 0.945 0.2125 0.945 0.22625 0.9512499999999999 0.22625 0.9512499999999999 0.2125
2 0.95625 0.18875 0.95 0.18875 0.95 0.20125 0.95625 0.20125 0.95625 0.18875
2 0.85125 0.2375 0.84375 0.2375 0.84375 0.25125000000000003 0.85125 0.25125000000000003 0.85125 0.2375
2 0.8612500000000001 0.1975 0.8550000000000001 0.1975 0.8550000000000001 0.21125 0.8612500000000001 0.21125 0.8612500000000001 0.1975
2 0.9862500000000001 0.10124999999999999 0.9800000000000001 0.10124999999999999 0.9800000000000001 0.11374999999999999 0.9862500000000001 0.11374999999999999 0.9862500000000001 0.10124999999999999
2 0.9887499999999999 0.08875 0.98125 0.08875 0.98125 0.10124999999999999 0.9887499999999999 0.10124999999999999 0.9887499999999999 0.08875
2 0.73125 0.09875 0.725 0.09875 0.725 0.11125 0.73125 0.11125 0.73125 0.09875
2 0.845 0.11374999999999999 0.835 0.11374999999999999 0.835 0.12125 0.845 0.12125 0.845 0.11374999999999999
2 0.275 0.061250000000000006 0.26375000000000004 0.061250000000000006 0.26375000000000004 0.0675 0.275 0.0675 0.275 0.061250000000000006
2 0.47000000000000003 0.08625000000000001 0.4575 0.08625000000000001 0.4575 0.0925 0.47000000000000003 0.0925 0.47000000000000003 0.08625000000000001
2 0.45 0.08875 0.43624999999999997 0.08875 0.43624999999999997 0.0975 0.45 0.0975 0.45 0.08875
2 0.9075 0.1575 0.89375 0.1575 0.89375 0.16499999999999998 0.9075 0.16499999999999998 0.9075 0.1575
2 0.9412499999999999 0.1775 0.93625 0.1775 0.93625 0.1925 0.9412499999999999 0.1925 0.9412499999999999 0.1775