2 0.0925 0.03875 0.075 0.03875 0.075 0.052500000000000005 0.0925 0.052500000000000005 0.0925 0.03875
2 0.021249999999999998 0.0075 0.00125 0.0075 0.00125 0.028749999999999998 0.021249999999999998 0.028749999999999998 0.021249999999999998 0.0075
2 0.045 0.0225 0.01625 0.0225 0.01625 0.04375 0.045 0.04375 0.045 0.0225
2 0.075 0.0375 0.05 0.0375 0.05 0.052500000000000005 0.075 0.052500000000000005 0.075 0.0375
2 0.11875 0.034999999999999996 0.09625 0.034999999999999996 0.09625 0.05375 0.11875 0.05375 0.11875 0.034999999999999996
2 0.145 0.027500000000000004 0.11875 0.027500000000000004 0.11875 0.045 0.145 0.045 0.145 0.027500000000000004
2 0.1125 0.0075 0.08875 0.0075 0.08875 0.017499999999999998 0.1125 0.017499999999999998 0.1125 0.0075
2 0.1375 0.00125 0.11750000000000001 0.00125 0.11750000000000001 0.01625 0.1375 0.01625 0.1375 0.00125
2 0.19624999999999998 0.00125 0.16625 0.00125 0.16625 0.0225 0.19624999999999998 0.0225 0.19624999999999998 0.00125
2 0.18625 0.00125 0.16499999999999998 0.00125 0.16499999999999998 0.01 0.18625 0.01 0.18625 0.00125
2 0.075 0.7424999999999999 0.05625 0.7424999999999999 0.05625 0.7625 0.075 0.7625 0.075 0.7424999999999999