2 0.205 0.017499999999999998 0.1975 0.017499999999999998 0.1975 0.03125 0.205 0.03125 0.205 0.017499999999999998
2 0.20125 0.13125 0.19375 0.13125 0.19375 0.145 0.20125 0.145 0.20125 0.13125
2 0.21625 0.13999999999999999 0.21000000000000002 0.13999999999999999 0.21000000000000002 0.1525 0.21625 0.1525 0.21625 0.13999999999999999
2 0.19624999999999998 0.3825 0.185 0.3825 0.185 0.39 0.19624999999999998 0.39 0.19624999999999998 0.3825
2 0.34500000000000003 0.49874999999999997 0.33875 0.49874999999999997 0.33875 0.51125 0.34500000000000003 0.51125 0.34500000000000003 0.49874999999999997
2 0.125 0.52625 0.11875 0.52625 0.11875 0.5387500000000001 0.125 0.5387500000000001 0.125 0.52625
2 0.12375 0.54 0.11875 0.54 0.11875 0.5525 0.12375 0.5525 0.12375 0.54
2 0.10874999999999999 0.67 0.1025 0.67 0.1025 0.68125 0.10874999999999999 0.68125 0.10874999999999999 0.67
2 0.14250000000000002 0.70125 0.13 0.70125 0.13 0.70875 0.14250000000000002 0.70875 0.14250000000000002 0.70125
2 0.1 0.8262499999999999 0.0925 0.8262499999999999 0.0925 0.8387499999999999 0.1 0.8387499999999999 0.1 0.8262499999999999
2 0.3225 0.635 0.31625000000000003 0.635 0.31625000000000003 0.6475 0.3225 0.6475 0.3225 0.635
2 0.355 0.68625 0.34625 0.68625 0.34625 0.6950000000000001 0.355 0.6950000000000001 0.355 0.68625
2 0.34500000000000003 0.72875 0.33875 0.72875 0.33875 0.7424999999999999 0.34500000000000003 0.7424999999999999 0.34500000000000003 0.72875
2 0.34500000000000003 0.54875 0.33875 0.54875 0.33875 0.5650000000000001 0.34500000000000003 0.5650000000000001 0.34500000000000003 0.54875
2 0.4025 0.5974999999999999 0.38375 0.5974999999999999 0.38375 0.605 0.4025 0.605 0.4025 0.5974999999999999
2 0.36 0.465 0.3525 0.465 0.3525 0.48 0.36 0.48 0.36 0.465
2 0.39875 0.4575 0.38625 0.4575 0.38625 0.46624999999999994 0.39875 0.46624999999999994 0.39875 0.4575
2 0.41125 0.1075 0.40374999999999994 0.1075 0.40374999999999994 0.12250000000000001 0.41125 0.12250000000000001 0.41125 0.1075
2 0.45999999999999996 0.0975 0.44625000000000004 0.0975 0.44625000000000004 0.1075 0.45999999999999996 0.1075 0.45999999999999996 0.0975
2 0.61625 0.54375 0.6025 0.54375 0.6025 0.55125 0.61625 0.55125 0.61625 0.54375
2 0.65 0.74875 0.63625 0.74875 0.63625 0.75875 0.65 0.75875 0.65 0.74875
2 0.48624999999999996 0.82125 0.47874999999999995 0.82125 0.47874999999999995 0.8324999999999999 0.48624999999999996 0.8324999999999999 0.48624999999999996 0.82125
2 0.5275000000000001 0.8237500000000001 0.5175 0.8237500000000001 0.5175 0.8324999999999999 0.5275000000000001 0.8324999999999999 0.5275000000000001 0.8237500000000001
2 0.34500000000000003 0.9512499999999999 0.33999999999999997 0.9512499999999999 0.33999999999999997 0.9637499999999999 0.34500000000000003 0.9637499999999999 0.34500000000000003 0.9512499999999999
2 0.6525000000000001 0.81875 0.64125 0.81875 0.64125 0.825 0.6525000000000001 0.825 0.6525000000000001 0.81875
2 0.68125 0.90625 0.675 0.90625 0.675 0.9199999999999999 0.68125 0.9199999999999999 0.68125 0.90625
2 0.6637500000000001 0.9349999999999999 0.6575 0.9349999999999999 0.6575 0.9475 0.6637500000000001 0.9475 0.6637500000000001 0.9349999999999999
2 0.72 0.945 0.7075 0.945 0.7075 0.9525 0.72 0.9525 0.72 0.945
2 0.67875 0.845 0.67375 0.845 0.67375 0.85625 0.67875 0.85625 0.67875 0.845
2 0.7112499999999999 0.7375 0.70375 0.7375 0.70375 0.74875 0.7112499999999999 0.74875 0.7112499999999999 0.7375
2 0.7 0.72375 0.69375 0.72375 0.69375 0.73625 0.7 0.73625 0.7 0.72375
2 0.70375 0.70375 0.69625 0.70375 0.69625 0.7175 0.70375 0.7175 0.70375 0.70375
2 0.705 0.6875 0.69875 0.6875 0.69875 0.7025 0.705 0.7025 0.705 0.6875
2 0.70875 0.675 0.7 0.675 0.7 0.68625 0.70875 0.68625 0.70875 0.675
2 0.7112499999999999 0.65125 0.705 0.65125 0.705 0.665 0.7112499999999999 0.665 0.7112499999999999 0.65125
2 0.605 0.57875 0.5962500000000001 0.57875 0.5962500000000001 0.5900000000000001 0.605 0.5900000000000001 0.605 0.57875
2 0.67625 0.55375 0.6637500000000001 0.55375 0.6637500000000001 0.5625 0.67625 0.5625 0.67625 0.55375
2 0.69625 0.5575 0.68125 0.5575 0.68125 0.5650000000000001 0.69625 0.5650000000000001 0.69625 0.5575
2 0.7462500000000001 0.445 0.73875 0.445 0.73875 0.4575 0.7462500000000001 0.4575 0.7462500000000001 0.445
2 0.7787499999999999 0.45625 0.7675 0.45625 0.7675 0.46375 0.7787499999999999 0.46375 0.7787499999999999 0.45625
2 0.62 0.39 0.60625 0.39 0.60625 0.39875 0.62 0.39875 0.62 0.39
2 0.5925 0.20750000000000002 0.585 0.20750000000000002 0.585 0.22125 0.5925 0.22125 0.5925 0.20750000000000002
2 0.625 0.23374999999999999 0.61375 0.23374999999999999 0.61375 0.24125000000000002 0.625 0.24125000000000002 0.625 0.23374999999999999
2 0.66875 0.12375 0.6587500000000001 0.12375 0.6587500000000001 0.13 0.66875 0.13 0.66875 0.12375
2 0.8262499999999999 0.35125 0.8125 0.35125 0.8125 0.35875 0.8262499999999999 0.35875 0.8262499999999999 0.35125
2 0.825 0.34125 0.8125 0.34125 0.8125 0.35 0.825 0.35 0.825 0.34125
2 0.6525000000000001 0.034999999999999996 0.6425 0.034999999999999996 0.6425 0.041249999999999995 0.6525000000000001 0.041249999999999995 0.6525000000000001 0.034999999999999996
2 1 0.16625 0.99375 0.16625 0.99375 0.18 1 0.18 1 0.16625
2 0.9337500000000001 0.5037499999999999 0.9275 0.5037499999999999 0.9275 0.51875 0.9337500000000001 0.51875 0.9337500000000001 0.5037499999999999
2 0.95375 0.58 0.94375 0.58 0.94375 0.595 0.95375 0.595 0.95375 0.58
2 0.9324999999999999 0.32875 0.9199999999999999 0.32875 0.9199999999999999 0.335 0.9324999999999999 0.335 0.9324999999999999 0.32875
2 0.93 0.3375 0.91875 0.3375 0.91875 0.34375 0.93 0.34375 0.93 0.3375
2 0.85375 0.6775 0.8400000000000001 0.6775 0.8400000000000001 0.6849999999999999 0.85375 0.6849999999999999 0.85375 0.6775
2 0.875 0.68875 0.86 0.68875 0.86 0.69625 0.875 0.69625 0.875 0.68875
2 0.9012499999999999 0.70125 0.89375 0.70125 0.89375 0.7175 0.9012499999999999 0.7175 0.9012499999999999 0.70125
2 0.9487500000000001 0.71 0.9375 0.71 0.9375 0.7162499999999999 0.9487500000000001 0.7162499999999999 0.9487500000000001 0.71
2 0.8875 0.65 0.8775000000000001 0.65 0.8775000000000001 0.6575 0.8875 0.6575 0.8875 0.65
2 0.90625 0.67 0.9 0.67 0.9 0.68125 0.90625 0.68125 0.90625 0.67
2 0.9337500000000001 0.74375 0.9237500000000001 0.74375 0.9237500000000001 0.7525000000000001 0.9337500000000001 0.7525000000000001 0.9337500000000001 0.74375
2 0.91625 0.9012499999999999 0.9025000000000001 0.9012499999999999 0.9025000000000001 0.9075 0.91625 0.9075 0.91625 0.9012499999999999
2 0.9012499999999999 0.9 0.8887499999999999 0.9 0.8887499999999999 0.90625 0.9012499999999999 0.90625 0.9012499999999999 0.9
2 0.91375 0.88375 0.89875 0.88375 0.89875 0.89125 0.91375 0.89125 0.91375 0.88375