2 0.057499999999999996 0.008749999999999999 0.045 0.008749999999999999 0.045 0.015 0.057499999999999996 0.015 0.057499999999999996 0.008749999999999999
2 0.05500000000000001 0.026250000000000002 0.04375 0.026250000000000002 0.04375 0.034999999999999996 0.05500000000000001 0.034999999999999996 0.05500000000000001 0.026250000000000002
2 0.05 0.04875 0.03875 0.04875 0.03875 0.05500000000000001 0.05 0.05500000000000001 0.05 0.04875
2 0.0475 0.08 0.03375 0.08 0.03375 0.08625000000000001 0.0475 0.08625000000000001 0.0475 0.08
2 0.041249999999999995 0.09875 0.03125 0.09875 0.03125 0.10625 0.041249999999999995 0.10625 0.041249999999999995 0.09875
2 0.041249999999999995 0.11750000000000001 0.026250000000000002 0.11750000000000001 0.026250000000000002 0.13374999999999998 0.041249999999999995 0.13374999999999998 0.041249999999999995 0.11750000000000001
2 0.07875 0.125 0.065 0.125 0.065 0.1325 0.07875 0.1325 0.07875 0.125
2 0.08249999999999999 0.12 0.0675 0.12 0.0675 0.1275 0.08249999999999999 0.1275 0.08249999999999999 0.12
2 0.07875 0.1125 0.0675 0.1125 0.0675 0.12 0.07875 0.12 0.07875 0.1125
2 0.0325 0.16999999999999998 0.01875 0.16999999999999998 0.01875 0.17625 0.0325 0.17625 0.0325 0.16999999999999998
2 0.028749999999999998 0.195 0.015 0.195 0.015 0.205 0.028749999999999998 0.205 0.028749999999999998 0.195
2 0.06375 0.21375000000000002 0.05 0.21375000000000002 0.05 0.22374999999999998 0.06375 0.22374999999999998 0.06375 0.21375000000000002
2 0.025 0.21125 0.008749999999999999 0.21125 0.008749999999999999 0.22000000000000003 0.025 0.22000000000000003 0.025 0.21125
2 0.0625 0.2225 0.05 0.2225 0.05 0.22875 0.0625 0.22875 0.0625 0.2225
2 0.07375000000000001 0.23125 0.058750000000000004 0.23125 0.058750000000000004 0.2375 0.07375000000000001 0.2375 0.07375000000000001 0.23125
2 0.0725 0.23625 0.057499999999999996 0.23625 0.057499999999999996 0.24500000000000002 0.0725 0.24500000000000002 0.0725 0.23625
2 0.057499999999999996 0.25 0.045 0.25 0.045 0.2575 0.057499999999999996 0.2575 0.057499999999999996 0.25
2 0.05500000000000001 0.25625 0.04375 0.25625 0.04375 0.2625 0.05500000000000001 0.2625 0.05500000000000001 0.25625
2 0.021249999999999998 0.2525 0.00625 0.2525 0.00625 0.26125 0.021249999999999998 0.26125 0.021249999999999998 0.2525
2 0.017499999999999998 0.27 0.00375 0.27 0.00375 0.27749999999999997 0.017499999999999998 0.27749999999999997 0.017499999999999998 0.27
2 0.05625 0.275 0.041249999999999995 0.275 0.041249999999999995 0.28250000000000003 0.05625 0.28250000000000003 0.05625 0.275
2 0.0325 0.3225 0.026250000000000002 0.3225 0.026250000000000002 0.33625 0.0325 0.33625 0.0325 0.3225
2 0.05500000000000001 0.28375 0.04 0.28375 0.04 0.29 0.05500000000000001 0.29 0.05500000000000001 0.28375
2 0.028749999999999998 0.35 0.021249999999999998 0.35 0.021249999999999998 0.36375 0.028749999999999998 0.36375 0.028749999999999998 0.35
2 0.025 0.3725 0.01625 0.3725 0.01625 0.38625 0.025 0.38625 0.025 0.3725
2 0.026250000000000002 0.41375 0.02 0.41375 0.02 0.425 0.026250000000000002 0.425 0.026250000000000002 0.41375
2 0.03375 0.49000000000000005 0.026250000000000002 0.49000000000000005 0.026250000000000002 0.5037499999999999 0.03375 0.5037499999999999 0.03375 0.49000000000000005
2 0.041249999999999995 0.49000000000000005 0.03375 0.49000000000000005 0.03375 0.505 0.041249999999999995 0.505 0.041249999999999995 0.49000000000000005
2 0.05375 0.4925 0.0475 0.4925 0.0475 0.50625 0.05375 0.50625 0.05375 0.4925
2 0.058750000000000004 0.495 0.052500000000000005 0.495 0.052500000000000005 0.50875 0.058750000000000004 0.50875 0.058750000000000004 0.495
2 0.075 0.49375 0.0675 0.49375 0.0675 0.50875 0.075 0.50875 0.075 0.49375
2 0.08 0.9475 0.075 0.9475 0.075 0.96 0.08 0.96 0.08 0.9475
2 0.0875 0.9475 0.08125 0.9475 0.08125 0.9625 0.0875 0.9625 0.0875 0.9475
2 0.09375 0.9487500000000001 0.0875 0.9487500000000001 0.0875 0.96125 0.09375 0.96125 0.09375 0.9487500000000001
2 0.10124999999999999 0.95 0.09375 0.95 0.09375 0.9625 0.10124999999999999 0.9625 0.10124999999999999 0.95
2 0.1125 0.95 0.10625 0.95 0.10625 0.9637499999999999 0.1125 0.9637499999999999 0.1125 0.95
2 0.125 0.95375 0.11750000000000001 0.95375 0.11750000000000001 0.9675 0.125 0.9675 0.125 0.95375
2 0.13125 0.9550000000000001 0.12375 0.9550000000000001 0.12375 0.96875 0.13125 0.96875 0.13125 0.9550000000000001
2 0.1075 0.4525 0.10124999999999999 0.4525 0.10124999999999999 0.46624999999999994 0.1075 0.46624999999999994 0.1075 0.4525
2 0.135 0.46749999999999997 0.1275 0.46749999999999997 0.1275 0.48250000000000004 0.135 0.48250000000000004 0.135 0.46749999999999997
2 0.11875 0.50125 0.1125 0.50125 0.1125 0.51625 0.11875 0.51625 0.11875 0.50125
2 0.12625 0.5037499999999999 0.12 0.5037499999999999 0.12 0.5175 0.12625 0.5175 0.12625 0.5037499999999999
2 0.13374999999999998 0.505 0.1275 0.505 0.1275 0.51625 0.13374999999999998 0.51625 0.13374999999999998 0.505
2 0.14625 0.5075000000000001 0.13999999999999999 0.5075000000000001 0.13999999999999999 0.52125 0.14625 0.52125 0.14625 0.5075000000000001
2 0.15375 0.50875 0.14750000000000002 0.50875 0.14750000000000002 0.5225 0.15375 0.5225 0.15375 0.50875
2 0.16125 0.51125 0.15375 0.51125 0.15375 0.5237499999999999 0.16125 0.5237499999999999 0.16125 0.51125
2 0.16499999999999998 0.5125 0.16 0.5125 0.16 0.525 0.16499999999999998 0.525 0.16499999999999998 0.5125
2 0.20125 0.5175 0.19375 0.5175 0.19375 0.53125 0.20125 0.53125 0.20125 0.5175
2 0.14125000000000001 0.46875 0.135 0.46875 0.135 0.48250000000000004 0.14125000000000001 0.48250000000000004 0.14125000000000001 0.46875
2 0.14750000000000002 0.47000000000000003 0.14250000000000002 0.47000000000000003 0.14250000000000002 0.485 0.14750000000000002 0.485 0.14750000000000002 0.47000000000000003
2 0.17875000000000002 0.4725 0.17124999999999999 0.4725 0.17124999999999999 0.49000000000000005 0.17875000000000002 0.49000000000000005 0.17875000000000002 0.4725
2 0.21000000000000002 0.48125 0.19875 0.48125 0.19875 0.49625 0.21000000000000002 0.49625 0.21000000000000002 0.48125
2 0.24 0.5225 0.23500000000000001 0.5225 0.23500000000000001 0.53625 0.24 0.53625 0.24 0.5225
2 0.24625 0.525 0.24 0.525 0.24 0.5375 0.24625 0.5375 0.24625 0.525
2 0.265 0.48875 0.25875 0.48875 0.25875 0.5025000000000001 0.265 0.5025000000000001 0.265 0.48875
2 0.33999999999999997 0.5225 0.325 0.5225 0.325 0.53 0.33999999999999997 0.53 0.33999999999999997 0.5225
2 0.27 0.5337500000000001 0.26375000000000004 0.5337500000000001 0.26375000000000004 0.5475 0.27 0.5475 0.27 0.5337500000000001
2 0.27625 0.54125 0.26875 0.54125 0.26875 0.5549999999999999 0.27625 0.5549999999999999 0.27625 0.54125
2 0.28125 0.545 0.275 0.545 0.275 0.5599999999999999 0.28125 0.5599999999999999 0.28125 0.545
2 0.2875 0.54625 0.28125 0.54625 0.28125 0.5599999999999999 0.2875 0.5599999999999999 0.2875 0.54625
2 0.29500000000000004 0.5475 0.28625 0.5475 0.28625 0.5625 0.29500000000000004 0.5625 0.29500000000000004 0.5475
2 0.32999999999999996 0.48624999999999996 0.31875 0.48624999999999996 0.31875 0.49375 0.32999999999999996 0.49375 0.32999999999999996 0.48624999999999996
2 0.12 0.11000000000000001 0.1125 0.11000000000000001 0.1125 0.12250000000000001 0.12 0.12250000000000001 0.12 0.11000000000000001
2 0.14625 0.11374999999999999 0.13874999999999998 0.11374999999999999 0.13874999999999998 0.12625 0.14625 0.12625 0.14625 0.11374999999999999
2 0.15125 0.11374999999999999 0.145 0.11374999999999999 0.145 0.1275 0.15125 0.1275 0.15125 0.11374999999999999
2 0.1575 0.11499999999999999 0.15125 0.11499999999999999 0.15125 0.13125 0.1575 0.13125 0.1575 0.11499999999999999
2 0.1775 0.12 0.16999999999999998 0.12 0.16999999999999998 0.13374999999999998 0.1775 0.13374999999999998 0.1775 0.12
2 0.23500000000000001 0.12875 0.22749999999999998 0.12875 0.22749999999999998 0.14250000000000002 0.23500000000000001 0.14250000000000002 0.23500000000000001 0.12875
2 0.22374999999999998 0.12875 0.215 0.12875 0.215 0.13999999999999999 0.22374999999999998 0.13999999999999999 0.22374999999999998 0.12875
2 0.2475 0.13125 0.24 0.13125 0.24 0.145 0.2475 0.145 0.2475 0.13125
2 0.25875 0.10375000000000001 0.25125000000000003 0.10375000000000001 0.25125000000000003 0.11875 0.25875 0.11875 0.25875 0.10375000000000001
2 0.27125 0.10874999999999999 0.265 0.10874999999999999 0.265 0.12125 0.27125 0.12125 0.27125 0.10874999999999999
2 0.26 0.1325 0.2525 0.1325 0.2525 0.14750000000000002 0.26 0.14750000000000002 0.26 0.1325
2 0.26625 0.135 0.25875 0.135 0.25875 0.14875 0.26625 0.14875 0.26625 0.135
2 0.27125 0.13625 0.265 0.13625 0.265 0.15 0.27125 0.15 0.27125 0.13625
2 0.27875 0.13874999999999998 0.2725 0.13874999999999998 0.2725 0.15125 0.27875 0.15125 0.27875 0.13874999999999998
2 0.28500000000000003 0.1375 0.27749999999999997 0.1375 0.27749999999999997 0.15375 0.28500000000000003 0.15375 0.28500000000000003 0.1375
2 0.30375 0.13999999999999999 0.29625 0.13999999999999999 0.29625 0.15375 0.30375 0.15375 0.30375 0.13999999999999999
2 0.31124999999999997 0.14250000000000002 0.305 0.14250000000000002 0.305 0.1575 0.31124999999999997 0.1575 0.31124999999999997 0.14250000000000002
2 0.315 0.11499999999999999 0.31 0.11499999999999999 0.31 0.13 0.315 0.13 0.315 0.11499999999999999
2 0.28375 0.10874999999999999 0.27625 0.10874999999999999 0.27625 0.12375 0.28375 0.12375 0.28375 0.10874999999999999
2 0.35625 0.07375000000000001 0.34249999999999997 0.07375000000000001 0.34249999999999997 0.08249999999999999 0.35625 0.08249999999999999 0.35625 0.07375000000000001
2 0.40625 0.0025 0.39375 0.0025 0.39375 0.0075 0.40625 0.0075 0.40625 0.0025
2 0.3975 0.05625 0.38625 0.05625 0.38625 0.065 0.3975 0.065 0.3975 0.05625
2 0.395 0.075 0.3825 0.075 0.3825 0.08125 0.395 0.08125 0.395 0.075
2 0.39249999999999996 0.08625000000000001 0.37875000000000003 0.08625000000000001 0.37875000000000003 0.09375 0.39249999999999996 0.09375 0.39249999999999996 0.08625000000000001
2 0.34500000000000003 0.15 0.3325 0.15 0.3325 0.1575 0.34500000000000003 0.1575 0.34500000000000003 0.15
2 0.34500000000000003 0.15875 0.33125 0.15875 0.33125 0.16625 0.34500000000000003 0.16625 0.34500000000000003 0.15875
2 0.37875000000000003 0.1675 0.36375 0.1675 0.36375 0.17625 0.37875000000000003 0.17625 0.37875000000000003 0.1675
2 0.37625000000000003 0.17875000000000002 0.36375 0.17875000000000002 0.36375 0.18625 0.37625000000000003 0.18625 0.37625000000000003 0.17875000000000002
2 0.37625000000000003 0.2 0.36375 0.2 0.36375 0.20750000000000002 0.37625000000000003 0.20750000000000002 0.37625000000000003 0.2
2 0.37374999999999997 0.20750000000000002 0.36 0.20750000000000002 0.36 0.215 0.37374999999999997 0.215 0.37374999999999997 0.20750000000000002
2 0.33875 0.19624999999999998 0.3225 0.19624999999999998 0.3225 0.205 0.33875 0.205 0.33875 0.19624999999999998
2 0.36875 0.23625 0.35625 0.23625 0.35625 0.24500000000000002 0.36875 0.24500000000000002 0.36875 0.23625
2 0.3675 0.24375 0.355 0.24375 0.355 0.25 0.3675 0.25 0.3675 0.24375
2 0.36875 0.25 0.3525 0.25 0.3525 0.2575 0.36875 0.2575 0.36875 0.25
2 0.33125 0.2425 0.315 0.2425 0.315 0.25 0.33125 0.25 0.33125 0.2425
2 0.3275 0.25375000000000003 0.3125 0.25375000000000003 0.3125 0.26 0.3275 0.26 0.3275 0.25375000000000003
2 0.35125 0.34125 0.33875 0.34125 0.33875 0.34875 0.35125 0.34875 0.35125 0.34125
2 0.35 0.35 0.33625 0.35 0.33625 0.35625 0.35 0.35625 0.35 0.35
2 0.315 0.3675 0.3075 0.3675 0.3075 0.38375 0.315 0.38375 0.315 0.3675
2 0.34625 0.36625 0.33375 0.36625 0.33375 0.37374999999999997 0.34625 0.37374999999999997 0.34625 0.36625
2 0.34249999999999997 0.385 0.32999999999999996 0.385 0.32999999999999996 0.39125 0.34249999999999997 0.39125 0.34249999999999997 0.385
2 0.35625 0.3875 0.34375 0.3875 0.34375 0.395 0.35625 0.395 0.35625 0.3875
2 0.3525 0.3975 0.33999999999999997 0.3975 0.33999999999999997 0.40374999999999994 0.3525 0.40374999999999994 0.3525 0.3975
2 0.31375000000000003 0.38375 0.3075 0.38375 0.3075 0.39625 0.31375000000000003 0.39625 0.31375000000000003 0.38375
2 0.30375 0.385 0.29500000000000004 0.385 0.29500000000000004 0.40125 0.30375 0.40125 0.30375 0.385
2 0.305 0.4375 0.2975 0.4375 0.2975 0.4525 0.305 0.4525 0.305 0.4375
2 0.33625 0.45499999999999996 0.32125 0.45499999999999996 0.32125 0.46375 0.33625 0.46375 0.33625 0.45499999999999996
2 0.33125 0.46375 0.3175 0.46375 0.3175 0.47000000000000003 0.33125 0.47000000000000003 0.33125 0.46375
2 0.33375 0.46875 0.3175 0.46875 0.3175 0.47625 0.33375 0.47625 0.33375 0.46875
2 0.33125 0.47625 0.3175 0.47625 0.3175 0.48250000000000004 0.33125 0.48250000000000004 0.33125 0.47625
2 0.35375 0.6025 0.34625 0.6025 0.34625 0.615 0.35375 0.615 0.35375 0.6025
2 0.34625 0.6012500000000001 0.33875 0.6012500000000001 0.33875 0.61375 0.34625 0.61375 0.34625 0.6012500000000001
2 0.375 0.66125 0.37 0.66125 0.37 0.675 0.375 0.675 0.375 0.66125
2 0.395 0.705 0.38625 0.705 0.38625 0.72 0.395 0.72 0.395 0.705
2 0.40750000000000003 0.70375 0.39875 0.70375 0.39875 0.7212500000000001 0.40750000000000003 0.7212500000000001 0.40750000000000003 0.70375
2 0.42874999999999996 0.7 0.4225 0.7 0.4225 0.7150000000000001 0.42874999999999996 0.7150000000000001 0.42874999999999996 0.7
2 0.44000000000000006 0.70125 0.43375 0.70125 0.43375 0.7150000000000001 0.44000000000000006 0.7150000000000001 0.44000000000000006 0.70125
2 0.45375 0.7025 0.44625000000000004 0.7025 0.44625000000000004 0.7162499999999999 0.45375 0.7162499999999999 0.45375 0.7025
2 0.46375 0.5974999999999999 0.45125000000000004 0.5974999999999999 0.45125000000000004 0.605 0.46375 0.605 0.46375 0.5974999999999999
2 0.38 0.585 0.3725 0.585 0.3725 0.5974999999999999 0.38 0.5974999999999999 0.38 0.585
2 0.34625 0.54375 0.3325 0.54375 0.3325 0.54875 0.34625 0.54875 0.34625 0.54375
2 0.4725 0.71 0.465 0.71 0.465 0.7212500000000001 0.4725 0.7212500000000001 0.4725 0.71
2 0.48125 0.7112499999999999 0.47375 0.7112499999999999 0.47375 0.72375 0.48125 0.72375 0.48125 0.7112499999999999
2 0.48 0.72375 0.47375 0.72375 0.47375 0.73875 0.48 0.73875 0.48 0.72375
2 0.4925 0.7262500000000001 0.485 0.7262500000000001 0.485 0.73875 0.4925 0.73875 0.4925 0.7262500000000001
2 0.48875 0.71 0.48250000000000004 0.71 0.48250000000000004 0.72375 0.48875 0.72375 0.48875 0.71
2 0.5125 0.7162499999999999 0.50625 0.7162499999999999 0.50625 0.7275 0.5125 0.7275 0.5125 0.7162499999999999
2 0.525 0.7175 0.5175 0.7175 0.5175 0.73 0.525 0.73 0.525 0.7175
2 0.5275000000000001 0.73125 0.52125 0.73125 0.52125 0.74375 0.5275000000000001 0.74375 0.5275000000000001 0.73125
2 0.53625 0.7325 0.5287499999999999 0.7325 0.5287499999999999 0.7462500000000001 0.53625 0.7462500000000001 0.53625 0.7325
2 0.54125 0.73375 0.5349999999999999 0.73375 0.5349999999999999 0.7474999999999999 0.54125 0.7474999999999999 0.54125 0.73375
2 0.5475 0.73375 0.54125 0.73375 0.54125 0.7462500000000001 0.5475 0.7462500000000001 0.5475 0.73375
2 0.55375 0.73625 0.54625 0.73625 0.54625 0.74875 0.55375 0.74875 0.55375 0.73625
2 0.56125 0.735 0.55375 0.735 0.55375 0.74875 0.56125 0.74875 0.56125 0.735
2 0.5625 0.72375 0.5549999999999999 0.72375 0.5549999999999999 0.7375 0.5625 0.7375 0.5625 0.72375
2 0.56875 0.725 0.56125 0.725 0.56125 0.7375 0.56875 0.7375 0.56875 0.725
2 0.57125 0.7375 0.56375 0.7375 0.56375 0.75 0.57125 0.75 0.57125 0.7375
2 0.57625 0.74 0.57125 0.74 0.57125 0.7525000000000001 0.57625 0.7525000000000001 0.57625 0.74
2 0.58 0.7275 0.57375 0.7275 0.57375 0.73875 0.58 0.73875 0.58 0.7275
2 0.5875 0.7262500000000001 0.58125 0.7262500000000001 0.58125 0.7375 0.5875 0.7375 0.5875 0.7262500000000001
2 0.585 0.73875 0.57875 0.73875 0.57875 0.7525000000000001 0.585 0.7525000000000001 0.585 0.73875
2 0.5912499999999999 0.74 0.58375 0.74 0.58375 0.7537499999999999 0.5912499999999999 0.7537499999999999 0.5912499999999999 0.74
2 0.5974999999999999 0.74125 0.5912499999999999 0.74125 0.5912499999999999 0.7537499999999999 0.5974999999999999 0.7537499999999999 0.5974999999999999 0.74125
2 0.60375 0.74125 0.5962500000000001 0.74125 0.5962500000000001 0.75625 0.60375 0.75625 0.60375 0.74125
2 0.60875 0.7424999999999999 0.6025 0.7424999999999999 0.6025 0.75625 0.60875 0.75625 0.60875 0.7424999999999999
2 0.5700000000000001 0.76875 0.56375 0.76875 0.56375 0.7825 0.5700000000000001 0.7825 0.5700000000000001 0.76875
2 0.575 0.77125 0.5700000000000001 0.77125 0.5700000000000001 0.7849999999999999 0.575 0.7849999999999999 0.575 0.77125
2 0.5912499999999999 0.78 0.58125 0.78 0.58125 0.7849999999999999 0.5912499999999999 0.7849999999999999 0.5912499999999999 0.78
2 0.62 0.7837500000000001 0.61 0.7837500000000001 0.61 0.79 0.62 0.79 0.62 0.7837500000000001
2 0.5912499999999999 0.78625 0.57875 0.78625 0.57875 0.7925 0.5912499999999999 0.7925 0.5912499999999999 0.78625
2 0.5912499999999999 0.79125 0.57875 0.79125 0.57875 0.7975 0.5912499999999999 0.7975 0.5912499999999999 0.79125
2 0.5912499999999999 0.7975 0.57875 0.7975 0.57875 0.80375 0.5912499999999999 0.80375 0.5912499999999999 0.7975
2 0.5912499999999999 0.80375 0.5775 0.80375 0.5775 0.8099999999999999 0.5912499999999999 0.8099999999999999 0.5912499999999999 0.80375
2 0.58875 0.8099999999999999 0.575 0.8099999999999999 0.575 0.8175000000000001 0.58875 0.8175000000000001 0.58875 0.8099999999999999
2 0.5875 0.8275 0.57375 0.8275 0.57375 0.835 0.5875 0.835 0.5875 0.8275
2 0.585 0.835 0.57375 0.835 0.57375 0.8412499999999999 0.585 0.8412499999999999 0.585 0.835
2 0.58375 0.8412499999999999 0.5725 0.8412499999999999 0.5725 0.8474999999999999 0.58375 0.8474999999999999 0.58375 0.8412499999999999
2 0.5825 0.8462500000000001 0.5700000000000001 0.8462500000000001 0.5700000000000001 0.8525 0.5825 0.8525 0.5825 0.8462500000000001
2 0.58125 0.85125 0.5675 0.85125 0.5675 0.86 0.58125 0.86 0.58125 0.85125
2 0.57625 0.89 0.5625 0.89 0.5625 0.8975 0.57625 0.8975 0.57625 0.89
2 0.57375 0.89625 0.5625 0.89625 0.5625 0.9037499999999999 0.57375 0.9037499999999999 0.57375 0.89625
2 0.62 0.79 0.6075 0.79 0.6075 0.7975 0.62 0.7975 0.62 0.79
2 0.61875 0.79625 0.6075 0.79625 0.6075 0.8025 0.61875 0.8025 0.61875 0.79625
2 0.61875 0.8025 0.60625 0.8025 0.60625 0.8087500000000001 0.61875 0.8087500000000001 0.61875 0.8025
2 0.6174999999999999 0.8087500000000001 0.605 0.8087500000000001 0.605 0.8162499999999999 0.6174999999999999 0.8162499999999999 0.6174999999999999 0.8087500000000001
2 0.61625 0.8162499999999999 0.60375 0.8162499999999999 0.60375 0.82125 0.61625 0.82125 0.61625 0.8162499999999999
2 0.615 0.8275 0.6012500000000001 0.8275 0.6012500000000001 0.83375 0.615 0.83375 0.615 0.8275
2 0.615 0.835 0.6 0.835 0.6 0.8400000000000001 0.615 0.8400000000000001 0.615 0.835
2 0.61375 0.8400000000000001 0.6 0.8400000000000001 0.6 0.845 0.61375 0.845 0.61375 0.8400000000000001
2 0.6637500000000001 0.805 0.6575 0.805 0.6575 0.81875 0.6637500000000001 0.81875 0.6637500000000001 0.805
2 0.6125 0.845 0.59875 0.845 0.59875 0.85125 0.6125 0.85125 0.6125 0.845
2 0.6125 0.8525 0.59875 0.8525 0.59875 0.86 0.6125 0.86 0.6125 0.8525
2 0.6125 0.865 0.5974999999999999 0.865 0.5974999999999999 0.8724999999999999 0.6125 0.8724999999999999 0.6125 0.865
2 0.61 0.8712500000000001 0.595 0.8712500000000001 0.595 0.8775000000000001 0.61 0.8775000000000001 0.61 0.8712500000000001
2 0.60875 0.8775000000000001 0.59375 0.8775000000000001 0.59375 0.885 0.60875 0.885 0.60875 0.8775000000000001
2 0.60875 0.88375 0.5925 0.88375 0.5925 0.89 0.60875 0.89 0.60875 0.88375
2 0.60625 0.8887499999999999 0.5925 0.8887499999999999 0.5925 0.89625 0.60625 0.89625 0.60625 0.8887499999999999
2 0.60375 0.8975 0.5900000000000001 0.8975 0.5900000000000001 0.9037499999999999 0.60375 0.9037499999999999 0.60375 0.8975
2 0.60375 0.9025000000000001 0.5875 0.9025000000000001 0.5875 0.9075 0.60375 0.9075 0.60375 0.9025000000000001
2 0.6012500000000001 0.9087500000000001 0.5875 0.9087500000000001 0.5875 0.91375 0.6012500000000001 0.91375 0.6012500000000001 0.9087500000000001
2 0.59875 0.91875 0.585 0.91875 0.585 0.925 0.59875 0.925 0.59875 0.91875
2 0.59875 0.925 0.5862499999999999 0.925 0.5862499999999999 0.93125 0.59875 0.93125 0.59875 0.925
2 0.6625 0.89125 0.6537499999999999 0.89125 0.6537499999999999 0.905 0.6625 0.905 0.6625 0.89125
2 0.6875 0.7212500000000001 0.6799999999999999 0.7212500000000001 0.6799999999999999 0.735 0.6875 0.735 0.6875 0.7212500000000001
2 0.6900000000000001 0.7025 0.6837500000000001 0.7025 0.6837500000000001 0.71375 0.6900000000000001 0.71375 0.6900000000000001 0.7025
2 0.6925 0.6799999999999999 0.68625 0.6799999999999999 0.68625 0.6925 0.6925 0.6925 0.6925 0.6799999999999999
2 0.63875 0.67125 0.63125 0.67125 0.63125 0.68625 0.63875 0.68625 0.63875 0.67125
2 0.65625 0.6587500000000001 0.64125 0.6587500000000001 0.64125 0.66625 0.65625 0.66625 0.65625 0.6587500000000001
2 0.6599999999999999 0.65125 0.6425 0.65125 0.6425 0.6599999999999999 0.6599999999999999 0.6599999999999999 0.6599999999999999 0.65125
2 0.66125 0.64625 0.6475 0.64625 0.6475 0.655 0.66125 0.655 0.66125 0.64625
2 0.6599999999999999 0.63625 0.6475 0.63625 0.6475 0.64375 0.6599999999999999 0.64375 0.6599999999999999 0.63625
2 0.6625 0.6287499999999999 0.6475 0.6287499999999999 0.6475 0.6375 0.6625 0.6375 0.6625 0.6287499999999999
2 0.58375 0.6025 0.5700000000000001 0.6025 0.5700000000000001 0.61125 0.58375 0.61125 0.58375 0.6025
2 0.665 0.60375 0.6487499999999999 0.60375 0.6487499999999999 0.61 0.665 0.61 0.665 0.60375
2 0.46624999999999994 0.5287499999999999 0.45875000000000005 0.5287499999999999 0.45875000000000005 0.54 0.46624999999999994 0.54 0.46624999999999994 0.5287499999999999
2 0.475 0.53 0.46749999999999997 0.53 0.46749999999999997 0.5425 0.475 0.5425 0.475 0.53
2 0.505 0.5349999999999999 0.49749999999999994 0.5349999999999999 0.49749999999999994 0.54875 0.505 0.54875 0.505 0.5349999999999999
2 0.51125 0.53625 0.505 0.53625 0.505 0.55 0.51125 0.55 0.51125 0.53625
2 0.58875 0.54875 0.58125 0.54875 0.58125 0.56125 0.58875 0.56125 0.58875 0.54875
2 0.6012500000000001 0.55125 0.595 0.55125 0.595 0.56375 0.6012500000000001 0.56375 0.6012500000000001 0.55125
2 0.65 0.56125 0.64375 0.56125 0.64375 0.57375 0.65 0.57375 0.65 0.56125
2 0.65625 0.56125 0.65125 0.56125 0.65125 0.575 0.65625 0.575 0.65625 0.56125
2 0.6637500000000001 0.56375 0.6575 0.56375 0.6575 0.57625 0.6637500000000001 0.57625 0.6637500000000001 0.56375
2 0.62375 0.525 0.6174999999999999 0.525 0.6174999999999999 0.5375 0.62375 0.5375 0.62375 0.525
2 0.63125 0.52625 0.62375 0.52625 0.62375 0.5387500000000001 0.63125 0.5387500000000001 0.63125 0.52625
2 0.63625 0.53 0.63 0.53 0.63 0.54125 0.63625 0.54125 0.63625 0.53
2 0.64125 0.5325 0.63625 0.5325 0.63625 0.54375 0.64125 0.54375 0.64125 0.5325
2 0.6487499999999999 0.5337500000000001 0.6425 0.5337500000000001 0.6425 0.545 0.6487499999999999 0.545 0.6487499999999999 0.5337500000000001
2 0.655 0.5337500000000001 0.6487499999999999 0.5337500000000001 0.6487499999999999 0.54625 0.655 0.54625 0.655 0.5337500000000001
2 0.6599999999999999 0.5349999999999999 0.655 0.5349999999999999 0.655 0.54625 0.6599999999999999 0.54625 0.6599999999999999 0.5349999999999999
2 0.66875 0.5349999999999999 0.66125 0.5349999999999999 0.66125 0.5475 0.66875 0.5475 0.66875 0.5349999999999999
2 0.6925 0.445 0.67625 0.445 0.67625 0.45375 0.6925 0.45375 0.6925 0.445
2 0.70625 0.42750000000000005 0.7 0.42750000000000005 0.7 0.44000000000000006 0.70625 0.44000000000000006 0.70625 0.42750000000000005
2 0.73625 0.14250000000000002 0.7275 0.14250000000000002 0.7275 0.15625 0.73625 0.15625 0.73625 0.14250000000000002
2 0.75 0.14375 0.74375 0.14375 0.74375 0.15375 0.75 0.15375 0.75 0.14375
2 0.7212500000000001 0.04375 0.71375 0.04375 0.71375 0.06 0.7212500000000001 0.06 0.7212500000000001 0.04375
2 0.73375 0.04875 0.7262500000000001 0.04875 0.7262500000000001 0.061250000000000006 0.73375 0.061250000000000006 0.73375 0.04875
2 0.76875 0.01875 0.76125 0.01875 0.76125 0.0325 0.76875 0.0325 0.76875 0.01875
2 0.77125 0.0025 0.76375 0.0025 0.76375 0.017499999999999998 0.77125 0.017499999999999998 0.77125 0.0025
2 0.78 0.21375000000000002 0.76625 0.21375000000000002 0.76625 0.22125 0.78 0.22125 0.78 0.21375000000000002
2 0.7275 0.3 0.72 0.3 0.72 0.31625000000000003 0.7275 0.31625000000000003 0.7275 0.3
2 0.74875 0.3225 0.74125 0.3225 0.74125 0.3375 0.74875 0.3375 0.74875 0.3225
2 0.7424999999999999 0.3525 0.735 0.3525 0.735 0.36625 0.7424999999999999 0.36625 0.7424999999999999 0.3525
2 0.73875 0.3675 0.7325 0.3675 0.7325 0.3825 0.73875 0.3825 0.73875 0.3675
2 0.7375 0.38375 0.73125 0.38375 0.73125 0.39625 0.7375 0.39625 0.7375 0.38375
2 0.735 0.4 0.72875 0.4 0.72875 0.4125 0.735 0.4125 0.735 0.4
2 0.7325 0.4175 0.7262500000000001 0.4175 0.7262500000000001 0.43 0.7325 0.43 0.7325 0.4175
2 0.73125 0.43499999999999994 0.72375 0.43499999999999994 0.72375 0.44875 0.73125 0.44875 0.73125 0.43499999999999994
2 0.7275 0.45 0.7212500000000001 0.45 0.7212500000000001 0.4625 0.7275 0.4625 0.7275 0.45
2 0.7262500000000001 0.465 0.71875 0.465 0.71875 0.48 0.7262500000000001 0.48 0.7262500000000001 0.465
2 0.9324999999999999 0.015 0.925 0.015 0.925 0.026250000000000002 0.9324999999999999 0.026250000000000002 0.9324999999999999 0.015
2 0.95625 0.01875 0.95 0.01875 0.95 0.03 0.95625 0.03 0.95625 0.01875
2 0.9637499999999999 0.01875 0.9574999999999999 0.01875 0.9574999999999999 0.0325 0.9637499999999999 0.0325 0.9637499999999999 0.01875
2 0.97 0.008749999999999999 0.9637499999999999 0.008749999999999999 0.9637499999999999 0.021249999999999998 0.97 0.021249999999999998 0.97 0.008749999999999999
2 0.97625 0.008749999999999999 0.9712500000000001 0.008749999999999999 0.9712500000000001 0.021249999999999998 0.97625 0.021249999999999998 0.97625 0.008749999999999999
2 0.9824999999999999 0.008749999999999999 0.97625 0.008749999999999999 0.97625 0.021249999999999998 0.9824999999999999 0.021249999999999998 0.9824999999999999 0.008749999999999999
2 0.99 0.01125 0.98375 0.01125 0.98375 0.021249999999999998 0.99 0.021249999999999998 0.99 0.01125
2 0.9949999999999999 0.01 0.9887499999999999 0.01 0.9887499999999999 0.0225 0.9949999999999999 0.0225 0.9949999999999999 0.01
2 0.9824999999999999 0.0225 0.9737500000000001 0.0225 0.9737500000000001 0.03625 0.9824999999999999 0.03625 0.9824999999999999 0.0225
2 0.9887499999999999 0.0225 0.98125 0.0225 0.98125 0.03625 0.9887499999999999 0.03625 0.9887499999999999 0.0225
2 1 0.02375 0.99375 0.02375 0.99375 0.03625 1 0.03625 1 0.02375
2 0.905 0.03625 0.8975 0.03625 0.8975 0.04875 0.905 0.04875 0.905 0.03625
2 0.93875 0.04375 0.9337500000000001 0.04375 0.9337500000000001 0.05500000000000001 0.93875 0.05500000000000001 0.93875 0.04375
2 0.94625 0.04375 0.9400000000000001 0.04375 0.9400000000000001 0.057499999999999996 0.94625 0.057499999999999996 0.94625 0.04375
2 0.9525 0.045 0.94625 0.045 0.94625 0.06 0.9525 0.06 0.9525 0.045
2 0.97625 0.04875 0.9712500000000001 0.04875 0.9712500000000001 0.061250000000000006 0.97625 0.061250000000000006 0.97625 0.04875
2 0.9574999999999999 0.058750000000000004 0.9512499999999999 0.058750000000000004 0.9512499999999999 0.06875 0.9574999999999999 0.06875 0.9574999999999999 0.058750000000000004
2 0.9637499999999999 0.058750000000000004 0.9574999999999999 0.058750000000000004 0.9574999999999999 0.07125000000000001 0.9637499999999999 0.07125000000000001 0.9637499999999999 0.058750000000000004
2 0.97 0.06 0.9625 0.06 0.9625 0.075 0.97 0.075 0.97 0.06
2 0.9824999999999999 0.061250000000000006 0.97625 0.061250000000000006 0.97625 0.075 0.9824999999999999 0.075 0.9824999999999999 0.061250000000000006
2 0.9875 0.06375 0.98125 0.06375 0.98125 0.07625 0.9875 0.07625 0.9875 0.06375
2 0.9949999999999999 0.06375 0.9887499999999999 0.06375 0.9887499999999999 0.075 0.9949999999999999 0.075 0.9949999999999999 0.06375
2 0.9962500000000001 0.05 0.9887499999999999 0.05 0.9887499999999999 0.06375 0.9962500000000001 0.06375 0.9962500000000001 0.05
2 0.98375 0.04875 0.9775 0.04875 0.9775 0.061250000000000006 0.98375 0.061250000000000006 0.98375 0.04875
2 0.9225 0.08 0.91625 0.08 0.91625 0.09375 0.9225 0.09375 0.9225 0.08
2 0.9400000000000001 0.09375 0.93125 0.09375 0.93125 0.1075 0.9400000000000001 0.1075 0.9400000000000001 0.09375
2 0.94625 0.095 0.9400000000000001 0.095 0.9400000000000001 0.10874999999999999 0.94625 0.10874999999999999 0.94625 0.095
2 0.9525 0.09625 0.945 0.09625 0.945 0.11000000000000001 0.9525 0.11000000000000001 0.9525 0.09625
2 0.9775 0.08875 0.97 0.08875 0.97 0.1025 0.9775 0.1025 0.9775 0.08875
2 0.98375 0.08875 0.9775 0.08875 0.9775 0.10124999999999999 0.98375 0.10124999999999999 0.98375 0.08875
2 0.99 0.09125 0.98375 0.09125 0.98375 0.10375000000000001 0.99 0.10375000000000001 0.99 0.09125
2 0.98375 0.1025 0.97625 0.1025 0.97625 0.11499999999999999 0.98375 0.11499999999999999 0.98375 0.1025
2 1 0.09125 0.9962500000000001 0.09125 0.9962500000000001 0.10375000000000001 1 0.10375000000000001 1 0.09125
2 1 0.10375000000000001 0.99375 0.10375000000000001 0.99375 0.11875 1 0.11875 1 0.10375000000000001
2 0.9349999999999999 0.12 0.92875 0.12 0.92875 0.13374999999999998 0.9349999999999999 0.13374999999999998 0.9349999999999999 0.12
2 0.92875 0.12 0.9199999999999999 0.12 0.9199999999999999 0.1325 0.92875 0.1325 0.92875 0.12
2 0.8925000000000001 0.11499999999999999 0.885 0.11499999999999999 0.885 0.1275 0.8925000000000001 0.1275 0.8925000000000001 0.11499999999999999
2 0.8775000000000001 0.125 0.8712500000000001 0.125 0.8712500000000001 0.1375 0.8775000000000001 0.1375 0.8775000000000001 0.125
2 0.95875 0.13625 0.95 0.13625 0.95 0.15 0.95875 0.15 0.95875 0.13625
2 0.9650000000000001 0.1375 0.95875 0.1375 0.95875 0.15125 0.9650000000000001 0.15125 0.9650000000000001 0.1375
2 0.9712500000000001 0.1375 0.9637499999999999 0.1375 0.9637499999999999 0.15125 0.9712500000000001 0.15125 0.9712500000000001 0.1375
2 0.9775 0.13874999999999998 0.97 0.13874999999999998 0.97 0.1525 0.9775 0.1525 0.9775 0.13874999999999998
2 0.9824999999999999 0.14125000000000001 0.97625 0.14125000000000001 0.97625 0.1525 0.9824999999999999 0.1525 0.9824999999999999 0.14125000000000001
2 0.9887499999999999 0.14125000000000001 0.9824999999999999 0.14125000000000001 0.9824999999999999 0.1525 0.9887499999999999 0.1525 0.9887499999999999 0.14125000000000001
2 0.99375 0.14125000000000001 0.9887499999999999 0.14125000000000001 0.9887499999999999 0.155 0.99375 0.155 0.99375 0.14125000000000001
2 0.8975 0.15375 0.89125 0.15375 0.89125 0.1675 0.8975 0.1675 0.8975 0.15375
2 0.885 0.16375 0.8787499999999999 0.16375 0.8787499999999999 0.1775 0.885 0.1775 0.885 0.16375
2 0.9087500000000001 0.16875 0.9012499999999999 0.16875 0.9012499999999999 0.1825 0.9087500000000001 0.1825 0.9087500000000001 0.16875
2 0.9237500000000001 0.15875 0.91625 0.15875 0.91625 0.17124999999999999 0.9237500000000001 0.17124999999999999 0.9237500000000001 0.15875
2 0.9225 0.17250000000000001 0.915 0.17250000000000001 0.915 0.185 0.9225 0.185 0.9225 0.17250000000000001
2 0.905 0.155 0.89875 0.155 0.89875 0.16499999999999998 0.905 0.16499999999999998 0.905 0.155
2 0.9349999999999999 0.16125 0.93 0.16125 0.93 0.17375000000000002 0.9349999999999999 0.17375000000000002 0.9349999999999999 0.16125
2 0.9337500000000001 0.17375000000000002 0.9275 0.17375000000000002 0.9275 0.185 0.9337500000000001 0.185 0.9337500000000001 0.17375000000000002
2 0.9487500000000001 0.1625 0.9425000000000001 0.1625 0.9425000000000001 0.17625 0.9487500000000001 0.17625 0.9487500000000001 0.1625
2 0.9400000000000001 0.17250000000000001 0.9349999999999999 0.17250000000000001 0.9349999999999999 0.18625 0.9400000000000001 0.18625 0.9400000000000001 0.17250000000000001
2 0.9475 0.17250000000000001 0.9400000000000001 0.17250000000000001 0.9400000000000001 0.1875 0.9475 0.1875 0.9475 0.17250000000000001
2 0.95875 0.17625 0.9525 0.17625 0.9525 0.18875 0.95875 0.18875 0.95875 0.17625
2 0.9662499999999999 0.16499999999999998 0.95875 0.16499999999999998 0.95875 0.17875000000000002 0.9662499999999999 0.17875000000000002 0.9662499999999999 0.16499999999999998
2 0.9650000000000001 0.1775 0.95875 0.1775 0.95875 0.19125 0.9650000000000001 0.19125 0.9650000000000001 0.1775
2 0.97 0.17875000000000002 0.9650000000000001 0.17875000000000002 0.9650000000000001 0.1925 0.97 0.1925 0.97 0.17875000000000002
2 0.97875 0.16625 0.9724999999999999 0.16625 0.9724999999999999 0.18125 0.97875 0.18125 0.97875 0.16625
2 0.9775 0.1775 0.97 0.1775 0.97 0.1925 0.9775 0.1925 0.9775 0.1775
2 0.9949999999999999 0.1825 0.9887499999999999 0.1825 0.9887499999999999 0.19375 0.9949999999999999 0.19375 0.9949999999999999 0.1825
2 0.99125 0.1675 0.98375 0.1675 0.98375 0.1825 0.99125 0.1825 0.99125 0.1675
2 0.9887499999999999 0.18 0.9824999999999999 0.18 0.9824999999999999 0.195 0.9887499999999999 0.195 0.9887499999999999 0.18
2 0.91875 0.22000000000000003 0.90625 0.22000000000000003 0.90625 0.22749999999999998 0.91875 0.22749999999999998 0.91875 0.22000000000000003
2 0.92875 0.19875 0.9225 0.19875 0.9225 0.2125 0.92875 0.2125 0.92875 0.19875
2 0.97 0.1 0.9637499999999999 0.1 0.9637499999999999 0.11125 0.97 0.11125 0.97 0.1
2 0.9112500000000001 0.195 0.9037499999999999 0.195 0.9037499999999999 0.20750000000000002 0.9112500000000001 0.20750000000000002 0.9112500000000001 0.195
2 0.945 0.19125 0.93625 0.19125 0.93625 0.20249999999999999 0.945 0.20249999999999999 0.945 0.19125
2 0.9475 0.20249999999999999 0.9412499999999999 0.20249999999999999 0.9412499999999999 0.21375000000000002 0.9475 0.21375000000000002 0.9475 0.20249999999999999
2 0.95375 0.20249999999999999 0.9475 0.20249999999999999 0.9475 0.215 0.95375 0.215 0.95375 0.20249999999999999
2 0.96 0.20249999999999999 0.95375 0.20249999999999999 0.95375 0.21875 0.96 0.21875 0.96 0.20249999999999999
2 0.9675 0.205 0.96 0.205 0.96 0.21749999999999997 0.9675 0.21749999999999997 0.9675 0.205
2 0.9712500000000001 0.20625 0.9662499999999999 0.20625 0.9662499999999999 0.21875 0.9712500000000001 0.21875 0.9712500000000001 0.20625
2 0.9775 0.205 0.9724999999999999 0.205 0.9724999999999999 0.22000000000000003 0.9775 0.22000000000000003 0.9775 0.205
2 0.985 0.20625 0.9775 0.20625 0.9775 0.2225 0.985 0.2225 0.985 0.20625
2 0.99125 0.20750000000000002 0.985 0.20750000000000002 0.985 0.22374999999999998 0.99125 0.22374999999999998 0.99125 0.20750000000000002
2 0.9974999999999999 0.20875 0.99125 0.20875 0.99125 0.2225 0.9974999999999999 0.2225 0.9974999999999999 0.20875
2 0.8162499999999999 0.23500000000000001 0.8099999999999999 0.23500000000000001 0.8099999999999999 0.24874999999999997 0.8162499999999999 0.24874999999999997 0.8162499999999999 0.23500000000000001
2 0.8099999999999999 0.23374999999999999 0.80375 0.23374999999999999 0.80375 0.2475 0.8099999999999999 0.2475 0.8099999999999999 0.23374999999999999
2 0.79625 0.2425 0.7825 0.2425 0.7825 0.2525 0.79625 0.2525 0.79625 0.2425
2 0.85125 0.24125000000000002 0.845 0.24125000000000002 0.845 0.255 0.85125 0.255 0.85125 0.24125000000000002
2 0.8775000000000001 0.24625 0.8699999999999999 0.24625 0.8699999999999999 0.2575 0.8775000000000001 0.2575 0.8775000000000001 0.24625
2 0.89 0.2475 0.885 0.2475 0.885 0.26 0.89 0.26 0.89 0.2475
2 0.9012499999999999 0.24874999999999997 0.8949999999999999 0.24874999999999997 0.8949999999999999 0.2625 0.9012499999999999 0.2625 0.9012499999999999 0.24874999999999997
2 0.88375 0.2475 0.8775000000000001 0.2475 0.8775000000000001 0.26 0.88375 0.26 0.88375 0.2475
2 0.795 0.25125000000000003 0.78125 0.25125000000000003 0.78125 0.2575 0.795 0.2575 0.795 0.25125000000000003
2 0.79375 0.2575 0.78125 0.2575 0.78125 0.26375000000000004 0.79375 0.26375000000000004 0.79375 0.2575
2 0.79375 0.2625 0.78125 0.2625 0.78125 0.27 0.79375 0.27 0.79375 0.2625
2 0.79125 0.27 0.78 0.27 0.78 0.27625 0.79125 0.27625 0.79125 0.27
2 0.79125 0.27625 0.7787499999999999 0.27625 0.7787499999999999 0.28250000000000003 0.79125 0.28250000000000003 0.79125 0.27625
2 0.79 0.28250000000000003 0.77625 0.28250000000000003 0.77625 0.29 0.79 0.29 0.79 0.28250000000000003
2 0.79 0.28875 0.7775000000000001 0.28875 0.7775000000000001 0.29500000000000004 0.79 0.29500000000000004 0.79 0.28875
2 0.7875 0.29625 0.77625 0.29625 0.77625 0.30125 0.7875 0.30125 0.7875 0.29625
2 0.7875 0.30125 0.77625 0.30125 0.77625 0.3075 0.7875 0.3075 0.7875 0.30125
2 0.7875 0.3075 0.775 0.3075 0.775 0.31375000000000003 0.7875 0.31375000000000003 0.7875 0.3075
2 0.78625 0.315 0.775 0.315 0.775 0.32125 0.78625 0.32125 0.78625 0.315
2 0.79375 0.32625000000000004 0.78 0.32625000000000004 0.78 0.33375 0.79375 0.33375 0.79375 0.32625000000000004
2 0.7837500000000001 0.32999999999999996 0.77 0.32999999999999996 0.77 0.33875 0.7837500000000001 0.33875 0.7837500000000001 0.32999999999999996
2 0.78125 0.3375 0.77 0.3375 0.77 0.34375 0.78125 0.34375 0.78125 0.3375
2 0.78 0.3625 0.76625 0.3625 0.76625 0.37 0.78 0.37 0.78 0.3625
2 0.775 0.38625 0.76125 0.38625 0.76125 0.39375 0.775 0.39375 0.775 0.38625
2 0.7737499999999999 0.39875 0.76125 0.39875 0.76125 0.40625 0.7737499999999999 0.40625 0.7737499999999999 0.39875
2 0.83125 0.26625 0.8237500000000001 0.26625 0.8237500000000001 0.27999999999999997 0.83125 0.27999999999999997 0.83125 0.26625
2 0.8175000000000001 0.27625 0.8087500000000001 0.27625 0.8087500000000001 0.28875 0.8175000000000001 0.28875 0.8175000000000001 0.27625
2 0.8712500000000001 0.28375 0.865 0.28375 0.865 0.29625 0.8712500000000001 0.29625 0.8712500000000001 0.28375
2 0.8875 0.27375 0.8800000000000001 0.27375 0.8800000000000001 0.2875 0.8875 0.2875 0.8875 0.27375
2 0.88375 0.2875 0.8775000000000001 0.2875 0.8775000000000001 0.3 0.88375 0.3 0.88375 0.2875
2 0.8775000000000001 0.2875 0.8712500000000001 0.2875 0.8712500000000001 0.3 0.8775000000000001 0.3 0.8775000000000001 0.2875
2 0.86875 0.27375 0.86 0.27375 0.86 0.28625 0.86875 0.28625 0.86875 0.27375
2 0.89625 0.2875 0.8887499999999999 0.2875 0.8887499999999999 0.3025 0.89625 0.3025 0.89625 0.2875
2 0.9025000000000001 0.29125 0.8949999999999999 0.29125 0.8949999999999999 0.3025 0.9025000000000001 0.3025 0.9025000000000001 0.29125
2 0.92125 0.28625 0.91375 0.28625 0.91375 0.29874999999999996 0.92125 0.29874999999999996 0.92125 0.28625
2 0.9475 0.25625 0.93875 0.25625 0.93875 0.27 0.9475 0.27 0.9475 0.25625
2 0.9574999999999999 0.2575 0.9525 0.2575 0.9525 0.27 0.9574999999999999 0.27 0.9574999999999999 0.2575
2 0.9650000000000001 0.2575 0.95875 0.2575 0.95875 0.27375 0.9650000000000001 0.27375 0.9650000000000001 0.2575
2 0.9712500000000001 0.25875 0.9625 0.25875 0.9625 0.27375 0.9712500000000001 0.27375 0.9712500000000001 0.25875
2 0.97625 0.26 0.97 0.26 0.97 0.27375 0.97625 0.27375 0.97625 0.26
2 0.985 0.26125 0.97875 0.26125 0.97875 0.275 0.985 0.275 0.985 0.26125
2 0.9949999999999999 0.2625 0.9862500000000001 0.2625 0.9862500000000001 0.275 0.9949999999999999 0.275 0.9949999999999999 0.2625
2 0.85375 0.31 0.8487500000000001 0.31 0.8487500000000001 0.3225 0.85375 0.3225 0.85375 0.31
2 0.8474999999999999 0.32125 0.8387499999999999 0.32125 0.8387499999999999 0.33375 0.8474999999999999 0.33375 0.8474999999999999 0.32125
2 0.85 0.34875 0.8412499999999999 0.34875 0.8412499999999999 0.36 0.85 0.36 0.85 0.34875
2 0.87375 0.35125 0.86625 0.35125 0.86625 0.36625 0.87375 0.36625 0.87375 0.35125
2 0.8612500000000001 0.32375 0.85375 0.32375 0.85375 0.335 0.8612500000000001 0.335 0.8612500000000001 0.32375
2 0.8625 0.31124999999999997 0.8550000000000001 0.31124999999999997 0.8550000000000001 0.32375 0.8625 0.32375 0.8625 0.31124999999999997
2 0.8675 0.3125 0.8625 0.3125 0.8625 0.32375 0.8675 0.32375 0.8675 0.3125
2 0.8787499999999999 0.31375000000000003 0.87375 0.31375000000000003 0.87375 0.32625000000000004 0.8787499999999999 0.32625000000000004 0.8787499999999999 0.31375000000000003
2 0.8862500000000001 0.31375000000000003 0.8800000000000001 0.31375000000000003 0.8800000000000001 0.32875 0.8862500000000001 0.32875 0.8862500000000001 0.31375000000000003
2 0.89 0.32625000000000004 0.88375 0.32625000000000004 0.88375 0.34125 0.89 0.34125 0.89 0.32625000000000004
2 0.8975 0.32625000000000004 0.89 0.32625000000000004 0.89 0.33999999999999997 0.8975 0.33999999999999997 0.8975 0.32625000000000004
2 0.93 0.31875 0.925 0.31875 0.925 0.33375 0.93 0.33375 0.93 0.31875
2 0.93625 0.28125 0.93 0.28125 0.93 0.29625 0.93625 0.29625 0.93625 0.28125
2 0.9337500000000001 0.29500000000000004 0.92875 0.29500000000000004 0.92875 0.305 0.9337500000000001 0.305 0.9337500000000001 0.29500000000000004
2 0.9400000000000001 0.29625 0.9337500000000001 0.29625 0.9337500000000001 0.30874999999999997 0.9400000000000001 0.30874999999999997 0.9400000000000001 0.29625
2 0.9487500000000001 0.2875 0.9425000000000001 0.2875 0.9425000000000001 0.29874999999999996 0.9487500000000001 0.29874999999999996 0.9487500000000001 0.2875
2 0.9512499999999999 0.29625 0.945 0.29625 0.945 0.31 0.9512499999999999 0.31 0.9512499999999999 0.29625
2 0.95875 0.2975 0.9525 0.2975 0.9525 0.31124999999999997 0.95875 0.31124999999999997 0.95875 0.2975
2 0.9662499999999999 0.2875 0.96 0.2875 0.96 0.29874999999999996 0.9662499999999999 0.29874999999999996 0.9662499999999999 0.2875
2 0.9637499999999999 0.29874999999999996 0.9574999999999999 0.29874999999999996 0.9574999999999999 0.31124999999999997 0.9637499999999999 0.31124999999999997 0.9637499999999999 0.29874999999999996
2 0.97 0.3 0.9637499999999999 0.3 0.9637499999999999 0.31375000000000003 0.97 0.31375000000000003 0.97 0.3
2 0.9775 0.30125 0.9712500000000001 0.30125 0.9712500000000001 0.31375000000000003 0.9775 0.31375000000000003 0.9775 0.30125
2 0.9775 0.28875 0.9712500000000001 0.28875 0.9712500000000001 0.29874999999999996 0.9775 0.29874999999999996 0.9775 0.28875
2 0.985 0.2875 0.97875 0.2875 0.97875 0.3 0.985 0.3 0.985 0.2875
2 0.9824999999999999 0.30375 0.975 0.30375 0.975 0.31625000000000003 0.9824999999999999 0.31625000000000003 0.9824999999999999 0.30375
2 0.9862500000000001 0.31375000000000003 0.9800000000000001 0.31375000000000003 0.9800000000000001 0.325 0.9862500000000001 0.325 0.9862500000000001 0.31375000000000003
2 0.9925 0.29 0.985 0.29 0.985 0.30375 0.9925 0.30375 0.9925 0.29
2 0.9962500000000001 0.305 0.9875 0.305 0.9875 0.31625000000000003 0.9962500000000001 0.31625000000000003 0.9962500000000001 0.305
2 0.99875 0.29125 0.9925 0.29125 0.9925 0.3025 0.99875 0.3025 0.99875 0.29125
2 0.9550000000000001 0.32625000000000004 0.9487500000000001 0.32625000000000004 0.9487500000000001 0.33999999999999997 0.9550000000000001 0.33999999999999997 0.9550000000000001 0.32625000000000004
2 0.9625 0.325 0.95625 0.325 0.95625 0.33999999999999997 0.9625 0.33999999999999997 0.9625 0.325
2 0.9675 0.32875 0.96125 0.32875 0.96125 0.33999999999999997 0.9675 0.33999999999999997 0.9675 0.32875
2 0.975 0.3275 0.9675 0.3275 0.9675 0.33999999999999997 0.975 0.33999999999999997 0.975 0.3275
2 0.99125 0.3325 0.985 0.3325 0.985 0.34500000000000003 0.99125 0.34500000000000003 0.99125 0.3325
2 0.92875 0.335 0.9199999999999999 0.335 0.9199999999999999 0.34625 0.92875 0.34625 0.92875 0.335
2 0.93625 0.335 0.9275 0.335 0.9275 0.34875 0.93625 0.34875 0.93625 0.335
2 0.9400000000000001 0.33625 0.9349999999999999 0.33625 0.9349999999999999 0.34750000000000003 0.9400000000000001 0.34750000000000003 0.9400000000000001 0.33625
2 0.9475 0.3375 0.9412499999999999 0.3375 0.9412499999999999 0.35 0.9475 0.35 0.9475 0.3375
2 0.93125 0.35875 0.9237500000000001 0.35875 0.9237500000000001 0.3725 0.93125 0.3725 0.93125 0.35875
2 0.89125 0.365 0.88375 0.365 0.88375 0.37875000000000003 0.89125 0.37875000000000003 0.89125 0.365
2 0.9425000000000001 0.375 0.9349999999999999 0.375 0.9349999999999999 0.38875000000000004 0.9425000000000001 0.38875000000000004 0.9425000000000001 0.375
2 0.93625 0.37374999999999997 0.92875 0.37374999999999997 0.92875 0.3875 0.93625 0.3875 0.93625 0.37374999999999997
2 0.9237500000000001 0.37124999999999997 0.91625 0.37124999999999997 0.91625 0.3825 0.9237500000000001 0.3825 0.9237500000000001 0.37124999999999997
2 0.92875 0.37374999999999997 0.9225 0.37374999999999997 0.9225 0.38375 0.92875 0.38375 0.92875 0.37374999999999997
2 0.93125 0.41 0.925 0.41 0.925 0.42374999999999996 0.93125 0.42374999999999996 0.93125 0.41
2 0.7675 0.43499999999999994 0.7537499999999999 0.43499999999999994 0.7537499999999999 0.44375 0.7675 0.44375 0.7675 0.43499999999999994
2 0.7675 0.44375 0.755 0.44375 0.755 0.45 0.7675 0.45 0.7675 0.44375
2 0.7675 0.44875 0.7525000000000001 0.44875 0.7525000000000001 0.45625 0.7675 0.45625 0.7675 0.44875
2 0.765 0.46125 0.75125 0.46125 0.75125 0.46749999999999997 0.765 0.46749999999999997 0.765 0.46125
2 0.76375 0.46875 0.75125 0.46875 0.75125 0.475 0.76375 0.475 0.76375 0.46875
2 0.76125 0.47375 0.7474999999999999 0.47375 0.7474999999999999 0.48250000000000004 0.76125 0.48250000000000004 0.76125 0.47375
2 0.76 0.48375 0.7462500000000001 0.48375 0.7462500000000001 0.495 0.76 0.495 0.76 0.48375
2 0.75875 0.51625 0.7424999999999999 0.51625 0.7424999999999999 0.525 0.75875 0.525 0.75875 0.51625
2 0.75625 0.525 0.7424999999999999 0.525 0.7424999999999999 0.53125 0.75625 0.53125 0.75625 0.525
2 0.8012499999999999 0.5349999999999999 0.76875 0.5349999999999999 0.76875 0.54875 0.8012499999999999 0.54875 0.8012499999999999 0.5349999999999999
2 0.915 0.52125 0.9025000000000001 0.52125 0.9025000000000001 0.53 0.915 0.53 0.915 0.52125
2 0.87625 0.60375 0.86 0.60375 0.86 0.61125 0.87625 0.61125 0.87625 0.60375
2 0.925 0.5825 0.9175000000000001 0.5825 0.9175000000000001 0.5962500000000001 0.925 0.5962500000000001 0.925 0.5825
2 0.9087500000000001 0.55375 0.8949999999999999 0.55375 0.8949999999999999 0.56125 0.9087500000000001 0.56125 0.9087500000000001 0.55375
2 0.8862500000000001 0.39125 0.8787499999999999 0.39125 0.8787499999999999 0.40499999999999997 0.8862500000000001 0.40499999999999997 0.8862500000000001 0.39125
2 0.8800000000000001 0.36375 0.8712500000000001 0.36375 0.8712500000000001 0.37625000000000003 0.8800000000000001 0.37625000000000003 0.8800000000000001 0.36375
2 0.83625 0.385 0.8300000000000001 0.385 0.8300000000000001 0.39625 0.83625 0.39625 0.83625 0.385
2 0.87375 0.40374999999999994 0.86625 0.40374999999999994 0.86625 0.4175 0.87375 0.4175 0.87375 0.40374999999999994
2 0.91875 0.40875000000000006 0.9112500000000001 0.40875000000000006 0.9112500000000001 0.42374999999999996 0.91875 0.42374999999999996 0.91875 0.40875000000000006
2 0.925 0.41125 0.9175000000000001 0.41125 0.9175000000000001 0.425 0.925 0.425 0.925 0.41125
2 0.93875 0.41125 0.9337500000000001 0.41125 0.9337500000000001 0.425 0.93875 0.425 0.93875 0.41125
2 0.915 0.43624999999999997 0.9075 0.43624999999999997 0.9075 0.45 0.915 0.45 0.915 0.43624999999999997
2 0.9275 0.49124999999999996 0.91875 0.49124999999999996 0.91875 0.5075000000000001 0.9275 0.5075000000000001 0.9275 0.49124999999999996
2 0.9400000000000001 0.55375 0.9262499999999999 0.55375 0.9262499999999999 0.5599999999999999 0.9400000000000001 0.5599999999999999 0.9400000000000001 0.55375
2 0.9400000000000001 0.5387500000000001 0.9262499999999999 0.5387500000000001 0.9262499999999999 0.5475 0.9400000000000001 0.5475 0.9400000000000001 0.5387500000000001
2 0.97875 0.5650000000000001 0.9662499999999999 0.5650000000000001 0.9662499999999999 0.5725 0.97875 0.5725 0.97875 0.5650000000000001
2 0.9824999999999999 0.5587500000000001 0.9675 0.5587500000000001 0.9675 0.5662499999999999 0.9824999999999999 0.5662499999999999 0.9824999999999999 0.5587500000000001
2 0.9824999999999999 0.5525 0.96875 0.5525 0.96875 0.5587500000000001 0.9824999999999999 0.5587500000000001 0.9824999999999999 0.5525
2 0.98375 0.54625 0.9712500000000001 0.54625 0.9712500000000001 0.55125 0.98375 0.55125 0.98375 0.54625
2 0.98375 0.54 0.9724999999999999 0.54 0.9724999999999999 0.5475 0.98375 0.5475 0.98375 0.54