2 0 0.6174999999999999 0.01875 0.6174999999999999 0.01875 0.5974999999999999 0 0.5974999999999999 0 0.6174999999999999
2 0.01 0.5875 0.00125 0.5875 0.00125 0.6075 0.01 0.6075 0.01 0.5875
2 0.03 0.6012500000000001 0.01 0.6012500000000001 0.01 0.62375 0.03 0.62375 0.03 0.6012500000000001
2 0.1075 0.64625 0.08875 0.64625 0.08875 0.6725 0.1075 0.6725 0.1075 0.64625
2 0.04 0.60625 0.021249999999999998 0.60625 0.021249999999999998 0.6325000000000001 0.04 0.6325000000000001 0.04 0.60625
2 0.09625 0.64 0.08 0.64 0.08 0.66625 0.09625 0.66625 0.09625 0.64
2 0.08499999999999999 0.63625 0.0675 0.63625 0.0675 0.6575 0.08499999999999999 0.6575 0.08499999999999999 0.63625
2 0.0775 0.63125 0.058750000000000004 0.63125 0.058750000000000004 0.6525000000000001 0.0775 0.6525000000000001 0.0775 0.63125
2 0.06875 0.6224999999999999 0.05125 0.6224999999999999 0.05125 0.64375 0.06875 0.64375 0.06875 0.6224999999999999
2 0.05500000000000001 0.6212500000000001 0.04 0.6212500000000001 0.04 0.64125 0.05500000000000001 0.64125 0.05500000000000001 0.6212500000000001
2 0.04625 0.61625 0.027500000000000004 0.61625 0.027500000000000004 0.63625 0.04625 0.63625 0.04625 0.61625
2 0.505 0.85875 0.485 0.85875 0.485 0.8825 0.505 0.8825 0.505 0.85875
2 0.82125 0.8074999999999999 0.80375 0.8074999999999999 0.80375 0.83125 0.82125 0.83125 0.82125 0.8074999999999999
2 0.5599999999999999 0.8949999999999999 0.5375 0.8949999999999999 0.5375 0.9199999999999999 0.5599999999999999 0.9199999999999999 0.5599999999999999 0.8949999999999999
2 0.54875 0.8887499999999999 0.5275000000000001 0.8887499999999999 0.5275000000000001 0.9125 0.54875 0.9125 0.54875 0.8887499999999999
2 0.5337500000000001 0.8775000000000001 0.51125 0.8775000000000001 0.51125 0.9037499999999999 0.5337500000000001 0.9037499999999999 0.5337500000000001 0.8775000000000001
2 0.5225 0.8724999999999999 0.50125 0.8724999999999999 0.50125 0.8949999999999999 0.5225 0.8949999999999999 0.5225 0.8724999999999999
2 0.51 0.8675 0.49375 0.8675 0.49375 0.89 0.51 0.89 0.51 0.8675
2 0.49375 0.85375 0.475 0.85375 0.475 0.87625 0.49375 0.87625 0.49375 0.85375
2 0.48250000000000004 0.8487500000000001 0.465 0.8487500000000001 0.465 0.86875 0.48250000000000004 0.86875 0.48250000000000004 0.8487500000000001
2 0.4725 0.8412499999999999 0.45625 0.8412499999999999 0.45625 0.8625 0.4725 0.8625 0.4725 0.8412499999999999
2 0.46125 0.8400000000000001 0.44625000000000004 0.8400000000000001 0.44625000000000004 0.8612500000000001 0.46125 0.8612500000000001 0.46125 0.8400000000000001
2 0.355 0.89375 0.335 0.89375 0.335 0.9125 0.355 0.9125 0.355 0.89375
2 0.34625 0.7849999999999999 0.3275 0.7849999999999999 0.3275 0.8074999999999999 0.34625 0.8074999999999999 0.34625 0.7849999999999999
2 0.33125 0.7837500000000001 0.315 0.7837500000000001 0.315 0.80625 0.33125 0.80625 0.33125 0.7837500000000001
2 0.795 0.8150000000000001 0.7837500000000001 0.8150000000000001 0.7837500000000001 0.83375 0.795 0.83375 0.795 0.8150000000000001
2 0.3225 0.78125 0.305 0.78125 0.305 0.8012499999999999 0.3225 0.8012499999999999 0.3225 0.78125
2 0.335 0.7625 0.3175 0.7625 0.3175 0.7837500000000001 0.335 0.7837500000000001 0.335 0.7625