2 0.89 0.008749999999999999 0.8675 0.008749999999999999 0.8675 0.01875 0.89 0.01875 0.89 0.008749999999999999
2 0.99875 0.01125 0.975 0.01125 0.975 0.0225 0.99875 0.0225 0.99875 0.01125
2 0.975 0.01 0.9475 0.01 0.9475 0.021249999999999998 0.975 0.021249999999999998 0.975 0.01
2 1 0.00125 0.97875 0.00125 0.97875 0.008749999999999999 1 0.008749999999999999 1 0.00125
2 0.9724999999999999 0.00125 0.95 0.00125 0.95 0.008749999999999999 0.9724999999999999 0.008749999999999999 0.9724999999999999 0.00125
2 0.9225 0.0075 0.8925000000000001 0.0075 0.8925000000000001 0.02 0.9225 0.02 0.9225 0.0075
2 0.89 0.00125 0.86625 0.00125 0.86625 0.00625 0.89 0.00625 0.89 0.00125
2 0.6537499999999999 0.041249999999999995 0.63 0.041249999999999995 0.63 0.052500000000000005 0.6537499999999999 0.052500000000000005 0.6537499999999999 0.041249999999999995
2 0.91625 0.00125 0.8925000000000001 0.00125 0.8925000000000001 0.005 0.91625 0.005 0.91625 0.00125
2 0.83125 0.00125 0.805 0.00125 0.805 0.005 0.83125 0.005 0.83125 0.00125
2 0.62625 0.0375 0.605 0.0375 0.605 0.04875 0.62625 0.04875 0.62625 0.0375
2 0.625 0.026250000000000002 0.6025 0.026250000000000002 0.6025 0.03875 0.625 0.03875 0.625 0.026250000000000002
2 0.6537499999999999 0.013750000000000002 0.63125 0.013750000000000002 0.63125 0.025 0.6537499999999999 0.025 0.6537499999999999 0.013750000000000002
2 0.655 0.028749999999999998 0.6287499999999999 0.028749999999999998 0.6287499999999999 0.041249999999999995 0.655 0.041249999999999995 0.655 0.028749999999999998
2 0.71875 0.0475 0.70625 0.0475 0.70625 0.06999999999999999 0.71875 0.06999999999999999 0.71875 0.0475
2 0.7375 0.0475 0.7212500000000001 0.0475 0.7212500000000001 0.0725 0.7375 0.0725 0.7375 0.0475
2 0.65 0.1275 0.61875 0.1275 0.61875 0.14250000000000002 0.65 0.14250000000000002 0.65 0.1275
2 0.50875 0.06375 0.48375 0.06375 0.48375 0.0775 0.50875 0.0775 0.50875 0.06375
2 0.36 0.05125 0.33375 0.05125 0.33375 0.06375 0.36 0.06375 0.36 0.05125
2 0.9887499999999999 0.07875 0.97625 0.07875 0.97625 0.10375000000000001 0.9887499999999999 0.10375000000000001 0.9887499999999999 0.07875
2 0.9724999999999999 0.0725 0.9637499999999999 0.0725 0.9637499999999999 0.10375000000000001 0.9724999999999999 0.10375000000000001 0.9724999999999999 0.0725
2 0.96125 0.07375000000000001 0.95375 0.07375000000000001 0.95375 0.10124999999999999 0.96125 0.10124999999999999 0.96125 0.07375000000000001
2 0.9512499999999999 0.075 0.9375 0.075 0.9375 0.0975 0.9512499999999999 0.0975 0.9512499999999999 0.075
2 0.9400000000000001 0.07125000000000001 0.92875 0.07125000000000001 0.92875 0.0975 0.9400000000000001 0.0975 0.9400000000000001 0.07125000000000001
2 0.9262499999999999 0.07375000000000001 0.91375 0.07375000000000001 0.91375 0.09875 0.9262499999999999 0.09875 0.9262499999999999 0.07375000000000001
2 0.9112500000000001 0.075 0.9012499999999999 0.075 0.9012499999999999 0.10124999999999999 0.9112500000000001 0.10124999999999999 0.9112500000000001 0.075
2 0.81125 0.058750000000000004 0.79625 0.058750000000000004 0.79625 0.0875 0.81125 0.0875 0.81125 0.058750000000000004
2 0.79625 0.05500000000000001 0.7837500000000001 0.05500000000000001 0.7837500000000001 0.08499999999999999 0.79625 0.08499999999999999 0.79625 0.05500000000000001
2 0.7849999999999999 0.05625 0.77125 0.05625 0.77125 0.08249999999999999 0.7849999999999999 0.08249999999999999 0.7849999999999999 0.05625
2 0.5912499999999999 0.11499999999999999 0.5662499999999999 0.11499999999999999 0.5662499999999999 0.1275 0.5912499999999999 0.1275 0.5912499999999999 0.11499999999999999
2 0.0125 0.2525 0.00125 0.2525 0.00125 0.27749999999999997 0.0125 0.27749999999999997 0.0125 0.2525
2 0.0375 0.27999999999999997 0.027500000000000004 0.27999999999999997 0.027500000000000004 0.3025 0.0375 0.3025 0.0375 0.27999999999999997
2 0.025 0.27625 0.013750000000000002 0.27625 0.013750000000000002 0.30375 0.025 0.30375 0.025 0.27625
2 0.015 0.27625 0.0025 0.27625 0.0025 0.30125 0.015 0.30125 0.015 0.27625
2 0.005 0.61875 0.00125 0.61875 0.00125 0.6425 0.005 0.6425 0.005 0.61875
2 0.01625 0.6174999999999999 0.00625 0.6174999999999999 0.00625 0.64 0.01625 0.64 0.01625 0.6174999999999999
2 0.06999999999999999 0.615 0.05375 0.615 0.05375 0.63875 0.06999999999999999 0.63875 0.06999999999999999 0.615
2 0.041249999999999995 0.6425 0.03125 0.6425 0.03125 0.6675 0.041249999999999995 0.6675 0.041249999999999995 0.6425
2 0.01625 0.64 0.00625 0.64 0.00625 0.66625 0.01625 0.66625 0.01625 0.64
2 0.025 0.2525 0.015 0.2525 0.015 0.27625 0.025 0.27625 0.025 0.2525
2 0.03875 0.25375000000000003 0.027500000000000004 0.25375000000000003 0.027500000000000004 0.27625 0.03875 0.27625 0.03875 0.25375000000000003
2 0.18125 0.01625 0.17124999999999999 0.01625 0.17124999999999999 0.04 0.18125 0.04 0.18125 0.01625
2 0.1075 0.01625 0.095 0.01625 0.095 0.03875 0.1075 0.03875 0.1075 0.01625
2 0.07125000000000001 0.01875 0.061250000000000006 0.01875 0.061250000000000006 0.042499999999999996 0.07125000000000001 0.042499999999999996 0.07125000000000001 0.01875
2 0.061250000000000006 0.01625 0.04875 0.01625 0.04875 0.041249999999999995 0.061250000000000006 0.041249999999999995 0.061250000000000006 0.01625
2 0.04 0.015 0.028749999999999998 0.015 0.028749999999999998 0.03875 0.04 0.03875 0.04 0.015
2 0.026250000000000002 0.01625 0.015 0.01625 0.015 0.04 0.026250000000000002 0.04 0.026250000000000002 0.01625
2 0.005 0.0125 0.00125 0.0125 0.00125 0.03875 0.005 0.03875 0.005 0.0125
2 0.16999999999999998 0.015 0.15625 0.015 0.15625 0.041249999999999995 0.16999999999999998 0.041249999999999995 0.16999999999999998 0.015
2 0.20625 0.017499999999999998 0.19375 0.017499999999999998 0.19375 0.042499999999999996 0.20625 0.042499999999999996 0.20625 0.017499999999999998
2 0.24500000000000002 0.00125 0.23374999999999999 0.00125 0.23374999999999999 0.0225 0.24500000000000002 0.0225 0.24500000000000002 0.00125
2 0.015 0.18875 0.0025 0.18875 0.0025 0.21375000000000002 0.015 0.21375000000000002 0.015 0.18875
2 0.21749999999999997 0.05500000000000001 0.19624999999999998 0.05500000000000001 0.19624999999999998 0.07625 0.21749999999999997 0.07625 0.21749999999999997 0.05500000000000001
2 0.16499999999999998 0.10625 0.155 0.10625 0.155 0.12875 0.16499999999999998 0.12875 0.16499999999999998 0.10625
2 0.1675 0.08125 0.1575 0.08125 0.1575 0.1025 0.1675 0.1025 0.1675 0.08125
2 0.15375 0.08125 0.145 0.08125 0.145 0.10124999999999999 0.15375 0.10124999999999999 0.15375 0.08125
2 0.14125000000000001 0.08 0.1325 0.08 0.1325 0.1025 0.14125000000000001 0.1025 0.14125000000000001 0.08
2 0.12875 0.07375000000000001 0.11750000000000001 0.07375000000000001 0.11750000000000001 0.10124999999999999 0.12875 0.10124999999999999 0.12875 0.07375000000000001
2 0.05500000000000001 0.07375000000000001 0.042499999999999996 0.07375000000000001 0.042499999999999996 0.0975 0.05500000000000001 0.0975 0.05500000000000001 0.07375000000000001
2 0.013750000000000002 0.09875 0.0025 0.09875 0.0025 0.12625 0.013750000000000002 0.12625 0.013750000000000002 0.09875
2 0.028749999999999998 0.1025 0.017499999999999998 0.1025 0.017499999999999998 0.125 0.028749999999999998 0.125 0.028749999999999998 0.1025
2 0.041249999999999995 0.1025 0.03 0.1025 0.03 0.12875 0.041249999999999995 0.12875 0.041249999999999995 0.1025
2 0.05375 0.10124999999999999 0.042499999999999996 0.10124999999999999 0.042499999999999996 0.12250000000000001 0.05375 0.12250000000000001 0.05375 0.10124999999999999
2 0.06625 0.10124999999999999 0.05500000000000001 0.10124999999999999 0.05500000000000001 0.12625 0.06625 0.12625 0.06625 0.10124999999999999
2 0.07875 0.1 0.06875 0.1 0.06875 0.1275 0.07875 0.1275 0.07875 0.1
2 0.0925 0.10124999999999999 0.08 0.10124999999999999 0.08 0.125 0.0925 0.125 0.0925 0.10124999999999999
2 0.10375000000000001 0.10124999999999999 0.0925 0.10124999999999999 0.0925 0.12375 0.10375000000000001 0.12375 0.10375000000000001 0.10124999999999999
2 0.11625 0.1025 0.10500000000000001 0.1025 0.10500000000000001 0.12375 0.11625 0.12375 0.11625 0.1025
2 0.12875 0.1025 0.11875 0.1025 0.11875 0.12875 0.12875 0.12875 0.12875 0.1025
2 0.14125000000000001 0.10625 0.12875 0.10625 0.12875 0.13125 0.14125000000000001 0.13125 0.14125000000000001 0.10625
2 0.1525 0.10625 0.14125000000000001 0.10625 0.14125000000000001 0.1325 0.1525 0.1325 0.1525 0.10625
2 0.0025 0.16125 0.00125 0.16125 0.00125 0.19125 0.0025 0.19125 0.0025 0.16125
2 0.01625 0.16 0.005 0.16 0.005 0.18625 0.01625 0.18625 0.01625 0.16
2 0.027500000000000004 0.1625 0.01625 0.1625 0.01625 0.1875 0.027500000000000004 0.1875 0.027500000000000004 0.1625
2 0.04 0.16375 0.028749999999999998 0.16375 0.028749999999999998 0.18875 0.04 0.18875 0.04 0.16375
2 0.052500000000000005 0.18875 0.041249999999999995 0.18875 0.041249999999999995 0.21375000000000002 0.052500000000000005 0.21375000000000002 0.052500000000000005 0.18875
2 0.03875 0.19 0.027500000000000004 0.19 0.027500000000000004 0.21375000000000002 0.03875 0.21375000000000002 0.03875 0.19
2 0.027500000000000004 0.18875 0.01625 0.18875 0.01625 0.21375000000000002 0.027500000000000004 0.21375000000000002 0.027500000000000004 0.18875
2 0.0725 0.42000000000000004 0.045 0.42000000000000004 0.045 0.4325 0.0725 0.4325 0.0725 0.42000000000000004