2 0.16875 0.0225 0.14625 0.0225 0.14625 0.034999999999999996 0.16875 0.034999999999999996 0.16875 0.0225
2 0.24625 0.0075 0.21875 0.0075 0.21875 0.01875 0.24625 0.01875 0.24625 0.0075
2 0.24375 0.026250000000000002 0.21875 0.026250000000000002 0.21875 0.0375 0.24375 0.0375 0.24375 0.026250000000000002
2 0.4175 0.9625 0.40750000000000003 0.9625 0.40750000000000003 0.9875 0.4175 0.9875 0.4175 0.9625
2 0.4925 0.9625 0.47874999999999995 0.9625 0.47874999999999995 0.9887499999999999 0.4925 0.9887499999999999 0.4925 0.9625
2 0.5025000000000001 0.96125 0.4925 0.96125 0.4925 0.9887499999999999 0.5025000000000001 0.9887499999999999 0.5025000000000001 0.96125
2 0.515 0.9625 0.5025000000000001 0.9625 0.5025000000000001 0.99 0.515 0.99 0.515 0.9625
2 0.5387500000000001 0.9625 0.5275000000000001 0.9625 0.5275000000000001 0.9875 0.5387500000000001 0.9875 0.5387500000000001 0.9625
2 0.55 0.9625 0.54 0.9625 0.54 0.9887499999999999 0.55 0.9887499999999999 0.55 0.9625
2 0.56125 0.9637499999999999 0.55 0.9637499999999999 0.55 0.9887499999999999 0.56125 0.9887499999999999 0.56125 0.9637499999999999
2 0.5825 0.9425000000000001 0.5599999999999999 0.9425000000000001 0.5599999999999999 0.9574999999999999 0.5825 0.9574999999999999 0.5825 0.9425000000000001
2 0.58125 0.9324999999999999 0.55625 0.9324999999999999 0.55625 0.945 0.58125 0.945 0.58125 0.9324999999999999
2 0.55375 0.89125 0.54125 0.89125 0.54125 0.915 0.55375 0.915 0.55375 0.89125
2 0.5387500000000001 0.89 0.5287499999999999 0.89 0.5287499999999999 0.91375 0.5387500000000001 0.91375 0.5387500000000001 0.89
2 0.53 0.8887499999999999 0.5175 0.8887499999999999 0.5175 0.91625 0.53 0.91625 0.53 0.8887499999999999
2 0.5175 0.89 0.50625 0.89 0.50625 0.915 0.5175 0.915 0.5175 0.89
2 0.495 0.8887499999999999 0.48125 0.8887499999999999 0.48125 0.915 0.495 0.915 0.495 0.8887499999999999
2 0.48375 0.8887499999999999 0.47125000000000006 0.8887499999999999 0.47125000000000006 0.915 0.48375 0.915 0.48375 0.8887499999999999
2 0.46875 0.8887499999999999 0.45875000000000005 0.8887499999999999 0.45875000000000005 0.91625 0.46875 0.91625 0.46875 0.8887499999999999
2 0.44749999999999995 0.8875 0.43624999999999997 0.8875 0.43624999999999997 0.91375 0.44749999999999995 0.91375 0.44749999999999995 0.8875
2 0.42125 0.88375 0.41 0.88375 0.41 0.915 0.42125 0.915 0.42125 0.88375
2 0.525 0.5475 0.5025000000000001 0.5475 0.5025000000000001 0.5587500000000001 0.525 0.5587500000000001 0.525 0.5475
2 0.48250000000000004 0.50875 0.47375 0.50875 0.47375 0.5337500000000001 0.48250000000000004 0.5337500000000001 0.48250000000000004 0.50875
2 0.32 1 0.32 0.9775 0.30874999999999997 0.9775 0.30874999999999997 1 0.32 1
2 0.47125000000000006 0.50875 0.45999999999999996 0.50875 0.45999999999999996 0.5349999999999999 0.47125000000000006 0.5349999999999999 0.47125000000000006 0.50875
2 0.4575 0.5037499999999999 0.445 0.5037499999999999 0.445 0.5325 0.4575 0.5325 0.4575 0.5037499999999999
2 0.44625000000000004 0.505 0.43375 0.505 0.43375 0.5325 0.44625000000000004 0.5325 0.44625000000000004 0.505
2 0.33625 0.14375 0.3225 0.14375 0.3225 0.16875 0.33625 0.16875 0.33625 0.14375
2 0.33625 0.05125 0.31875 0.05125 0.31875 0.11000000000000001 0.33625 0.11000000000000001 0.33625 0.05125
2 0.36625 0.0325 0.3375 0.0325 0.3375 0.0925 0.36625 0.0925 0.36625 0.0325
2 0.43375 0.505 0.42000000000000004 0.505 0.42000000000000004 0.53125 0.43375 0.53125 0.43375 0.505
2 0.5900000000000001 0.26125 0.57625 0.26125 0.57625 0.28375 0.5900000000000001 0.28375 0.5900000000000001 0.26125
2 0.60875 0.26125 0.5962500000000001 0.26125 0.5962500000000001 0.28375 0.60875 0.28375 0.60875 0.26125
2 0.63375 0.25875 0.6212500000000001 0.25875 0.6212500000000001 0.28875 0.63375 0.28875 0.63375 0.25875
2 0.66625 0.2575 0.6537499999999999 0.2575 0.6537499999999999 0.28500000000000003 0.66625 0.28500000000000003 0.66625 0.2575
2 0.47750000000000004 0.2475 0.465 0.2475 0.465 0.27999999999999997 0.47750000000000004 0.27999999999999997 0.47750000000000004 0.2475
2 0.6837500000000001 0.26375000000000004 0.67125 0.26375000000000004 0.67125 0.2925 0.6837500000000001 0.2925 0.6837500000000001 0.26375000000000004
2 0.6950000000000001 0.265 0.6837500000000001 0.265 0.6837500000000001 0.2875 0.6950000000000001 0.2875 0.6950000000000001 0.265
2 0.7075 0.26375000000000004 0.6975 0.26375000000000004 0.6975 0.28500000000000003 0.7075 0.28500000000000003 0.7075 0.26375000000000004
2 0.72 0.26749999999999996 0.70625 0.26749999999999996 0.70625 0.2925 0.72 0.2925 0.72 0.26749999999999996
2 0.7325 0.2625 0.72 0.2625 0.72 0.2875 0.7325 0.2875 0.7325 0.2625
2 0.7575000000000001 0.26375000000000004 0.7474999999999999 0.26375000000000004 0.7474999999999999 0.29125 0.7575000000000001 0.29125 0.7575000000000001 0.26375000000000004
2 0.7725 0.265 0.76 0.265 0.76 0.29125 0.7725 0.29125 0.7725 0.265
2 0.8237500000000001 0.26749999999999996 0.81125 0.26749999999999996 0.81125 0.29 0.8237500000000001 0.29 0.8237500000000001 0.26749999999999996
2 0.80625 0.26625 0.79625 0.26625 0.79625 0.29125 0.80625 0.29125 0.80625 0.26625
2 0.795 0.265 0.7837500000000001 0.265 0.7837500000000001 0.2925 0.795 0.2925 0.795 0.265
2 0.93875 0.27125 0.925 0.27125 0.925 0.29500000000000004 0.93875 0.29500000000000004 0.93875 0.27125
2 0.9487500000000001 0.27 0.93875 0.27 0.93875 0.29625 0.9487500000000001 0.29625 0.9487500000000001 0.27
2 0.9625 0.27 0.9512499999999999 0.27 0.9512499999999999 0.29625 0.9625 0.29625 0.9625 0.27
2 0.97875 0.27 0.9637499999999999 0.27 0.9637499999999999 0.2925 0.97875 0.2925 0.97875 0.27
2 0.56375 0.2575 0.55125 0.2575 0.55125 0.28375 0.56375 0.28375 0.56375 0.2575
2 0.5525 0.2925 0.52625 0.2925 0.52625 0.30375 0.5525 0.30375 0.5525 0.2925
2 0.5375 0.31875 0.525 0.31875 0.525 0.34375 0.5375 0.34375 0.5375 0.31875
2 0.76875 0.5075000000000001 0.7537499999999999 0.5075000000000001 0.7537499999999999 0.53625 0.76875 0.53625 0.76875 0.5075000000000001
2 0.79875 0.51125 0.7849999999999999 0.51125 0.7849999999999999 0.5375 0.79875 0.5375 0.79875 0.51125
2 0.8125 0.5125 0.7975 0.5125 0.7975 0.5387500000000001 0.8125 0.5387500000000001 0.8125 0.5125
2 0.46125 0.41125 0.44875 0.41125 0.44875 0.43624999999999997 0.46125 0.43624999999999997 0.46125 0.41125
2 0.45875000000000005 0.44625000000000004 0.44749999999999995 0.44625000000000004 0.44749999999999995 0.46875 0.45875000000000005 0.46875 0.45875000000000005 0.44625000000000004
2 0.47000000000000003 0.44625000000000004 0.45999999999999996 0.44625000000000004 0.45999999999999996 0.4725 0.47000000000000003 0.4725 0.47000000000000003 0.44625000000000004
2 0.48624999999999996 0.44625000000000004 0.47000000000000003 0.44625000000000004 0.47000000000000003 0.4725 0.48624999999999996 0.4725 0.48624999999999996 0.44625000000000004
2 0.49625 0.44875 0.4875 0.44875 0.4875 0.47125000000000006 0.49625 0.47125000000000006 0.49625 0.44875
2 0.5125 0.45 0.49749999999999994 0.45 0.49749999999999994 0.47625 0.5125 0.47625 0.5125 0.45
2 0.5225 0.44875 0.51125 0.44875 0.51125 0.47375 0.5225 0.47375 0.5225 0.44875
2 0.5575 0.44875 0.54625 0.44875 0.54625 0.47125000000000006 0.5575 0.47125000000000006 0.5575 0.44875
2 0.57125 0.45 0.5599999999999999 0.45 0.5599999999999999 0.47375 0.57125 0.47375 0.57125 0.45
2 0.585 0.44749999999999995 0.57125 0.44749999999999995 0.57125 0.4725 0.585 0.4725 0.585 0.44749999999999995
2 0.6025 0.45 0.5912499999999999 0.45 0.5912499999999999 0.4725 0.6025 0.4725 0.6025 0.45
2 0.61375 0.45125000000000004 0.60375 0.45125000000000004 0.60375 0.47125000000000006 0.61375 0.47125000000000006 0.61375 0.45125000000000004
2 0.6275000000000001 0.44625000000000004 0.61625 0.44625000000000004 0.61625 0.47375 0.6275000000000001 0.47375 0.6275000000000001 0.44625000000000004
2 0.64 0.44875 0.63 0.44875 0.63 0.4725 0.64 0.4725 0.64 0.44875
2 0.65125 0.45125000000000004 0.64125 0.45125000000000004 0.64125 0.475 0.65125 0.475 0.65125 0.45125000000000004
2 0.665 0.45125000000000004 0.6525000000000001 0.45125000000000004 0.6525000000000001 0.475 0.665 0.475 0.665 0.45125000000000004
2 0.67875 0.4525 0.665 0.4525 0.665 0.475 0.67875 0.475 0.67875 0.4525
2 0.6900000000000001 0.4525 0.67625 0.4525 0.67625 0.475 0.6900000000000001 0.475 0.6900000000000001 0.4525
2 0.7025 0.45375 0.6912499999999999 0.45375 0.6912499999999999 0.47750000000000004 0.7025 0.47750000000000004 0.7025 0.45375
2 0.7175 0.45375 0.705 0.45375 0.705 0.475 0.7175 0.475 0.7175 0.45375
2 0.7275 0.45 0.7125 0.45 0.7125 0.47625 0.7275 0.47625 0.7275 0.45
2 0.74 0.45499999999999996 0.72875 0.45499999999999996 0.72875 0.47625 0.74 0.47625 0.74 0.45499999999999996
2 0.7537499999999999 0.4525 0.7424999999999999 0.4525 0.7424999999999999 0.47625 0.7537499999999999 0.47625 0.7537499999999999 0.4525
2 0.76625 0.4525 0.75625 0.4525 0.75625 0.475 0.76625 0.475 0.76625 0.4525
2 0.7787499999999999 0.45125000000000004 0.7675 0.45125000000000004 0.7675 0.4725 0.7787499999999999 0.4725 0.7787499999999999 0.45125000000000004
2 0.7837500000000001 0.5075000000000001 0.77125 0.5075000000000001 0.77125 0.53625 0.7837500000000001 0.53625 0.7837500000000001 0.5075000000000001
2 0.7537499999999999 0.5075000000000001 0.74 0.5075000000000001 0.74 0.53625 0.7537499999999999 0.53625 0.7537499999999999 0.5075000000000001
2 0.48375 0.41125 0.4725 0.41125 0.4725 0.4375 0.48375 0.4375 0.48375 0.41125
2 0.73875 0.5125 0.7275 0.5125 0.7275 0.5375 0.73875 0.5375 0.73875 0.5125
2 0.42125 0.5075000000000001 0.40750000000000003 0.5075000000000001 0.40750000000000003 0.53125 0.42125 0.53125 0.42125 0.5075000000000001
2 0.40374999999999994 0.48875 0.37124999999999997 0.48875 0.37124999999999997 0.49874999999999997 0.40374999999999994 0.49874999999999997 0.40374999999999994 0.48875
2 0.40374999999999994 0.47625 0.375 0.47625 0.375 0.4875 0.40374999999999994 0.4875 0.40374999999999994 0.47625
2 0.62625 0.6287499999999999 0.6012500000000001 0.6287499999999999 0.6012500000000001 0.63875 0.62625 0.63875 0.62625 0.6287499999999999
2 0.8025 0.575 0.7737499999999999 0.575 0.7737499999999999 0.6025 0.8025 0.6025 0.8025 0.575
2 0.4025 0.4625 0.37625000000000003 0.4625 0.37625000000000003 0.47375 0.4025 0.47375 0.4025 0.4625
2 0.40374999999999994 0.45 0.375 0.45 0.375 0.4625 0.40374999999999994 0.4625 0.40374999999999994 0.45
2 0.4025 0.44000000000000006 0.37374999999999997 0.44000000000000006 0.37374999999999997 0.45 0.4025 0.45 0.4025 0.44000000000000006
2 0.4025 0.42750000000000005 0.3725 0.42750000000000005 0.3725 0.43875000000000003 0.4025 0.43875000000000003 0.4025 0.42750000000000005
2 0.4025 0.41500000000000004 0.3775 0.41500000000000004 0.3775 0.42625 0.4025 0.42625 0.4025 0.41500000000000004
2 0.40125 0.40125 0.3775 0.40125 0.3775 0.41125 0.40125 0.41125 0.40125 0.40125
2 0.4 0.38875000000000004 0.375 0.38875000000000004 0.375 0.4 0.4 0.4 0.4 0.38875000000000004
2 0.40125 0.375 0.37625000000000003 0.375 0.37625000000000003 0.38875000000000004 0.40125 0.38875000000000004 0.40125 0.375
2 0.4 0.36375 0.3775 0.36375 0.3775 0.375 0.4 0.375 0.4 0.36375
2 0.4 0.35125 0.3775 0.35125 0.3775 0.3625 0.4 0.3625 0.4 0.35125
2 0.40125 0.31124999999999997 0.3775 0.31124999999999997 0.3775 0.32375 0.40125 0.32375 0.40125 0.31124999999999997
2 0.58 0.5125 0.56875 0.5125 0.56875 0.53625 0.58 0.53625 0.58 0.5125
2 0.5925 0.5125 0.58 0.5125 0.58 0.5387500000000001 0.5925 0.5387500000000001 0.5925 0.5125
2 0.6075 0.515 0.59375 0.515 0.59375 0.5375 0.6075 0.5375 0.6075 0.515
2 0.62 0.51375 0.6075 0.51375 0.6075 0.5375 0.62 0.5375 0.62 0.51375
2 0.63125 0.51125 0.62 0.51125 0.62 0.5387500000000001 0.63125 0.5387500000000001 0.63125 0.51125
2 0.645 0.51125 0.6325000000000001 0.51125 0.6325000000000001 0.53625 0.645 0.53625 0.645 0.51125
2 0.6575 0.5125 0.64375 0.5125 0.64375 0.53625 0.6575 0.53625 0.6575 0.5125
2 0.66875 0.5125 0.655 0.5125 0.655 0.5375 0.66875 0.5375 0.66875 0.5125
2 0.6825 0.51125 0.66875 0.51125 0.66875 0.5375 0.6825 0.5375 0.6825 0.51125
2 0.69625 0.50875 0.6825 0.50875 0.6825 0.5349999999999999 0.69625 0.5349999999999999 0.69625 0.50875
2 0.70875 0.51 0.6950000000000001 0.51 0.6950000000000001 0.53625 0.70875 0.53625 0.70875 0.51
2 0.47375 0.4125 0.4625 0.4125 0.4625 0.43624999999999997 0.47375 0.43624999999999997 0.47375 0.4125
2 0.49625 0.41125 0.485 0.41125 0.485 0.43875000000000003 0.49625 0.43875000000000003 0.49625 0.41125
2 0.5625 0.32 0.55 0.32 0.55 0.34625 0.5625 0.34625 0.5625 0.32
2 0.5862499999999999 0.3525 0.57375 0.3525 0.57375 0.38 0.5862499999999999 0.38 0.5862499999999999 0.3525
2 0.6174999999999999 0.35625 0.6075 0.35625 0.6075 0.37875000000000003 0.6174999999999999 0.37875000000000003 0.6174999999999999 0.35625
2 0.63125 0.35625 0.62 0.35625 0.62 0.38 0.63125 0.38 0.63125 0.35625
2 0.64375 0.35750000000000004 0.6325000000000001 0.35750000000000004 0.6325000000000001 0.38125 0.64375 0.38125 0.64375 0.35750000000000004
2 0.6587500000000001 0.36 0.64375 0.36 0.64375 0.38 0.6587500000000001 0.38 0.6587500000000001 0.36
2 0.67 0.35750000000000004 0.65625 0.35750000000000004 0.65625 0.38 0.67 0.38 0.67 0.35750000000000004
2 0.68125 0.35625 0.67 0.35625 0.67 0.37875000000000003 0.68125 0.37875000000000003 0.68125 0.35625
2 0.69375 0.35375 0.68125 0.35375 0.68125 0.38 0.69375 0.38 0.69375 0.35375
2 0.7075 0.35750000000000004 0.6950000000000001 0.35750000000000004 0.6950000000000001 0.38 0.7075 0.38 0.7075 0.35750000000000004
2 0.7175 0.35625 0.70875 0.35625 0.70875 0.38 0.7175 0.38 0.7175 0.35625
2 0.7325 0.35750000000000004 0.71875 0.35750000000000004 0.71875 0.37875000000000003 0.7325 0.37875000000000003 0.7325 0.35750000000000004
2 0.75625 0.36 0.7424999999999999 0.36 0.7424999999999999 0.38 0.75625 0.38 0.75625 0.36
2 0.7675 0.35875 0.75625 0.35875 0.75625 0.38125 0.7675 0.38125 0.7675 0.35875
2 0.78125 0.35875 0.76875 0.35875 0.76875 0.385 0.78125 0.385 0.78125 0.35875
2 0.7825 0.32625000000000004 0.77125 0.32625000000000004 0.77125 0.355 0.7825 0.355 0.7825 0.32625000000000004
2 0.7725 0.32625000000000004 0.76 0.32625000000000004 0.76 0.35375 0.7725 0.35375 0.7725 0.32625000000000004
2 0.75875 0.32625000000000004 0.7462500000000001 0.32625000000000004 0.7462500000000001 0.3525 0.75875 0.3525 0.75875 0.32625000000000004
2 0.7462500000000001 0.3275 0.7325 0.3275 0.7325 0.355 0.7462500000000001 0.355 0.7462500000000001 0.3275
2 0.7325 0.325 0.7212500000000001 0.325 0.7212500000000001 0.35 0.7325 0.35 0.7325 0.325
2 0.71875 0.32375 0.7075 0.32375 0.7075 0.34875 0.71875 0.34875 0.71875 0.32375
2 0.70875 0.325 0.69625 0.325 0.69625 0.3525 0.70875 0.3525 0.70875 0.325
2 0.69625 0.32375 0.6825 0.32375 0.6825 0.35125 0.69625 0.35125 0.69625 0.32375
2 0.67 0.32375 0.6575 0.32375 0.6575 0.35125 0.67 0.35125 0.67 0.32375
2 0.6575 0.32 0.64625 0.32 0.64625 0.35125 0.6575 0.35125 0.6575 0.32
2 0.645 0.32375 0.63375 0.32375 0.63375 0.34875 0.645 0.34875 0.645 0.32375
2 0.6325000000000001 0.3225 0.61875 0.3225 0.61875 0.34875 0.6325000000000001 0.34875 0.6325000000000001 0.3225
2 0.60875 0.3225 0.5962500000000001 0.3225 0.5962500000000001 0.34750000000000003 0.60875 0.34750000000000003 0.60875 0.3225
2 0.58875 0.32375 0.57625 0.32375 0.57625 0.34625 0.58875 0.34625 0.58875 0.32375
2 0.60625 0.35750000000000004 0.59375 0.35750000000000004 0.59375 0.3775 0.60625 0.3775 0.60625 0.35750000000000004
2 0.575 0.35625 0.5625 0.35625 0.5625 0.37875000000000003 0.575 0.37875000000000003 0.575 0.35625
2 0.51125 0.41375 0.49749999999999994 0.41375 0.49749999999999994 0.44000000000000006 0.51125 0.44000000000000006 0.51125 0.41375
2 0.56125 0.35750000000000004 0.55125 0.35750000000000004 0.55125 0.38 0.56125 0.38 0.56125 0.35750000000000004
2 0.5237499999999999 0.41125 0.51375 0.41125 0.51375 0.43624999999999997 0.5237499999999999 0.43624999999999997 0.5237499999999999 0.41125
2 0.53625 0.41125 0.5225 0.41125 0.5225 0.43624999999999997 0.53625 0.43624999999999997 0.53625 0.41125
2 0.5587500000000001 0.41375 0.5475 0.41375 0.5475 0.44125 0.5587500000000001 0.44125 0.5587500000000001 0.41375
2 0.5725 0.4175 0.56125 0.4175 0.56125 0.44125 0.5725 0.44125 0.5725 0.4175
2 0.5875 0.41624999999999995 0.5725 0.41624999999999995 0.5725 0.44375 0.5875 0.44375 0.5875 0.41624999999999995
2 0.605 0.41375 0.5925 0.41375 0.5925 0.44125 0.605 0.44125 0.605 0.41375
2 0.6174999999999999 0.41500000000000004 0.6075 0.41500000000000004 0.6075 0.43875000000000003 0.6174999999999999 0.43875000000000003 0.6174999999999999 0.41500000000000004
2 0.6287499999999999 0.41500000000000004 0.61875 0.41500000000000004 0.61875 0.4375 0.6287499999999999 0.4375 0.6287499999999999 0.41500000000000004
2 0.645 0.4175 0.63 0.4175 0.63 0.44125 0.645 0.44125 0.645 0.4175
2 0.65625 0.4175 0.645 0.4175 0.645 0.44125 0.65625 0.44125 0.65625 0.4175
2 0.66625 0.41624999999999995 0.655 0.41624999999999995 0.655 0.44000000000000006 0.66625 0.44000000000000006 0.66625 0.41624999999999995
2 0.68125 0.41500000000000004 0.66875 0.41500000000000004 0.66875 0.44125 0.68125 0.44125 0.68125 0.41500000000000004
2 0.6925 0.41500000000000004 0.67875 0.41500000000000004 0.67875 0.44125 0.6925 0.44125 0.6925 0.41500000000000004
2 0.70375 0.41624999999999995 0.6912499999999999 0.41624999999999995 0.6912499999999999 0.4425 0.70375 0.4425 0.70375 0.41624999999999995
2 0.7162499999999999 0.41375 0.70125 0.41375 0.70125 0.44125 0.7162499999999999 0.44125 0.7162499999999999 0.41375
2 0.73 0.41875 0.7162499999999999 0.41875 0.7162499999999999 0.4425 0.73 0.4425 0.73 0.41875
2 0.7424999999999999 0.42125 0.73 0.42125 0.73 0.44625000000000004 0.7424999999999999 0.44625000000000004 0.7424999999999999 0.42125
2 0.75625 0.42125 0.7424999999999999 0.42125 0.7424999999999999 0.44749999999999995 0.75625 0.44749999999999995 0.75625 0.42125
2 0.77 0.4175 0.75625 0.4175 0.75625 0.44625000000000004 0.77 0.44625000000000004 0.77 0.4175
2 0.4625 0.355 0.45 0.355 0.45 0.37625000000000003 0.4625 0.37625000000000003 0.4625 0.355
2 0.475 0.35375 0.4625 0.35375 0.4625 0.37625000000000003 0.475 0.37625000000000003 0.475 0.35375
2 0.48624999999999996 0.35125 0.47625 0.35125 0.47625 0.38125 0.48624999999999996 0.38125 0.48624999999999996 0.35125
2 0.50125 0.3525 0.48875 0.3525 0.48875 0.37625000000000003 0.50125 0.37625000000000003 0.50125 0.3525
2 0.5125 0.3525 0.5 0.3525 0.5 0.3775 0.5125 0.3775 0.5125 0.3525
2 0.5237499999999999 0.3525 0.51125 0.3525 0.51125 0.37625000000000003 0.5237499999999999 0.37625000000000003 0.5237499999999999 0.3525
2 0.5387500000000001 0.3525 0.5237499999999999 0.3525 0.5237499999999999 0.37625000000000003 0.5387500000000001 0.37625000000000003 0.5387500000000001 0.3525
2 0.55 0.355 0.5375 0.355 0.5375 0.37625000000000003 0.55 0.37625000000000003 0.55 0.355
2 0.9712500000000001 0.32999999999999996 0.96125 0.32999999999999996 0.96125 0.3525 0.9712500000000001 0.3525 0.9712500000000001 0.32999999999999996
2 0.98375 0.3325 0.975 0.3325 0.975 0.35750000000000004 0.98375 0.35750000000000004 0.98375 0.3325
2 0.9974999999999999 0.365 0.985 0.365 0.985 0.3875 0.9974999999999999 0.3875 0.9974999999999999 0.365
2 0.985 0.3625 0.975 0.3625 0.975 0.38625 0.985 0.38625 0.985 0.3625
2 0.9724999999999999 0.36625 0.96125 0.36625 0.96125 0.39 0.9724999999999999 0.39 0.9724999999999999 0.36625
2 0.96875 0.43125 0.96 0.43125 0.96 0.4525 0.96875 0.4525 0.96875 0.43125
2 0.98375 0.42750000000000005 0.9712500000000001 0.42750000000000005 0.9712500000000001 0.45 0.98375 0.45 0.98375 0.42750000000000005
2 0.9974999999999999 0.42750000000000005 0.985 0.42750000000000005 0.985 0.4525 0.9974999999999999 0.4525 0.9974999999999999 0.42750000000000005
2 1 0.42625 0.99875 0.42625 0.99875 0.45375 1 0.45375 1 0.42625
2 1 0.3325 0.9887499999999999 0.3325 0.9887499999999999 0.35750000000000004 1 0.35750000000000004 1 0.3325
2 0.985 0.45999999999999996 0.975 0.45999999999999996 0.975 0.48250000000000004 0.985 0.48250000000000004 0.985 0.45999999999999996
2 0.9712500000000001 0.4575 0.96 0.4575 0.96 0.48125 0.9712500000000001 0.48125 0.9712500000000001 0.4575
2 0.9962500000000001 0.45875000000000005 0.985 0.45875000000000005 0.985 0.485 0.9962500000000001 0.485 0.9962500000000001 0.45875000000000005
2 0.8625 0.00625 0.8400000000000001 0.00625 0.8400000000000001 0.01625 0.8625 0.01625 0.8625 0.00625
2 0.8474999999999999 0.86 0.82 0.86 0.82 0.8724999999999999 0.8474999999999999 0.8724999999999999 0.8474999999999999 0.86