2 0.28125 0.42374999999999996 0.26 0.42374999999999996 0.26 0.43624999999999997 0.28125 0.43624999999999997 0.28125 0.42374999999999996
2 0.33375 0.7 0.31 0.7 0.31 0.7125 0.33375 0.7125 0.33375 0.7
2 0.33625 0.6875 0.31124999999999997 0.6875 0.31124999999999997 0.7 0.33625 0.7 0.33625 0.6875
2 0.33875 0.675 0.31124999999999997 0.675 0.31124999999999997 0.68875 0.33875 0.68875 0.33875 0.675
2 0.3375 0.6637500000000001 0.3125 0.6637500000000001 0.3125 0.67625 0.3375 0.67625 0.3375 0.6637500000000001
2 0.33625 0.65125 0.31 0.65125 0.31 0.6625 0.33625 0.6625 0.33625 0.65125
2 0.3375 0.63875 0.31124999999999997 0.63875 0.31124999999999997 0.65125 0.3375 0.65125 0.3375 0.63875
2 0.33875 0.625 0.31124999999999997 0.625 0.31124999999999997 0.63625 0.33875 0.63625 0.33875 0.625
2 0.33625 0.60875 0.30874999999999997 0.60875 0.30874999999999997 0.62 0.33625 0.62 0.33625 0.60875
2 0.33375 0.595 0.30874999999999997 0.595 0.30874999999999997 0.60625 0.33375 0.60625 0.33375 0.595
2 0.335 0.58125 0.31124999999999997 0.58125 0.31124999999999997 0.595 0.335 0.595 0.335 0.58125
2 0.3375 0.5675 0.315 0.5675 0.315 0.5825 0.3375 0.5825 0.3375 0.5675
2 0.33625 0.5549999999999999 0.31375000000000003 0.5549999999999999 0.31375000000000003 0.5700000000000001 0.33625 0.5700000000000001 0.33625 0.5549999999999999
2 0.27999999999999997 0.39625 0.25125000000000003 0.39625 0.25125000000000003 0.41 0.27999999999999997 0.41 0.27999999999999997 0.39625
2 0.27999999999999997 0.4375 0.255 0.4375 0.255 0.44875 0.27999999999999997 0.44875 0.27999999999999997 0.4375
2 0.36124999999999996 0.47750000000000004 0.33999999999999997 0.47750000000000004 0.33999999999999997 0.49000000000000005 0.36124999999999996 0.49000000000000005 0.36124999999999996 0.47750000000000004
2 0.28125 0.45999999999999996 0.2575 0.45999999999999996 0.2575 0.4725 0.28125 0.4725 0.28125 0.45999999999999996
2 0.255 0.44875 0.23374999999999999 0.44875 0.23374999999999999 0.45875000000000005 0.255 0.45875000000000005 0.255 0.44875
2 0.255 0.46125 0.2325 0.46125 0.2325 0.47000000000000003 0.255 0.47000000000000003 0.255 0.46125
2 0.2525 0.47375 0.23125 0.47375 0.23125 0.485 0.2525 0.485 0.2525 0.47375
2 0.27999999999999997 0.47375 0.25875 0.47375 0.25875 0.48624999999999996 0.27999999999999997 0.48624999999999996 0.27999999999999997 0.47375
2 0.27999999999999997 0.4875 0.255 0.4875 0.255 0.49874999999999997 0.27999999999999997 0.49874999999999997 0.27999999999999997 0.4875
2 0.27875 0.505 0.25375000000000003 0.505 0.25375000000000003 0.51625 0.27875 0.51625 0.27875 0.505
2 0.25 0.50125 0.22749999999999998 0.50125 0.22749999999999998 0.51125 0.25 0.51125 0.25 0.50125
2 0.27875 0.5175 0.25375000000000003 0.5175 0.25375000000000003 0.5287499999999999 0.27875 0.5287499999999999 0.27875 0.5175
2 0.28125 0.5325 0.2575 0.5325 0.2575 0.54375 0.28125 0.54375 0.28125 0.5325
2 0.2525 0.51625 0.22999999999999998 0.51625 0.22999999999999998 0.5275000000000001 0.2525 0.5275000000000001 0.2525 0.51625
2 0.25625 0.53 0.22999999999999998 0.53 0.22999999999999998 0.54 0.25625 0.54 0.25625 0.53
2 0.25375000000000003 0.54 0.225 0.54 0.225 0.55125 0.25375000000000003 0.55125 0.25375000000000003 0.54
2 0.33375 0.7150000000000001 0.31 0.7150000000000001 0.31 0.7275 0.33375 0.7275 0.33375 0.7150000000000001
2 0.36 0.73 0.33625 0.73 0.33625 0.74125 0.36 0.74125 0.36 0.73
2 0.3625 0.7150000000000001 0.335 0.7150000000000001 0.335 0.72875 0.3625 0.72875 0.3625 0.7150000000000001
2 0.35875 0.705 0.33625 0.705 0.33625 0.7162499999999999 0.35875 0.7162499999999999 0.35875 0.705
2 0.34125 0.5075000000000001 0.315 0.5075000000000001 0.315 0.51625 0.34125 0.51625 0.34125 0.5075000000000001
2 0.365 0.50875 0.33999999999999997 0.50875 0.33999999999999997 0.52125 0.365 0.52125 0.365 0.50875
2 0.365 0.5225 0.34125 0.5225 0.34125 0.53125 0.365 0.53125 0.365 0.5225
2 0.34125 0.5175 0.315 0.5175 0.315 0.5287499999999999 0.34125 0.5287499999999999 0.34125 0.5175
2 0.3375 0.5425 0.31375000000000003 0.5425 0.31375000000000003 0.55375 0.3375 0.55375 0.3375 0.5425
2 0.365 0.5425 0.33999999999999997 0.5425 0.33999999999999997 0.5549999999999999 0.365 0.5549999999999999 0.365 0.5425
2 0.42625 0.4025 0.4025 0.4025 0.4025 0.41375 0.42625 0.41375 0.42625 0.4025
2 0.425 0.41624999999999995 0.39875 0.41624999999999995 0.39875 0.42750000000000005 0.425 0.42750000000000005 0.425 0.41624999999999995
2 0.42374999999999996 0.42750000000000005 0.4 0.42750000000000005 0.4 0.4375 0.42374999999999996 0.4375 0.42374999999999996 0.42750000000000005
2 0.4225 0.4425 0.4 0.4425 0.4 0.45625 0.4225 0.45625 0.4225 0.4425
2 0.425 0.46875 0.4025 0.46875 0.4025 0.48 0.425 0.48 0.425 0.46875
2 0.42374999999999996 0.49124999999999996 0.40125 0.49124999999999996 0.40125 0.5025000000000001 0.42374999999999996 0.5025000000000001 0.42374999999999996 0.49124999999999996
2 0.42125 0.53 0.39875 0.53 0.39875 0.54125 0.42125 0.54125 0.42125 0.53
2 0.4225 0.5862499999999999 0.3975 0.5862499999999999 0.3975 0.59875 0.4225 0.59875 0.4225 0.5862499999999999
2 0.42125 0.66625 0.395 0.66625 0.395 0.67875 0.42125 0.67875 0.42125 0.66625
2 0.42125 0.7125 0.3975 0.7125 0.3975 0.7224999999999999 0.42125 0.7224999999999999 0.42125 0.7125
2 0.41875 0.7275 0.3975 0.7275 0.3975 0.73625 0.41875 0.73625 0.41875 0.7275
2 0.35875 0.5549999999999999 0.33875 0.5549999999999999 0.33875 0.56375 0.35875 0.56375 0.35875 0.5549999999999999
2 0.3625 0.56875 0.3375 0.56875 0.3375 0.58125 0.3625 0.58125 0.3625 0.56875
2 0.36 0.5825 0.33999999999999997 0.5825 0.33999999999999997 0.5912499999999999 0.36 0.5912499999999999 0.36 0.5825
2 0.3625 0.5925 0.33875 0.5925 0.33875 0.605 0.3625 0.605 0.3625 0.5925
2 0.36 0.60625 0.3375 0.60625 0.3375 0.62 0.36 0.62 0.36 0.60625
2 0.3625 0.625 0.33999999999999997 0.625 0.33999999999999997 0.63875 0.3625 0.63875 0.3625 0.625
2 0.3625 0.64 0.34249999999999997 0.64 0.34249999999999997 0.65 0.3625 0.65 0.3625 0.64
2 0.3625 0.655 0.33999999999999997 0.655 0.33999999999999997 0.665 0.3625 0.665 0.3625 0.655
2 0.36375 0.665 0.34125 0.665 0.34125 0.675 0.36375 0.675 0.36375 0.665
2 0.36124999999999996 0.6900000000000001 0.335 0.6900000000000001 0.335 0.7025 0.36124999999999996 0.7025 0.36124999999999996 0.6900000000000001
2 0.25375000000000003 0.5599999999999999 0.23125 0.5599999999999999 0.23125 0.5700000000000001 0.25375000000000003 0.5700000000000001 0.25375000000000003 0.5599999999999999
2 0.25375000000000003 0.56875 0.2325 0.56875 0.2325 0.58 0.25375000000000003 0.58 0.25375000000000003 0.56875
2 0.27749999999999997 0.56875 0.25875 0.56875 0.25875 0.57875 0.27749999999999997 0.57875 0.27749999999999997 0.56875
2 0.27749999999999997 0.5825 0.2575 0.5825 0.2575 0.5925 0.27749999999999997 0.5925 0.27749999999999997 0.5825
2 0.25375000000000003 0.5825 0.2325 0.5825 0.2325 0.59375 0.25375000000000003 0.59375 0.25375000000000003 0.5825
2 0.2525 0.60625 0.22999999999999998 0.60625 0.22999999999999998 0.6174999999999999 0.2525 0.6174999999999999 0.2525 0.60625
2 0.28375 0.5962500000000001 0.25625 0.5962500000000001 0.25625 0.60625 0.28375 0.60625 0.28375 0.5962500000000001
2 0.27625 0.60625 0.25375000000000003 0.60625 0.25375000000000003 0.61875 0.27625 0.61875 0.27625 0.60625
2 0.2525 0.625 0.23125 0.625 0.23125 0.63625 0.2525 0.63625 0.2525 0.625
2 0.27625 0.64 0.2525 0.64 0.2525 0.6487499999999999 0.27625 0.6487499999999999 0.27625 0.64
2 0.25125000000000003 0.63875 0.23125 0.63875 0.23125 0.6487499999999999 0.25125000000000003 0.6487499999999999 0.25125000000000003 0.63875
2 0.25 0.65125 0.22749999999999998 0.65125 0.22749999999999998 0.6625 0.25 0.6625 0.25 0.65125
2 0.275 0.6537499999999999 0.255 0.6537499999999999 0.255 0.6637500000000001 0.275 0.6637500000000001 0.275 0.6537499999999999
2 0.2475 0.6637500000000001 0.225 0.6637500000000001 0.225 0.67625 0.2475 0.67625 0.2475 0.6637500000000001
2 0.27375 0.66625 0.2525 0.66625 0.2525 0.675 0.27375 0.675 0.27375 0.66625
2 0.27625 0.675 0.25 0.675 0.25 0.68625 0.27625 0.68625 0.27625 0.675
2 0.275 0.6875 0.2475 0.6875 0.2475 0.7 0.275 0.7 0.275 0.6875
2 0.24500000000000002 0.675 0.22374999999999998 0.675 0.22374999999999998 0.68625 0.24500000000000002 0.68625 0.24500000000000002 0.675
2 0.24500000000000002 0.68625 0.22374999999999998 0.68625 0.22374999999999998 0.6975 0.24500000000000002 0.6975 0.24500000000000002 0.68625
2 0.25 0.7 0.22125 0.7 0.22125 0.7112499999999999 0.25 0.7112499999999999 0.25 0.7
2 0.2725 0.70125 0.25 0.70125 0.25 0.70875 0.2725 0.70875 0.2725 0.70125
2 0.2475 0.7125 0.225 0.7125 0.225 0.72375 0.2475 0.72375 0.2475 0.7125
2 0.27625 0.7125 0.2525 0.7125 0.2525 0.72375 0.27625 0.72375 0.27625 0.7125
2 0.14375 0.79875 0.12 0.79875 0.12 0.8125 0.14375 0.8125 0.14375 0.79875
2 0.1575 0.9125 0.1325 0.9125 0.1325 0.9225 0.1575 0.9225 0.1575 0.9125
2 0.15875 0.925 0.13374999999999998 0.925 0.13374999999999998 0.93625 0.15875 0.93625 0.15875 0.925
2 0.16125 0.9625 0.1325 0.9625 0.1325 0.9737500000000001 0.16125 0.9737500000000001 0.16125 0.9625
2 0.155 0.97625 0.13125 0.97625 0.13125 0.9875 0.155 0.9875 0.155 0.97625
2 0.33625 0.475 0.31375000000000003 0.475 0.31375000000000003 0.4875 0.33625 0.4875 0.33625 0.475
2 0.3625 0.46375 0.33999999999999997 0.46375 0.33999999999999997 0.475 0.3625 0.475 0.3625 0.46375
2 0.33875 0.46375 0.31625000000000003 0.46375 0.31625000000000003 0.4725 0.33875 0.4725 0.33875 0.46375
2 0.31 0.1625 0.2975 0.1625 0.2975 0.18375 0.31 0.18375 0.31 0.1625
2 0.7725 0.075 0.76 0.075 0.76 0.10124999999999999 0.7725 0.10124999999999999 0.7725 0.075
2 0.44125 0.1625 0.43 0.1625 0.43 0.18375 0.44125 0.18375 0.44125 0.1625
2 0.22000000000000003 0.27 0.205 0.27 0.205 0.29375 0.22000000000000003 0.29375 0.22000000000000003 0.27
2 0.24625 0.27875 0.23125 0.27875 0.23125 0.3075 0.24625 0.3075 0.24625 0.27875
2 0.26125 0.2875 0.2475 0.2875 0.2475 0.3125 0.26125 0.3125 0.26125 0.2875
2 0.27375 0.2925 0.26 0.2925 0.26 0.315 0.27375 0.315 0.27375 0.2925
2 0.2875 0.29500000000000004 0.2725 0.29500000000000004 0.2725 0.32 0.2875 0.32 0.2875 0.29500000000000004
2 0.3 0.3 0.28250000000000003 0.3 0.28250000000000003 0.32375 0.3 0.32375 0.3 0.3
2 0.31124999999999997 0.30125 0.29625 0.30125 0.29625 0.32625000000000004 0.31124999999999997 0.32625000000000004 0.31124999999999997 0.30125
2 0.45999999999999996 0.37625000000000003 0.44749999999999995 0.37625000000000003 0.44749999999999995 0.3975 0.45999999999999996 0.3975 0.45999999999999996 0.37625000000000003
2 0.45 0.37374999999999997 0.4375 0.37374999999999997 0.4375 0.4 0.45 0.4 0.45 0.37374999999999997
2 0.4725 0.37625000000000003 0.46125 0.37625000000000003 0.46125 0.3975 0.4725 0.3975 0.4725 0.37625000000000003
2 0.4875 0.3725 0.475 0.3725 0.475 0.39625 0.4875 0.39625 0.4875 0.3725
2 0.51125 0.3775 0.49749999999999994 0.3775 0.49749999999999994 0.3975 0.51125 0.3975 0.51125 0.3775
2 0.5337500000000001 0.37625000000000003 0.5225 0.37625000000000003 0.5225 0.3975 0.5337500000000001 0.3975 0.5337500000000001 0.37625000000000003
2 0.33999999999999997 0.37625000000000003 0.31875 0.37625000000000003 0.31875 0.38625 0.33999999999999997 0.38625 0.33999999999999997 0.37625000000000003
2 0.36625 0.37625000000000003 0.34375 0.37625000000000003 0.34375 0.3875 0.36625 0.3875 0.36625 0.37625000000000003
2 0.3625 0.38875000000000004 0.34249999999999997 0.38875000000000004 0.34249999999999997 0.39875 0.3625 0.39875 0.3625 0.38875000000000004
2 0.33625 0.38875000000000004 0.31625000000000003 0.38875000000000004 0.31625000000000003 0.4 0.33625 0.4 0.33625 0.38875000000000004
2 0.33875 0.40125 0.31625000000000003 0.40125 0.31625000000000003 0.41125 0.33875 0.41125 0.33875 0.40125
2 0.33625 0.41 0.31875 0.41 0.31875 0.42000000000000004 0.33625 0.42000000000000004 0.33625 0.41
2 0.36 0.41375 0.3375 0.41375 0.3375 0.425 0.36 0.425 0.36 0.41375
2 0.365 0.42750000000000005 0.33999999999999997 0.42750000000000005 0.33999999999999997 0.43624999999999997 0.365 0.43624999999999997 0.365 0.42750000000000005
2 0.33625 0.43499999999999994 0.31375000000000003 0.43499999999999994 0.31375000000000003 0.44875 0.33625 0.44875 0.33625 0.43499999999999994
2 0.365 0.4375 0.34125 0.4375 0.34125 0.45125000000000004 0.365 0.45125000000000004 0.365 0.4375
2 0.36 0.4525 0.34125 0.4525 0.34125 0.4625 0.36 0.4625 0.36 0.4525
2 0.33875 0.4525 0.31375000000000003 0.4525 0.31375000000000003 0.4625 0.33875 0.4625 0.33875 0.4525
2 0.6125 0.1075 0.5925 0.1075 0.5925 0.12 0.6125 0.12 0.6125 0.1075
2 0.25375000000000003 0.09625 0.23625 0.09625 0.23625 0.12250000000000001 0.25375000000000003 0.12250000000000001 0.25375000000000003 0.09625
2 0.26375000000000004 0.1025 0.2475 0.1025 0.2475 0.12375 0.26375000000000004 0.12375 0.26375000000000004 0.1025
2 0.4025 0.11875 0.3775 0.11875 0.3775 0.13125 0.4025 0.13125 0.4025 0.11875
2 0.925 0.8225 0.89375 0.8225 0.89375 0.835 0.925 0.835 0.925 0.8225
2 0.9225 0.76 0.89625 0.76 0.89625 0.77125 0.9225 0.77125 0.9225 0.76
2 0.925 0.7474999999999999 0.89875 0.7474999999999999 0.89875 0.7575000000000001 0.925 0.7575000000000001 0.925 0.7474999999999999
2 0.22999999999999998 0.8712500000000001 0.20875 0.8712500000000001 0.20875 0.8800000000000001 0.22999999999999998 0.8800000000000001 0.22999999999999998 0.8712500000000001
2 0.145 0.34500000000000003 0.1275 0.34500000000000003 0.1275 0.40374999999999994 0.145 0.40374999999999994 0.145 0.34500000000000003
2 0.12875 0.74125 0.11499999999999999 0.74125 0.11499999999999999 0.7537499999999999 0.12875 0.7537499999999999 0.12875 0.74125
2 0.13 0.755 0.11625 0.755 0.11625 0.7675 0.13 0.7675 0.13 0.755
2 0.135 0.7675 0.11499999999999999 0.7675 0.11499999999999999 0.78 0.135 0.78 0.135 0.7675