2 0.7375 0.08249999999999999 0.71375 0.08249999999999999 0.71375 0.095 0.7375 0.095 0.7375 0.08249999999999999
2 0.6775 0.04 0.6537499999999999 0.04 0.6537499999999999 0.05375 0.6775 0.05375 0.6775 0.04
2 0.6 0.70625 0.57625 0.70625 0.57625 0.71875 0.6 0.71875 0.6 0.70625
2 0.57125 0.7075 0.54625 0.7075 0.54625 0.71875 0.57125 0.71875 0.57125 0.7075
2 0.575 0.7212500000000001 0.54875 0.7212500000000001 0.54875 0.73 0.575 0.73 0.575 0.7212500000000001
2 0.57125 0.73375 0.55 0.73375 0.55 0.7424999999999999 0.57125 0.7424999999999999 0.57125 0.73375
2 0.5725 0.7474999999999999 0.55 0.7474999999999999 0.55 0.75625 0.5725 0.75625 0.5725 0.7474999999999999
2 0.6 0.72875 0.5725 0.72875 0.5725 0.7424999999999999 0.6 0.7424999999999999 0.6 0.72875
2 0.59375 0.7474999999999999 0.5725 0.7474999999999999 0.5725 0.75625 0.59375 0.75625 0.59375 0.7474999999999999
2 0.5974999999999999 0.76 0.57125 0.76 0.57125 0.77 0.5974999999999999 0.77 0.5974999999999999 0.76
2 0.5962500000000001 0.76875 0.5725 0.76875 0.5725 0.7837500000000001 0.5962500000000001 0.7837500000000001 0.5962500000000001 0.76875
2 0.57125 0.76625 0.54875 0.76625 0.54875 0.78 0.57125 0.78 0.57125 0.76625
2 0.595 0.78125 0.5725 0.78125 0.5725 0.7925 0.595 0.7925 0.595 0.78125
2 0.59375 0.79625 0.5725 0.79625 0.5725 0.80625 0.59375 0.80625 0.59375 0.79625
2 0.57125 0.79375 0.5475 0.79375 0.5475 0.805 0.57125 0.805 0.57125 0.79375
2 0.56375 0.80625 0.54125 0.80625 0.54125 0.81875 0.56375 0.81875 0.56375 0.80625
2 0.5925 0.80625 0.5700000000000001 0.80625 0.5700000000000001 0.81875 0.5925 0.81875 0.5925 0.80625
2 0.5900000000000001 0.8225 0.5675 0.8225 0.5675 0.8324999999999999 0.5900000000000001 0.8324999999999999 0.5900000000000001 0.8225
2 0.5650000000000001 0.82125 0.54125 0.82125 0.54125 0.83375 0.5650000000000001 0.83375 0.5650000000000001 0.82125
2 0.8012499999999999 0.61125 0.7887500000000001 0.61125 0.7887500000000001 0.64125 0.8012499999999999 0.64125 0.8012499999999999 0.61125
2 0.51 0.5862499999999999 0.48375 0.5862499999999999 0.48375 0.59875 0.51 0.59875 0.51 0.5862499999999999
2 0.85375 0.35 0.8400000000000001 0.35 0.8400000000000001 0.38 0.85375 0.38 0.85375 0.35
2 0.83125 0.13374999999999998 0.8175000000000001 0.13374999999999998 0.8175000000000001 0.1675 0.83125 0.1675 0.83125 0.13374999999999998
2 0.04375 0.061250000000000006 0.015 0.061250000000000006 0.015 0.07375000000000001 0.04375 0.07375000000000001 0.04375 0.061250000000000006
2 0.4875 0.8887499999999999 0.45875000000000005 0.8887499999999999 0.45875000000000005 0.89875 0.4875 0.89875 0.4875 0.8887499999999999
2 0.48375 0.9025000000000001 0.45999999999999996 0.9025000000000001 0.45999999999999996 0.9175000000000001 0.48375 0.9175000000000001 0.48375 0.9025000000000001
2 0.48624999999999996 0.8800000000000001 0.4625 0.8800000000000001 0.4625 0.89 0.48624999999999996 0.89 0.48624999999999996 0.8800000000000001
2 0.44625000000000004 1 0.44625000000000004 0.99125 0.43499999999999994 0.99125 0.43499999999999994 1 0.44625000000000004 1
2 0.48250000000000004 1 0.48250000000000004 0.9887499999999999 0.45875000000000005 0.9887499999999999 0.45875000000000005 1 0.48250000000000004 1
2 0.48250000000000004 0.97625 0.45625 0.97625 0.45625 0.9887499999999999 0.48250000000000004 0.9887499999999999 0.48250000000000004 0.97625
2 0.5912499999999999 1 0.5912499999999999 0.9887499999999999 0.5675 0.9887499999999999 0.5675 1 0.5912499999999999 1
2 0.5925 0.9662499999999999 0.56875 0.9662499999999999 0.56875 0.97625 0.5925 0.97625 0.5925 0.9662499999999999
2 0.5675 0.9637499999999999 0.54 0.9637499999999999 0.54 0.975 0.5675 0.975 0.5675 0.9637499999999999
2 0.48624999999999996 0.86875 0.46375 0.86875 0.46375 0.8775000000000001 0.48624999999999996 0.8775000000000001 0.48624999999999996 0.86875
2 0.6125 0.63375 0.6012500000000001 0.63375 0.6012500000000001 0.6599999999999999 0.6125 0.6599999999999999 0.6125 0.63375
2 0.5875 0.63125 0.57625 0.63125 0.57625 0.6575 0.5875 0.6575 0.5875 0.63125
2 0.57625 0.635 0.56375 0.635 0.56375 0.6587500000000001 0.57625 0.6587500000000001 0.57625 0.635
2 0.55 0.63125 0.5375 0.63125 0.5375 0.6599999999999999 0.55 0.6599999999999999 0.55 0.63125
2 0.5349999999999999 0.635 0.525 0.635 0.525 0.6575 0.5349999999999999 0.6575 0.5349999999999999 0.635
2 0.52625 0.6287499999999999 0.515 0.6287499999999999 0.515 0.65625 0.52625 0.65625 0.52625 0.6287499999999999
2 0.515 0.63125 0.5025000000000001 0.63125 0.5025000000000001 0.6525000000000001 0.515 0.6525000000000001 0.515 0.63125
2 0.50125 0.6275000000000001 0.49000000000000005 0.6275000000000001 0.49000000000000005 0.6575 0.50125 0.6575 0.50125 0.6275000000000001
2 0.4325 0.7424999999999999 0.40875000000000006 0.7424999999999999 0.40875000000000006 0.755 0.4325 0.755 0.4325 0.7424999999999999
2 0.42750000000000005 0.76 0.40625 0.76 0.40625 0.7725 0.42750000000000005 0.7725 0.42750000000000005 0.76
2 0.43375 0.7775000000000001 0.40625 0.7775000000000001 0.40625 0.79 0.43375 0.79 0.43375 0.7775000000000001
2 0.43 0.79125 0.40499999999999997 0.79125 0.40499999999999997 0.8025 0.43 0.8025 0.43 0.79125
2 0.43 0.80625 0.40625 0.80625 0.40625 0.82125 0.43 0.82125 0.43 0.80625
2 0.48875 0.70375 0.465 0.70375 0.465 0.7175 0.48875 0.7175 0.48875 0.70375
2 0.51 0.7025 0.49000000000000005 0.7025 0.49000000000000005 0.7150000000000001 0.51 0.7150000000000001 0.51 0.7025
2 0.515 0.72 0.4925 0.72 0.4925 0.73 0.515 0.73 0.515 0.72
2 0.48875 0.74375 0.465 0.74375 0.465 0.7537499999999999 0.48875 0.7537499999999999 0.48875 0.74375
2 0.51375 0.74 0.49000000000000005 0.74 0.49000000000000005 0.7525000000000001 0.51375 0.7525000000000001 0.51375 0.74
2 0.5125 0.75625 0.48875 0.75625 0.48875 0.7675 0.5125 0.7675 0.5125 0.75625
2 0.485 0.76875 0.46375 0.76875 0.46375 0.7775000000000001 0.485 0.7775000000000001 0.485 0.76875
2 0.5125 0.78 0.4925 0.78 0.4925 0.7925 0.5125 0.7925 0.5125 0.78
2 0.5125 0.80625 0.48875 0.80625 0.48875 0.8162499999999999 0.5125 0.8162499999999999 0.5125 0.80625
2 0.485 0.805 0.45875000000000005 0.805 0.45875000000000005 0.81375 0.485 0.81375 0.485 0.805
2 0.4875 0.8150000000000001 0.465 0.8150000000000001 0.465 0.8262499999999999 0.4875 0.8262499999999999 0.4875 0.8150000000000001
2 0.48624999999999996 0.8262499999999999 0.45999999999999996 0.8262499999999999 0.45999999999999996 0.8387499999999999 0.48624999999999996 0.8387499999999999 0.48624999999999996 0.8262499999999999
2 0.4875 0.8425 0.45999999999999996 0.8425 0.45999999999999996 0.85375 0.4875 0.85375 0.4875 0.8425
2 0.4875 0.85375 0.4625 0.85375 0.4625 0.865 0.4875 0.865 0.4875 0.85375
2 0.5125 0.865 0.48875 0.865 0.48875 0.8775000000000001 0.5125 0.8775000000000001 0.5125 0.865
2 0.6 0.6325000000000001 0.5900000000000001 0.6325000000000001 0.5900000000000001 0.6599999999999999 0.6 0.6599999999999999 0.6 0.6325000000000001
2 0.62625 0.63625 0.61375 0.63625 0.61375 0.6637500000000001 0.62625 0.6637500000000001 0.62625 0.63625
2 0.65625 0.66875 0.6325000000000001 0.66875 0.6325000000000001 0.68125 0.65625 0.68125 0.65625 0.66875
2 0.6525000000000001 1 0.6525000000000001 0.9925 0.6275000000000001 0.9925 0.6275000000000001 1 0.6525000000000001 1
2 0.6537499999999999 0.9800000000000001 0.62625 0.9800000000000001 0.62625 0.9925 0.6537499999999999 0.9925 0.6537499999999999 0.9800000000000001
2 0.6525000000000001 0.9675 0.625 0.9675 0.625 0.9775 0.6525000000000001 0.9775 0.6525000000000001 0.9675
2 0.5662499999999999 0.9087500000000001 0.5425 0.9087500000000001 0.5425 0.9199999999999999 0.5662499999999999 0.9199999999999999 0.5662499999999999 0.9087500000000001
2 0.5912499999999999 0.90625 0.56875 0.90625 0.56875 0.91625 0.5912499999999999 0.91625 0.5912499999999999 0.90625
2 0.5925 0.89375 0.5662499999999999 0.89375 0.5662499999999999 0.90625 0.5925 0.90625 0.5925 0.89375
2 0.59375 0.8825 0.5662499999999999 0.8825 0.5662499999999999 0.8949999999999999 0.59375 0.8949999999999999 0.59375 0.8825
2 0.5925 0.8699999999999999 0.5675 0.8699999999999999 0.5675 0.88125 0.5925 0.88125 0.5925 0.8699999999999999
2 0.5675 0.85625 0.545 0.85625 0.545 0.86875 0.5675 0.86875 0.5675 0.85625
2 0.5925 0.84375 0.575 0.84375 0.575 0.8550000000000001 0.5925 0.8550000000000001 0.5925 0.84375
2 0.655 0.89875 0.6275000000000001 0.89875 0.6275000000000001 0.9087500000000001 0.655 0.9087500000000001 0.655 0.89875
2 0.6525000000000001 0.8862500000000001 0.63 0.8862500000000001 0.63 0.89625 0.6525000000000001 0.89625 0.6525000000000001 0.8862500000000001
2 0.6525000000000001 0.8724999999999999 0.6287499999999999 0.8724999999999999 0.6287499999999999 0.88125 0.6525000000000001 0.88125 0.6525000000000001 0.8724999999999999
2 0.655 0.8574999999999999 0.63 0.8574999999999999 0.63 0.8699999999999999 0.655 0.8699999999999999 0.655 0.8574999999999999
2 0.6537499999999999 0.83625 0.63 0.83625 0.63 0.8462500000000001 0.6537499999999999 0.8462500000000001 0.6537499999999999 0.83625
2 0.655 0.82125 0.6275000000000001 0.82125 0.6275000000000001 0.8375 0.655 0.8375 0.655 0.82125
2 0.6587500000000001 0.79875 0.63 0.79875 0.63 0.8099999999999999 0.6587500000000001 0.8099999999999999 0.6587500000000001 0.79875
2 0.65625 0.7849999999999999 0.63125 0.7849999999999999 0.63125 0.79875 0.65625 0.79875 0.65625 0.7849999999999999
2 0.6599999999999999 0.76 0.63 0.76 0.63 0.7737499999999999 0.6599999999999999 0.7737499999999999 0.6599999999999999 0.76
2 0.6599999999999999 0.7474999999999999 0.63375 0.7474999999999999 0.63375 0.75875 0.6599999999999999 0.75875 0.6599999999999999 0.7474999999999999
2 0.6599999999999999 0.735 0.63375 0.735 0.63375 0.7474999999999999 0.6599999999999999 0.7474999999999999 0.6599999999999999 0.735
2 0.655 0.72 0.63125 0.72 0.63125 0.73375 0.655 0.73375 0.655 0.72
2 0.6587500000000001 0.69875 0.635 0.69875 0.635 0.70875 0.6587500000000001 0.70875 0.6587500000000001 0.69875
2 0.65625 0.6825 0.63375 0.6825 0.63375 0.69375 0.65625 0.69375 0.65625 0.6825