2 0.8262499999999999 0.07375000000000001 0.8150000000000001 0.07375000000000001 0.8150000000000001 0.10124999999999999 0.8262499999999999 0.10124999999999999 0.8262499999999999 0.07375000000000001
2 0.845 0.0675 0.8300000000000001 0.0675 0.8300000000000001 0.09125 0.845 0.09125 0.845 0.0675
2 0.84375 0.04 0.8324999999999999 0.04 0.8324999999999999 0.065 0.84375 0.065 0.84375 0.04
2 0.76375 0.04 0.7474999999999999 0.04 0.7474999999999999 0.0675 0.76375 0.0675 0.76375 0.04
2 0.74875 0.041249999999999995 0.73625 0.041249999999999995 0.73625 0.06625 0.74875 0.06625 0.74875 0.041249999999999995
2 0.735 0.0375 0.7224999999999999 0.0375 0.7224999999999999 0.06375 0.735 0.06375 0.735 0.0375
2 0.5974999999999999 0.05500000000000001 0.58 0.05500000000000001 0.58 0.08499999999999999 0.5974999999999999 0.08499999999999999 0.5974999999999999 0.05500000000000001
2 0.50625 0.04375 0.48125 0.04375 0.48125 0.05625 0.50625 0.05625 0.50625 0.04375
2 0.6637500000000001 0.0625 0.65125 0.0625 0.65125 0.08875 0.6637500000000001 0.08875 0.6637500000000001 0.0625
2 0.71875 0.0625 0.7075 0.0625 0.7075 0.09125 0.71875 0.09125 0.71875 0.0625
2 0.7325 0.065 0.71875 0.065 0.71875 0.0925 0.7325 0.0925 0.7325 0.065
2 0.7462500000000001 0.06875 0.73375 0.06875 0.73375 0.09625 0.7462500000000001 0.09625 0.7462500000000001 0.06875
2 0.76125 0.06875 0.7462500000000001 0.06875 0.7462500000000001 0.09625 0.76125 0.09625 0.76125 0.06875
2 0.775 0.06999999999999999 0.7625 0.06999999999999999 0.7625 0.095 0.775 0.095 0.775 0.06999999999999999
2 0.885 0.04875 0.8712500000000001 0.04875 0.8712500000000001 0.07625 0.885 0.07625 0.885 0.04875
2 0.9012499999999999 0.04875 0.8875 0.04875 0.8875 0.07375000000000001 0.9012499999999999 0.07375000000000001 0.9012499999999999 0.04875
2 0.8699999999999999 0.0775 0.85875 0.0775 0.85875 0.10500000000000001 0.8699999999999999 0.10500000000000001 0.8699999999999999 0.0775
2 0.6925 0.065 0.6799999999999999 0.065 0.6799999999999999 0.09125 0.6925 0.09125 0.6925 0.065
2 0.705 0.06375 0.6925 0.06375 0.6925 0.0875 0.705 0.0875 0.705 0.06375
2 0.8012499999999999 0.06999999999999999 0.7887500000000001 0.06999999999999999 0.7887500000000001 0.09625 0.8012499999999999 0.09625 0.8012499999999999 0.06999999999999999
2 0.6799999999999999 0.03375 0.665 0.03375 0.665 0.057499999999999996 0.6799999999999999 0.057499999999999996 0.6799999999999999 0.03375
2 0.595 0.028749999999999998 0.58125 0.028749999999999998 0.58125 0.05 0.595 0.05 0.595 0.028749999999999998
2 0.58125 0.028749999999999998 0.56875 0.028749999999999998 0.56875 0.052500000000000005 0.58125 0.052500000000000005 0.58125 0.028749999999999998
2 0.51125 0.013750000000000002 0.4875 0.013750000000000002 0.4875 0.026250000000000002 0.51125 0.026250000000000002 0.51125 0.013750000000000002
2 0.5075000000000001 0.026250000000000002 0.48624999999999996 0.026250000000000002 0.48624999999999996 0.041249999999999995 0.5075000000000001 0.041249999999999995 0.5075000000000001 0.026250000000000002
2 0.75625 0.015 0.7224999999999999 0.015 0.7224999999999999 0.03125 0.75625 0.03125 0.75625 0.015
2 0.62375 0.028749999999999998 0.61125 0.028749999999999998 0.61125 0.05375 0.62375 0.05375 0.62375 0.028749999999999998
2 0.755 0.1375 0.7424999999999999 0.1375 0.7424999999999999 0.16375 0.755 0.16375 0.755 0.1375
2 0.7875 0.06875 0.7775000000000001 0.06875 0.7775000000000001 0.095 0.7875 0.095 0.7875 0.06875
2 0.7 0.13625 0.68625 0.13625 0.68625 0.1625 0.7 0.1625 0.7 0.13625
2 0.67875 0.1375 0.6625 0.1375 0.6625 0.16625 0.67875 0.16625 0.67875 0.1375
2 0.8400000000000001 0.14250000000000002 0.825 0.14250000000000002 0.825 0.16875 0.8400000000000001 0.16875 0.8400000000000001 0.14250000000000002
2 0.9475 0.15 0.93625 0.15 0.93625 0.17625 0.9475 0.17625 0.9475 0.15
2 0.85875 0.075 0.845 0.075 0.845 0.09875 0.85875 0.09875 0.85875 0.075
2 0.9125 0.08 0.9012499999999999 0.08 0.9012499999999999 0.10500000000000001 0.9125 0.10500000000000001 0.9125 0.08
2 0.8125 0.0725 0.8012499999999999 0.0725 0.8012499999999999 0.09625 0.8125 0.09625 0.8125 0.0725
2 0.88375 0.0775 0.8724999999999999 0.0775 0.8724999999999999 0.1025 0.88375 0.1025 0.88375 0.0775
2 0.9 0.08 0.8875 0.08 0.8875 0.10625 0.9 0.10625 0.9 0.08
2 0.52125 0.00125 0.485 0.00125 0.485 0.00375 0.52125 0.00375 0.52125 0.00125
2 0.9349999999999999 0.155 0.9199999999999999 0.155 0.9199999999999999 0.18125 0.9349999999999999 0.18125 0.9349999999999999 0.155
2 0.9199999999999999 0.1525 0.90625 0.1525 0.90625 0.18 0.9199999999999999 0.18 0.9199999999999999 0.1525
2 0.8237500000000001 0.14250000000000002 0.8125 0.14250000000000002 0.8125 0.16999999999999998 0.8237500000000001 0.16999999999999998 0.8237500000000001 0.14250000000000002
2 0.8099999999999999 0.14250000000000002 0.79625 0.14250000000000002 0.79625 0.16999999999999998 0.8099999999999999 0.16999999999999998 0.8099999999999999 0.14250000000000002
2 0.7825 0.14125000000000001 0.77 0.14125000000000001 0.77 0.1675 0.7825 0.1675 0.7825 0.14125000000000001
2 0.7075 0.034999999999999996 0.6925 0.034999999999999996 0.6925 0.06 0.7075 0.06 0.7075 0.034999999999999996
2 0.7224999999999999 0.03375 0.7075 0.03375 0.7075 0.061250000000000006 0.7224999999999999 0.061250000000000006 0.7224999999999999 0.03375
2 0.7775000000000001 0.04 0.765 0.04 0.765 0.065 0.7775000000000001 0.065 0.7775000000000001 0.04
2 1 0.04 0.975 0.04 0.975 0.05125 1 0.05125 1 0.04
2 1 0.0125 0.97875 0.0125 0.97875 0.025 1 0.025 1 0.0125
2 1 0.05500000000000001 0.97 0.05500000000000001 0.97 0.06875 1 0.06875 1 0.05500000000000001
2 1 0.06875 0.97625 0.06875 0.97625 0.07875 1 0.07875 1 0.06875
2 1 0.08249999999999999 0.975 0.08249999999999999 0.975 0.09375 1 0.09375 1 0.08249999999999999
2 1 0.09375 0.975 0.09375 0.975 0.10625 1 0.10625 1 0.09375
2 0.9974999999999999 0.12375 0.9737500000000001 0.12375 0.9737500000000001 0.135 0.9974999999999999 0.135 0.9974999999999999 0.12375
2 0.9962500000000001 0.13625 0.97 0.13625 0.97 0.14875 0.9962500000000001 0.14875 0.9962500000000001 0.13625
2 0.7925 0.04 0.7787499999999999 0.04 0.7787499999999999 0.065 0.7925 0.065 0.7925 0.04
2 0.87375 0.00125 0.8625 0.00125 0.8625 0.0025 0.87375 0.0025 0.87375 0.00125
2 0.8862500000000001 0.00125 0.875 0.00125 0.875 0.00625 0.8862500000000001 0.00625 0.8862500000000001 0.00125
2 0.91375 0.05125 0.9025000000000001 0.05125 0.9025000000000001 0.0775 0.91375 0.0775 0.91375 0.05125
2 0.87375 0.0475 0.86 0.0475 0.86 0.07375000000000001 0.87375 0.07375000000000001 0.87375 0.0475
2 0.81375 0.04 0.80375 0.04 0.80375 0.0675 0.81375 0.0675 0.81375 0.04
2 0.83125 0.03625 0.82 0.03625 0.82 0.065 0.83125 0.065 0.83125 0.03625
2 0.85875 0.045 0.845 0.045 0.845 0.0725 0.85875 0.0725 0.85875 0.045
2 0.805 0.041249999999999995 0.79 0.041249999999999995 0.79 0.06625 0.805 0.06625 0.805 0.041249999999999995
2 0.91625 0.00125 0.905 0.00125 0.905 0.00625 0.91625 0.00625 0.91625 0.00125
2 0.40499999999999997 0.017499999999999998 0.375 0.017499999999999998 0.375 0.03625 0.40499999999999997 0.03625 0.40499999999999997 0.017499999999999998
2 0.465 0.025 0.43875000000000003 0.025 0.43875000000000003 0.034999999999999996 0.465 0.034999999999999996 0.465 0.025
2 0.31375000000000003 0.08375 0.28375 0.08375 0.28375 0.10124999999999999 0.31375000000000003 0.10124999999999999 0.31375000000000003 0.08375
2 0.39875 0.11499999999999999 0.38375 0.11499999999999999 0.38375 0.14875 0.39875 0.14875 0.39875 0.11499999999999999