2 0.43375 0.27375 0.4175 0.27375 0.4175 0.3025 0.43375 0.3025 0.43375 0.27375
2 0.495 0.275 0.48250000000000004 0.275 0.48250000000000004 0.3 0.495 0.3 0.495 0.275
2 0.5325 0.27625 0.52 0.27625 0.52 0.3025 0.5325 0.3025 0.5325 0.27625
2 0.5075000000000001 0.27625 0.49749999999999994 0.27625 0.49749999999999994 0.3025 0.5075000000000001 0.3025 0.5075000000000001 0.27625
2 0.575 0.27749999999999997 0.5625 0.27749999999999997 0.5625 0.30125 0.575 0.30125 0.575 0.27749999999999997
2 0.5900000000000001 0.27375 0.57875 0.27375 0.57875 0.2975 0.5900000000000001 0.2975 0.5900000000000001 0.27375
2 0.61375 0.27875 0.60375 0.27875 0.60375 0.305 0.61375 0.305 0.61375 0.27875
2 0.0075 0.26375000000000004 0.00125 0.26375000000000004 0.00125 0.29125 0.0075 0.29125 0.0075 0.26375000000000004
2 0.0225 0.265 0.01 0.265 0.01 0.29125 0.0225 0.29125 0.0225 0.265
2 0.07375000000000001 0.26749999999999996 0.061250000000000006 0.26749999999999996 0.061250000000000006 0.29 0.07375000000000001 0.29 0.07375000000000001 0.26749999999999996
2 0.05625 0.26625 0.04625 0.26625 0.04625 0.29125 0.05625 0.29125 0.05625 0.26625
2 0.045 0.265 0.03375 0.265 0.03375 0.2925 0.045 0.2925 0.045 0.265
2 0.18875 0.27125 0.175 0.27125 0.175 0.29500000000000004 0.18875 0.29500000000000004 0.18875 0.27125
2 0.19875 0.27 0.18875 0.27 0.18875 0.29625 0.19875 0.29625 0.19875 0.27
2 0.2125 0.27 0.20125 0.27 0.20125 0.29625 0.2125 0.29625 0.2125 0.27
2 0.22875 0.27 0.21375000000000002 0.27 0.21375000000000002 0.2925 0.22875 0.2925 0.22875 0.27
2 0.01875 0.5075000000000001 0.00375 0.5075000000000001 0.00375 0.53625 0.01875 0.53625 0.01875 0.5075000000000001
2 0.04875 0.51125 0.034999999999999996 0.51125 0.034999999999999996 0.5375 0.04875 0.5375 0.04875 0.51125
2 0.0625 0.5125 0.0475 0.5125 0.0475 0.5387500000000001 0.0625 0.5387500000000001 0.0625 0.5125
2 0.00375 0.4525 0.00125 0.4525 0.00125 0.475 0.00375 0.475 0.00375 0.4525
2 0.01625 0.4525 0.00625 0.4525 0.00625 0.475 0.01625 0.475 0.01625 0.4525
2 0.028749999999999998 0.45125000000000004 0.017499999999999998 0.45125000000000004 0.017499999999999998 0.4725 0.028749999999999998 0.4725 0.028749999999999998 0.45125000000000004
2 0.03375 0.5075000000000001 0.021249999999999998 0.5075000000000001 0.021249999999999998 0.53625 0.03375 0.53625 0.03375 0.5075000000000001
2 0.052500000000000005 0.575 0.02375 0.575 0.02375 0.6025 0.052500000000000005 0.6025 0.052500000000000005 0.575
2 0.00625 0.36 0.00125 0.36 0.00125 0.38 0.00625 0.38 0.00625 0.36
2 0.017499999999999998 0.35875 0.00625 0.35875 0.00625 0.38125 0.017499999999999998 0.38125 0.017499999999999998 0.35875
2 0.03125 0.35875 0.01875 0.35875 0.01875 0.385 0.03125 0.385 0.03125 0.35875
2 0.0325 0.32625000000000004 0.021249999999999998 0.32625000000000004 0.021249999999999998 0.355 0.0325 0.355 0.0325 0.32625000000000004
2 0.0225 0.32625000000000004 0.01 0.32625000000000004 0.01 0.35375 0.0225 0.35375 0.0225 0.32625000000000004
2 0.008749999999999999 0.32625000000000004 0.00125 0.32625000000000004 0.00125 0.3525 0.008749999999999999 0.3525 0.008749999999999999 0.32625000000000004
2 0.00625 0.42125 0.00125 0.42125 0.00125 0.44625000000000004 0.00625 0.44625000000000004 0.00625 0.42125
2 0.02 0.4175 0.00625 0.4175 0.00625 0.44625000000000004 0.02 0.44625000000000004 0.02 0.4175
2 0.5900000000000001 0.33875 0.5775 0.33875 0.5775 0.36875 0.5900000000000001 0.36875 0.5900000000000001 0.33875
2 0.22125 0.32999999999999996 0.21125 0.32999999999999996 0.21125 0.3525 0.22125 0.3525 0.22125 0.32999999999999996
2 0.23374999999999999 0.3325 0.225 0.3325 0.225 0.35750000000000004 0.23374999999999999 0.35750000000000004 0.23374999999999999 0.3325
2 0.91875 0.38125 0.9087500000000001 0.38125 0.9087500000000001 0.40499999999999997 0.91875 0.40499999999999997 0.91875 0.38125
2 0.735 0.7525000000000001 0.72375 0.7525000000000001 0.72375 0.77625 0.735 0.77625 0.735 0.7525000000000001
2 0.8 0.68625 0.7875 0.68625 0.7875 0.71375 0.8 0.71375 0.8 0.68625
2 0.8262499999999999 0.6849999999999999 0.81375 0.6849999999999999 0.81375 0.71375 0.8262499999999999 0.71375 0.8262499999999999 0.6849999999999999
2 0.8375 0.6849999999999999 0.8275 0.6849999999999999 0.8275 0.71 0.8375 0.71 0.8375 0.6849999999999999
2 0.85125 0.6912499999999999 0.8387499999999999 0.6912499999999999 0.8387499999999999 0.7175 0.85125 0.7175 0.85125 0.6912499999999999
2 0.8637499999999999 0.6900000000000001 0.85125 0.6900000000000001 0.85125 0.7150000000000001 0.8637499999999999 0.7150000000000001 0.8637499999999999 0.6900000000000001
2 0.875 0.6912499999999999 0.8637499999999999 0.6912499999999999 0.8637499999999999 0.71375 0.875 0.71375 0.875 0.6912499999999999
2 0.8875 0.6900000000000001 0.87625 0.6900000000000001 0.87625 0.7175 0.8875 0.7175 0.8875 0.6900000000000001
2 0.9012499999999999 0.6912499999999999 0.8875 0.6912499999999999 0.8875 0.7150000000000001 0.9012499999999999 0.7150000000000001 0.9012499999999999 0.6912499999999999
2 0.9262499999999999 0.6900000000000001 0.915 0.6900000000000001 0.915 0.7175 0.9262499999999999 0.7175 0.9262499999999999 0.6900000000000001
2 0.93875 0.68875 0.925 0.68875 0.925 0.7175 0.93875 0.7175 0.93875 0.68875
2 0.9512499999999999 0.6925 0.9349999999999999 0.6925 0.9349999999999999 0.7162499999999999 0.9512499999999999 0.7162499999999999 0.9512499999999999 0.6925
2 0.9625 0.6912499999999999 0.9525 0.6912499999999999 0.9525 0.7150000000000001 0.9625 0.7150000000000001 0.9625 0.6912499999999999
2 0.9737500000000001 0.6925 0.9625 0.6925 0.9625 0.71375 0.9737500000000001 0.71375 0.9737500000000001 0.6925
2 0.74875 0.75125 0.7375 0.75125 0.7375 0.7775000000000001 0.74875 0.7775000000000001 0.74875 0.75125
2 0.9037499999999999 0.44375 0.89375 0.44375 0.89375 0.46749999999999997 0.9037499999999999 0.46749999999999997 0.9037499999999999 0.44375
2 0.7625 0.7525000000000001 0.7474999999999999 0.7525000000000001 0.7474999999999999 0.78 0.7625 0.78 0.7625 0.7525000000000001
2 0.7737499999999999 0.7537499999999999 0.7625 0.7537499999999999 0.7625 0.7775000000000001 0.7737499999999999 0.7775000000000001 0.7737499999999999 0.7537499999999999
2 0.8 0.76 0.7875 0.76 0.7875 0.7825 0.8 0.7825 0.8 0.76
2 0.8375 0.7525000000000001 0.825 0.7525000000000001 0.825 0.7775000000000001 0.8375 0.7775000000000001 0.8375 0.7525000000000001
2 0.85 0.7525000000000001 0.8387499999999999 0.7525000000000001 0.8387499999999999 0.77625 0.85 0.77625 0.85 0.7525000000000001
2 0.875 0.755 0.8637499999999999 0.755 0.8637499999999999 0.78125 0.875 0.78125 0.875 0.755
2 0.8875 0.75625 0.875 0.75625 0.875 0.78125 0.8875 0.78125 0.8875 0.75625
2 0.9 0.75625 0.8887499999999999 0.75625 0.8887499999999999 0.78 0.9 0.78 0.9 0.75625
2 0.9125 0.755 0.9 0.755 0.9 0.78 0.9125 0.78 0.9125 0.755
2 0.925 0.7537499999999999 0.91375 0.7537499999999999 0.91375 0.78125 0.925 0.78125 0.925 0.7537499999999999
2 0.95 0.75625 0.9375 0.75625 0.9375 0.7837500000000001 0.95 0.7837500000000001 0.95 0.75625
2 0.9625 0.7575000000000001 0.9512499999999999 0.7575000000000001 0.9512499999999999 0.7825 0.9625 0.7825 0.9625 0.7575000000000001
2 0.975 0.7837500000000001 0.9625 0.7837500000000001 0.9625 0.80625 0.975 0.80625 0.975 0.7837500000000001
2 0.7737499999999999 0.6900000000000001 0.7625 0.6900000000000001 0.7625 0.71375 0.7737499999999999 0.71375 0.7737499999999999 0.6900000000000001
2 0.75125 0.68875 0.74125 0.68875 0.74125 0.7125 0.75125 0.7125 0.75125 0.68875
2 0.7325 0.6900000000000001 0.71875 0.6900000000000001 0.71875 0.7175 0.7325 0.7175 0.7325 0.6900000000000001
2 0.71375 0.6925 0.7 0.6925 0.7 0.7212500000000001 0.71375 0.7212500000000001 0.71375 0.6925
2 0.91625 0.47375 0.9037499999999999 0.47375 0.9037499999999999 0.49874999999999997 0.91625 0.49874999999999997 0.91625 0.47375
2 0.99 0.34125 0.9650000000000001 0.34125 0.9650000000000001 0.35375 0.99 0.35375 0.99 0.34125
2 0.9862500000000001 0.36875 0.9637499999999999 0.36875 0.9637499999999999 0.37875000000000003 0.9862500000000001 0.37875000000000003 0.9862500000000001 0.36875
2 0.9887499999999999 0.40374999999999994 0.9637499999999999 0.40374999999999994 0.9637499999999999 0.41500000000000004 0.9887499999999999 0.41500000000000004 0.9887499999999999 0.40374999999999994
2 0.9887499999999999 0.41624999999999995 0.9650000000000001 0.41624999999999995 0.9650000000000001 0.43125 0.9887499999999999 0.43125 0.9887499999999999 0.41624999999999995
2 0.9887499999999999 0.43 0.9675 0.43 0.9675 0.44125 0.9887499999999999 0.44125 0.9887499999999999 0.43
2 0.9887499999999999 0.4425 0.9662499999999999 0.4425 0.9662499999999999 0.45375 0.9887499999999999 0.45375 0.9887499999999999 0.4425
2 0.99125 0.45499999999999996 0.9637499999999999 0.45499999999999996 0.9637499999999999 0.46749999999999997 0.99125 0.46749999999999997 0.99125 0.45499999999999996
2 0.9875 0.46749999999999997 0.9637499999999999 0.46749999999999997 0.9637499999999999 0.47750000000000004 0.9875 0.47750000000000004 0.9875 0.46749999999999997
2 0.9875 0.47874999999999995 0.9650000000000001 0.47874999999999995 0.9650000000000001 0.48875 0.9875 0.48875 0.9875 0.47874999999999995
2 0.985 0.49124999999999996 0.9637499999999999 0.49124999999999996 0.9637499999999999 0.5025000000000001 0.985 0.5025000000000001 0.985 0.49124999999999996
2 0.9875 0.5025000000000001 0.9625 0.5025000000000001 0.9625 0.51625 0.9875 0.51625 0.9875 0.5025000000000001
2 0.9887499999999999 0.51875 0.96125 0.51875 0.96125 0.5287499999999999 0.9887499999999999 0.5287499999999999 0.9887499999999999 0.51875
2 0.9550000000000001 0.5337500000000001 0.9412499999999999 0.5337500000000001 0.9412499999999999 0.56125 0.9550000000000001 0.56125 0.9550000000000001 0.5337500000000001
2 0.9412499999999999 0.53125 0.93 0.53125 0.93 0.5599999999999999 0.9412499999999999 0.5599999999999999 0.9412499999999999 0.53125
2 0.9037499999999999 0.5287499999999999 0.8925000000000001 0.5287499999999999 0.8925000000000001 0.5575 0.9037499999999999 0.5575 0.9037499999999999 0.5287499999999999
2 0.89125 0.53 0.8800000000000001 0.53 0.8800000000000001 0.5625 0.89125 0.5625 0.89125 0.53
2 0.88125 0.5325 0.8675 0.5325 0.8675 0.5587500000000001 0.88125 0.5587500000000001 0.88125 0.5325
2 0.86625 0.5325 0.85375 0.5325 0.85375 0.5575 0.86625 0.5575 0.86625 0.5325
2 0.8425 0.5275000000000001 0.8300000000000001 0.5275000000000001 0.8300000000000001 0.5587500000000001 0.8425 0.5587500000000001 0.8425 0.5275000000000001
2 0.8300000000000001 0.53 0.8175000000000001 0.53 0.8175000000000001 0.5549999999999999 0.8300000000000001 0.5549999999999999 0.8300000000000001 0.53
2 0.80375 0.5287499999999999 0.7925 0.5287499999999999 0.7925 0.5549999999999999 0.80375 0.5549999999999999 0.80375 0.5287499999999999
2 0.76625 0.53 0.755 0.53 0.755 0.55375 0.76625 0.55375 0.76625 0.53
2 0.745 0.5275000000000001 0.73375 0.5275000000000001 0.73375 0.55375 0.745 0.55375 0.745 0.5275000000000001
2 0.6725 0.52125 0.6587500000000001 0.52125 0.6587500000000001 0.5525 0.6725 0.5525 0.6725 0.52125
2 0.6575 0.52125 0.64375 0.52125 0.64375 0.5525 0.6575 0.5525 0.6575 0.52125
2 0.6287499999999999 0.5225 0.6174999999999999 0.5225 0.6174999999999999 0.55125 0.6287499999999999 0.55125 0.6287499999999999 0.5225
2 0.9724999999999999 0.75625 0.9637499999999999 0.75625 0.9637499999999999 0.78125 0.9724999999999999 0.78125 0.9724999999999999 0.75625
2 0.9625 0.7775000000000001 0.95 0.7775000000000001 0.95 0.8074999999999999 0.9625 0.8074999999999999 0.9625 0.7775000000000001
2 0.9487500000000001 0.78125 0.9375 0.78125 0.9375 0.80625 0.9487500000000001 0.80625 0.9487500000000001 0.78125
2 0.58875 0.9349999999999999 0.57875 0.9349999999999999 0.57875 0.95875 0.58875 0.95875 0.58875 0.9349999999999999
2 0.5662499999999999 0.9349999999999999 0.55625 0.9349999999999999 0.55625 0.96 0.5662499999999999 0.96 0.5662499999999999 0.9349999999999999
2 0.5525 0.93625 0.54125 0.93625 0.54125 0.95875 0.5525 0.95875 0.5525 0.93625
2 0.54 0.9349999999999999 0.5287499999999999 0.9349999999999999 0.5287499999999999 0.95875 0.54 0.95875 0.54 0.9349999999999999
2 0.52625 0.9375 0.51625 0.9375 0.51625 0.9637499999999999 0.52625 0.9637499999999999 0.52625 0.9375
2 0.51625 0.9349999999999999 0.505 0.9349999999999999 0.505 0.9574999999999999 0.51625 0.9574999999999999 0.51625 0.9349999999999999
2 0.6575 1 0.6575 0.9974999999999999 0.65 0.9974999999999999 0.65 1 0.6575 1
2 0.5625 1 0.5625 0.9974999999999999 0.55375 0.9974999999999999 0.55375 1 0.5625 1
2 0.55 1 0.55 0.9962500000000001 0.54 0.9962500000000001 0.54 1 0.55 1
2 0.525 1 0.525 0.9974999999999999 0.51625 0.9974999999999999 0.51625 1 0.525 1
2 0.5125 1 0.5125 0.9962500000000001 0.50125 0.9962500000000001 0.50125 1 0.5125 1
2 0.49874999999999997 1 0.49874999999999997 0.99875 0.49124999999999996 0.99875 0.49124999999999996 1 0.49874999999999997 1
2 0.5775 0.9337500000000001 0.56875 0.9337500000000001 0.56875 0.95875 0.5775 0.95875 0.5775 0.9337500000000001
2 0.6025 0.9349999999999999 0.5925 0.9349999999999999 0.5925 0.96125 0.6025 0.96125 0.6025 0.9349999999999999
2 0.9262499999999999 0.78 0.91375 0.78 0.91375 0.80625 0.9262499999999999 0.80625 0.9262499999999999 0.78
2 0.70125 0.9324999999999999 0.68625 0.9324999999999999 0.68625 0.9574999999999999 0.70125 0.9574999999999999 0.70125 0.9324999999999999
2 0.9099999999999999 0.7837500000000001 0.89875 0.7837500000000001 0.89875 0.8087500000000001 0.9099999999999999 0.8087500000000001 0.9099999999999999 0.7837500000000001
2 0.9 0.78 0.8875 0.78 0.8875 0.805 0.9 0.805 0.9 0.78
2 0.8862500000000001 0.7825 0.875 0.7825 0.875 0.8074999999999999 0.8862500000000001 0.8074999999999999 0.8862500000000001 0.7825
2 0.87375 0.78125 0.86 0.78125 0.86 0.8074999999999999 0.87375 0.8074999999999999 0.87375 0.78125
2 0.85 0.7775000000000001 0.8375 0.7775000000000001 0.8375 0.8025 0.85 0.8025 0.85 0.7775000000000001
2 0.8237500000000001 0.78 0.8125 0.78 0.8125 0.8012499999999999 0.8237500000000001 0.8012499999999999 0.8237500000000001 0.78
2 0.8099999999999999 0.78125 0.79875 0.78125 0.79875 0.8099999999999999 0.8099999999999999 0.8099999999999999 0.8099999999999999 0.78125
2 0.79875 0.78 0.7887500000000001 0.78 0.7887500000000001 0.8087500000000001 0.79875 0.8087500000000001 0.79875 0.78
2 0.78625 0.77625 0.775 0.77625 0.775 0.8012499999999999 0.78625 0.8012499999999999 0.78625 0.77625
2 0.7737499999999999 0.7787499999999999 0.76 0.7787499999999999 0.76 0.80375 0.7737499999999999 0.80375 0.7737499999999999 0.7787499999999999
2 0.7625 0.78 0.74875 0.78 0.74875 0.80625 0.7625 0.80625 0.7625 0.78
2 0.7474999999999999 0.7775000000000001 0.73375 0.7775000000000001 0.73375 0.80625 0.7474999999999999 0.80625 0.7474999999999999 0.7775000000000001
2 0.9275 0.8175000000000001 0.905 0.8175000000000001 0.905 0.8300000000000001 0.9275 0.8300000000000001 0.9275 0.8175000000000001
2 0.9724999999999999 0.8462500000000001 0.96 0.8462500000000001 0.96 0.8712500000000001 0.9724999999999999 0.8712500000000001 0.9724999999999999 0.8462500000000001
2 0.95375 0.8487500000000001 0.9412499999999999 0.8487500000000001 0.9412499999999999 0.87375 0.95375 0.87375 0.95375 0.8487500000000001
2 0.915 0.8474999999999999 0.9037499999999999 0.8474999999999999 0.9037499999999999 0.87375 0.915 0.87375 0.915 0.8474999999999999
2 0.89625 0.8474999999999999 0.88375 0.8474999999999999 0.88375 0.86875 0.89625 0.86875 0.89625 0.8474999999999999
2 0.8825 0.8474999999999999 0.8712500000000001 0.8474999999999999 0.8712500000000001 0.8712500000000001 0.8825 0.8712500000000001 0.8825 0.8474999999999999
2 0.8712500000000001 0.84375 0.85875 0.84375 0.85875 0.86875 0.8712500000000001 0.86875 0.8712500000000001 0.84375
2 0.86 0.8425 0.8474999999999999 0.8425 0.8474999999999999 0.8675 0.86 0.8675 0.86 0.8425
2 0.84375 0.84375 0.83375 0.84375 0.83375 0.86875 0.84375 0.86875 0.84375 0.84375
2 0.83375 0.8425 0.82125 0.8425 0.82125 0.8699999999999999 0.83375 0.8699999999999999 0.83375 0.8425
2 0.80625 0.8462500000000001 0.795 0.8462500000000001 0.795 0.8699999999999999 0.80625 0.8699999999999999 0.80625 0.8462500000000001
2 0.7925 0.84375 0.7837500000000001 0.84375 0.7837500000000001 0.8712500000000001 0.7925 0.8712500000000001 0.7925 0.84375
2 0.78 0.8425 0.77 0.8425 0.77 0.86875 0.78 0.86875 0.78 0.8425
2 0.76 0.8425 0.7474999999999999 0.8425 0.7474999999999999 0.865 0.76 0.865 0.76 0.8425
2 0.71875 0.8387499999999999 0.70625 0.8387499999999999 0.70625 0.8637499999999999 0.71875 0.8637499999999999 0.71875 0.8387499999999999
2 0.89125 0.47000000000000003 0.8800000000000001 0.47000000000000003 0.8800000000000001 0.49375 0.89125 0.49375 0.89125 0.47000000000000003
2 0.86625 0.47375 0.8550000000000001 0.47375 0.8550000000000001 0.49749999999999994 0.86625 0.49749999999999994 0.86625 0.47375
2 0.84375 0.34625 0.83125 0.34625 0.83125 0.37 0.84375 0.37 0.84375 0.34625
2 0.3225 0.36625 0.3125 0.36625 0.3125 0.3875 0.3225 0.3875 0.3225 0.36625
2 0.2975 0.36625 0.28625 0.36625 0.28625 0.39 0.2975 0.39 0.2975 0.36625
2 0.28375 0.36625 0.27375 0.36625 0.27375 0.39 0.28375 0.39 0.28375 0.36625
2 0.27375 0.365 0.2625 0.365 0.2625 0.38875000000000004 0.27375 0.38875000000000004 0.27375 0.365
2 0.26125 0.365 0.2475 0.365 0.2475 0.39 0.26125 0.39 0.26125 0.365
2 0.2475 0.365 0.23500000000000001 0.365 0.23500000000000001 0.3875 0.2475 0.3875 0.2475 0.365
2 0.23500000000000001 0.3625 0.225 0.3625 0.225 0.38625 0.23500000000000001 0.38625 0.23500000000000001 0.3625
2 0.2225 0.36625 0.21125 0.36625 0.21125 0.39 0.2225 0.39 0.2225 0.36625
2 0.64 0.34375 0.6275000000000001 0.34375 0.6275000000000001 0.36875 0.64 0.36875 0.64 0.34375
2 0.665 0.3375 0.6487499999999999 0.3375 0.6487499999999999 0.36625 0.665 0.36625 0.665 0.3375
2 0.70125 0.33625 0.68875 0.33625 0.68875 0.3625 0.70125 0.3625 0.70125 0.33625
2 0.75 0.34625 0.7375 0.34625 0.7375 0.36875 0.75 0.36875 0.75 0.34625
2 0.82125 0.34249999999999997 0.80625 0.34249999999999997 0.80625 0.3725 0.82125 0.3725 0.82125 0.34249999999999997
2 0.90625 0.34875 0.89375 0.34875 0.89375 0.3725 0.90625 0.3725 0.90625 0.34875
2 0.8425 0.47000000000000003 0.83125 0.47000000000000003 0.83125 0.4925 0.8425 0.4925 0.8425 0.47000000000000003
2 0.91875 0.34375 0.905 0.34375 0.905 0.3725 0.91875 0.3725 0.91875 0.34375
2 0.21875 0.43125 0.21000000000000002 0.43125 0.21000000000000002 0.4525 0.21875 0.4525 0.21875 0.43125
2 0.23374999999999999 0.42750000000000005 0.22125 0.42750000000000005 0.22125 0.45 0.23374999999999999 0.45 0.23374999999999999 0.42750000000000005
2 0.2475 0.42750000000000005 0.23500000000000001 0.42750000000000005 0.23500000000000001 0.4525 0.2475 0.4525 0.2475 0.42750000000000005
2 0.26 0.42625 0.24874999999999997 0.42625 0.24874999999999997 0.45375 0.26 0.45375 0.26 0.42625
2 0.27125 0.42625 0.26125 0.42625 0.26125 0.45125000000000004 0.27125 0.45125000000000004 0.27125 0.42625
2 0.28250000000000003 0.42374999999999996 0.2725 0.42374999999999996 0.2725 0.4525 0.28250000000000003 0.4525 0.28250000000000003 0.42374999999999996
2 0.29625 0.42750000000000005 0.28500000000000003 0.42750000000000005 0.28500000000000003 0.45 0.29625 0.45 0.29625 0.42750000000000005
2 0.31 0.42625 0.29625 0.42625 0.29625 0.4525 0.31 0.4525 0.31 0.42625
2 0.32125 0.425 0.31124999999999997 0.425 0.31124999999999997 0.4525 0.32125 0.4525 0.32125 0.425
2 0.33375 0.42750000000000005 0.32125 0.42750000000000005 0.32125 0.45125000000000004 0.33375 0.45125000000000004 0.33375 0.42750000000000005
2 0.34750000000000003 0.425 0.335 0.425 0.335 0.45125000000000004 0.34750000000000003 0.45125000000000004 0.34750000000000003 0.425
2 0.3625 0.42750000000000005 0.35125 0.42750000000000005 0.35125 0.45 0.3625 0.45 0.3625 0.42750000000000005
2 0.33625 0.36625 0.325 0.36625 0.325 0.38875000000000004 0.33625 0.38875000000000004 0.33625 0.36625
2 0.34750000000000003 0.36875 0.3375 0.36875 0.3375 0.39 0.34750000000000003 0.39 0.34750000000000003 0.36875
2 0.36124999999999996 0.3675 0.34875 0.3675 0.34875 0.39 0.36124999999999996 0.39 0.36124999999999996 0.3675
2 0.3775 0.36875 0.36625 0.36875 0.36625 0.39125 0.3775 0.39125 0.3775 0.36875
2 0.71875 0.04875 0.68875 0.04875 0.68875 0.061250000000000006 0.71875 0.061250000000000006 0.71875 0.04875
2 0.6537499999999999 0.28125 0.64125 0.28125 0.64125 0.3025 0.6537499999999999 0.3025 0.6537499999999999 0.28125
2 0.6875 0.28125 0.67375 0.28125 0.67375 0.3025 0.6875 0.3025 0.6875 0.28125
2 0.40625 0.3375 0.39375 0.3375 0.39375 0.3625 0.40625 0.3625 0.40625 0.3375
2 0.3625 0.335 0.3525 0.335 0.3525 0.36 0.3625 0.36 0.3625 0.335
2 0.325 0.3325 0.31375000000000003 0.3325 0.31375000000000003 0.35875 0.325 0.35875 0.325 0.3325
2 0.31124999999999997 0.335 0.3 0.335 0.3 0.35625 0.31124999999999997 0.35625 0.31124999999999997 0.335
2 0.28625 0.3325 0.275 0.3325 0.275 0.35750000000000004 0.28625 0.35750000000000004 0.28625 0.3325
2 0.27125 0.32875 0.26375000000000004 0.32875 0.26375000000000004 0.35625 0.27125 0.35625 0.27125 0.32875
2 0.26125 0.335 0.25125000000000003 0.335 0.25125000000000003 0.35625 0.26125 0.35625 0.26125 0.335
2 0.25 0.3325 0.23875000000000002 0.3325 0.23875000000000002 0.35750000000000004 0.25 0.35750000000000004 0.25 0.3325
2 0.51875 0.33999999999999997 0.5075000000000001 0.33999999999999997 0.5075000000000001 0.365 0.51875 0.365 0.51875 0.33999999999999997
2 0.5175 0.3725 0.50625 0.3725 0.50625 0.395 0.5175 0.395 0.5175 0.3725
2 0.505 0.37 0.49375 0.37 0.49375 0.39625 0.505 0.39625 0.505 0.37
2 0.4925 0.37 0.48125 0.37 0.48125 0.39375 0.4925 0.39375 0.4925 0.37
2 0.48 0.37 0.46624999999999994 0.37 0.46624999999999994 0.39875 0.48 0.39875 0.48 0.37
2 0.45375 0.37 0.44375 0.37 0.44375 0.39375 0.45375 0.39375 0.45375 0.37
2 0.44125 0.37 0.43125 0.37 0.43125 0.39249999999999996 0.44125 0.39249999999999996 0.44125 0.37
2 0.41500000000000004 0.37 0.40374999999999994 0.37 0.40374999999999994 0.39375 0.41500000000000004 0.39375 0.41500000000000004 0.37
2 0.40499999999999997 0.36875 0.39249999999999996 0.36875 0.39249999999999996 0.395 0.40499999999999997 0.395 0.40499999999999997 0.36875
2 0.38875000000000004 0.36875 0.38 0.36875 0.38 0.39 0.38875000000000004 0.39 0.38875000000000004 0.36875
2 0.37625000000000003 0.425 0.365 0.425 0.365 0.45125000000000004 0.37625000000000003 0.45125000000000004 0.37625000000000003 0.425
2 0.39 0.42874999999999996 0.38 0.42874999999999996 0.38 0.4525 0.39 0.4525 0.39 0.42874999999999996
2 0.40499999999999997 0.42750000000000005 0.39375 0.42750000000000005 0.39375 0.45375 0.40499999999999997 0.45375 0.40499999999999997 0.42750000000000005
2 0.23500000000000001 0.45999999999999996 0.225 0.45999999999999996 0.225 0.48250000000000004 0.23500000000000001 0.48250000000000004 0.23500000000000001 0.45999999999999996
2 0.59875 0.37124999999999997 0.5875 0.37124999999999997 0.5875 0.39625 0.59875 0.39625 0.59875 0.37124999999999997
2 0.61125 0.3725 0.59875 0.3725 0.59875 0.3975 0.61125 0.3975 0.61125 0.3725
2 0.6375 0.37374999999999997 0.6224999999999999 0.37374999999999997 0.6224999999999999 0.4 0.6375 0.4 0.6375 0.37374999999999997
2 0.71375 0.3775 0.69625 0.3775 0.69625 0.40750000000000003 0.71375 0.40750000000000003 0.71375 0.3775
2 0.75 0.37625000000000003 0.73875 0.37625000000000003 0.73875 0.4025 0.75 0.4025 0.75 0.37625000000000003
2 0.76875 0.3725 0.75625 0.3725 0.75625 0.4 0.76875 0.4 0.76875 0.3725
2 0.8949999999999999 0.37875000000000003 0.88125 0.37875000000000003 0.88125 0.40374999999999994 0.8949999999999999 0.40374999999999994 0.8949999999999999 0.37875000000000003
2 0.5862499999999999 0.4325 0.575 0.4325 0.575 0.4575 0.5862499999999999 0.4575 0.5862499999999999 0.4325
2 0.5974999999999999 0.4325 0.5862499999999999 0.4325 0.5862499999999999 0.45999999999999996 0.5974999999999999 0.45999999999999996 0.5974999999999999 0.4325
2 0.61125 0.43 0.59875 0.43 0.59875 0.4575 0.61125 0.4575 0.61125 0.43
2 0.6487499999999999 0.4375 0.63625 0.4375 0.63625 0.4625 0.6487499999999999 0.4625 0.6487499999999999 0.4375
2 0.6900000000000001 0.43499999999999994 0.6775 0.43499999999999994 0.6775 0.45875000000000005 0.6900000000000001 0.45875000000000005 0.6900000000000001 0.43499999999999994
2 0.73625 0.44125 0.7224999999999999 0.44125 0.7224999999999999 0.465 0.73625 0.465 0.73625 0.44125
2 0.74875 0.4325 0.73625 0.4325 0.73625 0.46125 0.74875 0.46125 0.74875 0.4325
2 0.7775000000000001 0.43375 0.765 0.43375 0.765 0.4575 0.7775000000000001 0.4575 0.7775000000000001 0.43375
2 0.585 0.465 0.57625 0.465 0.57625 0.49000000000000005 0.585 0.49000000000000005 0.585 0.465
2 0.5974999999999999 0.465 0.5862499999999999 0.465 0.5862499999999999 0.48875 0.5974999999999999 0.48875 0.5974999999999999 0.465
2 0.6125 0.465 0.59875 0.465 0.59875 0.49000000000000005 0.6125 0.49000000000000005 0.6125 0.465
2 0.6212500000000001 0.46375 0.6125 0.46375 0.6125 0.49000000000000005 0.6212500000000001 0.49000000000000005 0.6212500000000001 0.46375
2 0.635 0.46875 0.6224999999999999 0.46875 0.6224999999999999 0.49375 0.635 0.49375 0.635 0.46875
2 0.6475 0.46875 0.63625 0.46875 0.63625 0.49124999999999996 0.6475 0.49124999999999996 0.6475 0.46875
2 0.7112499999999999 0.47000000000000003 0.6975 0.47000000000000003 0.6975 0.495 0.7112499999999999 0.495 0.7112499999999999 0.47000000000000003
2 0.73375 0.47000000000000003 0.7224999999999999 0.47000000000000003 0.7224999999999999 0.49375 0.73375 0.49375 0.73375 0.47000000000000003
2 0.7462500000000001 0.46875 0.735 0.46875 0.735 0.49124999999999996 0.7462500000000001 0.49124999999999996 0.7462500000000001 0.46875
2 0.8175000000000001 0.43875000000000003 0.805 0.43875000000000003 0.805 0.465 0.8175000000000001 0.465 0.8175000000000001 0.43875000000000003
2 0.79125 0.46875 0.78125 0.46875 0.78125 0.49375 0.79125 0.49375 0.79125 0.46875
2 0.81375 0.4725 0.8025 0.4725 0.8025 0.49375 0.81375 0.49375 0.81375 0.4725
2 0.22125 0.4575 0.21000000000000002 0.4575 0.21000000000000002 0.48125 0.22125 0.48125 0.22125 0.4575
2 0.24625 0.45875000000000005 0.23500000000000001 0.45875000000000005 0.23500000000000001 0.485 0.24625 0.485 0.24625 0.45875000000000005
2 0.41500000000000004 0.42750000000000005 0.40499999999999997 0.42750000000000005 0.40499999999999997 0.45125000000000004 0.41500000000000004 0.45125000000000004 0.41500000000000004 0.42750000000000005
2 0.25875 0.45875000000000005 0.2475 0.45875000000000005 0.2475 0.485 0.25875 0.485 0.25875 0.45875000000000005
2 0.42625 0.43125 0.41624999999999995 0.43125 0.41624999999999995 0.45499999999999996 0.42625 0.45499999999999996 0.42625 0.43125
2 0.43875000000000003 0.42750000000000005 0.42750000000000005 0.42750000000000005 0.42750000000000005 0.4525 0.43875000000000003 0.4525 0.43875000000000003 0.42750000000000005
2 0.4525 0.43125 0.4425 0.43125 0.4425 0.4575 0.4525 0.4575 0.4525 0.43125
2 0.465 0.42874999999999996 0.45499999999999996 0.42874999999999996 0.45499999999999996 0.45625 0.465 0.45625 0.465 0.42874999999999996
2 0.47874999999999995 0.43125 0.46624999999999994 0.43125 0.46624999999999994 0.4575 0.47874999999999995 0.4575 0.47874999999999995 0.43125
2 0.4925 0.43 0.47874999999999995 0.43 0.47874999999999995 0.4575 0.4925 0.4575 0.4925 0.43
2 0.5025000000000001 0.4325 0.49124999999999996 0.4325 0.49124999999999996 0.45999999999999996 0.5025000000000001 0.45999999999999996 0.5025000000000001 0.4325
2 0.515 0.465 0.5025000000000001 0.465 0.5025000000000001 0.49124999999999996 0.515 0.49124999999999996 0.515 0.465
2 0.5025000000000001 0.46375 0.49000000000000005 0.46375 0.49000000000000005 0.48624999999999996 0.5025000000000001 0.48624999999999996 0.5025000000000001 0.46375
2 0.49000000000000005 0.46125 0.47750000000000004 0.46125 0.47750000000000004 0.49000000000000005 0.49000000000000005 0.49000000000000005 0.49000000000000005 0.46125
2 0.47625 0.465 0.46375 0.465 0.46375 0.48875 0.47625 0.48875 0.47625 0.465
2 0.46749999999999997 0.4625 0.4525 0.4625 0.4525 0.48624999999999996 0.46749999999999997 0.48624999999999996 0.46749999999999997 0.4625
2 0.45375 0.4625 0.44000000000000006 0.4625 0.44000000000000006 0.4875 0.45375 0.4875 0.45375 0.4625
2 0.44125 0.4625 0.42750000000000005 0.4625 0.42750000000000005 0.48875 0.44125 0.48875 0.44125 0.4625
2 0.42750000000000005 0.46125 0.41500000000000004 0.46125 0.41500000000000004 0.48125 0.42750000000000005 0.48125 0.42750000000000005 0.46125
2 0.41500000000000004 0.4625 0.40374999999999994 0.4625 0.40374999999999994 0.4875 0.41500000000000004 0.4875 0.41500000000000004 0.4625
2 0.4025 0.465 0.39125 0.465 0.39125 0.4875 0.4025 0.4875 0.4025 0.465
2 0.39249999999999996 0.45999999999999996 0.37625000000000003 0.45999999999999996 0.37625000000000003 0.48624999999999996 0.39249999999999996 0.48624999999999996 0.39249999999999996 0.45999999999999996
2 0.3775 0.45625 0.3675 0.45625 0.3675 0.47874999999999995 0.3775 0.47874999999999995 0.3775 0.45625
2 0.36 0.4625 0.34625 0.4625 0.34625 0.485 0.36 0.485 0.36 0.4625
2 0.34625 0.46125 0.33375 0.46125 0.33375 0.4875 0.34625 0.4875 0.34625 0.46125
2 0.33375 0.45875000000000005 0.32 0.45875000000000005 0.32 0.48250000000000004 0.33375 0.48250000000000004 0.33375 0.45875000000000005
2 0.32125 0.45999999999999996 0.31124999999999997 0.45999999999999996 0.31124999999999997 0.48250000000000004 0.32125 0.48250000000000004 0.32125 0.45999999999999996
2 0.30625 0.4575 0.29625 0.4575 0.29625 0.485 0.30625 0.485 0.30625 0.4575
2 0.29625 0.45875000000000005 0.28500000000000003 0.45875000000000005 0.28500000000000003 0.48125 0.29625 0.48125 0.29625 0.45875000000000005
2 0.28500000000000003 0.45999999999999996 0.27375 0.45999999999999996 0.27375 0.48125 0.28500000000000003 0.48125 0.28500000000000003 0.45999999999999996
2 0.27125 0.4575 0.26 0.4575 0.26 0.47874999999999995 0.27125 0.47874999999999995 0.27125 0.4575
2 0.0975 0.8612500000000001 0.07375000000000001 0.8612500000000001 0.07375000000000001 0.87375 0.0975 0.87375 0.0975 0.8612500000000001