2 0.0325 0.015 0.00125 0.015 0.00125 0.05500000000000001 0.0325 0.05500000000000001 0.0325 0.015
2 0.66125 0.70125 0.6487499999999999 0.70125 0.6487499999999999 0.7262500000000001 0.66125 0.7262500000000001 0.66125 0.70125
2 0.62375 0.70125 0.61125 0.70125 0.61125 0.72375 0.62375 0.72375 0.62375 0.70125
2 0.6125 0.6975 0.59875 0.6975 0.59875 0.7224999999999999 0.6125 0.7224999999999999 0.6125 0.6975
2 0.56375 0.6950000000000001 0.55 0.6950000000000001 0.55 0.7262500000000001 0.56375 0.7262500000000001 0.56375 0.6950000000000001
2 0.54875 0.6950000000000001 0.5375 0.6950000000000001 0.5375 0.7224999999999999 0.54875 0.7224999999999999 0.54875 0.6950000000000001
2 0.6487499999999999 0.72875 0.6375 0.72875 0.6375 0.755 0.6487499999999999 0.755 0.6487499999999999 0.72875
2 0.53625 0.72375 0.5237499999999999 0.72375 0.5237499999999999 0.75125 0.53625 0.75125 0.53625 0.72375
2 0.505 0.725 0.49375 0.725 0.49375 0.74875 0.505 0.74875 0.505 0.725
2 0.3825 0.6975 0.37 0.6975 0.37 0.7224999999999999 0.3825 0.7224999999999999 0.3825 0.6975
2 0.31124999999999997 0.7150000000000001 0.2975 0.7150000000000001 0.2975 0.7462500000000001 0.31124999999999997 0.7462500000000001 0.31124999999999997 0.7150000000000001
2 0.1325 0.6912499999999999 0.12250000000000001 0.6912499999999999 0.12250000000000001 0.7150000000000001 0.1325 0.7150000000000001 0.1325 0.6912499999999999
2 0.6487499999999999 0.70125 0.6375 0.70125 0.6375 0.725 0.6487499999999999 0.725 0.6487499999999999 0.70125
2 0.7424999999999999 0.70125 0.7275 0.70125 0.7275 0.7275 0.7424999999999999 0.7275 0.7424999999999999 0.70125
2 0.74 0.6425 0.7275 0.6425 0.7275 0.665 0.74 0.665 0.74 0.6425
2 0.6287499999999999 0.52 0.615 0.52 0.615 0.54625 0.6287499999999999 0.54625 0.6287499999999999 0.52
2 0.155 0.44625000000000004 0.14125000000000001 0.44625000000000004 0.14125000000000001 0.47125000000000006 0.155 0.47125000000000006 0.155 0.44625000000000004
2 0.16625 0.44625000000000004 0.15375 0.44625000000000004 0.15375 0.475 0.16625 0.475 0.16625 0.44625000000000004
2 0.17875000000000002 0.44749999999999995 0.16499999999999998 0.44749999999999995 0.16499999999999998 0.4725 0.17875000000000002 0.4725 0.17875000000000002 0.44749999999999995
2 0.2 0.45125000000000004 0.19125 0.45125000000000004 0.19125 0.47375 0.2 0.47375 0.2 0.45125000000000004
2 0.21625 0.44875 0.20375000000000001 0.44875 0.20375000000000001 0.47375 0.21625 0.47375 0.21625 0.44875
2 0.22625 0.44875 0.21625 0.44875 0.21625 0.475 0.22625 0.475 0.22625 0.44875
2 0.24 0.44875 0.22875 0.44875 0.22875 0.47625 0.24 0.47625 0.24 0.44875
2 0.2625 0.45125000000000004 0.25 0.45125000000000004 0.25 0.47625 0.2625 0.47625 0.2625 0.45125000000000004
2 0.3625 0.45875000000000005 0.3525 0.45875000000000005 0.3525 0.48375 0.3625 0.48375 0.3625 0.45875000000000005
2 0.39 0.45499999999999996 0.3775 0.45499999999999996 0.3775 0.47874999999999995 0.39 0.47874999999999995 0.39 0.45499999999999996
2 0.66625 0.5275000000000001 0.6537499999999999 0.5275000000000001 0.6537499999999999 0.55 0.66625 0.55 0.66625 0.5275000000000001
2 0.6537499999999999 0.5287499999999999 0.6425 0.5287499999999999 0.6425 0.5525 0.6537499999999999 0.5525 0.6537499999999999 0.5287499999999999
2 0.64 0.5237499999999999 0.6275000000000001 0.5237499999999999 0.6275000000000001 0.55 0.64 0.55 0.64 0.5237499999999999
2 0.61375 0.51875 0.6025 0.51875 0.6025 0.54375 0.61375 0.54375 0.61375 0.51875
2 0.5912499999999999 0.52 0.5775 0.52 0.5775 0.545 0.5912499999999999 0.545 0.5912499999999999 0.52
2 0.5775 0.52125 0.5662499999999999 0.52125 0.5662499999999999 0.5475 0.5775 0.5475 0.5775 0.52125
2 0.5662499999999999 0.52125 0.55375 0.52125 0.55375 0.54875 0.5662499999999999 0.54875 0.5662499999999999 0.52125
2 0.55375 0.52125 0.54 0.52125 0.54 0.5475 0.55375 0.5475 0.55375 0.52125
2 0.5425 0.52625 0.5287499999999999 0.52625 0.5287499999999999 0.54875 0.5425 0.54875 0.5425 0.52625
2 0.4875 0.5175 0.475 0.5175 0.475 0.545 0.4875 0.545 0.4875 0.5175
2 0.475 0.51875 0.4625 0.51875 0.4625 0.54625 0.475 0.54625 0.475 0.51875
2 0.4625 0.51875 0.45125000000000004 0.51875 0.45125000000000004 0.54375 0.4625 0.54375 0.4625 0.51875
2 0.43624999999999997 0.52125 0.425 0.52125 0.425 0.5425 0.43624999999999997 0.5425 0.43624999999999997 0.52125
2 0.42750000000000005 0.52125 0.41375 0.52125 0.41375 0.54375 0.42750000000000005 0.54375 0.42750000000000005 0.52125
2 0.41375 0.51875 0.4 0.51875 0.4 0.54375 0.41375 0.54375 0.41375 0.51875
2 0.4 0.51625 0.3875 0.51625 0.3875 0.54625 0.4 0.54625 0.4 0.51625
2 0.34875 0.5175 0.3375 0.5175 0.3375 0.54 0.34875 0.54 0.34875 0.5175
2 0.14125000000000001 0.44875 0.1275 0.44875 0.1275 0.47125000000000006 0.14125000000000001 0.47125000000000006 0.14125000000000001 0.44875
2 0.1275 0.44875 0.11625 0.44875 0.11625 0.4725 0.1275 0.4725 0.1275 0.44875
2 0.11625 0.45 0.1025 0.45 0.1025 0.475 0.11625 0.475 0.11625 0.45
2 0.11499999999999999 0.42125 0.1025 0.42125 0.1025 0.44749999999999995 0.11499999999999999 0.44749999999999995 0.11499999999999999 0.42125
2 0.7625 0.2525 0.75 0.2525 0.75 0.27749999999999997 0.7625 0.27749999999999997 0.7625 0.2525
2 0.75 0.24500000000000002 0.74 0.24500000000000002 0.74 0.27749999999999997 0.75 0.27749999999999997 0.75 0.24500000000000002
2 0.7875 0.27999999999999997 0.7775000000000001 0.27999999999999997 0.7775000000000001 0.3025 0.7875 0.3025 0.7875 0.27999999999999997
2 0.775 0.27625 0.76375 0.27625 0.76375 0.30375 0.775 0.30375 0.775 0.27625
2 0.765 0.27625 0.7525000000000001 0.27625 0.7525000000000001 0.30125 0.765 0.30125 0.765 0.27625
2 0.75125 0.27625 0.7375 0.27625 0.7375 0.30375 0.75125 0.30375 0.75125 0.27625
2 0.44875 0.42374999999999996 0.43875000000000003 0.42374999999999996 0.43875000000000003 0.44875 0.44875 0.44875 0.44875 0.42374999999999996
2 0.54125 0.42625 0.53 0.42625 0.53 0.45125000000000004 0.54125 0.45125000000000004 0.54125 0.42625
2 0.5587500000000001 0.36124999999999996 0.54625 0.36124999999999996 0.54625 0.38625 0.5587500000000001 0.38625 0.5587500000000001 0.36124999999999996
2 0.605 0.36375 0.5925 0.36375 0.5925 0.39125 0.605 0.39125 0.605 0.36375
2 0.67 0.46375 0.6587500000000001 0.46375 0.6587500000000001 0.49124999999999996 0.67 0.49124999999999996 0.67 0.46375
2 0.67 0.4375 0.6575 0.4375 0.6575 0.45875000000000005 0.67 0.45875000000000005 0.67 0.4375
2 0.4025 0.42750000000000005 0.39125 0.42750000000000005 0.39125 0.45499999999999996 0.4025 0.45499999999999996 0.4025 0.42750000000000005
2 0.38875000000000004 0.42625 0.37625000000000003 0.42625 0.37625000000000003 0.45499999999999996 0.38875000000000004 0.45499999999999996 0.38875000000000004 0.42625
2 0.3625 0.42874999999999996 0.3525 0.42874999999999996 0.3525 0.45499999999999996 0.3625 0.45499999999999996 0.3625 0.42874999999999996
2 0.35125 0.42625 0.33999999999999997 0.42625 0.33999999999999997 0.45375 0.35125 0.45375 0.35125 0.42625
2 0.28875 0.42374999999999996 0.27875 0.42374999999999996 0.27875 0.45 0.28875 0.45 0.28875 0.42374999999999996
2 0.27749999999999997 0.425 0.265 0.425 0.265 0.44749999999999995 0.27749999999999997 0.44749999999999995 0.27749999999999997 0.425
2 0.25375000000000003 0.425 0.24 0.425 0.24 0.45375 0.25375000000000003 0.45375 0.25375000000000003 0.425
2 0.23875000000000002 0.425 0.22875 0.425 0.22875 0.45125000000000004 0.23875000000000002 0.45125000000000004 0.23875000000000002 0.425
2 0.22625 0.425 0.21625 0.425 0.21625 0.45125000000000004 0.22625 0.45125000000000004 0.22625 0.425
2 0.21375000000000002 0.42374999999999996 0.20249999999999999 0.42374999999999996 0.20249999999999999 0.44875 0.21375000000000002 0.44875 0.21375000000000002 0.42374999999999996
2 0.18125 0.42125 0.1675 0.42125 0.1675 0.44749999999999995 0.18125 0.44749999999999995 0.18125 0.42125
2 0.16625 0.42000000000000004 0.15375 0.42000000000000004 0.15375 0.445 0.16625 0.445 0.16625 0.42000000000000004
2 0.15375 0.42374999999999996 0.14125000000000001 0.42374999999999996 0.14125000000000001 0.44625000000000004 0.15375 0.44625000000000004 0.15375 0.42374999999999996
2 0.13999999999999999 0.42000000000000004 0.12875 0.42000000000000004 0.12875 0.44625000000000004 0.13999999999999999 0.44625000000000004 0.13999999999999999 0.42000000000000004
2 0.12875 0.4175 0.11750000000000001 0.4175 0.11750000000000001 0.44875 0.12875 0.44875 0.12875 0.4175
2 0.325 0.5175 0.31375000000000003 0.5175 0.31375000000000003 0.54 0.325 0.54 0.325 0.5175
2 0.31124999999999997 0.51375 0.3 0.51375 0.3 0.54 0.31124999999999997 0.54 0.31124999999999997 0.51375
2 0.29 0.515 0.27875 0.515 0.27875 0.54375 0.29 0.54375 0.29 0.515
2 0.6525000000000001 0.5525 0.64125 0.5525 0.64125 0.57625 0.6525000000000001 0.57625 0.6525000000000001 0.5525
2 0.09875 0.6012500000000001 0.0875 0.6012500000000001 0.0875 0.63 0.09875 0.63 0.09875 0.6012500000000001
2 0.13625 0.5962500000000001 0.12250000000000001 0.5962500000000001 0.12250000000000001 0.625 0.13625 0.625 0.13625 0.5962500000000001
2 0.14875 0.5962500000000001 0.1375 0.5962500000000001 0.1375 0.6224999999999999 0.14875 0.6224999999999999 0.14875 0.5962500000000001
2 0.18625 0.6 0.175 0.6 0.175 0.62375 0.18625 0.62375 0.18625 0.6
2 0.19875 0.59875 0.1875 0.59875 0.1875 0.625 0.19875 0.625 0.19875 0.59875
2 0.24874999999999997 0.6125 0.2375 0.6125 0.2375 0.63875 0.24874999999999997 0.63875 0.24874999999999997 0.6125
2 0.31375000000000003 0.62625 0.29874999999999996 0.62625 0.29874999999999996 0.6525000000000001 0.31375000000000003 0.6525000000000001 0.31375000000000003 0.62625
2 0.42374999999999996 0.6025 0.4125 0.6025 0.4125 0.6275000000000001 0.42374999999999996 0.6275000000000001 0.42374999999999996 0.6025
2 0.47125000000000006 0.6325000000000001 0.45875000000000005 0.6325000000000001 0.45875000000000005 0.665 0.47125000000000006 0.665 0.47125000000000006 0.6325000000000001
2 0.485 0.61125 0.4725 0.61125 0.4725 0.63375 0.485 0.63375 0.485 0.61125
2 0.49625 0.60875 0.485 0.60875 0.485 0.63375 0.49625 0.63375 0.49625 0.60875
2 0.515 0.60875 0.50125 0.60875 0.50125 0.63375 0.515 0.63375 0.515 0.60875
2 0.5387500000000001 0.6075 0.5275000000000001 0.6075 0.5275000000000001 0.63125 0.5387500000000001 0.63125 0.5387500000000001 0.6075
2 0.5650000000000001 0.6125 0.55375 0.6125 0.55375 0.63875 0.5650000000000001 0.63875 0.5650000000000001 0.6125
2 0.5875 0.6375 0.5775 0.6375 0.5775 0.6599999999999999 0.5875 0.6599999999999999 0.5875 0.6375
2 0.51125 0.63125 0.5 0.63125 0.5 0.6599999999999999 0.51125 0.6599999999999999 0.51125 0.63125
2 0.5387500000000001 0.63125 0.525 0.63125 0.525 0.6625 0.5387500000000001 0.6625 0.5387500000000001 0.63125
2 0.6625 0.64 0.65125 0.64 0.65125 0.6637500000000001 0.6625 0.6637500000000001 0.6625 0.64
2 0.63625 0.615 0.6275000000000001 0.615 0.6275000000000001 0.6425 0.63625 0.6425 0.63625 0.615
2 0.6287499999999999 0.61 0.615 0.61 0.615 0.635 0.6287499999999999 0.635 0.6287499999999999 0.61
2 0.61375 0.64125 0.6025 0.64125 0.6025 0.6637500000000001 0.61375 0.6637500000000001 0.61375 0.64125
2 0.74125 0.61875 0.72875 0.61875 0.72875 0.64375 0.74125 0.64375 0.74125 0.61875
2 0.755 0.61875 0.7424999999999999 0.61875 0.7424999999999999 0.6425 0.755 0.6425 0.755 0.61875
2 0.76625 0.6174999999999999 0.75625 0.6174999999999999 0.75625 0.64 0.76625 0.64 0.76625 0.6174999999999999
2 0.82 0.615 0.80375 0.615 0.80375 0.63875 0.82 0.63875 0.82 0.615
2 0.79125 0.6425 0.78125 0.6425 0.78125 0.6675 0.79125 0.6675 0.79125 0.6425
2 0.76625 0.64 0.75625 0.64 0.75625 0.66625 0.76625 0.66625 0.76625 0.64
2 0.66625 0.55 0.6537499999999999 0.55 0.6537499999999999 0.57875 0.66625 0.57875 0.66625 0.55
2 0.64125 0.5525 0.6287499999999999 0.5525 0.6287499999999999 0.57625 0.64125 0.57625 0.64125 0.5525
2 0.26125 0.51375 0.25125000000000003 0.51375 0.25125000000000003 0.5387500000000001 0.26125 0.5387500000000001 0.26125 0.51375
2 0.625 0.55125 0.61625 0.55125 0.61625 0.5725 0.625 0.5725 0.625 0.55125
2 0.24874999999999997 0.515 0.2375 0.515 0.2375 0.5375 0.24874999999999997 0.5375 0.24874999999999997 0.515
2 0.2375 0.515 0.22625 0.515 0.22625 0.5425 0.2375 0.5425 0.2375 0.515
2 0.22749999999999998 0.515 0.21375000000000002 0.515 0.21375000000000002 0.5387500000000001 0.22749999999999998 0.5387500000000001 0.22749999999999998 0.515
2 0.215 0.51375 0.20249999999999999 0.51375 0.20249999999999999 0.5387500000000001 0.215 0.5387500000000001 0.215 0.51375
2 0.20249999999999999 0.51 0.19 0.51 0.19 0.5375 0.20249999999999999 0.5375 0.20249999999999999 0.51
2 0.18875 0.5125 0.1775 0.5125 0.1775 0.5349999999999999 0.18875 0.5349999999999999 0.18875 0.5125
2 0.15125 0.5125 0.14125000000000001 0.5125 0.14125000000000001 0.5387500000000001 0.15125 0.5387500000000001 0.15125 0.5125
2 0.14125000000000001 0.5125 0.12625 0.5125 0.12625 0.5349999999999999 0.14125000000000001 0.5349999999999999 0.14125000000000001 0.5125
2 0.125 0.51375 0.11374999999999999 0.51375 0.11374999999999999 0.54 0.125 0.54 0.125 0.51375
2 0.11374999999999999 0.51125 0.10124999999999999 0.51125 0.10124999999999999 0.53625 0.11374999999999999 0.53625 0.11374999999999999 0.51125
2 0.10124999999999999 0.51 0.08875 0.51 0.08875 0.5325 0.10124999999999999 0.5325 0.10124999999999999 0.51
2 0.1 0.5375 0.0875 0.5375 0.0875 0.56375 0.1 0.56375 0.1 0.5375
2 0.125 0.5387500000000001 0.11374999999999999 0.5387500000000001 0.11374999999999999 0.5650000000000001 0.125 0.5650000000000001 0.125 0.5387500000000001
2 0.1525 0.5375 0.1375 0.5375 0.1375 0.56125 0.1525 0.56125 0.1525 0.5375
2 0.16125 0.5337500000000001 0.15125 0.5337500000000001 0.15125 0.5587500000000001 0.16125 0.5587500000000001 0.16125 0.5337500000000001
2 0.17375000000000002 0.5349999999999999 0.1625 0.5349999999999999 0.1625 0.5599999999999999 0.17375000000000002 0.5599999999999999 0.17375000000000002 0.5349999999999999
2 0.1875 0.5349999999999999 0.1775 0.5349999999999999 0.1775 0.56375 0.1875 0.56375 0.1875 0.5349999999999999
2 0.21125 0.54 0.19875 0.54 0.19875 0.56375 0.21125 0.56375 0.21125 0.54
2 0.3625 0.5425 0.34875 0.5425 0.34875 0.57125 0.3625 0.57125 0.3625 0.5425
2 0.46125 0.54625 0.45 0.54625 0.45 0.5700000000000001 0.46125 0.5700000000000001 0.46125 0.54625
2 0.47375 0.5425 0.4625 0.5425 0.4625 0.5662499999999999 0.47375 0.5662499999999999 0.47375 0.5425
2 0.49874999999999997 0.54625 0.48624999999999996 0.54625 0.48624999999999996 0.5725 0.49874999999999997 0.5725 0.49874999999999997 0.54625
2 0.5125 0.5475 0.5 0.5475 0.5 0.57125 0.5125 0.57125 0.5125 0.5475
2 0.55 0.5475 0.5387500000000001 0.5475 0.5387500000000001 0.5725 0.55 0.5725 0.55 0.5475
2 0.58875 0.55 0.575 0.55 0.575 0.575 0.58875 0.575 0.58875 0.55
2 0.6025 0.545 0.5900000000000001 0.545 0.5900000000000001 0.57625 0.6025 0.57625 0.6025 0.545
2 0.615 0.54625 0.6025 0.54625 0.6025 0.575 0.615 0.575 0.615 0.54625
2 0.775 0.2525 0.765 0.2525 0.765 0.27625 0.775 0.27625 0.775 0.2525
2 0.7887500000000001 0.25375000000000003 0.7775000000000001 0.25375000000000003 0.7775000000000001 0.27625 0.7887500000000001 0.27625 0.7887500000000001 0.25375000000000003
2 0.75 0.1925 0.74125 0.1925 0.74125 0.21625 0.75 0.21625 0.75 0.1925
2 0.93125 0.01625 0.92125 0.01625 0.92125 0.04 0.93125 0.04 0.93125 0.01625
2 0.8574999999999999 0.01625 0.845 0.01625 0.845 0.03875 0.8574999999999999 0.03875 0.8574999999999999 0.01625
2 0.82125 0.01875 0.81125 0.01875 0.81125 0.042499999999999996 0.82125 0.042499999999999996 0.82125 0.01875
2 0.81125 0.01625 0.79875 0.01625 0.79875 0.041249999999999995 0.81125 0.041249999999999995 0.81125 0.01625
2 0.79 0.015 0.7787499999999999 0.015 0.7787499999999999 0.03875 0.79 0.03875 0.79 0.015
2 0.77625 0.01625 0.765 0.01625 0.765 0.04 0.77625 0.04 0.77625 0.01625
2 0.755 0.0125 0.7424999999999999 0.0125 0.7424999999999999 0.03875 0.755 0.03875 0.755 0.0125
2 0.9199999999999999 0.015 0.90625 0.015 0.90625 0.041249999999999995 0.9199999999999999 0.041249999999999995 0.9199999999999999 0.015
2 0.95625 0.017499999999999998 0.94375 0.017499999999999998 0.94375 0.042499999999999996 0.95625 0.042499999999999996 0.95625 0.017499999999999998
2 0.9949999999999999 0.00125 0.98375 0.00125 0.98375 0.0225 0.9949999999999999 0.0225 0.9949999999999999 0.00125
2 0.765 0.18875 0.7525000000000001 0.18875 0.7525000000000001 0.21375000000000002 0.765 0.21375000000000002 0.765 0.18875
2 0.11875 0.31875 0.095 0.31875 0.095 0.33125 0.11875 0.33125 0.11875 0.31875
2 0.12 0.34625 0.095 0.34625 0.095 0.355 0.12 0.355 0.12 0.34625
2 0.9675 0.05500000000000001 0.94625 0.05500000000000001 0.94625 0.07625 0.9675 0.07625 0.9675 0.05500000000000001
2 0.915 0.10625 0.905 0.10625 0.905 0.12875 0.915 0.12875 0.915 0.10625
2 0.9175000000000001 0.08125 0.9075 0.08125 0.9075 0.1025 0.9175000000000001 0.1025 0.9175000000000001 0.08125
2 0.9037499999999999 0.08125 0.8949999999999999 0.08125 0.8949999999999999 0.10124999999999999 0.9037499999999999 0.10124999999999999 0.9037499999999999 0.08125
2 0.89125 0.08 0.8825 0.08 0.8825 0.1025 0.89125 0.1025 0.89125 0.08
2 0.8787499999999999 0.07375000000000001 0.8675 0.07375000000000001 0.8675 0.10124999999999999 0.8787499999999999 0.10124999999999999 0.8787499999999999 0.07375000000000001
2 0.805 0.07375000000000001 0.7925 0.07375000000000001 0.7925 0.0975 0.805 0.0975 0.805 0.07375000000000001
2 0.76375 0.09875 0.7525000000000001 0.09875 0.7525000000000001 0.12625 0.76375 0.12625 0.76375 0.09875
2 0.7787499999999999 0.1025 0.7675 0.1025 0.7675 0.125 0.7787499999999999 0.125 0.7787499999999999 0.1025
2 0.79125 0.1025 0.78 0.1025 0.78 0.12875 0.79125 0.12875 0.79125 0.1025
2 0.80375 0.10124999999999999 0.7925 0.10124999999999999 0.7925 0.12250000000000001 0.80375 0.12250000000000001 0.80375 0.10124999999999999
2 0.8162499999999999 0.10124999999999999 0.805 0.10124999999999999 0.805 0.12625 0.8162499999999999 0.12625 0.8162499999999999 0.10124999999999999
2 0.82875 0.1 0.81875 0.1 0.81875 0.1275 0.82875 0.1275 0.82875 0.1
2 0.8425 0.10124999999999999 0.8300000000000001 0.10124999999999999 0.8300000000000001 0.125 0.8425 0.125 0.8425 0.10124999999999999
2 0.85375 0.10124999999999999 0.8425 0.10124999999999999 0.8425 0.12375 0.85375 0.12375 0.85375 0.10124999999999999
2 0.86625 0.1025 0.8550000000000001 0.1025 0.8550000000000001 0.12375 0.86625 0.12375 0.86625 0.1025
2 0.8787499999999999 0.1025 0.86875 0.1025 0.86875 0.12875 0.8787499999999999 0.12875 0.8787499999999999 0.1025
2 0.89125 0.10625 0.8787499999999999 0.10625 0.8787499999999999 0.13125 0.89125 0.13125 0.89125 0.10625
2 0.9025000000000001 0.10625 0.89125 0.10625 0.89125 0.1325 0.9025000000000001 0.1325 0.9025000000000001 0.10625
2 0.7525000000000001 0.16125 0.74125 0.16125 0.74125 0.19125 0.7525000000000001 0.19125 0.7525000000000001 0.16125
2 0.76625 0.16 0.755 0.16 0.755 0.18625 0.76625 0.18625 0.76625 0.16
2 0.7775000000000001 0.1625 0.76625 0.1625 0.76625 0.1875 0.7775000000000001 0.1875 0.7775000000000001 0.1625
2 0.79 0.16375 0.7787499999999999 0.16375 0.7787499999999999 0.18875 0.79 0.18875 0.79 0.16375
2 0.8025 0.18875 0.79125 0.18875 0.79125 0.21375000000000002 0.8025 0.21375000000000002 0.8025 0.18875
2 0.7887500000000001 0.19 0.7775000000000001 0.19 0.7775000000000001 0.21375000000000002 0.7887500000000001 0.21375000000000002 0.7887500000000001 0.19
2 0.7775000000000001 0.18875 0.76625 0.18875 0.76625 0.21375000000000002 0.7775000000000001 0.21375000000000002 0.7775000000000001 0.18875
2 0.12125 0.3325 0.09625 0.3325 0.09625 0.34375 0.12125 0.34375 0.12125 0.3325
2 0.11875 0.305 0.09875 0.305 0.09875 0.31625000000000003 0.11875 0.31625000000000003 0.11875 0.305
2 0.1575 0.00125 0.14625 0.00125 0.14625 0.005 0.1575 0.005 0.1575 0.00125
2 0.12 0.28125 0.09875 0.28125 0.09875 0.2925 0.12 0.2925 0.12 0.28125
2 0.13 0.00125 0.12125 0.00125 0.12125 0.00375 0.13 0.00375 0.13 0.00125
2 0.11625 0.00125 0.10375000000000001 0.00125 0.10375000000000001 0.00625 0.11625 0.00625 0.11625 0.00125
2 0.27 0.03125 0.2375 0.03125 0.2375 0.04875 0.27 0.04875 0.27 0.03125
2 0.2425 0.07125000000000001 0.2125 0.07125000000000001 0.2125 0.09625 0.2425 0.09625 0.2425 0.07125000000000001
2 0.46875 0.04375 0.4575 0.04375 0.4575 0.0725 0.46875 0.0725 0.46875 0.04375
2 0.38625 0.0925 0.35875 0.0925 0.35875 0.1025 0.38625 0.1025 0.38625 0.0925
2 0.3875 0.05500000000000001 0.35875 0.05500000000000001 0.35875 0.0675 0.3875 0.0675 0.3875 0.05500000000000001
2 0.3875 0.03875 0.36124999999999996 0.03875 0.36124999999999996 0.05125 0.3875 0.05125 0.3875 0.03875
2 0.19 0.1575 0.1625 0.1575 0.1625 0.16625 0.19 0.16625 0.19 0.1575
2 0.19 0.16999999999999998 0.16375 0.16999999999999998 0.16375 0.1775 0.19 0.1775 0.19 0.16999999999999998
2 0.18875 0.18125 0.16499999999999998 0.18125 0.16499999999999998 0.1925 0.18875 0.1925 0.18875 0.18125
2 0.1875 0.195 0.16375 0.195 0.16375 0.20249999999999999 0.1875 0.20249999999999999 0.1875 0.195
2 0.19 0.205 0.16375 0.205 0.16375 0.21875 0.19 0.21875 0.19 0.205
2 0.1825 0.26125 0.15875 0.26125 0.15875 0.27125 0.1825 0.27125 0.1825 0.26125
2 0.1875 0.3025 0.16 0.3025 0.16 0.31124999999999997 0.1875 0.31124999999999997 0.1875 0.3025
2 0.1875 0.31124999999999997 0.16 0.31124999999999997 0.16 0.3225 0.1875 0.3225 0.1875 0.31124999999999997
2 0.185 0.32625000000000004 0.16125 0.32625000000000004 0.16125 0.335 0.185 0.335 0.185 0.32625000000000004
2 0.18625 0.335 0.16125 0.335 0.16125 0.34750000000000003 0.18625 0.34750000000000003 0.18625 0.335
2 0.125 0.19125 0.09875 0.19125 0.09875 0.2 0.125 0.2 0.125 0.19125
2 0.12250000000000001 0.20249999999999999 0.1 0.20249999999999999 0.1 0.2125 0.12250000000000001 0.2125 0.12250000000000001 0.20249999999999999
2 0.12125 0.21375000000000002 0.09875 0.21375000000000002 0.09875 0.22374999999999998 0.12125 0.22374999999999998 0.12125 0.21375000000000002
2 0.12250000000000001 0.22749999999999998 0.09875 0.22749999999999998 0.09875 0.23625 0.12250000000000001 0.23625 0.12250000000000001 0.22749999999999998
2 0.12125 0.24 0.1 0.24 0.1 0.24874999999999997 0.12125 0.24874999999999997 0.12125 0.24
2 0.11875 0.25125000000000003 0.1 0.25125000000000003 0.1 0.26 0.11875 0.26 0.11875 0.25125000000000003
2 0.12125 0.2625 0.1 0.2625 0.1 0.2725 0.12125 0.2725 0.12125 0.2625