2 0.7375 0.8324999999999999 0.71375 0.8324999999999999 0.71375 0.845 0.7375 0.845 0.7375 0.8324999999999999
2 0.6775 0.79 0.6537499999999999 0.79 0.6537499999999999 0.80375 0.6775 0.80375 0.6775 0.79
2 0.8150000000000001 0.33375 0.80375 0.33375 0.80375 0.36124999999999996 0.8150000000000001 0.36124999999999996 0.8150000000000001 0.33375
2 0.83125 0.88375 0.8175000000000001 0.88375 0.8175000000000001 0.9175000000000001 0.83125 0.9175000000000001 0.83125 0.88375
2 0.42000000000000004 0.72375 0.36 0.72375 0.36 0.74 0.42000000000000004 0.74 0.42000000000000004 0.72375
2 0.6487499999999999 0.73125 0.6174999999999999 0.73125 0.6174999999999999 0.7424999999999999 0.6487499999999999 0.7424999999999999 0.6487499999999999 0.73125
2 0.8275 0.655 0.8175000000000001 0.655 0.8175000000000001 0.68125 0.8275 0.68125 0.8275 0.655
2 0.81375 0.63 0.79875 0.63 0.79875 0.6575 0.81375 0.6575 0.81375 0.63
2 0.81125 0.6599999999999999 0.7975 0.6599999999999999 0.7975 0.6925 0.81125 0.6925 0.81125 0.6599999999999999
2 0.8099999999999999 0.4725 0.7975 0.4725 0.7975 0.49749999999999994 0.8099999999999999 0.49749999999999994 0.8099999999999999 0.4725
2 0.04375 0.81125 0.015 0.81125 0.015 0.8237500000000001 0.04375 0.8237500000000001 0.04375 0.81125