2 0.86 0.12625 0.83375 0.12625 0.83375 0.13625 0.86 0.13625 0.86 0.12625
2 0.9175000000000001 0.06375 0.89 0.06375 0.89 0.07375000000000001 0.9175000000000001 0.07375000000000001 0.9175000000000001 0.06375
2 0.9237500000000001 0.07625 0.89 0.07625 0.89 0.09 0.9237500000000001 0.09 0.9237500000000001 0.07625
2 0.91875 0.095 0.885 0.095 0.885 0.1075 0.91875 0.1075 0.91875 0.095
2 0.9550000000000001 0.10375000000000001 0.925 0.10375000000000001 0.925 0.11499999999999999 0.9550000000000001 0.11499999999999999 0.9550000000000001 0.10375000000000001
2 0.91625 0.26375000000000004 0.885 0.26375000000000004 0.885 0.275 0.91625 0.275 0.91625 0.26375000000000004
2 0.94375 0.052500000000000005 0.92125 0.052500000000000005 0.92125 0.06375 0.94375 0.06375 0.94375 0.052500000000000005
2 0.85625 0.1 0.82875 0.1 0.82875 0.11374999999999999 0.85625 0.11374999999999999 0.85625 0.1
2 0.86 0.08875 0.8324999999999999 0.08875 0.8324999999999999 0.09875 0.86 0.09875 0.86 0.08875
2 0.765 0.23625 0.735 0.23625 0.735 0.2475 0.765 0.2475 0.765 0.23625
2 0.76375 0.21375000000000002 0.735 0.21375000000000002 0.735 0.22125 0.76375 0.22125 0.76375 0.21375000000000002
2 0.76375 0.1975 0.73625 0.1975 0.73625 0.21125 0.76375 0.21125 0.76375 0.1975
2 0.76125 0.18375 0.735 0.18375 0.735 0.19624999999999998 0.76125 0.19624999999999998 0.76125 0.18375
2 0.76125 0.15875 0.735 0.15875 0.735 0.16875 0.76125 0.16875 0.76125 0.15875
2 0.76 0.13374999999999998 0.735 0.13374999999999998 0.735 0.145 0.76 0.145 0.76 0.13374999999999998
2 0.7625 0.12375 0.735 0.12375 0.735 0.13374999999999998 0.7625 0.13374999999999998 0.7625 0.12375
2 0.76375 0.11000000000000001 0.7375 0.11000000000000001 0.7375 0.12375 0.76375 0.12375 0.76375 0.11000000000000001
2 0.76 0.1 0.73625 0.1 0.73625 0.1125 0.76 0.1125 0.76 0.1
2 0.765 0.08625000000000001 0.7424999999999999 0.08625000000000001 0.7424999999999999 0.09875 0.765 0.09875 0.765 0.08625000000000001
2 0.76125 0.075 0.74 0.075 0.74 0.08499999999999999 0.76125 0.08499999999999999 0.76125 0.075
2 0.7675 0.06 0.74125 0.06 0.74125 0.0725 0.7675 0.0725 0.7675 0.06
2 0.77 0.0475 0.73875 0.0475 0.73875 0.06 0.77 0.06 0.77 0.0475
2 0.85625 0.16125 0.8237500000000001 0.16125 0.8237500000000001 0.17250000000000001 0.85625 0.17250000000000001 0.85625 0.16125
2 0.8275 0.13874999999999998 0.79875 0.13874999999999998 0.79875 0.14875 0.8275 0.14875 0.8275 0.13874999999999998
2 0.8275 0.1125 0.79875 0.1125 0.79875 0.12375 0.8275 0.12375 0.8275 0.1125
2 0.8262499999999999 0.0625 0.8025 0.0625 0.8025 0.0725 0.8262499999999999 0.0725 0.8262499999999999 0.0625
2 0.8300000000000001 0.04875 0.8087500000000001 0.04875 0.8087500000000001 0.061250000000000006 0.8300000000000001 0.061250000000000006 0.8300000000000001 0.04875
2 0.85875 0.05 0.835 0.05 0.835 0.06 0.85875 0.06 0.85875 0.05
2 0.8574999999999999 0.06 0.83125 0.06 0.83125 0.0725 0.8574999999999999 0.0725 0.8574999999999999 0.06
2 0.8574999999999999 0.07625 0.83125 0.07625 0.83125 0.08625000000000001 0.8574999999999999 0.08625000000000001 0.8574999999999999 0.07625
2 0.82875 0.08625000000000001 0.8025 0.08625000000000001 0.8025 0.09875 0.82875 0.09875 0.82875 0.08625000000000001
2 0.7625 0.2225 0.735 0.2225 0.735 0.23625 0.7625 0.23625 0.7625 0.2225