2 0.97625 0.36625 0.95375 0.36625 0.95375 0.38 0.97625 0.38 0.97625 0.36625
2 0.54625 0.61 0.52125 0.61 0.52125 0.6224999999999999 0.54625 0.6224999999999999 0.54625 0.61
2 0.8237500000000001 0.355 0.79875 0.355 0.79875 0.36375 0.8237500000000001 0.36375 0.8237500000000001 0.355
2 0.9125 0.355 0.89 0.355 0.89 0.36375 0.9125 0.36375 0.9125 0.355
2 0.9125 0.38125 0.8887499999999999 0.38125 0.8887499999999999 0.39125 0.9125 0.39125 0.9125 0.38125
2 0.9099999999999999 0.39375 0.8862500000000001 0.39375 0.8862500000000001 0.4025 0.9099999999999999 0.4025 0.9099999999999999 0.39375
2 0.975 0.52125 0.9550000000000001 0.52125 0.9550000000000001 0.53 0.975 0.53 0.975 0.52125
2 0.9724999999999999 0.5575 0.9487500000000001 0.5575 0.9487500000000001 0.56875 0.9724999999999999 0.56875 0.9724999999999999 0.5575
2 0.975 0.58125 0.9487500000000001 0.58125 0.9487500000000001 0.59375 0.975 0.59375 0.975 0.58125
2 0.9512499999999999 0.7775000000000001 0.9225 0.7775000000000001 0.9225 0.79 0.9512499999999999 0.79 0.9512499999999999 0.7775000000000001
2 0.11000000000000001 0.87625 0.08375 0.87625 0.08375 0.8862500000000001 0.11000000000000001 0.8862500000000001 0.11000000000000001 0.87625
2 0.01875 0.61375 0.00125 0.61375 0.00125 0.625 0.01875 0.625 0.01875 0.61375
2 0.10874999999999999 0.6875 0.08375 0.6875 0.08375 0.7 0.10874999999999999 0.7 0.10874999999999999 0.6875
2 0.10874999999999999 0.675 0.08125 0.675 0.08125 0.68875 0.10874999999999999 0.68875 0.10874999999999999 0.675
2 0.08125 0.6775 0.05500000000000001 0.6775 0.05500000000000001 0.68875 0.08125 0.68875 0.08125 0.6775
2 0.08 0.6625 0.05375 0.6625 0.05375 0.6775 0.08 0.6775 0.08 0.6625
2 0.10625 0.65125 0.08249999999999999 0.65125 0.08249999999999999 0.6625 0.10625 0.6625 0.10625 0.65125
2 0.1125 0.6375 0.08249999999999999 0.6375 0.08249999999999999 0.6525000000000001 0.1125 0.6525000000000001 0.1125 0.6375
2 0.08249999999999999 0.63875 0.052500000000000005 0.63875 0.052500000000000005 0.65 0.08249999999999999 0.65 0.08249999999999999 0.63875
2 0.08249999999999999 0.6275000000000001 0.05625 0.6275000000000001 0.05625 0.63625 0.08249999999999999 0.63625 0.08249999999999999 0.6275000000000001
2 0.01625 0.675 0.00125 0.675 0.00125 0.68625 0.01625 0.68625 0.01625 0.675
2 0.017499999999999998 0.66125 0.00125 0.66125 0.00125 0.675 0.017499999999999998 0.675 0.017499999999999998 0.66125
2 0.017499999999999998 0.6487499999999999 0.00125 0.6487499999999999 0.00125 0.6625 0.017499999999999998 0.6625 0.017499999999999998 0.6487499999999999
2 0.017499999999999998 0.6375 0.00125 0.6375 0.00125 0.6475 0.017499999999999998 0.6475 0.017499999999999998 0.6375
2 0.017499999999999998 0.6275000000000001 0.00125 0.6275000000000001 0.00125 0.6375 0.017499999999999998 0.6375 0.017499999999999998 0.6275000000000001
2 0.10874999999999999 0.61625 0.08625000000000001 0.61625 0.08625000000000001 0.62625 0.10874999999999999 0.62625 0.10874999999999999 0.61625
2 0.08125 0.6125 0.05625 0.6125 0.05625 0.625 0.08125 0.625 0.08125 0.6125
2 0.08249999999999999 0.6025 0.05375 0.6025 0.05375 0.61375 0.08249999999999999 0.61375 0.08249999999999999 0.6025
2 0.1075 0.6025 0.08499999999999999 0.6025 0.08499999999999999 0.61625 0.1075 0.61625 0.1075 0.6025
2 0.1075 0.5900000000000001 0.08499999999999999 0.5900000000000001 0.08499999999999999 0.6 0.1075 0.6 0.1075 0.5900000000000001
2 0.08249999999999999 0.5900000000000001 0.05625 0.5900000000000001 0.05625 0.6 0.08249999999999999 0.6 0.08249999999999999 0.5900000000000001
2 0.08125 0.57625 0.057499999999999996 0.57625 0.057499999999999996 0.5862499999999999 0.08125 0.5862499999999999 0.08125 0.57625
2 0.08375 0.55125 0.057499999999999996 0.55125 0.057499999999999996 0.5625 0.08375 0.5625 0.08375 0.55125
2 0.01875 0.56375 0.00125 0.56375 0.00125 0.575 0.01875 0.575 0.01875 0.56375
2 0.01625 0.55375 0.00125 0.55375 0.00125 0.56125 0.01625 0.56125 0.01625 0.55375
2 0.02 0.53625 0.00125 0.53625 0.00125 0.54875 0.02 0.54875 0.02 0.53625
2 0.017499999999999998 0.52625 0.00125 0.52625 0.00125 0.5349999999999999 0.017499999999999998 0.5349999999999999 0.017499999999999998 0.52625
2 0.01875 0.5125 0.00125 0.5125 0.00125 0.5237499999999999 0.01875 0.5237499999999999 0.01875 0.5125
2 0.02 0.5025000000000001 0.00125 0.5025000000000001 0.00125 0.51125 0.02 0.51125 0.02 0.5025000000000001
2 0.0775 0.6875 0.052500000000000005 0.6875 0.052500000000000005 0.6975 0.0775 0.6975 0.0775 0.6875
2 0.08 0.7 0.052500000000000005 0.7 0.052500000000000005 0.7112499999999999 0.08 0.7112499999999999 0.08 0.7
2 0.10874999999999999 0.70125 0.08249999999999999 0.70125 0.08249999999999999 0.7125 0.10874999999999999 0.7125 0.10874999999999999 0.70125
2 0.08125 0.7112499999999999 0.052500000000000005 0.7112499999999999 0.052500000000000005 0.7224999999999999 0.08125 0.7224999999999999 0.08125 0.7112499999999999
2 0.1675 0.81375 0.13999999999999999 0.81375 0.13999999999999999 0.8237500000000001 0.1675 0.8237500000000001 0.1675 0.81375
2 0.17375000000000002 0.8262499999999999 0.13999999999999999 0.8262499999999999 0.13999999999999999 0.8400000000000001 0.17375000000000002 0.8400000000000001 0.17375000000000002 0.8262499999999999
2 0.16875 0.845 0.135 0.845 0.135 0.8574999999999999 0.16875 0.8574999999999999 0.16875 0.845
2 0.205 0.85375 0.175 0.85375 0.175 0.865 0.205 0.865 0.205 0.85375
2 0.3725 0.8550000000000001 0.34249999999999997 0.8550000000000001 0.34249999999999997 0.86625 0.3725 0.86625 0.3725 0.8550000000000001
2 0.375 0.8825 0.34375 0.8825 0.34375 0.8925000000000001 0.375 0.8925000000000001 0.375 0.8825
2 0.43375 0.89375 0.40499999999999997 0.89375 0.40499999999999997 0.90625 0.43375 0.90625 0.43375 0.89375
2 0.37 0.8949999999999999 0.34625 0.8949999999999999 0.34625 0.90625 0.37 0.90625 0.37 0.8949999999999999
2 0.375 0.90625 0.34875 0.90625 0.34875 0.9175000000000001 0.375 0.9175000000000001 0.375 0.90625
2 0.34875 0.905 0.3175 0.905 0.3175 0.91875 0.34875 0.91875 0.34875 0.905
2 0.37 0.92125 0.34625 0.92125 0.34625 0.93125 0.37 0.93125 0.37 0.92125
2 0.37 0.93125 0.34375 0.93125 0.34375 0.9425000000000001 0.37 0.9425000000000001 0.37 0.93125
2 0.37 0.945 0.34375 0.945 0.34375 0.9550000000000001 0.37 0.9550000000000001 0.37 0.945
2 0.36875 0.9574999999999999 0.34625 0.9574999999999999 0.34625 0.9662499999999999 0.36875 0.9662499999999999 0.36875 0.9574999999999999
2 0.36875 0.96875 0.34249999999999997 0.96875 0.34249999999999997 0.97875 0.36875 0.97875 0.36875 0.96875
2 0.16999999999999998 0.72875 0.14125000000000001 0.72875 0.14125000000000001 0.74 0.16999999999999998 0.74 0.16999999999999998 0.72875
2 0.19875 0.7162499999999999 0.16625 0.7162499999999999 0.16625 0.72875 0.19875 0.72875 0.19875 0.7162499999999999
2 0.19875 0.7025 0.16499999999999998 0.7025 0.16499999999999998 0.7150000000000001 0.19875 0.7150000000000001 0.19875 0.7025
2 0.1675 0.6900000000000001 0.14250000000000002 0.6900000000000001 0.14250000000000002 0.7 0.1675 0.7 0.1675 0.6900000000000001
2 0.20125 0.6799999999999999 0.17250000000000001 0.6799999999999999 0.17250000000000001 0.6912499999999999 0.20125 0.6912499999999999 0.20125 0.6799999999999999
2 0.20249999999999999 0.6537499999999999 0.17124999999999999 0.6537499999999999 0.17124999999999999 0.66625 0.20249999999999999 0.66625 0.20249999999999999 0.6537499999999999
2 0.17250000000000001 0.60625 0.14250000000000002 0.60625 0.14250000000000002 0.61625 0.17250000000000001 0.61625 0.17250000000000001 0.60625
2 0.1075 0.72875 0.08 0.72875 0.08 0.74 0.1075 0.74 0.1075 0.72875
2 0.11000000000000001 0.71375 0.08249999999999999 0.71375 0.08249999999999999 0.72375 0.11000000000000001 0.72375 0.11000000000000001 0.71375
2 0.08 0.7275 0.05375 0.7275 0.05375 0.7375 0.08 0.7375 0.08 0.7275
2 0.01625 0.7224999999999999 0.00125 0.7224999999999999 0.00125 0.73375 0.01625 0.73375 0.01625 0.7224999999999999
2 0.021249999999999998 0.47750000000000004 0.00125 0.47750000000000004 0.00125 0.4875 0.021249999999999998 0.4875 0.021249999999999998 0.47750000000000004
2 0.11625 0.5025000000000001 0.08625000000000001 0.5025000000000001 0.08625000000000001 0.51375 0.11625 0.51375 0.11625 0.5025000000000001
2 0.11374999999999999 0.51625 0.08625000000000001 0.51625 0.08625000000000001 0.525 0.11374999999999999 0.525 0.11374999999999999 0.51625
2 0.08375 0.5287499999999999 0.058750000000000004 0.5287499999999999 0.058750000000000004 0.5387500000000001 0.08375 0.5387500000000001 0.08375 0.5287499999999999
2 0.11125 0.54 0.08249999999999999 0.54 0.08249999999999999 0.55125 0.11125 0.55125 0.11125 0.54
2 0.46624999999999994 0.49749999999999994 0.44125 0.49749999999999994 0.44125 0.50875 0.46624999999999994 0.50875 0.46624999999999994 0.49749999999999994
2 0.19375 0.8025 0.17124999999999999 0.8025 0.17124999999999999 0.81375 0.19375 0.81375 0.19375 0.8025
2 0.10625 0.85 0.07875 0.85 0.07875 0.8637499999999999 0.10625 0.8637499999999999 0.10625 0.85
2 0.11000000000000001 0.8387499999999999 0.08249999999999999 0.8387499999999999 0.08249999999999999 0.8487500000000001 0.11000000000000001 0.8487500000000001 0.11000000000000001 0.8387499999999999
2 0.975 0.4175 0.94625 0.4175 0.94625 0.4325 0.975 0.4325 0.975 0.4175
2 0.975 0.49000000000000005 0.94375 0.49000000000000005 0.94375 0.51 0.975 0.51 0.975 0.49000000000000005
2 0.015 0.9862500000000001 0.00125 0.9862500000000001 0.00125 0.9962500000000001 0.015 0.9962500000000001 0.015 0.9862500000000001
2 0.013750000000000002 0.9637499999999999 0.00125 0.9637499999999999 0.00125 0.9712500000000001 0.013750000000000002 0.9712500000000001 0.013750000000000002 0.9637499999999999
2 0.013750000000000002 0.9487500000000001 0.00125 0.9487500000000001 0.00125 0.96125 0.013750000000000002 0.96125 0.013750000000000002 0.9487500000000001
2 0.01125 0.9337500000000001 0.00125 0.9337500000000001 0.00125 0.94375 0.01125 0.94375 0.01125 0.9337500000000001
2 0.01125 0.9087500000000001 0.00125 0.9087500000000001 0.00125 0.9175000000000001 0.01125 0.9175000000000001 0.01125 0.9087500000000001
2 0.01 0.885 0.00125 0.885 0.00125 0.8949999999999999 0.01 0.8949999999999999 0.01 0.885
2 0.0125 0.87375 0.00125 0.87375 0.00125 0.88375 0.0125 0.88375 0.0125 0.87375
2 0.013750000000000002 0.86 0.00125 0.86 0.00125 0.8724999999999999 0.013750000000000002 0.8724999999999999 0.013750000000000002 0.86
2 0.01 0.85 0.00125 0.85 0.00125 0.85875 0.01 0.85875 0.01 0.85
2 0.015 0.83625 0.00125 0.83625 0.00125 0.8474999999999999 0.015 0.8474999999999999 0.015 0.83625
2 0.01125 0.825 0.00125 0.825 0.00125 0.83375 0.01125 0.83375 0.01125 0.825
2 0.017499999999999998 0.8099999999999999 0.00125 0.8099999999999999 0.00125 0.8225 0.017499999999999998 0.8225 0.017499999999999998 0.8099999999999999
2 0.02 0.7975 0.00125 0.7975 0.00125 0.8087500000000001 0.02 0.8087500000000001 0.02 0.7975
2 0.10625 0.9112500000000001 0.07375000000000001 0.9112500000000001 0.07375000000000001 0.9225 0.10625 0.9225 0.10625 0.9112500000000001
2 0.0775 0.8887499999999999 0.04875 0.8887499999999999 0.04875 0.89875 0.0775 0.89875 0.0775 0.8887499999999999
2 0.0775 0.8625 0.04875 0.8625 0.04875 0.87375 0.0775 0.87375 0.0775 0.8625
2 0.07625 0.8125 0.052500000000000005 0.8125 0.052500000000000005 0.8225 0.07625 0.8225 0.07625 0.8125
2 0.08 0.79875 0.058750000000000004 0.79875 0.058750000000000004 0.81125 0.08 0.81125 0.08 0.79875
2 0.10874999999999999 0.8 0.08499999999999999 0.8 0.08499999999999999 0.8099999999999999 0.10874999999999999 0.8099999999999999 0.10874999999999999 0.8
2 0.1075 0.8099999999999999 0.08125 0.8099999999999999 0.08125 0.8225 0.1075 0.8225 0.1075 0.8099999999999999
2 0.1075 0.8262499999999999 0.08125 0.8262499999999999 0.08125 0.83625 0.1075 0.83625 0.1075 0.8262499999999999
2 0.07875 0.83625 0.052500000000000005 0.83625 0.052500000000000005 0.8487500000000001 0.07875 0.8487500000000001 0.07875 0.83625
2 0.79 0.6174999999999999 0.775 0.6174999999999999 0.775 0.6275000000000001 0.79 0.6275000000000001 0.79 0.6174999999999999