2 0.47000000000000003 0.75875 0.44749999999999995 0.75875 0.44749999999999995 0.76875 0.47000000000000003 0.76875 0.47000000000000003 0.75875
2 0.64125 0.77125 0.6125 0.77125 0.6125 0.7849999999999999 0.64125 0.7849999999999999 0.64125 0.77125
2 0.64125 0.75125 0.615 0.75125 0.615 0.75875 0.64125 0.75875 0.64125 0.75125
2 0.64 0.7375 0.6174999999999999 0.7375 0.6174999999999999 0.7474999999999999 0.64 0.7474999999999999 0.64 0.7375
2 0.64 0.76125 0.615 0.76125 0.615 0.7725 0.64 0.7725 0.64 0.76125
2 0.57875 0.76125 0.5549999999999999 0.76125 0.5549999999999999 0.7725 0.57875 0.7725 0.57875 0.76125
2 0.5549999999999999 0.76 0.5275000000000001 0.76 0.5275000000000001 0.77125 0.5549999999999999 0.77125 0.5549999999999999 0.76
2 0.5825 0.7474999999999999 0.5587500000000001 0.7474999999999999 0.5587500000000001 0.75875 0.5825 0.75875 0.5825 0.7474999999999999
2 0.55375 0.7474999999999999 0.53 0.7474999999999999 0.53 0.75875 0.55375 0.75875 0.55375 0.7474999999999999
2 0.58375 0.73375 0.5549999999999999 0.73375 0.5549999999999999 0.7474999999999999 0.58375 0.7474999999999999 0.58375 0.73375
2 0.5825 0.72375 0.55625 0.72375 0.55625 0.73375 0.5825 0.73375 0.5825 0.72375
2 0.5575 0.735 0.53 0.735 0.53 0.7462500000000001 0.5575 0.7462500000000001 0.5575 0.735
2 0.5549999999999999 0.7224999999999999 0.5275000000000001 0.7224999999999999 0.5275000000000001 0.73375 0.5549999999999999 0.73375 0.5549999999999999 0.7224999999999999
2 0.5025000000000001 0.7575000000000001 0.4725 0.7575000000000001 0.4725 0.77 0.5025000000000001 0.77 0.5025000000000001 0.7575000000000001
2 0.47125000000000006 0.745 0.44625000000000004 0.745 0.44625000000000004 0.75625 0.47125000000000006 0.75625 0.47125000000000006 0.745
2 0.23374999999999999 0.79125 0.21000000000000002 0.79125 0.21000000000000002 0.8025 0.23374999999999999 0.8025 0.23374999999999999 0.79125
2 0.49625 0.7474999999999999 0.4725 0.7474999999999999 0.4725 0.755 0.49625 0.755 0.49625 0.7474999999999999
2 0.49749999999999994 0.7325 0.47125000000000006 0.7325 0.47125000000000006 0.7424999999999999 0.49749999999999994 0.7424999999999999 0.49749999999999994 0.7325
2 0.49375 0.7212500000000001 0.4725 0.7212500000000001 0.4725 0.73375 0.49375 0.73375 0.49375 0.7212500000000001
2 0.5025000000000001 0.705 0.47750000000000004 0.705 0.47750000000000004 0.7175 0.5025000000000001 0.7175 0.5025000000000001 0.705
2 0.49874999999999997 0.6950000000000001 0.475 0.6950000000000001 0.475 0.70625 0.49874999999999997 0.70625 0.49874999999999997 0.6950000000000001
2 0.50125 0.6837500000000001 0.47375 0.6837500000000001 0.47375 0.69625 0.50125 0.69625 0.50125 0.6837500000000001
2 0.49874999999999997 0.67125 0.475 0.67125 0.475 0.68125 0.49874999999999997 0.68125 0.49874999999999997 0.67125
2 0.5 0.6575 0.47375 0.6575 0.47375 0.6675 0.5 0.6675 0.5 0.6575
2 0.49625 0.64625 0.47000000000000003 0.64625 0.47000000000000003 0.655 0.49625 0.655 0.49625 0.64625
2 0.4725 0.735 0.44749999999999995 0.735 0.44749999999999995 0.7462500000000001 0.4725 0.7462500000000001 0.4725 0.735
2 0.47375 0.7224999999999999 0.44749999999999995 0.7224999999999999 0.44749999999999995 0.73375 0.47375 0.73375 0.47375 0.7224999999999999
2 0.47375 0.70875 0.45 0.70875 0.45 0.71875 0.47375 0.71875 0.47375 0.70875
2 0.47625 0.69625 0.45125000000000004 0.69625 0.45125000000000004 0.70875 0.47625 0.70875 0.47625 0.69625
2 0.6375 0.79875 0.61125 0.79875 0.61125 0.81125 0.6375 0.81125 0.6375 0.79875
2 0.41125 0.7462500000000001 0.385 0.7462500000000001 0.385 0.755 0.41125 0.755 0.41125 0.7462500000000001
2 0.3025 0.64375 0.27999999999999997 0.64375 0.27999999999999997 0.655 0.3025 0.655 0.3025 0.64375
2 0.3025 0.6587500000000001 0.27749999999999997 0.6587500000000001 0.27749999999999997 0.66875 0.3025 0.66875 0.3025 0.6587500000000001
2 0.20625 0.7875 0.185 0.7875 0.185 0.79875 0.20625 0.79875 0.20625 0.7875
2 0.205 0.77625 0.1825 0.77625 0.1825 0.7887500000000001 0.205 0.7887500000000001 0.205 0.77625
2 0.23374999999999999 0.76375 0.21125 0.76375 0.21125 0.775 0.23374999999999999 0.775 0.23374999999999999 0.76375
2 0.23500000000000001 0.73875 0.21375000000000002 0.73875 0.21375000000000002 0.7474999999999999 0.23500000000000001 0.7474999999999999 0.23500000000000001 0.73875
2 0.20875 0.7262500000000001 0.18375 0.7262500000000001 0.18375 0.7375 0.20875 0.7375 0.20875 0.7262500000000001
2 0.26125 0.6849999999999999 0.2475 0.6849999999999999 0.2475 0.71 0.26125 0.71 0.26125 0.6849999999999999
2 0.23500000000000001 0.70125 0.21375000000000002 0.70125 0.21375000000000002 0.7112499999999999 0.23500000000000001 0.7112499999999999 0.23500000000000001 0.70125
2 0.23500000000000001 0.6912499999999999 0.21375000000000002 0.6912499999999999 0.21375000000000002 0.6975 0.23500000000000001 0.6975 0.23500000000000001 0.6912499999999999
2 0.20875 0.67375 0.18625 0.67375 0.18625 0.6875 0.20875 0.6875 0.20875 0.67375
2 0.23500000000000001 0.6637500000000001 0.21125 0.6637500000000001 0.21125 0.675 0.23500000000000001 0.675 0.23500000000000001 0.6637500000000001
2 0.23625 0.65125 0.21375000000000002 0.65125 0.21375000000000002 0.6637500000000001 0.23625 0.6637500000000001 0.23625 0.65125
2 0.2325 0.64125 0.21000000000000002 0.64125 0.21000000000000002 0.65 0.2325 0.65 0.2325 0.64125
2 0.23500000000000001 0.6287499999999999 0.20875 0.6287499999999999 0.20875 0.63875 0.23500000000000001 0.63875 0.23500000000000001 0.6287499999999999
2 0.2375 0.60375 0.21375000000000002 0.60375 0.21375000000000002 0.61375 0.2375 0.61375 0.2375 0.60375
2 0.23500000000000001 0.57875 0.21125 0.57875 0.21125 0.58875 0.23500000000000001 0.58875 0.23500000000000001 0.57875
2 0.2375 0.55375 0.2125 0.55375 0.2125 0.5650000000000001 0.2375 0.5650000000000001 0.2375 0.55375
2 0.2425 0.5387500000000001 0.21375000000000002 0.5387500000000001 0.21375000000000002 0.55375 0.2425 0.55375 0.2425 0.5387500000000001
2 0.32999999999999996 0.6475 0.3025 0.6475 0.3025 0.6575 0.32999999999999996 0.6575 0.32999999999999996 0.6475
2 0.3275 0.6587500000000001 0.30375 0.6587500000000001 0.30375 0.67 0.3275 0.67 0.3275 0.6587500000000001
2 0.32625000000000004 0.675 0.3025 0.675 0.3025 0.68125 0.32625000000000004 0.68125 0.32625000000000004 0.675
2 0.3275 0.6837500000000001 0.3025 0.6837500000000001 0.3025 0.69375 0.3275 0.69375 0.3275 0.6837500000000001
2 0.32375 0.70875 0.30125 0.70875 0.30125 0.71875 0.32375 0.71875 0.32375 0.70875
2 0.2975 0.71875 0.2725 0.71875 0.2725 0.73125 0.2975 0.73125 0.2975 0.71875
2 0.29874999999999996 0.70375 0.27375 0.70375 0.27375 0.7175 0.29874999999999996 0.7175 0.29874999999999996 0.70375
2 0.29874999999999996 0.6925 0.2725 0.6925 0.2725 0.70375 0.29874999999999996 0.70375 0.29874999999999996 0.6925
2 0.2975 0.68125 0.2725 0.68125 0.2725 0.6912499999999999 0.2975 0.6912499999999999 0.2975 0.68125
2 0.30125 0.67 0.27625 0.67 0.27625 0.68125 0.30125 0.68125 0.30125 0.67
2 0.475 0.6825 0.44749999999999995 0.6825 0.44749999999999995 0.6950000000000001 0.475 0.6950000000000001 0.475 0.6825
2 0.475 0.66875 0.45125000000000004 0.66875 0.45125000000000004 0.6799999999999999 0.475 0.6799999999999999 0.475 0.66875
2 0.39 0.72875 0.365 0.72875 0.365 0.7424999999999999 0.39 0.7424999999999999 0.39 0.72875
2 0.47750000000000004 0.58 0.45125000000000004 0.58 0.45125000000000004 0.59375 0.47750000000000004 0.59375 0.47750000000000004 0.58
2 0.58 0.69875 0.5549999999999999 0.69875 0.5549999999999999 0.70875 0.58 0.70875 0.58 0.69875
2 0.58125 0.6875 0.5575 0.6875 0.5575 0.6975 0.58125 0.6975 0.58125 0.6875
2 0.58125 0.6725 0.5575 0.6725 0.5575 0.6837500000000001 0.58125 0.6837500000000001 0.58125 0.6725
2 0.58125 0.6625 0.5575 0.6625 0.5575 0.6725 0.58125 0.6725 0.58125 0.6625
2 0.585 0.6487499999999999 0.5587500000000001 0.6487499999999999 0.5587500000000001 0.6599999999999999 0.585 0.6599999999999999 0.585 0.6487499999999999
2 0.5525 0.6849999999999999 0.53 0.6849999999999999 0.53 0.69625 0.5525 0.69625 0.5525 0.6849999999999999
2 0.55625 0.6725 0.53125 0.6725 0.53125 0.6837500000000001 0.55625 0.6837500000000001 0.55625 0.6725
2 0.55625 0.6599999999999999 0.53 0.6599999999999999 0.53 0.67125 0.55625 0.67125 0.55625 0.6599999999999999
2 0.5599999999999999 0.64375 0.53125 0.64375 0.53125 0.6587500000000001 0.5599999999999999 0.6587500000000001 0.5599999999999999 0.64375
2 0.58375 0.62375 0.5599999999999999 0.62375 0.5599999999999999 0.6375 0.58375 0.6375 0.58375 0.62375
2 0.5825 0.61125 0.5599999999999999 0.61125 0.5599999999999999 0.62375 0.5825 0.62375 0.5825 0.61125
2 0.58 0.5962500000000001 0.55625 0.5962500000000001 0.55625 0.61 0.58 0.61 0.58 0.5962500000000001
2 0.58 0.585 0.5599999999999999 0.585 0.5599999999999999 0.595 0.58 0.595 0.58 0.585
2 0.5825 0.57125 0.56125 0.57125 0.56125 0.585 0.5825 0.585 0.5825 0.57125
2 0.58875 0.5599999999999999 0.56375 0.5599999999999999 0.56375 0.5725 0.58875 0.5725 0.58875 0.5599999999999999
2 0.585 0.5475 0.5599999999999999 0.5475 0.5599999999999999 0.5599999999999999 0.585 0.5599999999999999 0.585 0.5475
2 0.58375 0.5349999999999999 0.5599999999999999 0.5349999999999999 0.5599999999999999 0.55 0.58375 0.55 0.58375 0.5349999999999999
2 0.58375 0.5225 0.5587500000000001 0.5225 0.5587500000000001 0.5349999999999999 0.58375 0.5349999999999999 0.58375 0.5225
2 0.5599999999999999 0.5349999999999999 0.53625 0.5349999999999999 0.53625 0.54625 0.5599999999999999 0.54625 0.5599999999999999 0.5349999999999999
2 0.56125 0.5475 0.5375 0.5475 0.5375 0.5599999999999999 0.56125 0.5599999999999999 0.56125 0.5475
2 0.5625 0.5599999999999999 0.5375 0.5599999999999999 0.5375 0.5725 0.5625 0.5725 0.5625 0.5599999999999999
2 0.5587500000000001 0.57125 0.5387500000000001 0.57125 0.5387500000000001 0.58125 0.5587500000000001 0.58125 0.5587500000000001 0.57125
2 0.5575 0.5862499999999999 0.53625 0.5862499999999999 0.53625 0.5962500000000001 0.5575 0.5962500000000001 0.5575 0.5862499999999999
2 0.5599999999999999 0.5974999999999999 0.5337500000000001 0.5974999999999999 0.5337500000000001 0.60875 0.5599999999999999 0.60875 0.5599999999999999 0.5974999999999999
2 0.5575 0.60875 0.53125 0.60875 0.53125 0.6212500000000001 0.5575 0.6212500000000001 0.5575 0.60875
2 0.6425 0.69875 0.6174999999999999 0.69875 0.6174999999999999 0.7125 0.6425 0.7125 0.6425 0.69875
2 0.645 0.6837500000000001 0.61125 0.6837500000000001 0.61125 0.6975 0.645 0.6975 0.645 0.6837500000000001
2 0.39249999999999996 0.52 0.3675 0.52 0.3675 0.53 0.39249999999999996 0.53 0.39249999999999996 0.52
2 0.48 0.5675 0.44875 0.5675 0.44875 0.58 0.48 0.58 0.48 0.5675
2 0.41125 0.73 0.3875 0.73 0.3875 0.745 0.41125 0.745 0.41125 0.73
2 0.49874999999999997 0.55625 0.47750000000000004 0.55625 0.47750000000000004 0.56875 0.49874999999999997 0.56875 0.49874999999999997 0.55625
2 0.4125 0.7175 0.39 0.7175 0.39 0.73125 0.4125 0.73125 0.4125 0.7175
2 0.4175 0.70625 0.39 0.70625 0.39 0.7175 0.4175 0.7175 0.4175 0.70625
2 0.41500000000000004 0.69375 0.39249999999999996 0.69375 0.39249999999999996 0.705 0.41500000000000004 0.705 0.41500000000000004 0.69375
2 0.4175 0.6825 0.39375 0.6825 0.39375 0.6950000000000001 0.4175 0.6950000000000001 0.4175 0.6825
2 0.41875 0.67 0.39375 0.67 0.39375 0.68125 0.41875 0.68125 0.41875 0.67
2 0.41875 0.65625 0.39249999999999996 0.65625 0.39249999999999996 0.6675 0.41875 0.6675 0.41875 0.65625
2 0.39125 0.655 0.36875 0.655 0.36875 0.665 0.39125 0.665 0.39125 0.655
2 0.39 0.67 0.365 0.67 0.365 0.6799999999999999 0.39 0.6799999999999999 0.39 0.67
2 0.39249999999999996 0.68125 0.365 0.68125 0.365 0.69375 0.39249999999999996 0.69375 0.39249999999999996 0.68125
2 0.38875000000000004 0.69375 0.365 0.69375 0.365 0.70375 0.38875000000000004 0.70375 0.38875000000000004 0.69375
2 0.39249999999999996 0.70625 0.365 0.70625 0.365 0.7175 0.39249999999999996 0.7175 0.39249999999999996 0.70625
2 0.38875000000000004 0.7150000000000001 0.36124999999999996 0.7150000000000001 0.36124999999999996 0.72875 0.38875000000000004 0.72875 0.38875000000000004 0.7150000000000001
2 0.4175 0.62 0.39249999999999996 0.62 0.39249999999999996 0.6325000000000001 0.4175 0.6325000000000001 0.4175 0.62
2 0.4175 0.605 0.39 0.605 0.39 0.6174999999999999 0.4175 0.6174999999999999 0.4175 0.605
2 0.4175 0.59375 0.39249999999999996 0.59375 0.39249999999999996 0.60875 0.4175 0.60875 0.4175 0.59375
2 0.4175 0.58 0.39249999999999996 0.58 0.39249999999999996 0.5912499999999999 0.4175 0.5912499999999999 0.4175 0.58
2 0.4175 0.5549999999999999 0.39375 0.5549999999999999 0.39375 0.5675 0.4175 0.5675 0.4175 0.5549999999999999
2 0.39249999999999996 0.55375 0.36625 0.55375 0.36625 0.5662499999999999 0.39249999999999996 0.5662499999999999 0.39249999999999996 0.55375
2 0.39125 0.5662499999999999 0.36375 0.5662499999999999 0.36375 0.5775 0.39125 0.5775 0.39125 0.5662499999999999
2 0.39249999999999996 0.58 0.36375 0.58 0.36375 0.5925 0.39249999999999996 0.5925 0.39249999999999996 0.58
2 0.39249999999999996 0.59375 0.3675 0.59375 0.3675 0.605 0.39249999999999996 0.605 0.39249999999999996 0.59375
2 0.39249999999999996 0.605 0.3675 0.605 0.3675 0.6174999999999999 0.39249999999999996 0.6174999999999999 0.39249999999999996 0.605
2 0.47750000000000004 0.60625 0.45125000000000004 0.60625 0.45125000000000004 0.62 0.47750000000000004 0.62 0.47750000000000004 0.60625
2 0.5037499999999999 0.6212500000000001 0.47375 0.6212500000000001 0.47375 0.635 0.5037499999999999 0.635 0.5037499999999999 0.6212500000000001
2 0.505 0.5962500000000001 0.47750000000000004 0.5962500000000001 0.47750000000000004 0.6075 0.505 0.6075 0.505 0.5962500000000001
2 0.50125 0.58125 0.47750000000000004 0.58125 0.47750000000000004 0.5925 0.50125 0.5925 0.50125 0.58125
2 0.50125 0.56875 0.47750000000000004 0.56875 0.47750000000000004 0.5825 0.50125 0.5825 0.50125 0.56875
2 0.23500000000000001 0.7787499999999999 0.20875 0.7787499999999999 0.20875 0.79125 0.23500000000000001 0.79125 0.23500000000000001 0.7787499999999999
2 0.29874999999999996 0.7975 0.28625 0.7975 0.28625 0.82 0.29874999999999996 0.82 0.29874999999999996 0.7975
2 0.3175 0.7975 0.30125 0.7975 0.30125 0.8225 0.3175 0.8225 0.3175 0.7975
2 0.22999999999999998 0.8775000000000001 0.19875 0.8775000000000001 0.19875 0.8925000000000001 0.22999999999999998 0.8925000000000001 0.22999999999999998 0.8775000000000001
2 0.08875 0.81375 0.06375 0.81375 0.06375 0.8275 0.08875 0.8275 0.08875 0.81375
2 0.77625 0.95375 0.76375 0.95375 0.76375 0.9800000000000001 0.77625 0.9800000000000001 0.77625 0.95375
2 0.78625 0.58375 0.7725 0.58375 0.7725 0.61375 0.78625 0.61375 0.78625 0.58375
2 0.605 0.825 0.59375 0.825 0.59375 0.85 0.605 0.85 0.605 0.825
2 0.5900000000000001 0.8237500000000001 0.58 0.8237500000000001 0.58 0.85 0.5900000000000001 0.85 0.5900000000000001 0.8237500000000001
2 0.56875 0.82875 0.55625 0.82875 0.55625 0.85375 0.56875 0.85375 0.56875 0.82875
2 0.5525 0.8225 0.54375 0.8225 0.54375 0.85375 0.5525 0.85375 0.5525 0.8225
2 0.54125 0.8237500000000001 0.5337500000000001 0.8237500000000001 0.5337500000000001 0.85125 0.54125 0.85125 0.54125 0.8237500000000001
2 0.53125 0.825 0.5175 0.825 0.5175 0.8474999999999999 0.53125 0.8474999999999999 0.53125 0.825
2 0.52 0.82125 0.50875 0.82125 0.50875 0.8474999999999999 0.52 0.8474999999999999 0.52 0.82125
2 0.50625 0.8237500000000001 0.49375 0.8237500000000001 0.49375 0.8487500000000001 0.50625 0.8487500000000001 0.50625 0.8237500000000001
2 0.49124999999999996 0.825 0.48125 0.825 0.48125 0.85125 0.49124999999999996 0.85125 0.49124999999999996 0.825
2 0.39125 0.8087500000000001 0.37625000000000003 0.8087500000000001 0.37625000000000003 0.8375 0.39125 0.8375 0.39125 0.8087500000000001
2 0.37625000000000003 0.805 0.36375 0.805 0.36375 0.835 0.37625000000000003 0.835 0.37625000000000003 0.805
2 0.365 0.80625 0.35125 0.80625 0.35125 0.8324999999999999 0.365 0.8324999999999999 0.365 0.80625
2 0.17124999999999999 0.865 0.14625 0.865 0.14625 0.8775000000000001 0.17124999999999999 0.8775000000000001 0.17124999999999999 0.865
2 0.64375 0.67375 0.6174999999999999 0.67375 0.6174999999999999 0.68875 0.64375 0.68875 0.64375 0.67375
2 0.645 0.6475 0.615 0.6475 0.615 0.66125 0.645 0.66125 0.645 0.6475
2 0.64125 0.625 0.6174999999999999 0.625 0.6174999999999999 0.6375 0.64125 0.6375 0.64125 0.625
2 0.64375 0.61 0.6174999999999999 0.61 0.6174999999999999 0.62375 0.64375 0.62375 0.64375 0.61
2 0.5725 0.00125 0.55 0.00125 0.55 0.00625 0.5725 0.00625 0.5725 0.00125
2 0.59375 0.00125 0.5725 0.00125 0.5725 0.00625 0.59375 0.00625 0.59375 0.00125
2 0.5974999999999999 0.01 0.57125 0.01 0.57125 0.02 0.5974999999999999 0.02 0.5974999999999999 0.01
2 0.5962500000000001 0.01875 0.5725 0.01875 0.5725 0.03375 0.5962500000000001 0.03375 0.5962500000000001 0.01875
2 0.57125 0.01625 0.54875 0.01625 0.54875 0.03 0.57125 0.03 0.57125 0.01625
2 0.595 0.03125 0.5725 0.03125 0.5725 0.042499999999999996 0.595 0.042499999999999996 0.595 0.03125
2 0.59375 0.04625 0.5725 0.04625 0.5725 0.05625 0.59375 0.05625 0.59375 0.04625
2 0.57125 0.04375 0.5475 0.04375 0.5475 0.05500000000000001 0.57125 0.05500000000000001 0.57125 0.04375
2 0.56375 0.05625 0.54125 0.05625 0.54125 0.06875 0.56375 0.06875 0.56375 0.05625
2 0.5925 0.05625 0.5700000000000001 0.05625 0.5700000000000001 0.06875 0.5925 0.06875 0.5925 0.05625
2 0.5900000000000001 0.0725 0.5675 0.0725 0.5675 0.08249999999999999 0.5900000000000001 0.08249999999999999 0.5900000000000001 0.0725
2 0.5650000000000001 0.07125000000000001 0.54125 0.07125000000000001 0.54125 0.08375 0.5650000000000001 0.08375 0.5650000000000001 0.07125000000000001
2 0.6425 0.465 0.6212500000000001 0.465 0.6212500000000001 0.47874999999999995 0.6425 0.47874999999999995 0.6425 0.465
2 0.6475 0.44125 0.62625 0.44125 0.62625 0.4525 0.6475 0.4525 0.6475 0.44125
2 0.6487499999999999 0.45375 0.6287499999999999 0.45375 0.6287499999999999 0.46375 0.6487499999999999 0.46375 0.6487499999999999 0.45375
2 0.4875 0.13874999999999998 0.45875000000000005 0.13874999999999998 0.45875000000000005 0.14875 0.4875 0.14875 0.4875 0.13874999999999998
2 0.48375 0.1525 0.45999999999999996 0.1525 0.45999999999999996 0.1675 0.48375 0.1675 0.48375 0.1525
2 0.48624999999999996 0.13 0.4625 0.13 0.4625 0.13999999999999999 0.48624999999999996 0.13999999999999999 0.48624999999999996 0.13
2 0.44625000000000004 0.24125000000000002 0.43499999999999994 0.24125000000000002 0.43499999999999994 0.265 0.44625000000000004 0.265 0.44625000000000004 0.24125000000000002
2 0.48250000000000004 0.23875000000000002 0.45875000000000005 0.23875000000000002 0.45875000000000005 0.25 0.48250000000000004 0.25 0.48250000000000004 0.23875000000000002
2 0.48250000000000004 0.22625 0.45625 0.22625 0.45625 0.23875000000000002 0.48250000000000004 0.23875000000000002 0.48250000000000004 0.22625
2 0.56375 0.3775 0.54 0.3775 0.54 0.39 0.56375 0.39 0.56375 0.3775
2 0.5875 0.37875000000000003 0.5625 0.37875000000000003 0.5625 0.39125 0.5875 0.39125 0.5875 0.37875000000000003
2 0.5862499999999999 0.3675 0.56125 0.3675 0.56125 0.37625000000000003 0.5862499999999999 0.37625000000000003 0.5862499999999999 0.3675
2 0.5862499999999999 0.3525 0.56375 0.3525 0.56375 0.36625 0.5862499999999999 0.36625 0.5862499999999999 0.3525
2 0.5900000000000001 0.34125 0.5650000000000001 0.34125 0.5650000000000001 0.35125 0.5900000000000001 0.35125 0.5900000000000001 0.34125
2 0.58875 0.3275 0.56375 0.3275 0.56375 0.33875 0.58875 0.33875 0.58875 0.3275
2 0.56375 0.33999999999999997 0.54 0.33999999999999997 0.54 0.35125 0.56375 0.35125 0.56375 0.33999999999999997
2 0.5650000000000001 0.32875 0.54 0.32875 0.54 0.33999999999999997 0.5650000000000001 0.33999999999999997 0.5650000000000001 0.32875
2 0.56375 0.31375000000000003 0.5387500000000001 0.31375000000000003 0.5387500000000001 0.32625000000000004 0.56375 0.32625000000000004 0.56375 0.31375000000000003
2 0.5650000000000001 0.30375 0.54 0.30375 0.54 0.31625000000000003 0.5650000000000001 0.31625000000000003 0.5650000000000001 0.30375
2 0.5900000000000001 0.3025 0.5650000000000001 0.3025 0.5650000000000001 0.31625000000000003 0.5900000000000001 0.31625000000000003 0.5900000000000001 0.3025
2 0.5925 0.29 0.56875 0.29 0.56875 0.30125 0.5925 0.30125 0.5925 0.29
2 0.56875 0.29125 0.54375 0.29125 0.54375 0.3025 0.56875 0.3025 0.56875 0.29125
2 0.56375 0.26625 0.54 0.26625 0.54 0.27999999999999997 0.56375 0.27999999999999997 0.56375 0.26625
2 0.5912499999999999 0.26375000000000004 0.5662499999999999 0.26375000000000004 0.5662499999999999 0.27875 0.5912499999999999 0.27875 0.5912499999999999 0.26375000000000004
2 0.5925 0.23875000000000002 0.5675 0.23875000000000002 0.5675 0.25125000000000003 0.5925 0.25125000000000003 0.5925 0.23875000000000002
2 0.5925 0.21625 0.56875 0.21625 0.56875 0.22625 0.5925 0.22625 0.5925 0.21625
2 0.5675 0.21375000000000002 0.54 0.21375000000000002 0.54 0.225 0.5675 0.225 0.5675 0.21375000000000002
2 0.64625 0.43125 0.62375 0.43125 0.62375 0.44125 0.64625 0.44125 0.64625 0.43125
2 0.64625 0.4175 0.6224999999999999 0.4175 0.6224999999999999 0.43 0.64625 0.43 0.64625 0.4175
2 0.64625 0.40499999999999997 0.6224999999999999 0.40499999999999997 0.6224999999999999 0.41624999999999995 0.64625 0.41624999999999995 0.64625 0.40499999999999997
2 0.6475 0.39125 0.6212500000000001 0.39125 0.6212500000000001 0.40499999999999997 0.6475 0.40499999999999997 0.6475 0.39125
2 0.65 0.38 0.625 0.38 0.625 0.39125 0.65 0.39125 0.65 0.38
2 0.65 0.36375 0.6224999999999999 0.36375 0.6224999999999999 0.37625000000000003 0.65 0.37625000000000003 0.65 0.36375
2 0.65 0.35375 0.625 0.35375 0.625 0.36625 0.65 0.36625 0.65 0.35375
2 0.51 0.25125000000000003 0.485 0.25125000000000003 0.485 0.2625 0.51 0.2625 0.51 0.25125000000000003
2 0.48250000000000004 0.2625 0.45125000000000004 0.2625 0.45125000000000004 0.27749999999999997 0.48250000000000004 0.27749999999999997 0.48250000000000004 0.2625
2 0.655 0.32999999999999996 0.62625 0.32999999999999996 0.62625 0.34375 0.655 0.34375 0.655 0.32999999999999996
2 0.48 0.27625 0.45625 0.27625 0.45625 0.28875 0.48 0.28875 0.48 0.27625
2 0.64625 0.5974999999999999 0.6174999999999999 0.5974999999999999 0.6174999999999999 0.61125 0.64625 0.61125 0.64625 0.5974999999999999
2 0.645 0.585 0.61875 0.585 0.61875 0.5974999999999999 0.645 0.5974999999999999 0.645 0.585
2 0.645 0.5725 0.6212500000000001 0.5725 0.6212500000000001 0.585 0.645 0.585 0.645 0.5725
2 0.64375 0.54 0.6224999999999999 0.54 0.6224999999999999 0.54875 0.64375 0.54875 0.64375 0.54
2 0.64625 0.5225 0.61875 0.5225 0.61875 0.53625 0.64625 0.53625 0.64625 0.5225
2 0.32375 0.44125 0.3025 0.44125 0.3025 0.47000000000000003 0.32375 0.47000000000000003 0.32375 0.44125
2 0.82 0.41125 0.8074999999999999 0.41125 0.8074999999999999 0.4375 0.82 0.4375 0.82 0.41125
2 0.55625 0.43875000000000003 0.5475 0.43875000000000003 0.5475 0.45999999999999996 0.55625 0.45999999999999996 0.55625 0.43875000000000003
2 0.57125 0.4375 0.55625 0.4375 0.55625 0.46125 0.57125 0.46125 0.57125 0.4375
2 0.5337500000000001 0.43624999999999997 0.52125 0.43624999999999997 0.52125 0.465 0.5337500000000001 0.465 0.5337500000000001 0.43624999999999997
2 0.5225 0.43875000000000003 0.50625 0.43875000000000003 0.50625 0.46624999999999994 0.5225 0.46624999999999994 0.5225 0.43875000000000003
2 0.50875 0.4375 0.49375 0.4375 0.49375 0.46624999999999994 0.50875 0.46624999999999994 0.50875 0.4375
2 0.49375 0.43375 0.48375 0.43375 0.48375 0.45999999999999996 0.49375 0.45999999999999996 0.49375 0.43375
2 0.48375 0.43624999999999997 0.46875 0.43624999999999997 0.46875 0.4625 0.48375 0.4625 0.48375 0.43624999999999997
2 0.42374999999999996 0.40499999999999997 0.39875 0.40499999999999997 0.39875 0.41624999999999995 0.42374999999999996 0.41624999999999995 0.42374999999999996 0.40499999999999997
2 0.42125 0.38875000000000004 0.39875 0.38875000000000004 0.39875 0.4 0.42125 0.4 0.42125 0.38875000000000004
2 0.42374999999999996 0.37 0.39875 0.37 0.39875 0.38375 0.42374999999999996 0.38375 0.42374999999999996 0.37
2 0.425 0.355 0.40125 0.355 0.40125 0.3675 0.425 0.3675 0.425 0.355
2 0.42374999999999996 0.3375 0.39875 0.3375 0.39875 0.35125 0.42374999999999996 0.35125 0.42374999999999996 0.3375
2 0.48375 0.36625 0.45499999999999996 0.36625 0.45499999999999996 0.37875000000000003 0.48375 0.37875000000000003 0.48375 0.36625
2 0.505 0.3525 0.48125 0.3525 0.48125 0.365 0.505 0.365 0.505 0.3525
2 0.50625 0.33875 0.48375 0.33875 0.48375 0.35125 0.50625 0.35125 0.50625 0.33875
2 0.48375 0.325 0.45875000000000005 0.325 0.45875000000000005 0.33375 0.48375 0.33375 0.48375 0.325
2 0.48125 0.30125 0.45499999999999996 0.30125 0.45499999999999996 0.3125 0.48125 0.3125 0.48125 0.30125
2 0.50625 0.3025 0.48375 0.3025 0.48375 0.315 0.50625 0.315 0.50625 0.3025
2 0.5037499999999999 0.28875 0.48375 0.28875 0.48375 0.30375 0.5037499999999999 0.30375 0.5037499999999999 0.28875
2 0.50625 0.27749999999999997 0.48624999999999996 0.27749999999999997 0.48624999999999996 0.28875 0.50625 0.28875 0.50625 0.27749999999999997
2 0.6487499999999999 0.34249999999999997 0.62625 0.34249999999999997 0.62625 0.355 0.6487499999999999 0.355 0.6487499999999999 0.34249999999999997
2 0.655 0.31875 0.6275000000000001 0.31875 0.6275000000000001 0.32875 0.655 0.32875 0.655 0.31875
2 0.48624999999999996 0.11875 0.46375 0.11875 0.46375 0.1275 0.48624999999999996 0.1275 0.48624999999999996 0.11875
2 0.4325 0.00125 0.40875000000000006 0.00125 0.40875000000000006 0.005 0.4325 0.005 0.4325 0.00125
2 0.42750000000000005 0.01 0.40625 0.01 0.40625 0.0225 0.42750000000000005 0.0225 0.42750000000000005 0.01
2 0.43375 0.027500000000000004 0.40625 0.027500000000000004 0.40625 0.04 0.43375 0.04 0.43375 0.027500000000000004
2 0.43 0.041249999999999995 0.40499999999999997 0.041249999999999995 0.40499999999999997 0.052500000000000005 0.43 0.052500000000000005 0.43 0.041249999999999995
2 0.43 0.05625 0.40625 0.05625 0.40625 0.07125000000000001 0.43 0.07125000000000001 0.43 0.05625
2 0.48875 0.00125 0.465 0.00125 0.465 0.00375 0.48875 0.00375 0.48875 0.00125
2 0.51 0.00125 0.49124999999999996 0.00125 0.49124999999999996 0.0025 0.51 0.0025 0.51 0.00125
2 0.5125 0.00625 0.48875 0.00625 0.48875 0.017499999999999998 0.5125 0.017499999999999998 0.5125 0.00625
2 0.485 0.01875 0.46375 0.01875 0.46375 0.027500000000000004 0.485 0.027500000000000004 0.485 0.01875
2 0.5125 0.03 0.4925 0.03 0.4925 0.042499999999999996 0.5125 0.042499999999999996 0.5125 0.03
2 0.5125 0.05625 0.48875 0.05625 0.48875 0.06625 0.5125 0.06625 0.5125 0.05625
2 0.485 0.05500000000000001 0.45875000000000005 0.05500000000000001 0.45875000000000005 0.06375 0.485 0.06375 0.485 0.05500000000000001
2 0.4875 0.065 0.465 0.065 0.465 0.07625 0.4875 0.07625 0.4875 0.065
2 0.48624999999999996 0.07625 0.45999999999999996 0.07625 0.45999999999999996 0.08875 0.48624999999999996 0.08875 0.48624999999999996 0.07625
2 0.4875 0.0925 0.45999999999999996 0.0925 0.45999999999999996 0.10375000000000001 0.4875 0.10375000000000001 0.4875 0.0925
2 0.4875 0.10375000000000001 0.4625 0.10375000000000001 0.4625 0.11499999999999999 0.4875 0.11499999999999999 0.4875 0.10375000000000001
2 0.5125 0.11499999999999999 0.48875 0.11499999999999999 0.48875 0.1275 0.5125 0.1275 0.5125 0.11499999999999999
2 0.6537499999999999 0.29125 0.6275000000000001 0.29125 0.6275000000000001 0.30625 0.6537499999999999 0.30625 0.6537499999999999 0.29125
2 0.6525000000000001 0.27999999999999997 0.62625 0.27999999999999997 0.62625 0.29125 0.6525000000000001 0.29125 0.6525000000000001 0.27999999999999997
2 0.6525000000000001 0.26875 0.62625 0.26875 0.62625 0.27999999999999997 0.6525000000000001 0.27999999999999997 0.6525000000000001 0.26875
2 0.6537499999999999 0.255 0.6275000000000001 0.255 0.6275000000000001 0.265 0.6537499999999999 0.265 0.6537499999999999 0.255
2 0.6525000000000001 0.2425 0.6275000000000001 0.2425 0.6275000000000001 0.25625 0.6525000000000001 0.25625 0.6525000000000001 0.2425
2 0.6537499999999999 0.22999999999999998 0.62625 0.22999999999999998 0.62625 0.2425 0.6537499999999999 0.2425 0.6537499999999999 0.22999999999999998
2 0.6525000000000001 0.21749999999999997 0.625 0.21749999999999997 0.625 0.22749999999999998 0.6525000000000001 0.22749999999999998 0.6525000000000001 0.21749999999999997
2 0.5662499999999999 0.15875 0.5425 0.15875 0.5425 0.16999999999999998 0.5662499999999999 0.16999999999999998 0.5662499999999999 0.15875
2 0.5912499999999999 0.15625 0.56875 0.15625 0.56875 0.16625 0.5912499999999999 0.16625 0.5912499999999999 0.15625
2 0.5925 0.14375 0.5662499999999999 0.14375 0.5662499999999999 0.15625 0.5925 0.15625 0.5925 0.14375
2 0.59375 0.1325 0.5662499999999999 0.1325 0.5662499999999999 0.145 0.59375 0.145 0.59375 0.1325
2 0.5925 0.12 0.5675 0.12 0.5675 0.13125 0.5925 0.13125 0.5925 0.12
2 0.5675 0.10625 0.545 0.10625 0.545 0.11875 0.5675 0.11875 0.5675 0.10625
2 0.5925 0.09375 0.575 0.09375 0.575 0.10500000000000001 0.5925 0.10500000000000001 0.5925 0.09375
2 0.655 0.14875 0.6275000000000001 0.14875 0.6275000000000001 0.15875 0.655 0.15875 0.655 0.14875
2 0.6525000000000001 0.13625 0.63 0.13625 0.63 0.14625 0.6525000000000001 0.14625 0.6525000000000001 0.13625
2 0.6525000000000001 0.12250000000000001 0.6287499999999999 0.12250000000000001 0.6287499999999999 0.13125 0.6525000000000001 0.13125 0.6525000000000001 0.12250000000000001
2 0.655 0.1075 0.63 0.1075 0.63 0.12 0.655 0.12 0.655 0.1075
2 0.6537499999999999 0.08625000000000001 0.63 0.08625000000000001 0.63 0.09625 0.6537499999999999 0.09625 0.6537499999999999 0.08625000000000001
2 0.655 0.07125000000000001 0.6275000000000001 0.07125000000000001 0.6275000000000001 0.0875 0.655 0.0875 0.655 0.07125000000000001
2 0.6587500000000001 0.04875 0.63 0.04875 0.63 0.06 0.6587500000000001 0.06 0.6587500000000001 0.04875
2 0.65625 0.034999999999999996 0.63125 0.034999999999999996 0.63125 0.04875 0.65625 0.04875 0.65625 0.034999999999999996
2 0.6599999999999999 0.01 0.63 0.01 0.63 0.02375 0.6599999999999999 0.02375 0.6599999999999999 0.01
2 0.6599999999999999 0.00125 0.63375 0.00125 0.63375 0.008749999999999999 0.6599999999999999 0.008749999999999999 0.6599999999999999 0.00125