2 0.97875 0.21625 0.95375 0.21625 0.95375 0.24125000000000002 0.97875 0.24125000000000002 0.97875 0.21625
2 0.9324999999999999 0.255 0.905 0.255 0.905 0.28125 0.9324999999999999 0.28125 0.9324999999999999 0.255
2 0.9175000000000001 0.27125 0.89625 0.27125 0.89625 0.2975 0.9175000000000001 0.2975 0.9175000000000001 0.27125
2 0.9087500000000001 0.28500000000000003 0.8825 0.28500000000000003 0.8825 0.31 0.9087500000000001 0.31 0.9087500000000001 0.28500000000000003
2 0.89375 0.32999999999999996 0.865 0.32999999999999996 0.865 0.34249999999999997 0.89375 0.34249999999999997 0.89375 0.32999999999999996
2 0.8862500000000001 0.37124999999999997 0.85875 0.37124999999999997 0.85875 0.38375 0.8862500000000001 0.38375 0.8862500000000001 0.37124999999999997
2 0.8862500000000001 0.34125 0.8612500000000001 0.34125 0.8612500000000001 0.355 0.8862500000000001 0.355 0.8862500000000001 0.34125
2 0.9425000000000001 0.38125 0.9237500000000001 0.38125 0.9237500000000001 0.395 0.9425000000000001 0.395 0.9425000000000001 0.38125
2 0.945 0.4 0.915 0.4 0.915 0.41 0.945 0.41 0.945 0.4
2 0.97875 0.385 0.9574999999999999 0.385 0.9574999999999999 0.39625 0.97875 0.39625 0.97875 0.385
2 0.975 0.3975 0.9512499999999999 0.3975 0.9512499999999999 0.40875000000000006 0.975 0.40875000000000006 0.975 0.3975
2 0.9775 0.41875 0.9487500000000001 0.41875 0.9487500000000001 0.43499999999999994 0.9775 0.43499999999999994 0.9775 0.41875
2 0.9737500000000001 0.45875000000000005 0.9487500000000001 0.45875000000000005 0.9487500000000001 0.47125000000000006 0.9737500000000001 0.47125000000000006 0.9737500000000001 0.45875000000000005
2 0.94625 0.44375 0.915 0.44375 0.915 0.4575 0.94625 0.4575 0.94625 0.44375
2 0.94625 0.42374999999999996 0.9175000000000001 0.42374999999999996 0.9175000000000001 0.43499999999999994 0.94625 0.43499999999999994 0.94625 0.42374999999999996
2 0.9425000000000001 0.41 0.91375 0.41 0.91375 0.4225 0.9425000000000001 0.4225 0.9425000000000001 0.41
2 0.7175 0.72875 0.7025 0.72875 0.7025 0.7537499999999999 0.7175 0.7537499999999999 0.7175 0.72875