2 0.5662499999999999 0.39875 0.55 0.39875 0.55 0.42374999999999996 0.5662499999999999 0.42374999999999996 0.5662499999999999 0.39875
2 0.5237499999999999 0.485 0.50875 0.485 0.50875 0.51375 0.5237499999999999 0.51375 0.5237499999999999 0.485
2 0.39249999999999996 0.48 0.3775 0.48 0.3775 0.50625 0.39249999999999996 0.50625 0.39249999999999996 0.48
2 0.365 0.48375 0.3525 0.48375 0.3525 0.50875 0.365 0.50875 0.365 0.48375
2 0.29500000000000004 0.5175 0.28250000000000003 0.5175 0.28250000000000003 0.54 0.29500000000000004 0.54 0.29500000000000004 0.5175
2 0.5225 0.52125 0.51125 0.52125 0.51125 0.54875 0.5225 0.54875 0.5225 0.52125
2 0.42625 0.51875 0.41500000000000004 0.51875 0.41500000000000004 0.545 0.42625 0.545 0.42625 0.51875
2 0.4125 0.52125 0.4025 0.52125 0.4025 0.54625 0.4125 0.54625 0.4125 0.52125
2 0.4025 0.52125 0.39 0.52125 0.39 0.54375 0.4025 0.54375 0.4025 0.52125
2 0.35125 0.51875 0.33999999999999997 0.51875 0.33999999999999997 0.54125 0.35125 0.54125 0.35125 0.51875
2 0.24375 0.56875 0.23125 0.56875 0.23125 0.59375 0.24375 0.59375 0.24375 0.56875
2 0.32875 0.51625 0.3175 0.51625 0.3175 0.54375 0.32875 0.54375 0.32875 0.51625
2 0.26749999999999996 0.57125 0.2575 0.57125 0.2575 0.5962500000000001 0.26749999999999996 0.5962500000000001 0.26749999999999996 0.57125
2 0.27999999999999997 0.56875 0.27 0.56875 0.27 0.59375 0.27999999999999997 0.59375 0.27999999999999997 0.56875
2 0.3025 0.57125 0.29 0.57125 0.29 0.5962500000000001 0.3025 0.5962500000000001 0.3025 0.57125
2 0.3175 0.57125 0.30625 0.57125 0.30625 0.595 0.3175 0.595 0.3175 0.57125
2 0.3325 0.5700000000000001 0.32 0.5700000000000001 0.32 0.5962500000000001 0.3325 0.5962500000000001 0.3325 0.5700000000000001
2 0.40125 0.5725 0.3875 0.5725 0.3875 0.59875 0.40125 0.59875 0.40125 0.5725
2 0.4175 0.57125 0.40374999999999994 0.57125 0.40374999999999994 0.59875 0.4175 0.59875 0.4175 0.57125
2 0.255 0.76125 0.225 0.76125 0.225 0.775 0.255 0.775 0.255 0.76125
2 0.4925 0.27749999999999997 0.48250000000000004 0.27749999999999997 0.48250000000000004 0.305 0.4925 0.305 0.4925 0.27749999999999997
2 0.47125000000000006 0.27749999999999997 0.45999999999999996 0.27749999999999997 0.45999999999999996 0.3025 0.47125000000000006 0.3025 0.47125000000000006 0.27749999999999997
2 0.25125000000000003 0.42750000000000005 0.23875000000000002 0.42750000000000005 0.23875000000000002 0.45125000000000004 0.25125000000000003 0.45125000000000004 0.25125000000000003 0.42750000000000005