2 0.9662499999999999 0.58 0.95625 0.58 0.95625 0.60625 0.9662499999999999 0.60625 0.9662499999999999 0.58
2 0.94625 0.57875 0.9349999999999999 0.57875 0.9349999999999999 0.60625 0.94625 0.60625 0.94625 0.57875
2 0.9125 0.57875 0.89875 0.57875 0.89875 0.60375 0.9125 0.60375 0.9125 0.57875
2 0.8975 0.575 0.8875 0.575 0.8875 0.60375 0.8975 0.60375 0.8975 0.575
2 0.9324999999999999 0.73875 0.9012499999999999 0.73875 0.9012499999999999 0.75125 0.9324999999999999 0.75125 0.9324999999999999 0.73875
2 0.91875 0.7725 0.89625 0.7725 0.89625 0.7849999999999999 0.91875 0.7849999999999999 0.91875 0.7725
2 0.9962500000000001 0.7575000000000001 0.96875 0.7575000000000001 0.96875 0.76875 0.9962500000000001 0.76875 0.9962500000000001 0.7575000000000001
2 0.99375 0.77625 0.96875 0.77625 0.96875 0.7875 0.99375 0.7875 0.99375 0.77625
2 0.45499999999999996 0.24 0.42750000000000005 0.24 0.42750000000000005 0.25375000000000003 0.45499999999999996 0.25375000000000003 0.45499999999999996 0.24
2 0.885 0.52125 0.8612500000000001 0.52125 0.8612500000000001 0.5325 0.885 0.5325 0.885 0.52125
2 0.5125 0.21749999999999997 0.48624999999999996 0.21749999999999997 0.48624999999999996 0.22749999999999998 0.5125 0.22749999999999998 0.5125 0.21749999999999997
2 0.51625 0.22875 0.4875 0.22875 0.4875 0.23875000000000002 0.51625 0.23875000000000002 0.51625 0.22875
2 0.8412499999999999 0.195 0.81375 0.195 0.81375 0.20375000000000001 0.8412499999999999 0.20375000000000001 0.8412499999999999 0.195
2 0.9349999999999999 0.19 0.9075 0.19 0.9075 0.22125 0.9349999999999999 0.22125 0.9349999999999999 0.19
2 0.8925000000000001 0.28375 0.865 0.28375 0.865 0.29625 0.8925000000000001 0.29625 0.8925000000000001 0.28375
2 0.89 0.31625000000000003 0.86625 0.31625000000000003 0.86625 0.32625000000000004 0.89 0.32625000000000004 0.89 0.31625000000000003
2 0.89125 0.34125 0.865 0.34125 0.865 0.35375 0.89125 0.35375 0.89125 0.34125
2 0.8862500000000001 0.3625 0.8637499999999999 0.3625 0.8637499999999999 0.37374999999999997 0.8862500000000001 0.37374999999999997 0.8862500000000001 0.3625
2 0.885 0.3775 0.8625 0.3775 0.8625 0.38875000000000004 0.885 0.38875000000000004 0.885 0.3775
2 0.88375 0.40125 0.86625 0.40125 0.86625 0.4125 0.88375 0.4125 0.88375 0.40125
2 0.8862500000000001 0.44749999999999995 0.8625 0.44749999999999995 0.8625 0.45999999999999996 0.8862500000000001 0.45999999999999996 0.8862500000000001 0.44749999999999995
2 0.5075000000000001 0.36124999999999996 0.48125 0.36124999999999996 0.48125 0.37124999999999997 0.5075000000000001 0.37124999999999997 0.5075000000000001 0.36124999999999996
2 0.5075000000000001 0.37374999999999997 0.48375 0.37374999999999997 0.48375 0.3825 0.5075000000000001 0.3825 0.5075000000000001 0.37374999999999997
2 0.50875 0.385 0.48250000000000004 0.385 0.48250000000000004 0.395 0.50875 0.395 0.50875 0.385
2 0.51 0.395 0.48250000000000004 0.395 0.48250000000000004 0.40625 0.51 0.40625 0.51 0.395
2 0.5075000000000001 0.40625 0.485 0.40625 0.485 0.4175 0.5075000000000001 0.4175 0.5075000000000001 0.40625
2 0.50625 0.42000000000000004 0.48375 0.42000000000000004 0.48375 0.42625 0.50625 0.42625 0.50625 0.42000000000000004
2 0.505 0.42874999999999996 0.48250000000000004 0.42874999999999996 0.48250000000000004 0.4375 0.505 0.4375 0.505 0.42874999999999996
2 0.505 0.44375 0.48125 0.44375 0.48125 0.45499999999999996 0.505 0.45499999999999996 0.505 0.44375
2 0.505 0.45499999999999996 0.48 0.45499999999999996 0.48 0.465 0.505 0.465 0.505 0.45499999999999996
2 0.5037499999999999 0.46875 0.48250000000000004 0.46875 0.48250000000000004 0.47750000000000004 0.5037499999999999 0.47750000000000004 0.5037499999999999 0.46875
2 0.5075000000000001 0.47874999999999995 0.48250000000000004 0.47874999999999995 0.48250000000000004 0.49000000000000005 0.5075000000000001 0.49000000000000005 0.5075000000000001 0.47874999999999995
2 0.5075000000000001 0.50125 0.48375 0.50125 0.48375 0.51125 0.5075000000000001 0.51125 0.5075000000000001 0.50125
2 0.5037499999999999 0.515 0.48125 0.515 0.48125 0.5237499999999999 0.5037499999999999 0.5237499999999999 0.5037499999999999 0.515
2 0.5037499999999999 0.52625 0.48 0.52625 0.48 0.53625 0.5037499999999999 0.53625 0.5037499999999999 0.52625
2 0.5025000000000001 0.53625 0.47874999999999995 0.53625 0.47874999999999995 0.5475 0.5025000000000001 0.5475 0.5025000000000001 0.53625
2 0.5025000000000001 0.54875 0.47874999999999995 0.54875 0.47874999999999995 0.5599999999999999 0.5025000000000001 0.5599999999999999 0.5025000000000001 0.54875
2 0.51625 0.20375000000000001 0.48875 0.20375000000000001 0.48875 0.21375000000000002 0.51625 0.21375000000000002 0.51625 0.20375000000000001
2 0.45499999999999996 0.22625 0.42874999999999996 0.22625 0.42874999999999996 0.23625 0.45499999999999996 0.23625 0.45499999999999996 0.22625
2 0.45625 0.2125 0.42874999999999996 0.2125 0.42874999999999996 0.22374999999999998 0.45625 0.22374999999999998 0.45625 0.2125
2 0.36375 0.51875 0.34125 0.51875 0.34125 0.5287499999999999 0.36375 0.5287499999999999 0.36375 0.51875
2 0.36625 0.54 0.34249999999999997 0.54 0.34249999999999997 0.5525 0.36625 0.5525 0.36625 0.54
2 0.36375 0.55125 0.34125 0.55125 0.34125 0.5650000000000001 0.36375 0.5650000000000001 0.36375 0.55125
2 0.38125 0.57125 0.37124999999999997 0.57125 0.37124999999999997 0.5925 0.38125 0.5925 0.38125 0.57125
2 0.39125 0.5675 0.38125 0.5675 0.38125 0.5925 0.39125 0.5925 0.39125 0.5675
2 0.40499999999999997 0.57125 0.39249999999999996 0.57125 0.39249999999999996 0.5962500000000001 0.40499999999999997 0.5962500000000001 0.40499999999999997 0.57125
2 0.4375 0.5700000000000001 0.425 0.5700000000000001 0.425 0.595 0.4375 0.595 0.4375 0.5700000000000001
2 0.45 0.5675 0.4375 0.5675 0.4375 0.595 0.45 0.595 0.45 0.5675
2 0.4625 0.57375 0.45 0.57375 0.45 0.5974999999999999 0.4625 0.5974999999999999 0.4625 0.57375
2 0.42750000000000005 0.5700000000000001 0.41624999999999995 0.5700000000000001 0.41624999999999995 0.595 0.42750000000000005 0.595 0.42750000000000005 0.5700000000000001
2 0.41624999999999995 0.5675 0.4025 0.5675 0.4025 0.5925 0.41624999999999995 0.5925 0.41624999999999995 0.5675
2 0.47625 0.5725 0.46375 0.5725 0.46375 0.5962500000000001 0.47625 0.5962500000000001 0.47625 0.5725
2 0.365 0.48 0.34375 0.48 0.34375 0.49124999999999996 0.365 0.49124999999999996 0.365 0.48
2 0.36375 0.45625 0.34375 0.45625 0.34375 0.46624999999999994 0.36375 0.46624999999999994 0.36375 0.45625
2 0.36375 0.42874999999999996 0.34625 0.42874999999999996 0.34625 0.43875000000000003 0.36375 0.43875000000000003 0.36375 0.42874999999999996
2 0.36875 0.40374999999999994 0.34375 0.40374999999999994 0.34375 0.41375 0.36875 0.41375 0.36875 0.40374999999999994
2 0.36375 0.38875000000000004 0.34249999999999997 0.38875000000000004 0.34249999999999997 0.4 0.36375 0.4 0.36375 0.38875000000000004
2 0.36875 0.37 0.34125 0.37 0.34125 0.37875000000000003 0.36875 0.37875000000000003 0.36875 0.37
2 0.3675 0.34875 0.34249999999999997 0.34875 0.34249999999999997 0.35750000000000004 0.3675 0.35750000000000004 0.3675 0.34875
2 0.37 0.33375 0.34375 0.33375 0.34375 0.34500000000000003 0.37 0.34500000000000003 0.37 0.33375
2 0.21875 0.255 0.205 0.255 0.205 0.27999999999999997 0.21875 0.27999999999999997 0.21875 0.255
2 0.24375 0.255 0.2325 0.255 0.2325 0.27875 0.24375 0.27875 0.24375 0.255
2 0.27 0.25375000000000003 0.25875 0.25375000000000003 0.25875 0.28125 0.27 0.28125 0.27 0.25375000000000003
2 0.28250000000000003 0.25375000000000003 0.27 0.25375000000000003 0.27 0.27875 0.28250000000000003 0.27875 0.28250000000000003 0.25375000000000003
2 0.29625 0.25375000000000003 0.28500000000000003 0.25375000000000003 0.28500000000000003 0.27875 0.29625 0.27875 0.29625 0.25375000000000003
2 0.375 0.23125 0.3625 0.23125 0.3625 0.26375000000000004 0.375 0.26375000000000004 0.375 0.23125
2 0.45999999999999996 0.30874999999999997 0.43499999999999994 0.30874999999999997 0.43499999999999994 0.32125 0.45999999999999996 0.32125 0.45999999999999996 0.30874999999999997
2 0.45125000000000004 0.20125 0.42625 0.20125 0.42625 0.21125 0.45125000000000004 0.21125 0.45125000000000004 0.20125
2 0.36375 0.5275000000000001 0.33875 0.5275000000000001 0.33875 0.5387500000000001 0.36375 0.5387500000000001 0.36375 0.5275000000000001
2 0.36375 0.5037499999999999 0.33875 0.5037499999999999 0.33875 0.51625 0.36375 0.51625 0.36375 0.5037499999999999
2 0.32125 0.51375 0.2925 0.51375 0.2925 0.52625 0.32125 0.52625 0.32125 0.51375
2 0.07875 0.7424999999999999 0.04625 0.7424999999999999 0.04625 0.755 0.07875 0.755 0.07875 0.7424999999999999
2 0.095 0.72 0.06625 0.72 0.06625 0.73375 0.095 0.73375 0.095 0.72
2 0.18625 0.725 0.15875 0.725 0.15875 0.7375 0.18625 0.7375 0.18625 0.725
2 0.2325 0.76 0.21000000000000002 0.76 0.21000000000000002 0.77 0.2325 0.77 0.2325 0.76
2 0.03375 0.66125 0.01 0.66125 0.01 0.6725 0.03375 0.6725 0.03375 0.66125
2 0.21875 0.6487499999999999 0.18625 0.6487499999999999 0.18625 0.6625 0.21875 0.6625 0.21875 0.6487499999999999
2 0.475 0.67125 0.45 0.67125 0.45 0.6825 0.475 0.6825 0.475 0.67125
2 0.505 0.6525000000000001 0.48125 0.6525000000000001 0.48125 0.6637500000000001 0.505 0.6637500000000001 0.505 0.6525000000000001
2 0.09375 0.3325 0.0675 0.3325 0.0675 0.34375 0.09375 0.34375 0.09375 0.3325
2 0.0875 0.35875 0.06375 0.35875 0.06375 0.37124999999999997 0.0875 0.37124999999999997 0.0875 0.35875
2 0.09125 0.3825 0.0625 0.3825 0.0625 0.39375 0.09125 0.39375 0.09125 0.3825
2 0.09125 0.39375 0.0625 0.39375 0.0625 0.40750000000000003 0.09125 0.40750000000000003 0.09125 0.39375
2 0.08875 0.4325 0.0625 0.4325 0.0625 0.44375 0.08875 0.44375 0.08875 0.4325
2 0.057499999999999996 0.4425 0.0375 0.4425 0.0375 0.45625 0.057499999999999996 0.45625 0.057499999999999996 0.4425
2 0.05500000000000001 0.4925 0.034999999999999996 0.4925 0.034999999999999996 0.5037499999999999 0.05500000000000001 0.5037499999999999 0.05500000000000001 0.4925
2 0.08875 0.45625 0.061250000000000006 0.45625 0.061250000000000006 0.46749999999999997 0.08875 0.46749999999999997 0.08875 0.45625
2 0.08625000000000001 0.4725 0.0625 0.4725 0.0625 0.48250000000000004 0.08625000000000001 0.48250000000000004 0.08625000000000001 0.4725
2 0.09 0.48375 0.058750000000000004 0.48375 0.058750000000000004 0.495 0.09 0.495 0.09 0.48375
2 0.14125000000000001 0.38625 0.11625 0.38625 0.11625 0.3975 0.14125000000000001 0.3975 0.14125000000000001 0.38625
2 0.185 0.38375 0.17375000000000002 0.38375 0.17375000000000002 0.40875000000000006 0.185 0.40875000000000006 0.185 0.38375
2 0.72 0.6837500000000001 0.6275000000000001 0.6837500000000001 0.6275000000000001 0.70625 0.72 0.70625 0.72 0.6837500000000001
2 0.42874999999999996 0.24874999999999997 0.40125 0.24874999999999997 0.40125 0.2625 0.42874999999999996 0.2625 0.42874999999999996 0.24874999999999997