2 0.061250000000000006 0.19 0.05 0.19 0.05 0.21875 0.061250000000000006 0.21875 0.061250000000000006 0.19
2 0.005 0.18875 0.00125 0.18875 0.00125 0.21749999999999997 0.005 0.21749999999999997 0.005 0.18875
2 0.01875 0.1875 0.00625 0.1875 0.00625 0.2125 0.01875 0.2125 0.01875 0.1875
2 0.03375 0.1875 0.0225 0.1875 0.0225 0.21125 0.03375 0.21125 0.03375 0.1875
2 0.04625 0.19 0.03375 0.19 0.03375 0.21749999999999997 0.04625 0.21749999999999997 0.04625 0.19
2 0.07375000000000001 0.19125 0.06375 0.19125 0.06375 0.21625 0.07375000000000001 0.21625 0.07375000000000001 0.19125
2 0.08875 0.1875 0.07625 0.1875 0.07625 0.2125 0.08875 0.2125 0.08875 0.1875
2 0.10375000000000001 0.19125 0.09125 0.19125 0.09125 0.21625 0.10375000000000001 0.21625 0.10375000000000001 0.19125
2 0.11875 0.19 0.10625 0.19 0.10625 0.215 0.11875 0.215 0.11875 0.19
2 0.13374999999999998 0.19 0.12 0.19 0.12 0.22000000000000003 0.13374999999999998 0.22000000000000003 0.13374999999999998 0.19
2 0.1625 0.19 0.15 0.19 0.15 0.21625 0.1625 0.21625 0.1625 0.19
2 0.17625 0.19 0.16375 0.19 0.16375 0.215 0.17625 0.215 0.17625 0.19
2 0.19 0.18875 0.17625 0.18875 0.17625 0.21625 0.19 0.21625 0.19 0.18875
2 0.205 0.19 0.19125 0.19 0.19125 0.215 0.205 0.215 0.205 0.19
2 0.22125 0.19125 0.20750000000000002 0.19125 0.20750000000000002 0.21375000000000002 0.22125 0.21375000000000002 0.22125 0.19125
2 0.23374999999999999 0.19 0.22125 0.19 0.22125 0.21625 0.23374999999999999 0.21625 0.23374999999999999 0.19
2 0.24874999999999997 0.1875 0.23625 0.1875 0.23625 0.21125 0.24874999999999997 0.21125 0.24874999999999997 0.1875
2 0.35 0.395 0.32875 0.395 0.32875 0.45125000000000004 0.35 0.45125000000000004 0.35 0.395
2 0.225 0.39375 0.2 0.39375 0.2 0.43875000000000003 0.225 0.43875000000000003 0.225 0.39375
2 0.32375 0.39625 0.30375 0.39625 0.30375 0.4425 0.32375 0.4425 0.32375 0.39625
2 0.20625 0.22999999999999998 0.14250000000000002 0.22999999999999998 0.14250000000000002 0.25875 0.20625 0.25875 0.20625 0.22999999999999998
2 0.4575 0.21375000000000002 0.44375 0.21375000000000002 0.44375 0.24125000000000002 0.4575 0.24125000000000002 0.4575 0.21375000000000002
2 0.26625 0.19 0.25125000000000003 0.19 0.25125000000000003 0.21375000000000002 0.26625 0.21375000000000002 0.26625 0.19
2 0.27999999999999997 0.19 0.265 0.19 0.265 0.21625 0.27999999999999997 0.21625 0.27999999999999997 0.19
2 0.2925 0.1925 0.27749999999999997 0.1925 0.27749999999999997 0.22125 0.2925 0.22125 0.2925 0.1925
2 0.30874999999999997 0.1925 0.29500000000000004 0.1925 0.29500000000000004 0.21625 0.30874999999999997 0.21625 0.30874999999999997 0.1925
2 0.3225 0.19 0.31 0.19 0.31 0.215 0.3225 0.215 0.3225 0.19
2 0.29125 0.24874999999999997 0.2625 0.24874999999999997 0.2625 0.26625 0.29125 0.26625 0.29125 0.24874999999999997
2 0.49375 0.21375000000000002 0.48125 0.21375000000000002 0.48125 0.2425 0.49375 0.2425 0.49375 0.21375000000000002
2 0.5375 0.2225 0.5237499999999999 0.2225 0.5237499999999999 0.24874999999999997 0.5375 0.24874999999999997 0.5375 0.2225
2 0.37625000000000003 0.39249999999999996 0.35625 0.39249999999999996 0.35625 0.42750000000000005 0.37625000000000003 0.42750000000000005 0.37625000000000003 0.39249999999999996
2 0.5525 0.22625 0.5387500000000001 0.22625 0.5387500000000001 0.25 0.5525 0.25 0.5525 0.22625
2 0.55 0.28625 0.5387500000000001 0.28625 0.5387500000000001 0.30625 0.55 0.30625 0.55 0.28625
2 0.51875 0.28125 0.5075000000000001 0.28125 0.5075000000000001 0.3075 0.51875 0.3075 0.51875 0.28125
2 0.505 0.28125 0.49124999999999996 0.28125 0.49124999999999996 0.30375 0.505 0.30375 0.505 0.28125
2 0.47375 0.27625 0.46125 0.27625 0.46125 0.30625 0.47375 0.30625 0.47375 0.27625
2 0.39375 0.41500000000000004 0.38 0.41500000000000004 0.38 0.44125 0.39375 0.44125 0.39375 0.41500000000000004
2 0.4225 0.27125 0.40750000000000003 0.27125 0.40750000000000003 0.30125 0.4225 0.30125 0.4225 0.27125
2 0.8675 0.795 0.8400000000000001 0.795 0.8400000000000001 0.8074999999999999 0.8675 0.8074999999999999 0.8675 0.795
2 0.865 0.8275 0.8375 0.8275 0.8375 0.8387499999999999 0.865 0.8387499999999999 0.865 0.8275
2 0.8637499999999999 0.8425 0.83625 0.8425 0.83625 0.85375 0.8637499999999999 0.85375 0.8637499999999999 0.8425
2 0.8612500000000001 0.8574999999999999 0.83125 0.8574999999999999 0.83125 0.8699999999999999 0.8612500000000001 0.8699999999999999 0.8612500000000001 0.8574999999999999
2 0.86 0.9099999999999999 0.8324999999999999 0.9099999999999999 0.8324999999999999 0.9225 0.86 0.9225 0.86 0.9099999999999999
2 0.86 0.96875 0.8300000000000001 0.96875 0.8300000000000001 0.98375 0.86 0.98375 0.86 0.96875
2 0.8550000000000001 1 0.8550000000000001 0.985 0.82875 0.985 0.82875 1 0.8550000000000001 1
2 0.93875 0.8324999999999999 0.9099999999999999 0.8324999999999999 0.9099999999999999 0.845 0.93875 0.845 0.93875 0.8324999999999999
2 0.86625 0.7625 0.8387499999999999 0.7625 0.8387499999999999 0.775 0.86625 0.775 0.86625 0.7625
2 0.9675 0.835 0.9375 0.835 0.9375 0.8487500000000001 0.9675 0.8487500000000001 0.9675 0.835
2 0.95875 0.85125 0.9349999999999999 0.85125 0.9349999999999999 0.8637499999999999 0.95875 0.8637499999999999 0.95875 0.85125
2 0.9637499999999999 0.86875 0.9375 0.86875 0.9375 0.88125 0.9637499999999999 0.88125 0.9637499999999999 0.86875
2 0.96125 0.885 0.9324999999999999 0.885 0.9324999999999999 0.8975 0.96125 0.8975 0.96125 0.885
2 0.96125 0.9012499999999999 0.93125 0.9012499999999999 0.93125 0.91625 0.96125 0.91625 0.96125 0.9012499999999999
2 0.9574999999999999 0.915 0.93125 0.915 0.93125 0.92875 0.9574999999999999 0.92875 0.9574999999999999 0.915
2 0.95625 0.9324999999999999 0.93 0.9324999999999999 0.93 0.94625 0.95625 0.94625 0.95625 0.9324999999999999
2 0.8675 0.77625 0.8387499999999999 0.77625 0.8387499999999999 0.7887500000000001 0.8675 0.7887500000000001 0.8675 0.77625
2 0.9775 0.95625 0.9637499999999999 0.95625 0.9637499999999999 0.9887499999999999 0.9775 0.9887499999999999 0.9775 0.95625
2 0.9550000000000001 0.9512499999999999 0.92875 0.9512499999999999 0.92875 0.9625 0.9550000000000001 0.9625 0.9550000000000001 0.9512499999999999
2 0.95375 0.9650000000000001 0.9262499999999999 0.9650000000000001 0.9262499999999999 0.97875 0.95375 0.97875 0.95375 0.9650000000000001
2 0.9525 0.9824999999999999 0.925 0.9824999999999999 0.925 0.99375 0.9525 0.99375 0.9525 0.9824999999999999
2 0.9237500000000001 0.96 0.89375 0.96 0.89375 0.975 0.9237500000000001 0.975 0.9237500000000001 0.96
2 0.9337500000000001 0.8487500000000001 0.9037499999999999 0.8487500000000001 0.9037499999999999 0.8625 0.9337500000000001 0.8625 0.9337500000000001 0.8487500000000001
2 0.9349999999999999 0.86625 0.90625 0.86625 0.90625 0.8787499999999999 0.9349999999999999 0.8787499999999999 0.9349999999999999 0.86625
2 0.9337500000000001 0.8825 0.905 0.8825 0.905 0.89375 0.9337500000000001 0.89375 0.9337500000000001 0.8825
2 0.93 0.8949999999999999 0.905 0.8949999999999999 0.905 0.9099999999999999 0.93 0.9099999999999999 0.93 0.8949999999999999
2 0.92875 0.9125 0.9012499999999999 0.9125 0.9012499999999999 0.925 0.92875 0.925 0.92875 0.9125
2 0.9275 0.92875 0.9012499999999999 0.92875 0.9012499999999999 0.9412499999999999 0.9275 0.9412499999999999 0.9275 0.92875
2 0.9262499999999999 0.94625 0.89875 0.94625 0.89875 0.96 0.9262499999999999 0.96 0.9262499999999999 0.94625
2 0.9225 0.9775 0.89375 0.9775 0.89375 0.99375 0.9225 0.99375 0.9225 0.9775
2 0.88375 0.17124999999999999 0.86875 0.17124999999999999 0.86875 0.19875 0.88375 0.19875 0.88375 0.17124999999999999
2 0.09875 0.21749999999999997 0.00125 0.21749999999999997 0.00125 0.255 0.09875 0.255 0.09875 0.21749999999999997
2 0.05375 0.275 0.00125 0.275 0.00125 0.3525 0.05375 0.3525 0.05375 0.275
2 0.12125 0.3125 0.0975 0.3125 0.0975 0.43 0.12125 0.43 0.12125 0.3125
2 0.26 0.31875 0.22749999999999998 0.31875 0.22749999999999998 0.43875000000000003 0.26 0.43875000000000003 0.26 0.31875
2 0.14250000000000002 0.32375 0.11875 0.32375 0.11875 0.425 0.14250000000000002 0.425 0.14250000000000002 0.32375
2 0.86875 0.17375000000000002 0.85125 0.17375000000000002 0.85125 0.20125 0.86875 0.20125 0.86875 0.17375000000000002
2 0.89625 0.17250000000000001 0.88375 0.17250000000000001 0.88375 0.1975 0.89625 0.1975 0.89625 0.17250000000000001
2 0.95 0.47375 0.925 0.47375 0.925 0.4875 0.95 0.4875 0.95 0.47375
2 0.9862500000000001 0.31 0.95375 0.31 0.95375 0.3225 0.9862500000000001 0.3225 0.9862500000000001 0.31
2 0.9800000000000001 0.3375 0.95375 0.3375 0.95375 0.35125 0.9800000000000001 0.35125 0.9800000000000001 0.3375
2 0.96125 0.40125 0.9349999999999999 0.40125 0.9349999999999999 0.41500000000000004 0.96125 0.41500000000000004 0.96125 0.40125
2 0.9625 0.4325 0.9349999999999999 0.4325 0.9349999999999999 0.44749999999999995 0.9625 0.44749999999999995 0.9625 0.4325
2 0.95375 0.45875000000000005 0.9262499999999999 0.45875000000000005 0.9262499999999999 0.47375 0.95375 0.47375 0.95375 0.45875000000000005
2 0.95625 0.48624999999999996 0.9225 0.48624999999999996 0.9225 0.505 0.95625 0.505 0.95625 0.48624999999999996
2 0.96125 0.50875 0.925 0.50875 0.925 0.5225 0.96125 0.5225 0.96125 0.50875
2 0.9824999999999999 0.27999999999999997 0.9487500000000001 0.27999999999999997 0.9487500000000001 0.2925 0.9824999999999999 0.2925 0.9824999999999999 0.27999999999999997
2 0.98375 0.25875 0.9512499999999999 0.25875 0.9512499999999999 0.26875 0.98375 0.26875 0.98375 0.25875
2 0.9112500000000001 0.16875 0.8975 0.16875 0.8975 0.19624999999999998 0.9112500000000001 0.19624999999999998 0.9112500000000001 0.16875
2 0.55 0.665 0.5225 0.665 0.5225 0.67875 0.55 0.67875 0.55 0.665
2 0.54625 0.68125 0.52 0.68125 0.52 0.6975 0.54625 0.6975 0.54625 0.68125
2 0.55625 0.7025 0.5275000000000001 0.7025 0.5275000000000001 0.7150000000000001 0.55625 0.7150000000000001 0.55625 0.7025
2 0.55375 0.72 0.5225 0.72 0.5225 0.73625 0.55375 0.73625 0.55375 0.72
2 0.6675 0.71 0.63375 0.71 0.63375 0.72375 0.6675 0.72375 0.6675 0.71
2 0.6637500000000001 0.68625 0.63375 0.68625 0.63375 0.7025 0.6637500000000001 0.7025 0.6637500000000001 0.68625