2 0.42750000000000005 0.545 0.41624999999999995 0.545 0.41624999999999995 0.5650000000000001 0.42750000000000005 0.5650000000000001 0.42750000000000005 0.545
2 0.43875000000000003 0.54375 0.42750000000000005 0.54375 0.42750000000000005 0.56375 0.43875000000000003 0.56375 0.43875000000000003 0.54375
2 0.99375 0.64375 0.9824999999999999 0.64375 0.9824999999999999 0.6637500000000001 0.99375 0.6637500000000001 0.99375 0.64375
2 0.9974999999999999 0.585 0.9824999999999999 0.585 0.9824999999999999 0.605 0.9974999999999999 0.605 0.9974999999999999 0.585
2 0.9487500000000001 0.35750000000000004 0.93625 0.35750000000000004 0.93625 0.37875000000000003 0.9487500000000001 0.37875000000000003 0.9487500000000001 0.35750000000000004
2 0.9487500000000001 0.9662499999999999 0.93625 0.9662499999999999 0.93625 0.97625 0.9487500000000001 0.97625 0.9487500000000001 0.9662499999999999
2 0.53125 0.058750000000000004 0.5125 0.058750000000000004 0.5125 0.07125000000000001 0.53125 0.07125000000000001 0.53125 0.058750000000000004
2 0.9375 0.33999999999999997 0.9275 0.33999999999999997 0.9275 0.35875 0.9375 0.35875 0.9375 0.33999999999999997
2 0.94375 0.27875 0.9337500000000001 0.27875 0.9337500000000001 0.2975 0.94375 0.2975 0.94375 0.27875
2 0.6025 0.28875 0.5862499999999999 0.28875 0.5862499999999999 0.31625000000000003 0.6025 0.31625000000000003 0.6025 0.28875
2 0.5925 0.2625 0.5725 0.2625 0.5725 0.27749999999999997 0.5925 0.27749999999999997 0.5925 0.2625
2 0.34375 0.31625000000000003 0.32875 0.31625000000000003 0.32875 0.32875 0.34375 0.32875 0.34375 0.31625000000000003
2 0.34500000000000003 0.325 0.3275 0.325 0.3275 0.33625 0.34500000000000003 0.33625 0.34500000000000003 0.325
2 0.34625 0.33375 0.3325 0.33375 0.3325 0.34625 0.34625 0.34625 0.34625 0.33375
2 0.57375 0.13374999999999998 0.55625 0.13374999999999998 0.55625 0.145 0.57375 0.145 0.57375 0.13374999999999998
2 0.57125 0.125 0.55375 0.125 0.55375 0.1375 0.57125 0.1375 0.57125 0.125
2 0.54625 0.12875 0.53 0.12875 0.53 0.13999999999999999 0.54625 0.13999999999999999 0.54625 0.12875