2 0.6900000000000001 0.5275000000000001 0.6825 0.5275000000000001 0.6825 0.5425 0.6900000000000001 0.5425 0.6900000000000001 0.5275000000000001
2 0.7887500000000001 0.6875 0.7775000000000001 0.6875 0.7775000000000001 0.7075 0.7887500000000001 0.7075 0.7887500000000001 0.6875
2 0.88375 0.6900000000000001 0.87625 0.6900000000000001 0.87625 0.70875 0.88375 0.70875 0.88375 0.6900000000000001
2 0.9875 0.6900000000000001 0.97625 0.6900000000000001 0.97625 0.7075 0.9875 0.7075 0.9875 0.6900000000000001
2 0.9925 0.6025 0.98375 0.6025 0.98375 0.6174999999999999 0.9925 0.6174999999999999 0.9925 0.6025
2 0.6825 0.60375 0.67125 0.60375 0.67125 0.62 0.6825 0.62 0.6825 0.60375
2 0.7525000000000001 0.5287499999999999 0.745 0.5287499999999999 0.745 0.54375 0.7525000000000001 0.54375 0.7525000000000001 0.5287499999999999
2 0.70625 0.5275000000000001 0.69625 0.5275000000000001 0.69625 0.5425 0.70625 0.5425 0.70625 0.5275000000000001
2 0.66125 0.5275000000000001 0.65125 0.5275000000000001 0.65125 0.54375 0.66125 0.54375 0.66125 0.5275000000000001
2 0.72 0.6025 0.7112499999999999 0.6025 0.7112499999999999 0.61875 0.72 0.61875 0.72 0.6025
2 0.43 0.7825 0.42000000000000004 0.7825 0.42000000000000004 0.8 0.43 0.8 0.43 0.7825
2 0.39625 0.8099999999999999 0.38375 0.8099999999999999 0.38375 0.8300000000000001 0.39625 0.8300000000000001 0.39625 0.8099999999999999
2 0.385 0.78125 0.3725 0.78125 0.3725 0.8 0.385 0.8 0.385 0.78125
2 0.385 0.7150000000000001 0.37124999999999997 0.7150000000000001 0.37124999999999997 0.7375 0.385 0.7375 0.385 0.7150000000000001
2 0.28375 0.034999999999999996 0.275 0.034999999999999996 0.275 0.05375 0.28375 0.05375 0.28375 0.034999999999999996
2 0.34875 0.145 0.33375 0.145 0.33375 0.1675 0.34875 0.1675 0.34875 0.145
2 0.3075 0.1275 0.2925 0.1275 0.2925 0.14875 0.3075 0.14875 0.3075 0.1275
2 0.31 0.14875 0.2975 0.14875 0.2975 0.16999999999999998 0.31 0.16999999999999998 0.31 0.14875
2 0.795 0.6025 0.7849999999999999 0.6025 0.7849999999999999 0.61875 0.795 0.61875 0.795 0.6025
2 0.7325 0.53 0.72375 0.53 0.72375 0.545 0.7325 0.545 0.7325 0.53
2 0.92875 0.7112499999999999 0.915 0.7112499999999999 0.915 0.73125 0.92875 0.73125 0.92875 0.7112499999999999
2 0.74125 0.6025 0.73375 0.6025 0.73375 0.61875 0.74125 0.61875 0.74125 0.6025
2 0.8724999999999999 0.6 0.8637499999999999 0.6 0.8637499999999999 0.61875 0.8724999999999999 0.61875 0.8724999999999999 0.6
2 0.4125 0.5325 0.4 0.5325 0.4 0.5575 0.4125 0.5575 0.4125 0.5325
2 0.71875 0.53 0.71 0.53 0.71 0.54375 0.71875 0.54375 0.71875 0.53
2 0.9550000000000001 0.605 0.945 0.605 0.945 0.61875 0.9550000000000001 0.61875 0.9550000000000001 0.605