2 0.37124999999999997 0.62625 0.36124999999999996 0.62625 0.36124999999999996 0.6425 0.37124999999999997 0.6425 0.37124999999999997 0.62625
2 0.2 0.31875 0.18625 0.31875 0.18625 0.33875 0.2 0.33875 0.2 0.31875
2 0.19 0.32 0.17875000000000002 0.32 0.17875000000000002 0.3375 0.19 0.3375 0.19 0.32
2 0.18375 0.32125 0.16999999999999998 0.32125 0.16999999999999998 0.34125 0.18375 0.34125 0.18375 0.32125
2 0.365 0.5725 0.35375 0.5725 0.35375 0.5912499999999999 0.365 0.5912499999999999 0.365 0.5725
2 0.36875 0.6012500000000001 0.35750000000000004 0.6012500000000001 0.35750000000000004 0.6174999999999999 0.36875 0.6174999999999999 0.36875 0.6012500000000001
2 0.39 0.54 0.3775 0.54 0.3775 0.55125 0.39 0.55125 0.39 0.54
2 0.38125 0.74875 0.36875 0.74875 0.36875 0.75875 0.38125 0.75875 0.38125 0.74875
2 0.3175 0.76875 0.3 0.76875 0.3 0.7849999999999999 0.3175 0.7849999999999999 0.3175 0.76875
2 0.40374999999999994 0.53 0.38875000000000004 0.53 0.38875000000000004 0.54625 0.40374999999999994 0.54625 0.40374999999999994 0.53
2 0.305 0.775 0.29125 0.775 0.29125 0.7875 0.305 0.7875 0.305 0.775
2 0.33125 0.76625 0.31625000000000003 0.76625 0.31625000000000003 0.77625 0.33125 0.77625 0.33125 0.76625
2 0.34249999999999997 0.76125 0.32999999999999996 0.76125 0.32999999999999996 0.7725 0.34249999999999997 0.7725 0.34249999999999997 0.76125
2 0.33125 0.73375 0.32375 0.73375 0.32375 0.74875 0.33125 0.74875 0.33125 0.73375
2 0.26749999999999996 0.5862499999999999 0.25125000000000003 0.5862499999999999 0.25125000000000003 0.5962500000000001 0.26749999999999996 0.5962500000000001 0.26749999999999996 0.5862499999999999
2 0.44625000000000004 0.5075000000000001 0.42750000000000005 0.5075000000000001 0.42750000000000005 0.5225 0.44625000000000004 0.5225 0.44625000000000004 0.5075000000000001
2 0.42374999999999996 0.51375 0.4125 0.51375 0.4125 0.5275000000000001 0.42374999999999996 0.5275000000000001 0.42374999999999996 0.51375
2 0.4175 0.52 0.40125 0.52 0.40125 0.5337500000000001 0.4175 0.5337500000000001 0.4175 0.52
2 0.625 0.62375 0.615 0.62375 0.615 0.64125 0.625 0.64125 0.625 0.62375
2 0.825 0.5475 0.80625 0.5475 0.80625 0.57125 0.825 0.57125 0.825 0.5475
2 0.72375 0.4025 0.70625 0.4025 0.70625 0.42000000000000004 0.72375 0.42000000000000004 0.72375 0.4025
2 0.61375 0.5549999999999999 0.6012500000000001 0.5549999999999999 0.6012500000000001 0.57375 0.61375 0.57375 0.61375 0.5549999999999999
2 0.6224999999999999 0.605 0.61 0.605 0.61 0.625 0.6224999999999999 0.625 0.6224999999999999 0.605
2 0.61 0.53625 0.5962500000000001 0.53625 0.5962500000000001 0.55625 0.61 0.55625 0.61 0.53625
2 0.605 0.5175 0.5925 0.5175 0.5925 0.53625 0.605 0.53625 0.605 0.5175
2 0.6212500000000001 0.06875 0.6075 0.06875 0.6075 0.08875 0.6212500000000001 0.08875 0.6212500000000001 0.06875
2 0.5900000000000001 0.3675 0.575 0.3675 0.575 0.38 0.5900000000000001 0.38 0.5900000000000001 0.3675
2 0.47000000000000003 0.49874999999999997 0.4525 0.49874999999999997 0.4525 0.5125 0.47000000000000003 0.5125 0.47000000000000003 0.49874999999999997
2 0.54375 0.48375 0.5287499999999999 0.48375 0.5287499999999999 0.49874999999999997 0.54375 0.49874999999999997 0.54375 0.48375
2 0.54625 0.47125000000000006 0.5287499999999999 0.47125000000000006 0.5287499999999999 0.48250000000000004 0.54625 0.48250000000000004 0.54625 0.47125000000000006
2 0.57625 0.46125 0.55625 0.46125 0.55625 0.47375 0.57625 0.47375 0.57625 0.46125
2 0.60375 0.49874999999999997 0.5912499999999999 0.49874999999999997 0.5912499999999999 0.51625 0.60375 0.51625 0.60375 0.49874999999999997