2 0.5 0.31875 0.48624999999999996 0.31875 0.48624999999999996 0.34625 0.5 0.34625 0.5 0.31875
2 0.5025000000000001 0.29125 0.48875 0.29125 0.48875 0.315 0.5025000000000001 0.315 0.5025000000000001 0.29125
2 0.45 0.3275 0.42874999999999996 0.3275 0.42874999999999996 0.35875 0.45 0.35875 0.45 0.3275
2 0.44875 0.2875 0.43499999999999994 0.2875 0.43499999999999994 0.31375000000000003 0.44875 0.31375000000000003 0.44875 0.2875
2 0.4525 0.255 0.4375 0.255 0.4375 0.27875 0.4525 0.27875 0.4525 0.255
2 0.45499999999999996 0.22625 0.44000000000000006 0.22625 0.44000000000000006 0.25 0.45499999999999996 0.25 0.45499999999999996 0.22625
2 0.9075 0.43375 0.885 0.43375 0.885 0.47625 0.9075 0.47625 0.9075 0.43375
2 0.5974999999999999 0.10625 0.57875 0.10625 0.57875 0.12 0.5974999999999999 0.12 0.5974999999999999 0.10625
2 0.9800000000000001 0.1325 0.95875 0.1325 0.95875 0.14875 0.9800000000000001 0.14875 0.9800000000000001 0.1325
2 0.9824999999999999 0.23500000000000001 0.97 0.23500000000000001 0.97 0.2625 0.9824999999999999 0.2625 0.9824999999999999 0.23500000000000001
2 0.8949999999999999 0.6075 0.88375 0.6075 0.88375 0.63125 0.8949999999999999 0.63125 0.8949999999999999 0.6075
2 0.84375 0.39249999999999996 0.83125 0.39249999999999996 0.83125 0.41875 0.84375 0.41875 0.84375 0.39249999999999996
2 0.6012500000000001 0.3875 0.5875 0.3875 0.5875 0.41 0.6012500000000001 0.41 0.6012500000000001 0.3875