2 0.04375 0.39125 0.01625 0.39125 0.01625 0.41624999999999995 0.04375 0.41624999999999995 0.04375 0.39125
2 0.026250000000000002 0.41 0.00125 0.41 0.00125 0.43875000000000003 0.026250000000000002 0.43875000000000003 0.026250000000000002 0.41
2 0.925 0.65625 0.9099999999999999 0.65625 0.9099999999999999 0.6837500000000001 0.925 0.6837500000000001 0.925 0.65625
2 0.9225 0.6275000000000001 0.90625 0.6275000000000001 0.90625 0.6537499999999999 0.9225 0.6537499999999999 0.9225 0.6275000000000001
2 0.9262499999999999 0.6849999999999999 0.9099999999999999 0.6849999999999999 0.9099999999999999 0.7125 0.9262499999999999 0.7125 0.9262499999999999 0.6849999999999999
2 0.9262499999999999 0.7125 0.9112500000000001 0.7125 0.9112500000000001 0.74 0.9262499999999999 0.74 0.9262499999999999 0.7125
2 0.34375 0.73375 0.33125 0.73375 0.33125 0.75875 0.34375 0.75875 0.34375 0.73375
2 0.32 0.7325 0.305 0.7325 0.305 0.75625 0.32 0.75625 0.32 0.7325
2 0.3075 0.73125 0.29375 0.73125 0.29375 0.755 0.3075 0.755 0.3075 0.73125
2 0.29500000000000004 0.73125 0.28125 0.73125 0.28125 0.75625 0.29500000000000004 0.75625 0.29500000000000004 0.73125
2 0.90625 0.9675 0.8800000000000001 0.9675 0.8800000000000001 0.9875 0.90625 0.9875 0.90625 0.9675
2 0.93125 0.925 0.91625 0.925 0.91625 0.95 0.93125 0.95 0.93125 0.925
2 0.9737500000000001 0.85375 0.94625 0.85375 0.94625 0.8699999999999999 0.9737500000000001 0.8699999999999999 0.9737500000000001 0.85375
2 0.975 0.83375 0.95 0.83375 0.95 0.8474999999999999 0.975 0.8474999999999999 0.975 0.83375
2 0.97625 0.81125 0.9475 0.81125 0.9475 0.825 0.97625 0.825 0.97625 0.81125
2 0.975 0.79 0.9475 0.79 0.9475 0.80375 0.975 0.80375 0.975 0.79
2 0.97625 0.77625 0.9475 0.77625 0.9475 0.7887500000000001 0.97625 0.7887500000000001 0.97625 0.77625
2 0.9737500000000001 0.76375 0.9487500000000001 0.76375 0.9487500000000001 0.77625 0.9737500000000001 0.77625 0.9737500000000001 0.76375
2 0.92875 0.77 0.9112500000000001 0.77 0.9112500000000001 0.7925 0.92875 0.7925 0.92875 0.77
2 0.9275 0.7424999999999999 0.9112500000000001 0.7424999999999999 0.9112500000000001 0.765 0.9275 0.765 0.9275 0.7424999999999999
2 0.25875 0.8699999999999999 0.24 0.8699999999999999 0.24 0.89375 0.25875 0.89375 0.25875 0.8699999999999999
2 0.35 0.8637499999999999 0.32375 0.8637499999999999 0.32375 0.8800000000000001 0.35 0.8800000000000001 0.35 0.8637499999999999
2 0.3175 0.8699999999999999 0.30125 0.8699999999999999 0.30125 0.89375 0.3175 0.89375 0.3175 0.8699999999999999
2 0.29 0.8699999999999999 0.27625 0.8699999999999999 0.27625 0.89625 0.29 0.89625 0.29 0.8699999999999999
2 0.34875 0.88125 0.3225 0.88125 0.3225 0.89625 0.34875 0.89625 0.34875 0.88125
2 0.93 0.9012499999999999 0.9175000000000001 0.9012499999999999 0.9175000000000001 0.925 0.93 0.925 0.93 0.9012499999999999
2 0.9125 0.49625 0.8862500000000001 0.49625 0.8862500000000001 0.51 0.9125 0.51 0.9125 0.49625
2 0.915 0.51125 0.8875 0.51125 0.8875 0.5275000000000001 0.915 0.5275000000000001 0.915 0.51125
2 0.97625 0.74875 0.9487500000000001 0.74875 0.9487500000000001 0.76375 0.97625 0.76375 0.97625 0.74875
2 0.9724999999999999 0.8712500000000001 0.95 0.8712500000000001 0.95 0.8825 0.9724999999999999 0.8825 0.9724999999999999 0.8712500000000001