2 0.8550000000000001 1 0.8550000000000001 0.9949999999999999 0.8262499999999999 0.9949999999999999 0.8262499999999999 1 0.8550000000000001 1
2 0.9125 1 0.9125 0.99 0.89 0.99 0.89 1 0.9125 1
2 0.945 1 0.945 0.9887499999999999 0.91875 0.9887499999999999 0.91875 1 0.945 1
2 0.61375 0.3025 0.5962500000000001 0.3025 0.5962500000000001 0.32999999999999996 0.61375 0.32999999999999996 0.61375 0.3025
2 0.6125 0.26875 0.59375 0.26875 0.59375 0.29625 0.6125 0.29625 0.6125 0.26875
2 0.61375 0.21625 0.59375 0.21625 0.59375 0.24625 0.61375 0.24625 0.61375 0.21625
2 0.5900000000000001 0.21375000000000002 0.5725 0.21375000000000002 0.5725 0.24125000000000002 0.5900000000000001 0.24125000000000002 0.5900000000000001 0.21375000000000002
2 0.56375 0.27375 0.5349999999999999 0.27375 0.5349999999999999 0.29125 0.56375 0.29125 0.56375 0.27375
2 0.6849999999999999 0.6487499999999999 0.6599999999999999 0.6487499999999999 0.6599999999999999 0.6625 0.6849999999999999 0.6625 0.6849999999999999 0.6487499999999999
2 0.6975 0.775 0.6799999999999999 0.775 0.6799999999999999 0.805 0.6975 0.805 0.6975 0.775
2 0.69875 0.8025 0.68125 0.8025 0.68125 0.82875 0.69875 0.82875 0.69875 0.8025
2 0.6975 0.84375 0.6825 0.84375 0.6825 0.865 0.6975 0.865 0.6975 0.84375
2 0.70375 0.8949999999999999 0.6875 0.8949999999999999 0.6875 0.9175000000000001 0.70375 0.9175000000000001 0.70375 0.8949999999999999
2 0.70375 0.91875 0.6875 0.91875 0.6875 0.9412499999999999 0.70375 0.9412499999999999 0.70375 0.91875
2 0.70625 0.94375 0.6900000000000001 0.94375 0.6900000000000001 0.9662499999999999 0.70625 0.9662499999999999 0.70625 0.94375
2 0.7075 0.9724999999999999 0.69375 0.9724999999999999 0.69375 0.99375 0.7075 0.99375 0.7075 0.9724999999999999
2 0.825 0.9637499999999999 0.8099999999999999 0.9637499999999999 0.8099999999999999 0.9925 0.825 0.9925 0.825 0.9637499999999999
2 0.97875 1 0.97875 0.985 0.945 0.985 0.945 1 0.97875 1
2 0.57375 0.00125 0.5575 0.00125 0.5575 0.01875 0.57375 0.01875 0.57375 0.00125
2 0.6125 0.33125 0.5974999999999999 0.33125 0.5974999999999999 0.36 0.6125 0.36 0.6125 0.33125
2 0.6837500000000001 0.66125 0.6637500000000001 0.66125 0.6637500000000001 0.675 0.6837500000000001 0.675 0.6837500000000001 0.66125
2 0.6849999999999999 0.675 0.665 0.675 0.665 0.6825 0.6849999999999999 0.6825 0.6849999999999999 0.675
2 0.6837500000000001 0.6849999999999999 0.665 0.6849999999999999 0.665 0.6975 0.6837500000000001 0.6975 0.6837500000000001 0.6849999999999999
2 0.6849999999999999 0.6950000000000001 0.6637500000000001 0.6950000000000001 0.6637500000000001 0.70875 0.6849999999999999 0.70875 0.6849999999999999 0.6950000000000001
2 0.6825 0.7075 0.6599999999999999 0.7075 0.6599999999999999 0.7212500000000001 0.6825 0.7212500000000001 0.6825 0.7075
2 0.68625 0.72 0.66125 0.72 0.66125 0.735 0.68625 0.735 0.68625 0.72
2 0.6925 0.74875 0.67875 0.74875 0.67875 0.77125 0.6925 0.77125 0.6925 0.74875
2 0.69625 0.86875 0.68625 0.86875 0.68625 0.89375 0.69625 0.89375 0.69625 0.86875
2 0.8400000000000001 0.96 0.8275 0.96 0.8275 0.9875 0.8400000000000001 0.9875 0.8400000000000001 0.96
2 0.9349999999999999 0.9525 0.9199999999999999 0.9525 0.9199999999999999 0.9800000000000001 0.9349999999999999 0.9800000000000001 0.9349999999999999 0.9525
2 0.95375 0.9512499999999999 0.93875 0.9512499999999999 0.93875 0.97875 0.95375 0.97875 0.95375 0.9512499999999999