2 0.12875 0.00125 0.11499999999999999 0.00125 0.11499999999999999 0.0025 0.12875 0.0025 0.12875 0.00125
2 0.70625 1 0.70625 0.985 0.6900000000000001 0.985 0.6900000000000001 1 0.70625 1
2 0.74125 0.71 0.7162499999999999 0.71 0.7162499999999999 0.72875 0.74125 0.72875 0.74125 0.71
2 0.6675 0.74375 0.6525000000000001 0.74375 0.6525000000000001 0.76875 0.6675 0.76875 0.6675 0.74375
2 0.6675 0.71375 0.6487499999999999 0.71375 0.6487499999999999 0.7424999999999999 0.6675 0.7424999999999999 0.6675 0.71375
2 0.67875 0.72 0.66625 0.72 0.66625 0.745 0.67875 0.745 0.67875 0.72
2 0.98375 0.48624999999999996 0.9637499999999999 0.48624999999999996 0.9637499999999999 0.51125 0.98375 0.51125 0.98375 0.48624999999999996
2 1 0.48624999999999996 0.97875 0.48624999999999996 0.97875 0.51125 1 0.51125 1 0.48624999999999996
2 0.945 0.485 0.9225 0.485 0.9225 0.51375 0.945 0.51375 0.945 0.485
2 0.95875 0.485 0.9375 0.485 0.9375 0.5125 0.95875 0.5125 0.95875 0.485
2 0.86875 0.495 0.85 0.495 0.85 0.52 0.86875 0.52 0.86875 0.495
2 0.89625 0.49124999999999996 0.87375 0.49124999999999996 0.87375 0.51875 0.89625 0.51875 0.89625 0.49124999999999996
2 0.8425 0.49625 0.8275 0.49625 0.8275 0.52125 0.8425 0.52125 0.8425 0.49625
2 0.79375 0.27749999999999997 0.78 0.27749999999999997 0.78 0.30125 0.79375 0.30125 0.79375 0.27749999999999997
2 0.85125 0.24625 0.83625 0.24625 0.83625 0.275 0.85125 0.275 0.85125 0.24625
2 0.8175000000000001 0.2475 0.80375 0.2475 0.80375 0.2725 0.8175000000000001 0.2725 0.8175000000000001 0.2475
2 0.7975 0.2475 0.78 0.2475 0.78 0.275 0.7975 0.275 0.7975 0.2475
2 0.75125 0.24375 0.72875 0.24375 0.72875 0.27125 0.75125 0.27125 0.75125 0.24375
2 0.85875 0.1825 0.8462500000000001 0.1825 0.8462500000000001 0.205 0.85875 0.205 0.85875 0.1825
2 0.8375 0.18 0.825 0.18 0.825 0.20375000000000001 0.8375 0.20375000000000001 0.8375 0.18
2 0.8275 0.1825 0.81125 0.1825 0.81125 0.20625 0.8275 0.20625 0.8275 0.1825
2 0.8099999999999999 0.18125 0.7975 0.18125 0.7975 0.20625 0.8099999999999999 0.20625 0.8099999999999999 0.18125
2 0.79375 0.18125 0.7825 0.18125 0.7825 0.20750000000000002 0.79375 0.20750000000000002 0.79375 0.18125
2 0.6525000000000001 0.19624999999999998 0.6375 0.19624999999999998 0.6375 0.22625 0.6525000000000001 0.22625 0.6525000000000001 0.19624999999999998
2 0.635 0.2 0.62 0.2 0.62 0.2225 0.635 0.2225 0.635 0.2
2 0.6174999999999999 0.205 0.6012500000000001 0.205 0.6012500000000001 0.23125 0.6174999999999999 0.23125 0.6174999999999999 0.205
2 0.60375 0.20249999999999999 0.585 0.20249999999999999 0.585 0.22999999999999998 0.60375 0.22999999999999998 0.60375 0.20249999999999999
2 0.92125 0.1325 0.905 0.1325 0.905 0.15875 0.92125 0.15875 0.92125 0.1325
2 0.8975 0.13625 0.8800000000000001 0.13625 0.8800000000000001 0.1625 0.8975 0.1625 0.8975 0.13625
2 0.87375 0.13625 0.85625 0.13625 0.85625 0.15875 0.87375 0.15875 0.87375 0.13625
2 0.85875 0.1375 0.845 0.1375 0.845 0.16375 0.85875 0.16375 0.85875 0.1375
2 0.81375 0.13625 0.8012499999999999 0.13625 0.8012499999999999 0.15875 0.81375 0.15875 0.81375 0.13625
2 0.865 0.24625 0.85125 0.24625 0.85125 0.27375 0.865 0.27375 0.865 0.24625
2 0.80625 0.27999999999999997 0.795 0.27999999999999997 0.795 0.3 0.80625 0.3 0.80625 0.27999999999999997
2 0.805 0.49375 0.7849999999999999 0.49375 0.7849999999999999 0.52125 0.805 0.52125 0.805 0.49375
2 0.8175000000000001 0.275 0.805 0.275 0.805 0.3 0.8175000000000001 0.3 0.8175000000000001 0.275
2 0.7837500000000001 0.915 0.7575000000000001 0.915 0.7575000000000001 0.92875 0.7837500000000001 0.92875 0.7837500000000001 0.915
2 0.7112499999999999 0.8925000000000001 0.6925 0.8925000000000001 0.6925 0.9175000000000001 0.7112499999999999 0.9175000000000001 0.7112499999999999 0.8925000000000001
2 0.67875 0.905 0.6475 0.905 0.6475 0.9275 0.67875 0.9275 0.67875 0.905
2 0.70375 0.8087500000000001 0.6875 0.8087500000000001 0.6875 0.8324999999999999 0.70375 0.8324999999999999 0.70375 0.8087500000000001
2 0.70875 0.8324999999999999 0.6925 0.8324999999999999 0.6925 0.85625 0.70875 0.85625 0.70875 0.8324999999999999
2 0.71 0.86 0.69375 0.86 0.69375 0.8862500000000001 0.71 0.8862500000000001 0.71 0.86
2 0.92125 0.17375000000000002 0.90625 0.17375000000000002 0.90625 0.2 0.92125 0.2 0.92125 0.17375000000000002
2 0.9087500000000001 0.175 0.8925000000000001 0.175 0.8925000000000001 0.20125 0.9087500000000001 0.20125 0.9087500000000001 0.175
2 0.88375 0.1775 0.8675 0.1775 0.8675 0.20249999999999999 0.88375 0.20249999999999999 0.88375 0.1775
2 0.95625 0.2725 0.9400000000000001 0.2725 0.9400000000000001 0.30375 0.95625 0.30375 0.95625 0.2725
2 0.92125 0.27749999999999997 0.905 0.27749999999999997 0.905 0.30375 0.92125 0.30375 0.92125 0.27749999999999997
2 0.9037499999999999 0.27749999999999997 0.89125 0.27749999999999997 0.89125 0.30375 0.9037499999999999 0.30375 0.9037499999999999 0.27749999999999997
2 0.8699999999999999 0.275 0.85875 0.275 0.85875 0.30125 0.8699999999999999 0.30125 0.8699999999999999 0.275
2 0.85875 0.27375 0.8474999999999999 0.27375 0.8474999999999999 0.3 0.85875 0.3 0.85875 0.27375
2 0.8474999999999999 0.275 0.835 0.275 0.835 0.29874999999999996 0.8474999999999999 0.29874999999999996 0.8474999999999999 0.275
2 0.83375 0.275 0.81875 0.275 0.81875 0.3 0.83375 0.3 0.83375 0.275
2 0.73625 0.91875 0.705 0.91875 0.705 0.9337500000000001 0.73625 0.9337500000000001 0.73625 0.91875
2 0.68875 0.9262499999999999 0.6525000000000001 0.9262499999999999 0.6525000000000001 0.9550000000000001 0.68875 0.9550000000000001 0.68875 0.9262499999999999
2 0.83375 0.2475 0.81875 0.2475 0.81875 0.2725 0.83375 0.2725 0.83375 0.2475
2 0.8324999999999999 0.20750000000000002 0.8074999999999999 0.20750000000000002 0.8074999999999999 0.22374999999999998 0.8324999999999999 0.22374999999999998 0.8324999999999999 0.20750000000000002