2 0.39249999999999996 1 0.39249999999999996 0.99 0.3825 0.99 0.3825 1 0.39249999999999996 1
2 0.3875 0.95375 0.3775 0.95375 0.3775 0.9662499999999999 0.3875 0.9662499999999999 0.3875 0.95375
2 0.4025 0.9475 0.39249999999999996 0.9475 0.39249999999999996 0.96125 0.4025 0.96125 0.4025 0.9475
2 0.41375 0.94625 0.40499999999999997 0.94625 0.40499999999999997 0.9574999999999999 0.41375 0.9574999999999999 0.41375 0.94625
2 0.48875 0.82125 0.47874999999999995 0.82125 0.47874999999999995 0.835 0.48875 0.835 0.48875 0.82125
2 0.58375 0.4225 0.57375 0.4225 0.57375 0.4375 0.58375 0.4375 0.58375 0.4225
2 0.575 0.46375 0.5650000000000001 0.46375 0.5650000000000001 0.47750000000000004 0.575 0.47750000000000004 0.575 0.46375
2 0.5587500000000001 0.4925 0.5475 0.4925 0.5475 0.50625 0.5587500000000001 0.50625 0.5587500000000001 0.4925
2 0.5175 0.62375 0.50875 0.62375 0.50875 0.63625 0.5175 0.63625 0.5175 0.62375
2 0.55125 0.69625 0.54375 0.69625 0.54375 0.70875 0.55125 0.70875 0.55125 0.69625
2 0.5387500000000001 0.70125 0.53125 0.70125 0.53125 0.7125 0.5387500000000001 0.7125 0.5387500000000001 0.70125
2 0.48125 0.7025 0.47125000000000006 0.7025 0.47125000000000006 0.7162499999999999 0.48125 0.7162499999999999 0.48125 0.7025
2 0.4725 0.85875 0.4625 0.85875 0.4625 0.8699999999999999 0.4725 0.8699999999999999 0.4725 0.85875
2 0.41500000000000004 0.9237500000000001 0.4025 0.9237500000000001 0.4025 0.93875 0.41500000000000004 0.93875 0.41500000000000004 0.9237500000000001
2 0.4325 0.87375 0.42374999999999996 0.87375 0.42374999999999996 0.885 0.4325 0.885 0.4325 0.87375
2 0.47625 0.9525 0.46624999999999994 0.9525 0.46624999999999994 0.9662499999999999 0.47625 0.9662499999999999 0.47625 0.9525
2 0.4625 0.93625 0.45499999999999996 0.93625 0.45499999999999996 0.95 0.4625 0.95 0.4625 0.93625
2 0.6537499999999999 0.44875 0.64375 0.44875 0.64375 0.4625 0.6537499999999999 0.4625 0.6537499999999999 0.44875
2 0.54375 0.5337500000000001 0.5349999999999999 0.5337500000000001 0.5349999999999999 0.5475 0.54375 0.5475 0.54375 0.5337500000000001
2 0.5475 0.54875 0.54 0.54875 0.54 0.5599999999999999 0.5475 0.5599999999999999 0.5475 0.54875
2 0.67875 0.25125000000000003 0.6675 0.25125000000000003 0.6675 0.26375000000000004 0.67875 0.26375000000000004 0.67875 0.25125000000000003
2 0.69875 0.195 0.6900000000000001 0.195 0.6900000000000001 0.20875 0.69875 0.20875 0.69875 0.195
2 0.6912499999999999 0.19875 0.68125 0.19875 0.68125 0.2125 0.6912499999999999 0.2125 0.6912499999999999 0.19875
2 0.4425 0.9662499999999999 0.43125 0.9662499999999999 0.43125 0.9775 0.4425 0.9775 0.4425 0.9662499999999999
2 0.61125 0.31375000000000003 0.60375 0.31375000000000003 0.60375 0.32625000000000004 0.61125 0.32625000000000004 0.61125 0.31375000000000003
2 0.7112499999999999 0.31375000000000003 0.70375 0.31375000000000003 0.70375 0.32625000000000004 0.7112499999999999 0.32625000000000004 0.7112499999999999 0.31375000000000003
2 0.73 0.11875 0.7212500000000001 0.11875 0.7212500000000001 0.13125 0.73 0.13125 0.73 0.11875
2 0.7525000000000001 0.125 0.7424999999999999 0.125 0.7424999999999999 0.13874999999999998 0.7525000000000001 0.13874999999999998 0.7525000000000001 0.125
2 0.6849999999999999 0.26125 0.67625 0.26125 0.67625 0.27375 0.6849999999999999 0.27375 0.6849999999999999 0.26125
2 0.6224999999999999 0.54 0.615 0.54 0.615 0.5525 0.6224999999999999 0.5525 0.6224999999999999 0.54
2 0.5825 0.64625 0.575 0.64625 0.575 0.6575 0.5825 0.6575 0.5825 0.64625
2 0.5962500000000001 0.635 0.5862499999999999 0.635 0.5862499999999999 0.6487499999999999 0.5962500000000001 0.6487499999999999 0.5962500000000001 0.635
2 0.54 0.7162499999999999 0.5325 0.7162499999999999 0.5325 0.7275 0.54 0.7275 0.54 0.7162499999999999
2 0.5275000000000001 0.7537499999999999 0.51625 0.7537499999999999 0.51625 0.7737499999999999 0.5275000000000001 0.7737499999999999 0.5275000000000001 0.7537499999999999
2 0.53 0.8474999999999999 0.5237499999999999 0.8474999999999999 0.5237499999999999 0.8574999999999999 0.53 0.8574999999999999 0.53 0.8474999999999999
2 0.46375 0.95375 0.45375 0.95375 0.45375 0.9737500000000001 0.46375 0.9737500000000001 0.46375 0.95375