2 0.49749999999999994 0.58 0.4725 0.58 0.4725 0.5974999999999999 0.49749999999999994 0.5974999999999999 0.49749999999999994 0.58
2 0.0325 0.74125 0.01 0.74125 0.01 0.7625 0.0325 0.7625 0.0325 0.74125
2 0.1525 0.68625 0.1325 0.68625 0.1325 0.70125 0.1525 0.70125 0.1525 0.68625
2 0.05500000000000001 0.665 0.03 0.665 0.03 0.6825 0.05500000000000001 0.6825 0.05500000000000001 0.665
2 0.385 0.60375 0.365 0.60375 0.365 0.61875 0.385 0.61875 0.385 0.60375
2 0.515 0.56125 0.49874999999999997 0.56125 0.49874999999999997 0.575 0.515 0.575 0.515 0.56125
2 0.5 0.5125 0.47375 0.5125 0.47375 0.53125 0.5 0.53125 0.5 0.5125
2 0.8012499999999999 0.00125 0.78625 0.00125 0.78625 0.017499999999999998 0.8012499999999999 0.017499999999999998 0.8012499999999999 0.00125
2 0.65 0.06375 0.6287499999999999 0.06375 0.6287499999999999 0.08249999999999999 0.65 0.08249999999999999 0.65 0.06375
2 0.85375 0.13125 0.8412499999999999 0.13125 0.8412499999999999 0.15 0.85375 0.15 0.85375 0.13125
2 0.48375 0.2375 0.47000000000000003 0.2375 0.47000000000000003 0.255 0.48375 0.255 0.48375 0.2375
2 0.8487500000000001 0.24500000000000002 0.83625 0.24500000000000002 0.83625 0.26 0.8487500000000001 0.26 0.8487500000000001 0.24500000000000002
2 0.475 0.34500000000000003 0.45875000000000005 0.34500000000000003 0.45875000000000005 0.36625 0.475 0.36625 0.475 0.34500000000000003
2 0.7375 0.425 0.705 0.425 0.705 0.44625000000000004 0.7375 0.44625000000000004 0.7375 0.425
2 0.7725 0.49375 0.7150000000000001 0.49375 0.7150000000000001 0.5225 0.7725 0.5225 0.7725 0.49375
2 0.5974999999999999 0.54875 0.5375 0.54875 0.5375 0.5775 0.5974999999999999 0.5775 0.5974999999999999 0.54875
2 0.55375 0.48250000000000004 0.49874999999999997 0.48250000000000004 0.49874999999999997 0.5125 0.55375 0.5125 0.55375 0.48250000000000004
2 0.5237499999999999 0.39125 0.5037499999999999 0.39125 0.5037499999999999 0.40374999999999994 0.5237499999999999 0.40374999999999994 0.5237499999999999 0.39125
2 0.8612500000000001 0.385 0.8375 0.385 0.8375 0.4025 0.8612500000000001 0.4025 0.8612500000000001 0.385
2 0.78625 0.43624999999999997 0.76625 0.43624999999999997 0.76625 0.4525 0.78625 0.4525 0.78625 0.43624999999999997
2 0.95625 0.42625 0.9375 0.42625 0.9375 0.4375 0.95625 0.4375 0.95625 0.42625
2 0.5 0.655 0.485 0.655 0.485 0.66875 0.5 0.66875 0.5 0.655
2 0.63875 0.62375 0.62375 0.62375 0.62375 0.64125 0.63875 0.64125 0.63875 0.62375
2 0.63125 0.62625 0.61875 0.62625 0.61875 0.64375 0.63125 0.64375 0.63125 0.62625
2 0.6212500000000001 0.63 0.61125 0.63 0.61125 0.645 0.6212500000000001 0.645 0.6212500000000001 0.63
2 0.61125 0.63375 0.5974999999999999 0.63375 0.5974999999999999 0.65125 0.61125 0.65125 0.61125 0.63375
2 0.55 0.63625 0.5337500000000001 0.63625 0.5337500000000001 0.6487499999999999 0.55 0.6487499999999999 0.55 0.63625
2 0.51375 0.64125 0.5 0.64125 0.5 0.65125 0.51375 0.65125 0.51375 0.64125
2 0.4525 0.665 0.43875000000000003 0.665 0.43875000000000003 0.675 0.4525 0.675 0.4525 0.665
2 0.50875 0.67625 0.49375 0.67625 0.49375 0.68875 0.50875 0.68875 0.50875 0.67625
2 0.99875 0.54875 0.98375 0.54875 0.98375 0.56125 0.99875 0.56125 0.99875 0.54875
2 1 0.56125 0.9887499999999999 0.56125 0.9887499999999999 0.575 1 0.575 1 0.56125
2 0.4725 0.67125 0.45499999999999996 0.67125 0.45499999999999996 0.6837500000000001 0.4725 0.6837500000000001 0.4725 0.67125
2 0.475 0.6799999999999999 0.4575 0.6799999999999999 0.4575 0.6925 0.475 0.6925 0.475 0.6799999999999999
2 0.48 0.68875 0.46375 0.68875 0.46375 0.69875 0.48 0.69875 0.48 0.68875
2 0.64375 0.6212500000000001 0.63375 0.6212500000000001 0.63375 0.6375 0.64375 0.6375 0.64375 0.6212500000000001
2 0.65 0.62 0.63875 0.62 0.63875 0.63375 0.65 0.63375 0.65 0.62
2 0.6575 0.61625 0.64625 0.61625 0.64625 0.63 0.6575 0.63 0.6575 0.61625
2 0.6637500000000001 0.6125 0.6537499999999999 0.6125 0.6537499999999999 0.6287499999999999 0.6637500000000001 0.6287499999999999 0.6637500000000001 0.6125
2 0.67125 0.60875 0.66125 0.60875 0.66125 0.62375 0.67125 0.62375 0.67125 0.60875
2 0.67875 0.6075 0.66625 0.6075 0.66625 0.6212500000000001 0.67875 0.6212500000000001 0.67875 0.6075
2 0.6837500000000001 0.6025 0.675 0.6025 0.675 0.61875 0.6837500000000001 0.61875 0.6837500000000001 0.6025
2 0.69875 0.59875 0.68625 0.59875 0.68625 0.61375 0.69875 0.61375 0.69875 0.59875
2 0.71375 0.5962500000000001 0.70375 0.5962500000000001 0.70375 0.61125 0.71375 0.61125 0.71375 0.5962500000000001
2 0.5037499999999999 0.67125 0.48875 0.67125 0.48875 0.6837500000000001 0.5037499999999999 0.6837500000000001 0.5037499999999999 0.67125
2 0.42374999999999996 0.6825 0.40875000000000006 0.6825 0.40875000000000006 0.69375 0.42374999999999996 0.69375 0.42374999999999996 0.6825
2 0.58125 0.9037499999999999 0.5662499999999999 0.9037499999999999 0.5662499999999999 0.91375 0.58125 0.91375 0.58125 0.9037499999999999
2 0.57875 0.8862500000000001 0.5599999999999999 0.8862500000000001 0.5599999999999999 0.9012499999999999 0.57875 0.9012499999999999 0.57875 0.8862500000000001
2 0.57375 0.87375 0.55375 0.87375 0.55375 0.8862500000000001 0.57375 0.8862500000000001 0.57375 0.87375
2 0.5650000000000001 0.8387499999999999 0.54625 0.8387499999999999 0.54625 0.85125 0.5650000000000001 0.85125 0.5650000000000001 0.8387499999999999
2 0.51375 0.8574999999999999 0.49874999999999997 0.8574999999999999 0.49874999999999997 0.8699999999999999 0.51375 0.8699999999999999 0.51375 0.8574999999999999
2 0.43 0.705 0.4175 0.705 0.4175 0.71375 0.43 0.71375 0.43 0.705
2 0.5862499999999999 0.9087500000000001 0.5675 0.9087500000000001 0.5675 0.9237500000000001 0.5862499999999999 0.9237500000000001 0.5862499999999999 0.9087500000000001
2 0.60875 0.8574999999999999 0.595 0.8574999999999999 0.595 0.86875 0.60875 0.86875 0.60875 0.8574999999999999
2 0.60875 0.85125 0.59375 0.85125 0.59375 0.8637499999999999 0.60875 0.8637499999999999 0.60875 0.85125
2 0.61625 0.87375 0.6012500000000001 0.87375 0.6012500000000001 0.885 0.61625 0.885 0.61625 0.87375
2 0.625 0.8975 0.60875 0.8975 0.60875 0.9087500000000001 0.625 0.9087500000000001 0.625 0.8975
2 0.6475 0.9737500000000001 0.6287499999999999 0.9737500000000001 0.6287499999999999 0.9862500000000001 0.6475 0.9862500000000001 0.6475 0.9737500000000001
2 0.3325 0.80375 0.31875 0.80375 0.31875 0.82125 0.3325 0.82125 0.3325 0.80375
2 0.34249999999999997 0.83375 0.3325 0.83375 0.3325 0.85 0.34249999999999997 0.85 0.34249999999999997 0.83375
2 0.35750000000000004 0.8300000000000001 0.34375 0.8300000000000001 0.34375 0.8462500000000001 0.35750000000000004 0.8462500000000001 0.35750000000000004 0.8300000000000001
2 0.38875000000000004 0.8775000000000001 0.37124999999999997 0.8775000000000001 0.37124999999999997 0.89125 0.38875000000000004 0.89125 0.38875000000000004 0.8775000000000001
2 0.38625 0.8712500000000001 0.36875 0.8712500000000001 0.36875 0.8825 0.38625 0.8825 0.38625 0.8712500000000001
2 0.39249999999999996 0.89375 0.3775 0.89375 0.3775 0.90625 0.39249999999999996 0.90625 0.39249999999999996 0.89375
2 0.98375 0.69875 0.975 0.69875 0.975 0.7162499999999999 0.98375 0.7162499999999999 0.98375 0.69875
2 0.99375 0.69375 0.98375 0.69375 0.98375 0.7150000000000001 0.99375 0.7150000000000001 0.99375 0.69375
2 0.3275 0.71 0.3125 0.71 0.3125 0.7212500000000001 0.3275 0.7212500000000001 0.3275 0.71
2 0.41125 0.70125 0.3975 0.70125 0.3975 0.7150000000000001 0.41125 0.7150000000000001 0.41125 0.70125
2 0.41125 0.69625 0.39375 0.69625 0.39375 0.70625 0.41125 0.70625 0.41125 0.69625
2 0.38375 0.1625 0.36625 0.1625 0.36625 0.175 0.38375 0.175 0.38375 0.1625
2 0.58375 0.08625000000000001 0.57125 0.08625000000000001 0.57125 0.0975 0.58375 0.0975 0.58375 0.08625000000000001
2 0.19125 0.36875 0.17625 0.36875 0.17625 0.38125 0.19125 0.38125 0.19125 0.36875
2 0.14750000000000002 0.395 0.135 0.395 0.135 0.40625 0.14750000000000002 0.40625 0.14750000000000002 0.395
2 0.1675 0.6224999999999999 0.155 0.6224999999999999 0.155 0.63375 0.1675 0.63375 0.1675 0.6224999999999999
2 0.19875 0.6287499999999999 0.18375 0.6287499999999999 0.18375 0.6375 0.19875 0.6375 0.19875 0.6287499999999999
2 0.2375 0.645 0.22125 0.645 0.22125 0.655 0.2375 0.655 0.2375 0.645
2 0.19 0.77 0.17250000000000001 0.77 0.17250000000000001 0.78 0.19 0.78 0.19 0.77
2 0.33375 0.5675 0.32125 0.5675 0.32125 0.57875 0.33375 0.57875 0.33375 0.5675
2 0.31875 0.5875 0.3025 0.5875 0.3025 0.5974999999999999 0.31875 0.5974999999999999 0.31875 0.5875
2 0.83625 0.46375 0.8162499999999999 0.46375 0.8162499999999999 0.47625 0.83625 0.47625 0.83625 0.46375
2 0.6212500000000001 0.8887499999999999 0.60875 0.8887499999999999 0.60875 0.89625 0.6212500000000001 0.89625 0.6212500000000001 0.8887499999999999
2 0.5700000000000001 0.8825 0.5575 0.8825 0.5575 0.8925000000000001 0.5700000000000001 0.8925000000000001 0.5700000000000001 0.8825
2 0.62625 0.8550000000000001 0.6125 0.8550000000000001 0.6125 0.8637499999999999 0.62625 0.8637499999999999 0.62625 0.8550000000000001
2 0.605 0.845 0.5900000000000001 0.845 0.5900000000000001 0.85125 0.605 0.85125 0.605 0.845
2 0.40750000000000003 0.8474999999999999 0.39625 0.8474999999999999 0.39625 0.86 0.40750000000000003 0.86 0.40750000000000003 0.8474999999999999
2 0.1875 0.8862500000000001 0.17625 0.8862500000000001 0.17625 0.90625 0.1875 0.90625 0.1875 0.8862500000000001
2 0.22999999999999998 0.87375 0.21749999999999997 0.87375 0.21749999999999997 0.8925000000000001 0.22999999999999998 0.8925000000000001 0.22999999999999998 0.87375
2 0.4625 0.6950000000000001 0.44875 0.6950000000000001 0.44875 0.70375 0.4625 0.70375 0.4625 0.6950000000000001
2 0.46125 0.68625 0.445 0.68625 0.445 0.6950000000000001 0.46125 0.6950000000000001 0.46125 0.68625
2 0.45625 0.6775 0.4425 0.6775 0.4425 0.68625 0.45625 0.68625 0.45625 0.6775
2 0.52625 0.8525 0.51375 0.8525 0.51375 0.8625 0.52625 0.8625 0.52625 0.8525
2 0.54625 0.8474999999999999 0.5287499999999999 0.8474999999999999 0.5287499999999999 0.8574999999999999 0.54625 0.8574999999999999 0.54625 0.8474999999999999