2 0.425 0.27125 0.41500000000000004 0.27125 0.41500000000000004 0.28375 0.425 0.28375 0.425 0.27125
2 0.39249999999999996 0.24 0.3825 0.24 0.3825 0.2575 0.39249999999999996 0.2575 0.39249999999999996 0.24
2 0.3875 0.20375000000000001 0.3775 0.20375000000000001 0.3775 0.21625 0.3875 0.21625 0.3875 0.20375000000000001
2 0.4025 0.1975 0.39249999999999996 0.1975 0.39249999999999996 0.21125 0.4025 0.21125 0.4025 0.1975
2 0.41375 0.19624999999999998 0.40499999999999997 0.19624999999999998 0.40499999999999997 0.20750000000000002 0.41375 0.20750000000000002 0.41375 0.19624999999999998
2 0.48875 0.07125000000000001 0.47874999999999995 0.07125000000000001 0.47874999999999995 0.08499999999999999 0.48875 0.08499999999999999 0.48875 0.07125000000000001
2 0.4725 0.10874999999999999 0.4625 0.10874999999999999 0.4625 0.12 0.4725 0.12 0.4725 0.10874999999999999
2 0.41500000000000004 0.17375000000000002 0.4025 0.17375000000000002 0.4025 0.18875 0.41500000000000004 0.18875 0.41500000000000004 0.17375000000000002
2 0.4325 0.12375 0.42374999999999996 0.12375 0.42374999999999996 0.135 0.4325 0.135 0.4325 0.12375
2 0.47625 0.20249999999999999 0.46624999999999994 0.20249999999999999 0.46624999999999994 0.21625 0.47625 0.21625 0.47625 0.20249999999999999
2 0.4625 0.18625 0.45499999999999996 0.18625 0.45499999999999996 0.2 0.4625 0.2 0.4625 0.18625
2 0.485 0.35625 0.47125000000000006 0.35625 0.47125000000000006 0.3625 0.485 0.3625 0.485 0.35625
2 0.495 0.33875 0.48250000000000004 0.33875 0.48250000000000004 0.35125 0.495 0.35125 0.495 0.33875
2 0.5025000000000001 0.33125 0.49000000000000005 0.33125 0.49000000000000005 0.34249999999999997 0.5025000000000001 0.34249999999999997 0.5025000000000001 0.33125
2 0.45875000000000005 0.3075 0.45125000000000004 0.3075 0.45125000000000004 0.32 0.45875000000000005 0.32 0.45875000000000005 0.3075
2 0.45999999999999996 0.29 0.45125000000000004 0.29 0.45125000000000004 0.3025 0.45999999999999996 0.3025 0.45999999999999996 0.29
2 0.445 0.265 0.43499999999999994 0.265 0.43499999999999994 0.27625 0.445 0.27625 0.445 0.265
2 0.44125 0.25375000000000003 0.4325 0.25375000000000003 0.4325 0.26625 0.44125 0.26625 0.44125 0.25375000000000003
2 0.25125000000000003 0.69875 0.24125000000000002 0.69875 0.24125000000000002 0.7125 0.25125000000000003 0.7125 0.25125000000000003 0.69875
2 0.20375000000000001 0.6599999999999999 0.19 0.6599999999999999 0.19 0.675 0.20375000000000001 0.675 0.20375000000000001 0.6599999999999999
2 0.29874999999999996 0.57625 0.2875 0.57625 0.2875 0.58875 0.29874999999999996 0.58875 0.29874999999999996 0.57625
2 0.3 0.56375 0.28875 0.56375 0.28875 0.575 0.3 0.575 0.3 0.56375
2 0.2475 0.5175 0.23625 0.5175 0.23625 0.5287499999999999 0.2475 0.5287499999999999 0.2475 0.5175
2 0.265 0.5325 0.255 0.5325 0.255 0.545 0.265 0.545 0.265 0.5325
2 0.24375 0.5650000000000001 0.23374999999999999 0.5650000000000001 0.23374999999999999 0.5775 0.24375 0.5775 0.24375 0.5650000000000001
2 0.27375 0.4725 0.2625 0.4725 0.2625 0.4875 0.27375 0.4875 0.27375 0.4725
2 0.31375000000000003 0.5475 0.30375 0.5475 0.30375 0.5599999999999999 0.31375000000000003 0.5599999999999999 0.31375000000000003 0.5475
2 0.35375 0.5599999999999999 0.34249999999999997 0.5599999999999999 0.34249999999999997 0.57375 0.35375 0.57375 0.35375 0.5599999999999999
2 0.35 0.48250000000000004 0.3375 0.48250000000000004 0.3375 0.495 0.35 0.495 0.35 0.48250000000000004
2 0.3225 0.48875 0.31 0.48875 0.31 0.5025000000000001 0.3225 0.5025000000000001 0.3225 0.48875
2 0.38375 0.42625 0.3725 0.42625 0.3725 0.44000000000000006 0.38375 0.44000000000000006 0.38375 0.42625
2 0.41 0.34875 0.4 0.34875 0.4 0.36375 0.41 0.36375 0.41 0.34875
2 0.38 0.31625000000000003 0.36875 0.31625000000000003 0.36875 0.33125 0.38 0.33125 0.38 0.31625000000000003
2 0.35750000000000004 0.6837500000000001 0.34500000000000003 0.6837500000000001 0.34500000000000003 0.6975 0.35750000000000004 0.6975 0.35750000000000004 0.6837500000000001
2 0.4525 0.25875 0.44375 0.25875 0.44375 0.27125 0.4525 0.27125 0.4525 0.25875
2 0.4425 0.21625 0.43125 0.21625 0.43125 0.22749999999999998 0.4425 0.22749999999999998 0.4425 0.21625
2 0.52625 0.005 0.51625 0.005 0.51625 0.026250000000000002 0.52625 0.026250000000000002 0.52625 0.005
2 0.46375 0.20249999999999999 0.45499999999999996 0.20249999999999999 0.45499999999999996 0.22374999999999998 0.46375 0.22374999999999998 0.46375 0.20249999999999999
2 0.61125 0.38125 0.6 0.38125 0.6 0.38875000000000004 0.61125 0.38875000000000004 0.61125 0.38125
2 0.63125 0.38 0.62 0.38 0.62 0.39 0.63125 0.39 0.63125 0.38
2 0.6224999999999999 0.41500000000000004 0.6125 0.41500000000000004 0.6125 0.42625 0.6224999999999999 0.42625 0.6224999999999999 0.41500000000000004
2 0.56375 0.38875000000000004 0.5525 0.38875000000000004 0.5525 0.39875 0.56375 0.39875 0.56375 0.38875000000000004
2 0.645 0.44625000000000004 0.63875 0.44625000000000004 0.63875 0.4625 0.645 0.4625 0.645 0.44625000000000004
2 0.63125 0.445 0.625 0.445 0.625 0.45625 0.63125 0.45625 0.63125 0.445
2 0.4325 0.39375 0.425 0.39375 0.425 0.40625 0.4325 0.40625 0.4325 0.39375
2 0.43499999999999994 0.34500000000000003 0.42750000000000005 0.34500000000000003 0.42750000000000005 0.35750000000000004 0.43499999999999994 0.35750000000000004 0.43499999999999994 0.34500000000000003
2 0.12625 0.82125 0.11374999999999999 0.82125 0.11374999999999999 0.835 0.12625 0.835 0.12625 0.82125
2 0.10874999999999999 0.85125 0.0975 0.85125 0.0975 0.865 0.10874999999999999 0.865 0.10874999999999999 0.85125
2 0.04875 0.8949999999999999 0.041249999999999995 0.8949999999999999 0.041249999999999995 0.9075 0.04875 0.9075 0.04875 0.8949999999999999
2 0.04375 0.89875 0.0375 0.89875 0.0375 0.9112500000000001 0.04375 0.9112500000000001 0.04375 0.89875
2 0.034999999999999996 0.905 0.027500000000000004 0.905 0.027500000000000004 0.9175000000000001 0.034999999999999996 0.9175000000000001 0.034999999999999996 0.905
2 0.026250000000000002 0.915 0.017499999999999998 0.915 0.017499999999999998 0.925 0.026250000000000002 0.925 0.026250000000000002 0.915
2 0.5225 0.80625 0.51125 0.80625 0.51125 0.81375 0.5225 0.81375 0.5225 0.80625
2 0.5875 0.81125 0.57625 0.81125 0.57625 0.8175000000000001 0.5875 0.8175000000000001 0.5875 0.81125
2 0.7424999999999999 0.8262499999999999 0.73375 0.8262499999999999 0.73375 0.8375 0.7424999999999999 0.8375 0.7424999999999999 0.8262499999999999
2 0.70375 0.82125 0.6912499999999999 0.82125 0.6912499999999999 0.82875 0.70375 0.82875 0.70375 0.82125
2 0.9262499999999999 0.4925 0.9175000000000001 0.4925 0.9175000000000001 0.5025000000000001 0.9262499999999999 0.5025000000000001 0.9262499999999999 0.4925
2 0.9512499999999999 0.52 0.9400000000000001 0.52 0.9400000000000001 0.5287499999999999 0.9512499999999999 0.5287499999999999 0.9512499999999999 0.52