2 0.028749999999999998 0.275 0.02 0.275 0.02 0.29125 0.028749999999999998 0.29125 0.028749999999999998 0.275
2 0.05375 0.2875 0.041249999999999995 0.2875 0.041249999999999995 0.30625 0.05375 0.30625 0.05375 0.2875
2 0.052500000000000005 0.26749999999999996 0.041249999999999995 0.26749999999999996 0.041249999999999995 0.28875 0.052500000000000005 0.28875 0.052500000000000005 0.26749999999999996
2 0.58 0.74125 0.53125 0.74125 0.53125 0.77625 0.58 0.77625 0.58 0.74125
2 0.5962500000000001 0.78125 0.54875 0.78125 0.54875 0.81375 0.5962500000000001 0.81375 0.5962500000000001 0.78125
2 0.58125 0.7737499999999999 0.54625 0.7737499999999999 0.54625 0.8012499999999999 0.58125 0.8012499999999999 0.58125 0.7737499999999999
2 0.76375 0.58125 0.7125 0.58125 0.7125 0.61375 0.76375 0.61375 0.76375 0.58125
2 0.75125 0.60375 0.71875 0.60375 0.71875 0.62625 0.75125 0.62625 0.75125 0.60375
2 0.5587500000000001 0.70375 0.50875 0.70375 0.50875 0.73875 0.5587500000000001 0.73875 0.5587500000000001 0.70375
2 0.5525 0.6925 0.5 0.6925 0.5 0.7262500000000001 0.5525 0.7262500000000001 0.5525 0.6925
2 0.54625 0.6775 0.49375 0.6775 0.49375 0.7112499999999999 0.54625 0.7112499999999999 0.54625 0.6775
2 0.49625 0.7725 0.4625 0.7725 0.4625 0.79375 0.49625 0.79375 0.49625 0.7725
2 0.50875 0.79125 0.475 0.79125 0.475 0.8175000000000001 0.50875 0.8175000000000001 0.50875 0.79125
2 0.52625 0.8225 0.49124999999999996 0.8225 0.49124999999999996 0.8487500000000001 0.52625 0.8487500000000001 0.52625 0.8225
2 0.8975 0.84375 0.87375 0.84375 0.87375 0.87375 0.8975 0.87375 0.8975 0.84375
2 0.9099999999999999 0.8387499999999999 0.885 0.8387499999999999 0.885 0.86875 0.9099999999999999 0.86875 0.9099999999999999 0.8387499999999999
2 0.9175000000000001 0.8324999999999999 0.8975 0.8324999999999999 0.8975 0.8574999999999999 0.9175000000000001 0.8574999999999999 0.9175000000000001 0.8324999999999999
2 0.15375 0.8775000000000001 0.13999999999999999 0.8775000000000001 0.13999999999999999 0.89875 0.15375 0.89875 0.15375 0.8775000000000001
2 0.145 0.885 0.13374999999999998 0.885 0.13374999999999998 0.9025000000000001 0.145 0.9025000000000001 0.145 0.885
2 0.38625 0.625 0.35625 0.625 0.35625 0.6475 0.38625 0.6475 0.38625 0.625
2 0.5725 0.445 0.5625 0.445 0.5625 0.46125 0.5725 0.46125 0.5725 0.445
2 0.55625 0.44749999999999995 0.5425 0.44749999999999995 0.5425 0.46875 0.55625 0.46875 0.55625 0.44749999999999995
2 0.29625 0.26 0.28875 0.26 0.28875 0.275 0.29625 0.275 0.29625 0.26
2 0.29125 0.30874999999999997 0.27375 0.30874999999999997 0.27375 0.3175 0.29125 0.3175 0.29125 0.30874999999999997
2 0.2875 0.33999999999999997 0.27125 0.33999999999999997 0.27125 0.35 0.2875 0.35 0.2875 0.33999999999999997
2 0.36375 0.39375 0.34625 0.39375 0.34625 0.40125 0.36375 0.40125 0.36375 0.39375
2 0.53 0.36124999999999996 0.51 0.36124999999999996 0.51 0.37 0.53 0.37 0.53 0.36124999999999996
2 0.49000000000000005 0.3125 0.475 0.3125 0.475 0.32125 0.49000000000000005 0.32125 0.49000000000000005 0.3125
2 0.39375 0.3025 0.375 0.3025 0.375 0.31 0.39375 0.31 0.39375 0.3025
2 0.4325 0.49874999999999997 0.40625 0.49874999999999997 0.40625 0.53125 0.4325 0.53125 0.4325 0.49874999999999997
2 0.47375 0.42125 0.41624999999999995 0.42125 0.41624999999999995 0.4375 0.47375 0.4375 0.47375 0.42125
2 0.03 0.61375 0.017499999999999998 0.61375 0.017499999999999998 0.6375 0.03 0.6375 0.03 0.61375
2 0.06999999999999999 0.64375 0.045 0.64375 0.045 0.6575 0.06999999999999999 0.6575 0.06999999999999999 0.64375
2 0.13 0.61875 0.11000000000000001 0.61875 0.11000000000000001 0.6475 0.13 0.6475 0.13 0.61875
2 0.03 0.92875 0.005 0.92875 0.005 0.9425000000000001 0.03 0.9425000000000001 0.03 0.92875
2 0.04875 1 0.04875 0.97625 0.03 0.97625 0.03 1 0.04875 1
2 0.013750000000000002 0.43 0.0025 0.43 0.0025 0.4525 0.013750000000000002 0.4525 0.013750000000000002 0.43
2 0.8412499999999999 0.8400000000000001 0.82 0.8400000000000001 0.82 0.86 0.8412499999999999 0.86 0.8412499999999999 0.8400000000000001
2 0.83625 0.8324999999999999 0.81125 0.8324999999999999 0.81125 0.8550000000000001 0.83625 0.8550000000000001 0.83625 0.8324999999999999
2 0.63875 0.43 0.63375 0.43 0.63375 0.44625000000000004 0.63875 0.44625000000000004 0.63875 0.43
2 0.63125 0.4325 0.6224999999999999 0.4325 0.6224999999999999 0.44749999999999995 0.63125 0.44749999999999995 0.63125 0.4325
2 0.625 0.43499999999999994 0.61875 0.43499999999999994 0.61875 0.45 0.625 0.45 0.625 0.43499999999999994
2 0.61625 0.43499999999999994 0.60875 0.43499999999999994 0.60875 0.44875 0.61625 0.44875 0.61625 0.43499999999999994
2 0.6075 0.4375 0.6012500000000001 0.4375 0.6012500000000001 0.45 0.6075 0.45 0.6075 0.4375
2 0.6012500000000001 0.44000000000000006 0.59375 0.44000000000000006 0.59375 0.45 0.6012500000000001 0.45 0.6012500000000001 0.44000000000000006
2 0.595 0.4425 0.5875 0.4425 0.5875 0.45499999999999996 0.595 0.45499999999999996 0.595 0.4425
2 0.5337500000000001 0.1325 0.52625 0.1325 0.52625 0.14375 0.5337500000000001 0.14375 0.5337500000000001 0.1325
2 0.0625 0.29874999999999996 0.05375 0.29874999999999996 0.05375 0.31375000000000003 0.0625 0.31375000000000003 0.0625 0.29874999999999996
2 0.26875 0.2625 0.2625 0.2625 0.2625 0.27625 0.26875 0.27625 0.26875 0.2625
2 0.27875 0.26 0.27125 0.26 0.27125 0.275 0.27875 0.275 0.27875 0.26
2 0.28125 0.275 0.2725 0.275 0.2725 0.2925 0.28125 0.2925 0.28125 0.275
2 0.2575 0.3125 0.25 0.3125 0.25 0.32999999999999996 0.2575 0.32999999999999996 0.2575 0.3125
2 0.23500000000000001 0.42125 0.22625 0.42125 0.22625 0.43624999999999997 0.23500000000000001 0.43624999999999997 0.23500000000000001 0.42125
2 0.1675 0.43125 0.16 0.43125 0.16 0.445 0.1675 0.445 0.1675 0.43125
2 0.14875 0.43125 0.13999999999999999 0.43125 0.13999999999999999 0.44625000000000004 0.14875 0.44625000000000004 0.14875 0.43125
2 0.135 0.4325 0.12625 0.4325 0.12625 0.44749999999999995 0.135 0.44749999999999995 0.135 0.4325
2 0.12 0.43375 0.1125 0.43375 0.1125 0.44875 0.12 0.44875 0.12 0.43375
2 0.0875 0.43499999999999994 0.0775 0.43499999999999994 0.0775 0.4525 0.0875 0.4525 0.0875 0.43499999999999994
2 0.12625 0.495 0.11499999999999999 0.495 0.11499999999999999 0.51 0.12625 0.51 0.12625 0.495
2 0.11625 0.51 0.10625 0.51 0.10625 0.525 0.11625 0.525 0.11625 0.51
2 0.11125 0.525 0.1 0.525 0.1 0.53625 0.11125 0.53625 0.11125 0.525
2 0.10874999999999999 0.53625 0.10124999999999999 0.53625 0.10124999999999999 0.55125 0.10874999999999999 0.55125 0.10874999999999999 0.53625
2 0.11000000000000001 0.5525 0.10124999999999999 0.5525 0.10124999999999999 0.5662499999999999 0.11000000000000001 0.5662499999999999 0.11000000000000001 0.5525
2 0.11000000000000001 0.5650000000000001 0.1 0.5650000000000001 0.1 0.58 0.11000000000000001 0.58 0.11000000000000001 0.5650000000000001
2 0.11374999999999999 0.58375 0.10375000000000001 0.58375 0.10375000000000001 0.59875 0.11374999999999999 0.59875 0.11374999999999999 0.58375
2 0.11875 0.6 0.1075 0.6 0.1075 0.615 0.11875 0.615 0.11875 0.6
2 0.16499999999999998 0.63375 0.1525 0.63375 0.1525 0.64375 0.16499999999999998 0.64375 0.16499999999999998 0.63375
2 0.155 0.6475 0.13999999999999999 0.6475 0.13999999999999999 0.6575 0.155 0.6575 0.155 0.6475
2 0.16125 0.68875 0.14250000000000002 0.68875 0.14250000000000002 0.71375 0.16125 0.71375 0.16125 0.68875
2 0.175 0.7125 0.15625 0.7125 0.15625 0.73625 0.175 0.73625 0.175 0.7125
2 0.24625 0.7849999999999999 0.23374999999999999 0.7849999999999999 0.23374999999999999 0.8 0.24625 0.8 0.24625 0.7849999999999999
2 0.07125000000000001 0.89875 0.06375 0.89875 0.06375 0.915 0.07125000000000001 0.915 0.07125000000000001 0.89875
2 0.28500000000000003 0.9349999999999999 0.2725 0.9349999999999999 0.2725 0.9525 0.28500000000000003 0.9525 0.28500000000000003 0.9349999999999999
2 0.40374999999999994 0.75 0.39249999999999996 0.75 0.39249999999999996 0.76 0.40374999999999994 0.76 0.40374999999999994 0.75
2 0.47750000000000004 0.755 0.46125 0.755 0.46125 0.76625 0.47750000000000004 0.76625 0.47750000000000004 0.755
2 0.60625 0.745 0.5900000000000001 0.745 0.5900000000000001 0.755 0.60625 0.755 0.60625 0.745
2 0.28500000000000003 0.32999999999999996 0.27125 0.32999999999999996 0.27125 0.33875 0.28500000000000003 0.33875 0.28500000000000003 0.32999999999999996
2 0.355 0.26375000000000004 0.34125 0.26375000000000004 0.34125 0.27375 0.355 0.27375 0.355 0.26375000000000004
2 0.35625 0.27875 0.33999999999999997 0.27875 0.33999999999999997 0.2875 0.35625 0.2875 0.35625 0.27875
2 0.38625 0.26375000000000004 0.37625000000000003 0.26375000000000004 0.37625000000000003 0.27999999999999997 0.38625 0.27999999999999997 0.38625 0.26375000000000004
2 0.36 0.32 0.34375 0.32 0.34375 0.32875 0.36 0.32875 0.36 0.32
2 0.36 0.3375 0.34375 0.3375 0.34375 0.34625 0.36 0.34625 0.36 0.3375
2 0.3625 0.36875 0.34500000000000003 0.36875 0.34500000000000003 0.37625000000000003 0.3625 0.37625000000000003 0.3625 0.36875
2 0.4875 0.2975 0.47125000000000006 0.2975 0.47125000000000006 0.30625 0.4875 0.30625 0.4875 0.2975
2 0.3625 0.3775 0.34625 0.3775 0.34625 0.385 0.3625 0.385 0.3625 0.3775
2 0.5237499999999999 0.26375000000000004 0.50625 0.26375000000000004 0.50625 0.2725 0.5237499999999999 0.2725 0.5237499999999999 0.26375000000000004
2 0.5225 0.2725 0.505 0.2725 0.505 0.27875 0.5225 0.27875 0.5225 0.2725
2 0.52125 0.27999999999999997 0.5075000000000001 0.27999999999999997 0.5075000000000001 0.28875 0.52125 0.28875 0.52125 0.27999999999999997
2 0.5225 0.28875 0.50875 0.28875 0.50875 0.29625 0.5225 0.29625 0.5225 0.28875
2 0.5225 0.2975 0.5075000000000001 0.2975 0.5075000000000001 0.305 0.5225 0.305 0.5225 0.2975
2 0.47874999999999995 0.4425 0.46375 0.4425 0.46375 0.45 0.47874999999999995 0.45 0.47874999999999995 0.4425
2 0.32125 0.43624999999999997 0.305 0.43624999999999997 0.305 0.44749999999999995 0.32125 0.44749999999999995 0.32125 0.43624999999999997
2 0.33999999999999997 0.43499999999999994 0.325 0.43499999999999994 0.325 0.44625000000000004 0.33999999999999997 0.44625000000000004 0.33999999999999997 0.43499999999999994
2 0.44625000000000004 0.47000000000000003 0.43499999999999994 0.47000000000000003 0.43499999999999994 0.48624999999999996 0.44625000000000004 0.48624999999999996 0.44625000000000004 0.47000000000000003
2 0.44375 0.46875 0.4225 0.46875 0.4225 0.49749999999999994 0.44375 0.49749999999999994 0.44375 0.46875
2 0.47375 0.47125000000000006 0.45125000000000004 0.47125000000000006 0.45125000000000004 0.5037499999999999 0.47375 0.5037499999999999 0.47375 0.47125000000000006
2 0.47874999999999995 0.46875 0.4625 0.46875 0.4625 0.495 0.47874999999999995 0.495 0.47874999999999995 0.46875
2 0.48624999999999996 0.46749999999999997 0.4725 0.46749999999999997 0.4725 0.49000000000000005 0.48624999999999996 0.49000000000000005 0.48624999999999996 0.46749999999999997
2 0.64625 0.42874999999999996 0.6375 0.42874999999999996 0.6375 0.44375 0.64625 0.44375 0.64625 0.42874999999999996
2 0.67 0.475 0.6587500000000001 0.475 0.6587500000000001 0.49000000000000005 0.67 0.49000000000000005 0.67 0.475
2 0.65625 0.43 0.6475 0.43 0.6475 0.445 0.65625 0.445 0.65625 0.43
2 0.68125 0.45125000000000004 0.67 0.45125000000000004 0.67 0.4625 0.68125 0.4625 0.68125 0.45125000000000004
2 0.6900000000000001 0.45999999999999996 0.675 0.45999999999999996 0.675 0.47000000000000003 0.6900000000000001 0.47000000000000003 0.6900000000000001 0.45999999999999996
2 0.6925 0.46624999999999994 0.6799999999999999 0.46624999999999994 0.6799999999999999 0.47625 0.6925 0.47625 0.6925 0.46624999999999994
2 0.6975 0.4725 0.6837500000000001 0.4725 0.6837500000000001 0.48250000000000004 0.6975 0.48250000000000004 0.6975 0.4725
2 0.7025 0.47874999999999995 0.6875 0.47874999999999995 0.6875 0.49124999999999996 0.7025 0.49124999999999996 0.7025 0.47874999999999995
2 0.70125 0.5325 0.6900000000000001 0.5325 0.6900000000000001 0.5475 0.70125 0.5475 0.70125 0.5325
2 0.6487499999999999 0.74875 0.6375 0.74875 0.6375 0.76375 0.6487499999999999 0.76375 0.6487499999999999 0.74875
2 0.7787499999999999 0.645 0.76875 0.645 0.76875 0.6625 0.7787499999999999 0.6625 0.7787499999999999 0.645
2 0.7887500000000001 0.62375 0.7787499999999999 0.62375 0.7787499999999999 0.63875 0.7887500000000001 0.63875 0.7887500000000001 0.62375
2 0.79625 0.6224999999999999 0.78625 0.6224999999999999 0.78625 0.63625 0.79625 0.63625 0.79625 0.6224999999999999
2 0.7675 0.6537499999999999 0.75625 0.6537499999999999 0.75625 0.66875 0.7675 0.66875 0.7675 0.6537499999999999
2 0.63625 0.71375 0.62625 0.71375 0.62625 0.7262500000000001 0.63625 0.7262500000000001 0.63625 0.71375
2 0.7675 0.74 0.7537499999999999 0.74 0.7537499999999999 0.75 0.7675 0.75 0.7675 0.74
2 0.7725 0.7474999999999999 0.75875 0.7474999999999999 0.75875 0.75875 0.7725 0.75875 0.7725 0.7474999999999999
2 0.7775000000000001 0.7537499999999999 0.76375 0.7537499999999999 0.76375 0.76625 0.7775000000000001 0.76625 0.7775000000000001 0.7537499999999999
2 0.8074999999999999 0.74 0.7925 0.74 0.7925 0.7537499999999999 0.8074999999999999 0.7537499999999999 0.8074999999999999 0.74
2 0.8237500000000001 0.7224999999999999 0.8087500000000001 0.7224999999999999 0.8087500000000001 0.735 0.8237500000000001 0.735 0.8237500000000001 0.7224999999999999
2 0.82875 0.73125 0.81125 0.73125 0.81125 0.7424999999999999 0.82875 0.7424999999999999 0.82875 0.73125
2 0.835 0.74 0.82125 0.74 0.82125 0.7537499999999999 0.835 0.7537499999999999 0.835 0.74
2 0.82125 0.7537499999999999 0.8025 0.7537499999999999 0.8025 0.76625 0.82125 0.76625 0.82125 0.7537499999999999
2 0.8324999999999999 0.77625 0.8175000000000001 0.77625 0.8175000000000001 0.7875 0.8324999999999999 0.7875 0.8324999999999999 0.77625
2 0.85125 0.76625 0.8375 0.76625 0.8375 0.7775000000000001 0.85125 0.7775000000000001 0.85125 0.76625
2 0.8862500000000001 0.76125 0.8724999999999999 0.76125 0.8724999999999999 0.77125 0.8862500000000001 0.77125 0.8862500000000001 0.76125
2 0.8712500000000001 0.7975 0.8574999999999999 0.7975 0.8574999999999999 0.8099999999999999 0.8712500000000001 0.8099999999999999 0.8712500000000001 0.7975
2 0.85125 0.8 0.83375 0.8 0.83375 0.81125 0.85125 0.81125 0.85125 0.8
2 0.85875 0.7775000000000001 0.84375 0.7775000000000001 0.84375 0.7887500000000001 0.85875 0.7887500000000001 0.85875 0.7775000000000001
2 0.835 0.7837500000000001 0.8225 0.7837500000000001 0.8225 0.79375 0.835 0.79375 0.835 0.7837500000000001
2 0.9487500000000001 0.9199999999999999 0.93875 0.9199999999999999 0.93875 0.9349999999999999 0.9487500000000001 0.9349999999999999 0.9487500000000001 0.9199999999999999
2 0.021249999999999998 0.70125 0.0025 0.70125 0.0025 0.7112499999999999 0.021249999999999998 0.7112499999999999 0.021249999999999998 0.70125
2 0.05500000000000001 0.615 0.03625 0.615 0.03625 0.6275000000000001 0.05500000000000001 0.6275000000000001 0.05500000000000001 0.615