2 0.22000000000000003 1 0.22000000000000003 0.9949999999999999 0.19624999999999998 0.9949999999999999 0.19624999999999998 1 0.22000000000000003 1
2 0.1925 1 0.1925 0.9949999999999999 0.16875 0.9949999999999999 0.16875 1 0.1925 1
2 0.13125 1 0.13125 0.9962500000000001 0.1075 0.9962500000000001 0.1075 1 0.13125 1
2 0.6637500000000001 0.6900000000000001 0.64125 0.6900000000000001 0.64125 0.7112499999999999 0.6637500000000001 0.7112499999999999 0.6637500000000001 0.6900000000000001
2 0.67125 0.73 0.64375 0.73 0.64375 0.745 0.67125 0.745 0.67125 0.73
2 0.5325 0.6174999999999999 0.50625 0.6174999999999999 0.50625 0.6275000000000001 0.5325 0.6275000000000001 0.5325 0.6174999999999999
2 0.5599999999999999 0.585 0.55 0.585 0.55 0.61125 0.5599999999999999 0.61125 0.5599999999999999 0.585
2 0.54375 0.5875 0.5349999999999999 0.5875 0.5349999999999999 0.61375 0.54375 0.61375 0.54375 0.5875
2 0.58875 0.5825 0.57875 0.5825 0.57875 0.60875 0.58875 0.60875 0.58875 0.5825
2 0.59875 0.585 0.58875 0.585 0.58875 0.61125 0.59875 0.61125 0.59875 0.585
2 0.6075 0.5862499999999999 0.5974999999999999 0.5862499999999999 0.5974999999999999 0.61375 0.6075 0.61375 0.6075 0.5862499999999999
2 0.68625 0.74375 0.66125 0.74375 0.66125 0.75625 0.68625 0.75625 0.68625 0.74375
2 0.6875 0.7525000000000001 0.6637500000000001 0.7525000000000001 0.6637500000000001 0.76375 0.6875 0.76375 0.6875 0.7525000000000001