2 0.25 0.16375 0.22999999999999998 0.16375 0.22999999999999998 0.1825 0.25 0.1825 0.25 0.16375
2 0.1925 0.18 0.1775 0.18 0.1775 0.195 0.1925 0.195 0.1925 0.18
2 0.6 0.05 0.58 0.05 0.58 0.0675 0.6 0.0675 0.6 0.05
2 0.78125 0.00125 0.76 0.00125 0.76 0.0125 0.78125 0.0125 0.78125 0.00125
2 0.925 0.615 0.90625 0.615 0.90625 0.6287499999999999 0.925 0.6287499999999999 0.925 0.615
2 0.90625 0.6212500000000001 0.8925000000000001 0.6212500000000001 0.8925000000000001 0.635 0.90625 0.635 0.90625 0.6212500000000001
2 0.8637499999999999 0.63625 0.845 0.63625 0.845 0.65125 0.8637499999999999 0.65125 0.8637499999999999 0.63625
2 0.8800000000000001 0.63125 0.8625 0.63125 0.8625 0.64625 0.8800000000000001 0.64625 0.8800000000000001 0.63125
2 0.29500000000000004 0.00125 0.28125 0.00125 0.28125 0.015 0.29500000000000004 0.015 0.29500000000000004 0.00125
2 0.22374999999999998 0.04 0.21125 0.04 0.21125 0.05125 0.22374999999999998 0.05125 0.22374999999999998 0.04
2 0.18875 0.2475 0.175 0.2475 0.175 0.2575 0.18875 0.2575 0.18875 0.2475
2 0.29375 0.13125 0.28125 0.13125 0.28125 0.14375 0.29375 0.14375 0.29375 0.13125
2 0.39 0.09 0.37374999999999997 0.09 0.37374999999999997 0.1 0.39 0.1 0.39 0.09
2 0.4925 0.10874999999999999 0.47625 0.10874999999999999 0.47625 0.12375 0.4925 0.12375 0.4925 0.10874999999999999
2 0.67 0.0125 0.6537499999999999 0.0125 0.6537499999999999 0.021249999999999998 0.67 0.021249999999999998 0.67 0.0125
2 0.93625 0.13625 0.9262499999999999 0.13625 0.9262499999999999 0.155 0.93625 0.155 0.93625 0.13625
2 0.93625 0.021249999999999998 0.9225 0.021249999999999998 0.9225 0.03 0.93625 0.03 0.93625 0.021249999999999998
2 0.97875 0.12375 0.96875 0.12375 0.96875 0.13999999999999999 0.97875 0.13999999999999999 0.97875 0.12375
2 0.38375 0.74125 0.3675 0.74125 0.3675 0.755 0.38375 0.755 0.38375 0.74125
2 0.55625 0.7525000000000001 0.54375 0.7525000000000001 0.54375 0.76125 0.55625 0.76125 0.55625 0.7525000000000001
2 0.5862499999999999 0.76 0.5700000000000001 0.76 0.5700000000000001 0.77125 0.5862499999999999 0.77125 0.5862499999999999 0.76
2 0.55 0.775 0.5337500000000001 0.775 0.5337500000000001 0.78625 0.55 0.78625 0.55 0.775
2 0.52 0.765 0.5075000000000001 0.765 0.5075000000000001 0.7737499999999999 0.52 0.7737499999999999 0.52 0.765
2 0.50625 0.77125 0.495 0.77125 0.495 0.78 0.50625 0.78 0.50625 0.77125
2 0.525 0.79625 0.515 0.79625 0.515 0.81125 0.525 0.81125 0.525 0.79625
2 0.5075000000000001 0.8025 0.49874999999999997 0.8025 0.49874999999999997 0.8225 0.5075000000000001 0.8225 0.5075000000000001 0.8025
2 0.49124999999999996 0.8099999999999999 0.48250000000000004 0.8099999999999999 0.48250000000000004 0.82875 0.49124999999999996 0.82875 0.49124999999999996 0.8099999999999999
2 0.48250000000000004 0.81125 0.47625 0.81125 0.47625 0.82875 0.48250000000000004 0.82875 0.48250000000000004 0.81125
2 0.47375 0.8150000000000001 0.46624999999999994 0.8150000000000001 0.46624999999999994 0.83625 0.47375 0.83625 0.47375 0.8150000000000001
2 0.46624999999999994 0.8387499999999999 0.44375 0.8387499999999999 0.44375 0.85 0.46624999999999994 0.85 0.46624999999999994 0.8387499999999999
2 0.585 0.9400000000000001 0.57375 0.9400000000000001 0.57375 0.96 0.585 0.96 0.585 0.9400000000000001
2 0.5925 0.9400000000000001 0.585 0.9400000000000001 0.585 0.9574999999999999 0.5925 0.9574999999999999 0.5925 0.9400000000000001
2 0.5675 0.9475 0.5587500000000001 0.9475 0.5587500000000001 0.9662499999999999 0.5675 0.9662499999999999 0.5675 0.9475
2 0.545 0.9662499999999999 0.5375 0.9662499999999999 0.5375 0.98375 0.545 0.98375 0.545 0.9662499999999999
2 0.5225 0.97625 0.51375 0.97625 0.51375 0.99125 0.5225 0.99125 0.5225 0.97625
2 0.46125 0.9475 0.4525 0.9475 0.4525 0.9625 0.46125 0.9625 0.46125 0.9475
2 0.08875 0.33375 0.07625 0.33375 0.07625 0.34750000000000003 0.08875 0.34750000000000003 0.08875 0.33375
2 0.06875 0.3775 0.05625 0.3775 0.05625 0.39375 0.06875 0.39375 0.06875 0.3775