2 0.5 0.5925 0.48125 0.5925 0.48125 0.6075 0.5 0.6075 0.5 0.5925
2 0.55 0.385 0.5325 0.385 0.5325 0.40125 0.55 0.40125 0.55 0.385
2 0.69625 0.42000000000000004 0.67875 0.42000000000000004 0.67875 0.43125 0.69625 0.43125 0.69625 0.42000000000000004
2 0.75125 0.41 0.73125 0.41 0.73125 0.42374999999999996 0.75125 0.42374999999999996 0.75125 0.41
2 0.64375 0.46875 0.6275000000000001 0.46875 0.6275000000000001 0.48250000000000004 0.64375 0.48250000000000004 0.64375 0.46875
2 0.54375 0.54875 0.51625 0.54875 0.51625 0.5675 0.54375 0.5675 0.54375 0.54875
2 0.51125 0.575 0.4925 0.575 0.4925 0.58875 0.51125 0.58875 0.51125 0.575
2 0.058750000000000004 0.73625 0.04375 0.73625 0.04375 0.75125 0.058750000000000004 0.75125 0.058750000000000004 0.73625
2 0.05 0.7462500000000001 0.03625 0.7462500000000001 0.03625 0.76375 0.05 0.76375 0.05 0.7462500000000001
2 0.10375000000000001 0.88125 0.09125 0.88125 0.09125 0.9 0.10375000000000001 0.9 0.10375000000000001 0.88125
2 0.09875 1 0.09875 0.9949999999999999 0.08875 0.9949999999999999 0.08875 1 0.09875 1
2 0.45625 0.34125 0.43875000000000003 0.34125 0.43875000000000003 0.35125 0.45625 0.35125 0.45625 0.34125
2 0.38875000000000004 0.32999999999999996 0.37124999999999997 0.32999999999999996 0.37124999999999997 0.3375 0.38875000000000004 0.3375 0.38875000000000004 0.32999999999999996
2 0.02 0.4375 0.00125 0.4375 0.00125 0.44749999999999995 0.02 0.44749999999999995 0.02 0.4375
2 0.9425000000000001 0.36875 0.9275 0.36875 0.9275 0.3825 0.9425000000000001 0.3825 0.9425000000000001 0.36875
2 1 0.9275 0.9824999999999999 0.9275 0.9824999999999999 0.94375 1 0.94375 1 0.9275
2 1 0.91875 0.9737500000000001 0.91875 0.9737500000000001 0.9349999999999999 1 0.9349999999999999 1 0.91875
2 0.34125 0.91875 0.32375 0.91875 0.32375 0.93125 0.34125 0.93125 0.34125 0.91875
2 0.0125 0.6875 0.00125 0.6875 0.00125 0.7025 0.0125 0.7025 0.0125 0.6875
2 0.8975 0.975 0.8787499999999999 0.975 0.8787499999999999 0.9875 0.8975 0.9875 0.8975 0.975