2 0.67875 0.545 0.6537499999999999 0.545 0.6537499999999999 0.5587500000000001 0.67875 0.5587500000000001 0.67875 0.545
2 0.29874999999999996 0.027500000000000004 0.26749999999999996 0.027500000000000004 0.26749999999999996 0.052500000000000005 0.29874999999999996 0.052500000000000005 0.29874999999999996 0.027500000000000004
2 0.12 0.00125 0.11000000000000001 0.00125 0.11000000000000001 0.01125 0.12 0.01125 0.12 0.00125
2 0.16999999999999998 0.11875 0.15875 0.11875 0.15875 0.13999999999999999 0.16999999999999998 0.13999999999999999 0.16999999999999998 0.11875
2 0.6775 0.51875 0.6525000000000001 0.51875 0.6525000000000001 0.53125 0.6775 0.53125 0.6775 0.51875
2 0.1625 0.14875 0.145 0.14875 0.145 0.16875 0.1625 0.16875 0.1625 0.14875
2 0.09 0.021249999999999998 0.06875 0.021249999999999998 0.06875 0.03375 0.09 0.03375 0.09 0.021249999999999998
2 0.11875 0.0125 0.11000000000000001 0.0125 0.11000000000000001 0.034999999999999996 0.11875 0.034999999999999996 0.11875 0.0125
2 0.13625 0.00125 0.12375 0.00125 0.12375 0.0225 0.13625 0.0225 0.13625 0.00125
2 0.13374999999999998 0.02375 0.12375 0.02375 0.12375 0.042499999999999996 0.13374999999999998 0.042499999999999996 0.13374999999999998 0.02375
2 0.11875 0.03625 0.1075 0.03625 0.1075 0.057499999999999996 0.11875 0.057499999999999996 0.11875 0.03625
2 0.0975 0.0475 0.075 0.0475 0.075 0.058750000000000004 0.0975 0.058750000000000004 0.0975 0.0475
2 0.13374999999999998 0.09375 0.12125 0.09375 0.12125 0.12125 0.13374999999999998 0.12125 0.13374999999999998 0.09375
2 0.13374999999999998 0.0675 0.12250000000000001 0.0675 0.12250000000000001 0.0925 0.13374999999999998 0.0925 0.13374999999999998 0.0675
2 0.1325 0.04375 0.12250000000000001 0.04375 0.12250000000000001 0.065 0.1325 0.065 0.1325 0.04375
2 0.14375 0.12625 0.13374999999999998 0.12625 0.13374999999999998 0.14250000000000002 0.14375 0.14250000000000002 0.14375 0.12625
2 0.13125 0.12125 0.12125 0.12125 0.12125 0.13999999999999999 0.13125 0.13999999999999999 0.13125 0.12125
2 0.10375000000000001 0.08 0.08 0.08 0.08 0.0925 0.10375000000000001 0.0925 0.10375000000000001 0.08
2 0.78625 0.45125000000000004 0.76 0.45125000000000004 0.76 0.4625 0.78625 0.4625 0.78625 0.45125000000000004