2 0.67875 0.5587500000000001 0.6537499999999999 0.5587500000000001 0.6537499999999999 0.5725 0.67875 0.5725 0.67875 0.5587500000000001
2 0.29874999999999996 0.041249999999999995 0.26749999999999996 0.041249999999999995 0.26749999999999996 0.06625 0.29874999999999996 0.06625 0.29874999999999996 0.041249999999999995
2 0.12125 0.005 0.11000000000000001 0.005 0.11000000000000001 0.025 0.12125 0.025 0.12125 0.005
2 0.16999999999999998 0.1325 0.15875 0.1325 0.15875 0.15375 0.16999999999999998 0.15375 0.16999999999999998 0.1325
2 0.6775 0.5325 0.6525000000000001 0.5325 0.6525000000000001 0.545 0.6775 0.545 0.6775 0.5325
2 0.1625 0.1625 0.145 0.1625 0.145 0.1825 0.1625 0.1825 0.1625 0.1625
2 0.09 0.034999999999999996 0.06875 0.034999999999999996 0.06875 0.0475 0.09 0.0475 0.09 0.034999999999999996
2 0.11875 0.026250000000000002 0.11000000000000001 0.026250000000000002 0.11000000000000001 0.04875 0.11875 0.04875 0.11875 0.026250000000000002
2 0.13625 0.01125 0.12375 0.01125 0.12375 0.03625 0.13625 0.03625 0.13625 0.01125
2 0.13374999999999998 0.0375 0.12375 0.0375 0.12375 0.05625 0.13374999999999998 0.05625 0.13374999999999998 0.0375
2 0.11875 0.05 0.1075 0.05 0.1075 0.07125000000000001 0.11875 0.07125000000000001 0.11875 0.05
2 0.0975 0.061250000000000006 0.075 0.061250000000000006 0.075 0.0725 0.0975 0.0725 0.0975 0.061250000000000006
2 0.13374999999999998 0.1075 0.12125 0.1075 0.12125 0.135 0.13374999999999998 0.135 0.13374999999999998 0.1075
2 0.13374999999999998 0.08125 0.12250000000000001 0.08125 0.12250000000000001 0.10625 0.13374999999999998 0.10625 0.13374999999999998 0.08125
2 0.1325 0.057499999999999996 0.12250000000000001 0.057499999999999996 0.12250000000000001 0.07875 0.1325 0.07875 0.1325 0.057499999999999996
2 0.14375 0.13999999999999999 0.13374999999999998 0.13999999999999999 0.13374999999999998 0.15625 0.14375 0.15625 0.14375 0.13999999999999999
2 0.13125 0.135 0.12125 0.135 0.12125 0.15375 0.13125 0.15375 0.13125 0.135
2 0.10375000000000001 0.09375 0.08 0.09375 0.08 0.10625 0.10375000000000001 0.10625 0.10375000000000001 0.09375
2 0.78625 0.465 0.76 0.465 0.76 0.47625 0.78625 0.47625 0.78625 0.465