2 0.52125 0.3225 0.5075000000000001 0.3225 0.5075000000000001 0.32999999999999996 0.52125 0.32999999999999996 0.52125 0.3225
2 0.6325000000000001 0.27749999999999997 0.62 0.27749999999999997 0.62 0.28625 0.6325000000000001 0.28625 0.6325000000000001 0.27749999999999997
2 0.51875 0.31 0.5075000000000001 0.31 0.5075000000000001 0.31625000000000003 0.51875 0.31625000000000003 0.51875 0.31
2 0.53 0.2625 0.515 0.2625 0.515 0.27 0.53 0.27 0.53 0.2625
2 0.53 0.2525 0.51625 0.2525 0.51625 0.26125 0.53 0.26125 0.53 0.2525
2 0.5337500000000001 0.2225 0.52125 0.2225 0.52125 0.22875 0.5337500000000001 0.22875 0.5337500000000001 0.2225
2 0.57625 0.19 0.5599999999999999 0.19 0.5599999999999999 0.1975 0.57625 0.1975 0.57625 0.19
2 0.605 0.21125 0.59375 0.21125 0.59375 0.21749999999999997 0.605 0.21749999999999997 0.605 0.21125
2 0.53625 0.20750000000000002 0.5237499999999999 0.20750000000000002 0.5237499999999999 0.21375000000000002 0.53625 0.21375000000000002 0.53625 0.20750000000000002
2 0.5387500000000001 0.2 0.5237499999999999 0.2 0.5237499999999999 0.20625 0.5387500000000001 0.20625 0.5387500000000001 0.2
2 0.54 0.19375 0.525 0.19375 0.525 0.2 0.54 0.2 0.54 0.19375
2 0.54 0.17375000000000002 0.5275000000000001 0.17375000000000002 0.5275000000000001 0.18 0.54 0.18 0.54 0.17375000000000002
2 0.5425 0.1625 0.53 0.1625 0.53 0.16875 0.5425 0.16875 0.5425 0.1625
2 0.55375 0.15 0.5425 0.15 0.5425 0.16 0.55375 0.16 0.55375 0.15
2 0.61125 0.14250000000000002 0.5974999999999999 0.14250000000000002 0.5974999999999999 0.15 0.61125 0.15 0.61125 0.14250000000000002
2 0.605 0.13 0.59375 0.13 0.59375 0.13625 0.605 0.13625 0.605 0.13
2 0.6212500000000001 0.06875 0.6075 0.06875 0.6075 0.0775 0.6212500000000001 0.0775 0.6212500000000001 0.06875
2 0.8637499999999999 0.70375 0.8487500000000001 0.70375 0.8487500000000001 0.7125 0.8637499999999999 0.7125 0.8637499999999999 0.70375
2 0.7224999999999999 0.02375 0.71375 0.02375 0.71375 0.03625 0.7224999999999999 0.03625 0.7224999999999999 0.02375
2 0.72875 0.025 0.7212500000000001 0.025 0.7212500000000001 0.03625 0.72875 0.03625 0.72875 0.025
2 0.75875 0.20625 0.74875 0.20625 0.74875 0.2125 0.75875 0.2125 0.75875 0.20625
2 0.7737499999999999 0.20249999999999999 0.76125 0.20249999999999999 0.76125 0.21000000000000002 0.7737499999999999 0.21000000000000002 0.7737499999999999 0.20249999999999999
2 0.78625 0.20125 0.775 0.20125 0.775 0.20625 0.78625 0.20625 0.78625 0.20125
2 0.845 0.16875 0.8375 0.16875 0.8375 0.18 0.845 0.18 0.845 0.16875
2 0.8637499999999999 0.31 0.8550000000000001 0.31 0.8550000000000001 0.32125 0.8637499999999999 0.32125 0.8637499999999999 0.31
2 0.80375 0.46125 0.7925 0.46125 0.7925 0.46875 0.80375 0.46875 0.80375 0.46125
2 0.915 0.9650000000000001 0.90625 0.9650000000000001 0.90625 0.9775 0.915 0.9775 0.915 0.9650000000000001
2 0.2 0.8150000000000001 0.1875 0.8150000000000001 0.1875 0.8225 0.2 0.8225 0.2 0.8150000000000001
2 0.21375000000000002 0.9225 0.20125 0.9225 0.20125 0.93 0.21375000000000002 0.93 0.21375000000000002 0.9225