2 0.99875 0.20249999999999999 0.9875 0.20249999999999999 0.9875 0.22875 0.99875 0.22875 0.99875 0.20249999999999999
2 0.28500000000000003 0.5700000000000001 0.275 0.5700000000000001 0.275 0.5912499999999999 0.28500000000000003 0.5912499999999999 0.28500000000000003 0.5700000000000001
2 0.275 0.5700000000000001 0.26375000000000004 0.5700000000000001 0.26375000000000004 0.5900000000000001 0.275 0.5900000000000001 0.275 0.5700000000000001
2 0.26125 0.56375 0.25125000000000003 0.56375 0.25125000000000003 0.58875 0.26125 0.58875 0.26125 0.56375
2 0.12875 0.06375 0.1025 0.06375 0.1025 0.095 0.12875 0.095 0.12875 0.06375
2 0.3225 0.575 0.31 0.575 0.31 0.5974999999999999 0.3225 0.5974999999999999 0.3225 0.575
2 0.29625 0.5725 0.28500000000000003 0.5725 0.28500000000000003 0.595 0.29625 0.595 0.29625 0.5725
2 0.335 0.57625 0.32375 0.57625 0.32375 0.59875 0.335 0.59875 0.335 0.57625
2 0.9949999999999999 0.23500000000000001 0.9824999999999999 0.23500000000000001 0.9824999999999999 0.255 0.9949999999999999 0.255 0.9949999999999999 0.23500000000000001
2 0.95 0.73 0.9375 0.73 0.9375 0.755 0.95 0.755 0.95 0.73
2 0.9862500000000001 0.3525 0.9712500000000001 0.3525 0.9712500000000001 0.3775 0.9862500000000001 0.3775 0.9862500000000001 0.3525
2 0.9800000000000001 0.4125 0.9662499999999999 0.4125 0.9662499999999999 0.43875000000000003 0.9800000000000001 0.43875000000000003 0.9800000000000001 0.4125
2 0.97625 0.4425 0.9625 0.4425 0.9625 0.47000000000000003 0.97625 0.47000000000000003 0.97625 0.4425
2 0.9724999999999999 0.5037499999999999 0.9574999999999999 0.5037499999999999 0.9574999999999999 0.5337500000000001 0.9724999999999999 0.5337500000000001 0.9724999999999999 0.5037499999999999
2 0.95375 0.53125 0.9400000000000001 0.53125 0.9400000000000001 0.55375 0.95375 0.55375 0.95375 0.53125
2 0.97 0.54 0.95625 0.54 0.95625 0.56375 0.97 0.56375 0.97 0.54
2 0.9650000000000001 0.5700000000000001 0.9525 0.5700000000000001 0.9525 0.59375 0.9650000000000001 0.59375 0.9650000000000001 0.5700000000000001
2 0.9625 0.61375 0.9487500000000001 0.61375 0.9487500000000001 0.63875 0.9625 0.63875 0.9625 0.61375
2 0.9574999999999999 0.67375 0.9425000000000001 0.67375 0.9425000000000001 0.69875 0.9574999999999999 0.69875 0.9574999999999999 0.67375
2 0.945 0.7925 0.93125 0.7925 0.93125 0.81875 0.945 0.81875 0.945 0.7925
2 0.35750000000000004 0.57875 0.34750000000000003 0.57875 0.34750000000000003 0.59875 0.35750000000000004 0.59875 0.35750000000000004 0.57875
2 0.9425000000000001 0.8275 0.9275 0.8275 0.9275 0.85375 0.9425000000000001 0.85375 0.9425000000000001 0.8275
2 0.67875 0.5900000000000001 0.6575 0.5900000000000001 0.6575 0.6012500000000001 0.67875 0.6012500000000001 0.67875 0.5900000000000001
2 0.67875 0.6025 0.65625 0.6025 0.65625 0.61875 0.67875 0.61875 0.67875 0.6025
2 0.6212500000000001 0.6 0.6075 0.6 0.6075 0.625 0.6212500000000001 0.625 0.6212500000000001 0.6
2 0.5287499999999999 0.59375 0.5175 0.59375 0.5175 0.615 0.5287499999999999 0.615 0.5287499999999999 0.59375
2 0.44875 0.58125 0.43624999999999997 0.58125 0.43624999999999997 0.605 0.44875 0.605 0.44875 0.58125
2 0.43624999999999997 0.58375 0.425 0.58375 0.425 0.60625 0.43624999999999997 0.60625 0.43624999999999997 0.58375
2 0.42625 0.58 0.4125 0.58 0.4125 0.60625 0.42625 0.60625 0.42625 0.58
2 0.36875 0.58125 0.35750000000000004 0.58125 0.35750000000000004 0.6 0.36875 0.6 0.36875 0.58125