2 0.64625 0.8625 0.63625 0.8625 0.63625 0.88375 0.64625 0.88375 0.64625 0.8625
2 0.63625 0.8625 0.625 0.8625 0.625 0.8825 0.63625 0.8825 0.63625 0.8625
2 0.6224999999999999 0.85625 0.6125 0.85625 0.6125 0.88125 0.6224999999999999 0.88125 0.6224999999999999 0.85625
2 0.49000000000000005 0.35625 0.46375 0.35625 0.46375 0.3875 0.49000000000000005 0.3875 0.49000000000000005 0.35625
2 0.6837500000000001 0.8675 0.67125 0.8675 0.67125 0.89 0.6837500000000001 0.89 0.6837500000000001 0.8675
2 0.6575 0.865 0.64625 0.865 0.64625 0.8875 0.6575 0.8875 0.6575 0.865
2 0.69625 0.86875 0.6849999999999999 0.86875 0.6849999999999999 0.89125 0.69625 0.89125 0.69625 0.86875
2 0.71875 0.8712500000000001 0.70875 0.8712500000000001 0.70875 0.89125 0.71875 0.89125 0.71875 0.8712500000000001
2 0.9824999999999999 0.8925000000000001 0.96875 0.8925000000000001 0.96875 0.9175000000000001 0.9824999999999999 0.9175000000000001 0.9824999999999999 0.8925000000000001
2 0.89 0.8862500000000001 0.8787499999999999 0.8862500000000001 0.8787499999999999 0.9075 0.89 0.9075 0.89 0.8862500000000001
2 0.8099999999999999 0.87375 0.7975 0.87375 0.7975 0.8975 0.8099999999999999 0.8975 0.8099999999999999 0.87375
2 0.7975 0.87625 0.78625 0.87625 0.78625 0.89875 0.7975 0.89875 0.7975 0.87625
2 0.7875 0.8724999999999999 0.7737499999999999 0.8724999999999999 0.7737499999999999 0.89875 0.7875 0.89875 0.7875 0.8724999999999999
2 0.73 0.87375 0.71875 0.87375 0.71875 0.8925000000000001 0.73 0.8925000000000001 0.73 0.87375