2 0.13 0.32375 0.1075 0.32375 0.1075 0.33999999999999997 0.13 0.33999999999999997 0.13 0.32375
2 0.061250000000000006 0.28125 0.0375 0.28125 0.0375 0.29500000000000004 0.061250000000000006 0.29500000000000004 0.061250000000000006 0.28125
2 0.05625 0.30874999999999997 0.03375 0.30874999999999997 0.03375 0.32 0.05625 0.32 0.05625 0.30874999999999997
2 0.05500000000000001 0.32125 0.0325 0.32125 0.0325 0.3325 0.05500000000000001 0.3325 0.05500000000000001 0.32125
2 0.05375 0.3325 0.027500000000000004 0.3325 0.027500000000000004 0.34375 0.05375 0.34375 0.05375 0.3325
2 0.052500000000000005 0.34375 0.027500000000000004 0.34375 0.027500000000000004 0.35875 0.052500000000000005 0.35875 0.052500000000000005 0.34375
2 0.05125 0.37 0.026250000000000002 0.37 0.026250000000000002 0.385 0.05125 0.385 0.05125 0.37
2 0.05500000000000001 0.38375 0.025 0.38375 0.025 0.3975 0.05500000000000001 0.3975 0.05500000000000001 0.38375
2 0.045 0.39625 0.0225 0.39625 0.0225 0.41 0.045 0.41 0.045 0.39625
2 0.045 0.40875000000000006 0.01875 0.40875000000000006 0.01875 0.425 0.045 0.425 0.045 0.40875000000000006
2 0.0475 0.4225 0.01875 0.4225 0.01875 0.43624999999999997 0.0475 0.43624999999999997 0.0475 0.4225
2 0.11125 0.46624999999999994 0.08625000000000001 0.46624999999999994 0.08625000000000001 0.47625 0.11125 0.47625 0.11125 0.46624999999999994
2 0.11499999999999999 0.43624999999999997 0.0875 0.43624999999999997 0.0875 0.45625 0.11499999999999999 0.45625 0.11499999999999999 0.43624999999999997
2 0.11499999999999999 0.42625 0.0925 0.42625 0.0925 0.44000000000000006 0.11499999999999999 0.44000000000000006 0.11499999999999999 0.42625
2 0.11750000000000001 0.41125 0.09125 0.41125 0.09125 0.42374999999999996 0.11750000000000001 0.42374999999999996 0.11750000000000001 0.41125
2 0.11875 0.4025 0.095 0.4025 0.095 0.41375 0.11875 0.41375 0.11875 0.4025
2 0.12 0.3875 0.09375 0.3875 0.09375 0.40125 0.12 0.40125 0.12 0.3875
2 0.12125 0.375 0.0975 0.375 0.0975 0.39 0.12125 0.39 0.12125 0.375
2 0.12625 0.365 0.10375000000000001 0.365 0.10375000000000001 0.37625000000000003 0.12625 0.37625000000000003 0.12625 0.365
2 0.13 0.35125 0.10375000000000001 0.35125 0.10375000000000001 0.365 0.13 0.365 0.13 0.35125
2 0.065 0.26749999999999996 0.04 0.26749999999999996 0.04 0.28125 0.065 0.28125 0.065 0.26749999999999996
2 0.06625 0.25625 0.042499999999999996 0.25625 0.042499999999999996 0.27 0.06625 0.27 0.06625 0.25625
2 0.06875 0.24500000000000002 0.042499999999999996 0.24500000000000002 0.042499999999999996 0.25875 0.06875 0.25875 0.06875 0.24500000000000002
2 0.0725 0.23500000000000001 0.045 0.23500000000000001 0.045 0.24625 0.0725 0.24625 0.0725 0.23500000000000001
2 0.057499999999999996 0.29375 0.03125 0.29375 0.03125 0.30874999999999997 0.057499999999999996 0.30874999999999997 0.057499999999999996 0.29375
2 0.1625 0.0675 0.13999999999999999 0.0675 0.13999999999999999 0.08 0.1625 0.08 0.1625 0.0675
2 0.06999999999999999 0.21625 0.04625 0.21625 0.04625 0.2325 0.06999999999999999 0.2325 0.06999999999999999 0.21625
2 0.12875 0.33875 0.10500000000000001 0.33875 0.10500000000000001 0.35125 0.12875 0.35125 0.12875 0.33875
2 0.13 0.3125 0.10625 0.3125 0.10625 0.32375 0.13 0.32375 0.13 0.3125
2 0.1325 0.29874999999999996 0.10874999999999999 0.29874999999999996 0.10874999999999999 0.31375000000000003 0.1325 0.31375000000000003 0.1325 0.29874999999999996
2 0.26 0.03375 0.22625 0.03375 0.22625 0.061250000000000006 0.26 0.061250000000000006 0.26 0.03375
2 0.26375000000000004 0.052500000000000005 0.2325 0.052500000000000005 0.2325 0.08 0.26375000000000004 0.08 0.26375000000000004 0.052500000000000005
2 0.14875 0.18625 0.12625 0.18625 0.12625 0.19624999999999998 0.14875 0.19624999999999998 0.14875 0.18625
2 0.1325 0.28625 0.10874999999999999 0.28625 0.10874999999999999 0.29874999999999996 0.1325 0.29874999999999996 0.1325 0.28625
2 0.13374999999999998 0.27375 0.1125 0.27375 0.1125 0.2875 0.13374999999999998 0.2875 0.13374999999999998 0.27375
2 0.1375 0.2625 0.11499999999999999 0.2625 0.11499999999999999 0.275 0.1375 0.275 0.1375 0.2625
2 0.13999999999999999 0.25 0.11499999999999999 0.25 0.11499999999999999 0.26125 0.13999999999999999 0.26125 0.13999999999999999 0.25
2 0.14250000000000002 0.23625 0.11750000000000001 0.23625 0.11750000000000001 0.25125000000000003 0.14250000000000002 0.25125000000000003 0.14250000000000002 0.23625
2 0.14375 0.225 0.12125 0.225 0.12125 0.23374999999999999 0.14375 0.23374999999999999 0.14375 0.225
2 0.14625 0.20875 0.12250000000000001 0.20875 0.12250000000000001 0.225 0.14625 0.225 0.14625 0.20875
2 0.14750000000000002 0.19875 0.12625 0.19875 0.12625 0.21000000000000002 0.14750000000000002 0.21000000000000002 0.14750000000000002 0.19875
2 0.14875 0.16999999999999998 0.12625 0.16999999999999998 0.12625 0.1825 0.14875 0.1825 0.14875 0.16999999999999998
2 0.26375000000000004 0.0725 0.23125 0.0725 0.23125 0.10124999999999999 0.26375000000000004 0.10124999999999999 0.26375000000000004 0.0725
2 0.15 0.15875 0.1275 0.15875 0.1275 0.16999999999999998 0.15 0.16999999999999998 0.15 0.15875
2 0.1525 0.14375 0.1275 0.14375 0.1275 0.1575 0.1525 0.1575 0.1525 0.14375
2 0.1525 0.1325 0.1275 0.1325 0.1275 0.14625 0.1525 0.14625 0.1525 0.1325
2 0.15375 0.11875 0.13 0.11875 0.13 0.1325 0.15375 0.1325 0.15375 0.11875
2 0.155 0.1075 0.135 0.1075 0.135 0.11875 0.155 0.11875 0.155 0.1075
2 0.16 0.095 0.13999999999999999 0.095 0.13999999999999999 0.1075 0.16 0.1075 0.16 0.095
2 0.16 0.08249999999999999 0.135 0.08249999999999999 0.135 0.09375 0.16 0.09375 0.16 0.08249999999999999
2 0.265 0.0925 0.2325 0.0925 0.2325 0.12125 0.265 0.12125 0.265 0.0925
2 0.0375 0.445 0.0125 0.445 0.0125 0.45999999999999996 0.0375 0.45999999999999996 0.0375 0.445
2 0.041249999999999995 0.49749999999999994 0.01625 0.49749999999999994 0.01625 0.515 0.041249999999999995 0.515 0.041249999999999995 0.49749999999999994