2 0.12625 0.13625 0.1125 0.13625 0.1125 0.1775 0.12625 0.1775 0.12625 0.13625
2 0.08499999999999999 0.25875 0.042499999999999996 0.25875 0.042499999999999996 0.27749999999999997 0.08499999999999999 0.27749999999999997 0.08499999999999999 0.25875
2 0.16875 0.2575 0.15 0.2575 0.15 0.27 0.16875 0.27 0.16875 0.2575
2 0.025 0.04375 0.01125 0.04375 0.01125 0.05125 0.025 0.05125 0.025 0.04375
2 0.025 0.03625 0.01 0.03625 0.01 0.04375 0.025 0.04375 0.025 0.03625
2 0.013750000000000002 0.00125 0.00625 0.00125 0.00625 0.01625 0.013750000000000002 0.01625 0.013750000000000002 0.00125
2 0.015 0.01625 0.008749999999999999 0.01625 0.008749999999999999 0.03 0.015 0.03 0.015 0.01625
2 0.08125 0.052500000000000005 0.06375 0.052500000000000005 0.06375 0.061250000000000006 0.08125 0.061250000000000006 0.08125 0.052500000000000005
2 0.013750000000000002 0.08499999999999999 0.00125 0.08499999999999999 0.00125 0.09125 0.013750000000000002 0.09125 0.013750000000000002 0.08499999999999999
2 0.12375 0.07125000000000001 0.1075 0.07125000000000001 0.1075 0.08125 0.12375 0.08125 0.12375 0.07125000000000001
2 0.08625000000000001 0.13125 0.06875 0.13125 0.06875 0.14250000000000002 0.08625000000000001 0.14250000000000002 0.08625000000000001 0.13125
2 0.08499999999999999 0.15 0.0725 0.15 0.0725 0.1575 0.08499999999999999 0.1575 0.08499999999999999 0.15
2 0.09375 0.18875 0.0775 0.18875 0.0775 0.1975 0.09375 0.1975 0.09375 0.18875
2 0.0925 0.195 0.07625 0.195 0.07625 0.205 0.0925 0.205 0.0925 0.195
2 0.13874999999999998 0.2475 0.12250000000000001 0.2475 0.12250000000000001 0.25625 0.13874999999999998 0.25625 0.13874999999999998 0.2475
2 0.0325 0.15875 0.01875 0.15875 0.01875 0.16625 0.0325 0.16625 0.0325 0.15875
2 0.034999999999999996 0.18 0.01875 0.18 0.01875 0.19 0.034999999999999996 0.19 0.034999999999999996 0.18
2 0.50875 0.1 0.49625 0.1 0.49625 0.1075 0.50875 0.1075 0.50875 0.1
2 0.3025 0.00375 0.28875 0.00375 0.28875 0.021249999999999998 0.3025 0.021249999999999998 0.3025 0.00375
2 0.5175 0.21000000000000002 0.5075000000000001 0.21000000000000002 0.5075000000000001 0.22625 0.5175 0.22625 0.5175 0.21000000000000002
2 0.54 0.2 0.5287499999999999 0.2 0.5287499999999999 0.215 0.54 0.215 0.54 0.2
2 0.5912499999999999 0.17250000000000001 0.57875 0.17250000000000001 0.57875 0.18 0.5912499999999999 0.18 0.5912499999999999 0.17250000000000001
2 0.62625 0.16499999999999998 0.61125 0.16499999999999998 0.61125 0.17375000000000002 0.62625 0.17375000000000002 0.62625 0.16499999999999998
2 0.6475 0.16125 0.63375 0.16125 0.63375 0.17124999999999999 0.6475 0.17124999999999999 0.6475 0.16125
2 0.66625 0.1575 0.65 0.1575 0.65 0.1675 0.66625 0.1675 0.66625 0.1575
2 0.77125 0.1575 0.75 0.1575 0.75 0.16625 0.77125 0.16625 0.77125 0.1575
2 0.73875 0.16 0.7262500000000001 0.16 0.7262500000000001 0.16625 0.73875 0.16625 0.73875 0.16
2 0.74125 0.1675 0.7275 0.1675 0.7275 0.175 0.74125 0.175 0.74125 0.1675
2 0.76 0.16875 0.74375 0.16875 0.74375 0.17625 0.76 0.17625 0.76 0.16875
2 0.8237500000000001 0.17250000000000001 0.8074999999999999 0.17250000000000001 0.8074999999999999 0.18 0.8237500000000001 0.18 0.8237500000000001 0.17250000000000001
2 0.80625 0.17375000000000002 0.79 0.17375000000000002 0.79 0.1825 0.80625 0.1825 0.80625 0.17375000000000002
2 0.7887500000000001 0.17124999999999999 0.775 0.17124999999999999 0.775 0.18 0.7887500000000001 0.18 0.7887500000000001 0.17124999999999999
2 0.7775000000000001 0.17875000000000002 0.76125 0.17875000000000002 0.76125 0.1875 0.7775000000000001 0.1875 0.7775000000000001 0.17875000000000002
2 0.75875 0.18 0.74375 0.18 0.74375 0.1875 0.75875 0.1875 0.75875 0.18
2 0.74125 0.18125 0.72875 0.18125 0.72875 0.18875 0.74125 0.18875 0.74125 0.18125
2 0.7275 0.16499999999999998 0.70875 0.16499999999999998 0.70875 0.18125 0.7275 0.18125 0.7275 0.16499999999999998
2 0.71875 0.17625 0.70375 0.17625 0.70375 0.19125 0.71875 0.19125 0.71875 0.17625
2 0.70875 0.17875000000000002 0.69375 0.17875000000000002 0.69375 0.1975 0.70875 0.1975 0.70875 0.17875000000000002
2 0.66875 0.185 0.6587500000000001 0.185 0.6587500000000001 0.20125 0.66875 0.20125 0.66875 0.185
2 0.8487500000000001 0.7787499999999999 0.8425 0.7787499999999999 0.8425 0.79375 0.8487500000000001 0.79375 0.8487500000000001 0.7787499999999999
2 0.8275 0.6575 0.82125 0.6575 0.82125 0.6725 0.8275 0.6725 0.8275 0.6575
2 0.8425 0.6325000000000001 0.83625 0.6325000000000001 0.83625 0.64625 0.8425 0.64625 0.8425 0.6325000000000001
2 0.75625 0.51 0.7474999999999999 0.51 0.7474999999999999 0.5237499999999999 0.75625 0.5237499999999999 0.75625 0.51
2 0.7224999999999999 0.495 0.71375 0.495 0.71375 0.51125 0.7224999999999999 0.51125 0.7224999999999999 0.495
2 0.70125 0.49874999999999997 0.69375 0.49874999999999997 0.69375 0.51875 0.70125 0.51875 0.70125 0.49874999999999997
2 0.39375 0.44375 0.38125 0.44375 0.38125 0.46125 0.39375 0.46125 0.39375 0.44375
2 0.37875000000000003 0.44875 0.36625 0.44875 0.36625 0.4625 0.37875000000000003 0.4625 0.37875000000000003 0.44875
2 0.67625 0.185 0.66625 0.185 0.66625 0.2 0.67625 0.2 0.67625 0.185
2 0.6537499999999999 0.1875 0.645 0.1875 0.645 0.20375000000000001 0.6537499999999999 0.20375000000000001 0.6537499999999999 0.1875
2 0.31375000000000003 0.021249999999999998 0.29874999999999996 0.021249999999999998 0.29874999999999996 0.03625 0.31375000000000003 0.03625 0.31375000000000003 0.021249999999999998
2 0.41624999999999995 0.09875 0.40374999999999994 0.09875 0.40374999999999994 0.10500000000000001 0.41624999999999995 0.10500000000000001 0.41624999999999995 0.09875
2 0.3275 0.135 0.31875 0.135 0.31875 0.14750000000000002 0.3275 0.14750000000000002 0.3275 0.135
2 0.3325 0.12 0.3225 0.12 0.3225 0.135 0.3325 0.135 0.3325 0.12
2 0.60375 0.013750000000000002 0.5875 0.013750000000000002 0.5875 0.02375 0.60375 0.02375 0.60375 0.013750000000000002
2 0.65 0.00375 0.63375 0.00375 0.63375 0.013750000000000002 0.65 0.013750000000000002 0.65 0.00375
2 0.25125000000000003 0.02375 0.24125000000000002 0.02375 0.24125000000000002 0.0375 0.25125000000000003 0.0375 0.25125000000000003 0.02375
2 0.23374999999999999 0.01875 0.21875 0.01875 0.21875 0.03125 0.23374999999999999 0.03125 0.23374999999999999 0.01875
2 0.28625 0.005 0.2725 0.005 0.2725 0.02 0.28625 0.02 0.28625 0.005
2 0.29 0.00125 0.27625 0.00125 0.27625 0.008749999999999999 0.29 0.008749999999999999 0.29 0.00125
2 0.32125 0.15 0.3075 0.15 0.3075 0.16375 0.32125 0.16375 0.32125 0.15
2 0.46125 0.04 0.44749999999999995 0.04 0.44749999999999995 0.04875 0.46125 0.04875 0.46125 0.04
2 0.60875 0.195 0.59875 0.195 0.59875 0.21000000000000002 0.60875 0.21000000000000002 0.60875 0.195
2 0.3225 0.06625 0.305 0.06625 0.305 0.0775 0.3225 0.0775 0.3225 0.06625
2 0.8087500000000001 0.11750000000000001 0.79625 0.11750000000000001 0.79625 0.125 0.8087500000000001 0.125 0.8087500000000001 0.11750000000000001
2 0.8275 0.1075 0.8125 0.1075 0.8125 0.11499999999999999 0.8275 0.11499999999999999 0.8275 0.1075
2 0.6425 0.1075 0.6287499999999999 0.1075 0.6287499999999999 0.11374999999999999 0.6425 0.11374999999999999 0.6425 0.1075
2 0.605 0.11499999999999999 0.58875 0.11499999999999999 0.58875 0.13 0.605 0.13 0.605 0.11499999999999999
2 0.5875 0.12875 0.57625 0.12875 0.57625 0.13999999999999999 0.5875 0.13999999999999999 0.5875 0.12875
2 0.57375 0.13374999999999998 0.56125 0.13374999999999998 0.56125 0.14375 0.57375 0.14375 0.57375 0.13374999999999998
2 0.54875 0.13999999999999999 0.5325 0.13999999999999999 0.5325 0.14875 0.54875 0.14875 0.54875 0.13999999999999999
2 0.53125 0.14250000000000002 0.51875 0.14250000000000002 0.51875 0.15125 0.53125 0.15125 0.53125 0.14250000000000002
2 0.51625 0.14750000000000002 0.505 0.14750000000000002 0.505 0.15625 0.51625 0.15625 0.51625 0.14750000000000002
2 0.5037499999999999 0.15 0.4875 0.15 0.4875 0.16125 0.5037499999999999 0.16125 0.5037499999999999 0.15
2 0.48624999999999996 0.15375 0.47375 0.15375 0.47375 0.16 0.48624999999999996 0.16 0.48624999999999996 0.15375
2 0.47375 0.155 0.45875000000000005 0.155 0.45875000000000005 0.16499999999999998 0.47375 0.16499999999999998 0.47375 0.155
2 0.45625 0.16125 0.44125 0.16125 0.44125 0.1675 0.45625 0.1675 0.45625 0.16125
2 0.355 0.1675 0.33875 0.1675 0.33875 0.1775 0.355 0.1775 0.355 0.1675
2 0.39125 0.1525 0.37625000000000003 0.1525 0.37625000000000003 0.16499999999999998 0.39125 0.16499999999999998 0.39125 0.1525
2 0.30874999999999997 0.1675 0.2975 0.1675 0.2975 0.17875000000000002 0.30874999999999997 0.17875000000000002 0.30874999999999997 0.1675
2 0.27625 0.14250000000000002 0.26125 0.14250000000000002 0.26125 0.1525 0.27625 0.1525 0.27625 0.14250000000000002
2 0.27625 0.1325 0.26125 0.1325 0.26125 0.13999999999999999 0.27625 0.13999999999999999 0.27625 0.1325
2 0.315 0.06 0.3 0.06 0.3 0.06875 0.315 0.06875 0.315 0.06
2 0.3225 0.185 0.30874999999999997 0.185 0.30874999999999997 0.19375 0.3225 0.19375 0.3225 0.185