2 0.93 0.00125 0.9012499999999999 0.00125 0.9012499999999999 0.028749999999999998 0.93 0.028749999999999998 0.93 0.00125
2 0.8625 0.14250000000000002 0.8412499999999999 0.14250000000000002 0.8412499999999999 0.16375 0.8625 0.16375 0.8625 0.14250000000000002
2 0.3125 0.15 0.2925 0.15 0.2925 0.17875000000000002 0.3125 0.17875000000000002 0.3125 0.15
2 0.05375 0.15875 0.028749999999999998 0.15875 0.028749999999999998 0.175 0.05375 0.175 0.05375 0.15875
2 0.05125 0.17875000000000002 0.026250000000000002 0.17875000000000002 0.026250000000000002 0.1925 0.05125 0.1925 0.05125 0.17875000000000002
2 0.05125 0.1925 0.025 0.1925 0.025 0.20750000000000002 0.05125 0.20750000000000002 0.05125 0.1925
2 0.20375000000000001 0.2 0.1925 0.2 0.1925 0.22374999999999998 0.20375000000000001 0.22374999999999998 0.20375000000000001 0.2
2 0.21749999999999997 0.2 0.205 0.2 0.205 0.225 0.21749999999999997 0.225 0.21749999999999997 0.2
2 0.22999999999999998 0.20125 0.21749999999999997 0.20125 0.21749999999999997 0.22749999999999998 0.22999999999999998 0.22749999999999998 0.22999999999999998 0.20125
2 0.24375 0.20249999999999999 0.22999999999999998 0.20249999999999999 0.22999999999999998 0.22999999999999998 0.24375 0.22999999999999998 0.24375 0.20249999999999999
2 0.2575 0.20375000000000001 0.24 0.20375000000000001 0.24 0.22999999999999998 0.2575 0.22999999999999998 0.2575 0.20375000000000001
2 0.27625 0.205 0.265 0.205 0.265 0.22875 0.27625 0.22875 0.27625 0.205
2 0.29125 0.20625 0.27875 0.20625 0.27875 0.22999999999999998 0.29125 0.22999999999999998 0.29125 0.20625
2 0.26375000000000004 0.22999999999999998 0.25 0.22999999999999998 0.25 0.2525 0.26375000000000004 0.2525 0.26375000000000004 0.22999999999999998
2 0.2425 0.22875 0.23125 0.22875 0.23125 0.255 0.2425 0.255 0.2425 0.22875
2 0.22999999999999998 0.22625 0.21875 0.22625 0.21875 0.2525 0.22999999999999998 0.2525 0.22999999999999998 0.22625
2 0.21625 0.22374999999999998 0.20375000000000001 0.22374999999999998 0.20375000000000001 0.25125000000000003 0.21625 0.25125000000000003 0.21625 0.22374999999999998
2 0.20249999999999999 0.22749999999999998 0.19125 0.22749999999999998 0.19125 0.25125000000000003 0.20249999999999999 0.25125000000000003 0.20249999999999999 0.22749999999999998
2 0.05125 0.21749999999999997 0.025 0.21749999999999997 0.025 0.2325 0.05125 0.2325 0.05125 0.21749999999999997
2 0.04875 0.23125 0.02375 0.23125 0.02375 0.24500000000000002 0.04875 0.24500000000000002 0.04875 0.23125
2 0.04625 0.24500000000000002 0.0225 0.24500000000000002 0.0225 0.2575 0.04625 0.2575 0.04625 0.24500000000000002
2 0.29874999999999996 0.15 0.27749999999999997 0.15 0.27749999999999997 0.18 0.29874999999999996 0.18 0.29874999999999996 0.15
2 0.28250000000000003 0.15125 0.26375000000000004 0.15125 0.26375000000000004 0.18 0.28250000000000003 0.18 0.28250000000000003 0.15125
2 0.26875 0.15 0.25125000000000003 0.15 0.25125000000000003 0.1775 0.26875 0.1775 0.26875 0.15
2 0.29500000000000004 0.06999999999999999 0.28375 0.06999999999999999 0.28375 0.09375 0.29500000000000004 0.09375 0.29500000000000004 0.06999999999999999
2 0.03 0.05625 0.00625 0.05625 0.00625 0.075 0.03 0.075 0.03 0.05625
2 0.021249999999999998 0.0075 0.0025 0.0075 0.0025 0.025 0.021249999999999998 0.025 0.021249999999999998 0.0075
2 0.265 0.0375 0.23875000000000002 0.0375 0.23875000000000002 0.05125 0.265 0.05125 0.265 0.0375
2 0.27625 0.01125 0.24625 0.01125 0.24625 0.0375 0.27625 0.0375 0.27625 0.01125
2 0.28125 0.00375 0.25375000000000003 0.00375 0.25375000000000003 0.02375 0.28125 0.02375 0.28125 0.00375
2 0.26125 0.05125 0.23374999999999999 0.05125 0.23374999999999999 0.065 0.26125 0.065 0.26125 0.05125
2 0.27 0.06625 0.2575 0.06625 0.2575 0.09375 0.27 0.09375 0.27 0.06625
2 0.28250000000000003 0.0675 0.27 0.0675 0.27 0.0925 0.28250000000000003 0.0925 0.28250000000000003 0.0675
2 0.3075 0.06875 0.2975 0.06875 0.2975 0.09375 0.3075 0.09375 0.3075 0.06875
2 0.25375000000000003 0.14750000000000002 0.23500000000000001 0.14750000000000002 0.23500000000000001 0.17625 0.25375000000000003 0.17625 0.25375000000000003 0.14750000000000002
2 0.2325 0.11875 0.22000000000000003 0.11875 0.22000000000000003 0.14375 0.2325 0.14375 0.2325 0.11875
2 0.24625 0.11875 0.2325 0.11875 0.2325 0.14375 0.24625 0.14375 0.24625 0.11875
2 0.26 0.12 0.2475 0.12 0.2475 0.14250000000000002 0.26 0.14250000000000002 0.26 0.12
2 0.28250000000000003 0.11875 0.2575 0.11875 0.2575 0.14750000000000002 0.28250000000000003 0.14750000000000002 0.28250000000000003 0.11875
2 0.29500000000000004 0.12 0.275 0.12 0.275 0.14875 0.29500000000000004 0.14875 0.29500000000000004 0.12
2 0.31 0.12250000000000001 0.2875 0.12250000000000001 0.2875 0.15125 0.31 0.15125 0.31 0.12250000000000001
2 0.2225 0.145 0.20375000000000001 0.145 0.20375000000000001 0.17625 0.2225 0.17625 0.2225 0.145
2 0.23875000000000002 0.145 0.21875 0.145 0.21875 0.175 0.23875000000000002 0.175 0.23875000000000002 0.145
2 0.04625 0.25625 0.01875 0.25625 0.01875 0.26875 0.04625 0.26875 0.04625 0.25625
2 0.045 0.27 0.02 0.27 0.02 0.28250000000000003 0.045 0.28250000000000003 0.045 0.27
2 0.04625 0.28125 0.02 0.28125 0.02 0.29500000000000004 0.04625 0.29500000000000004 0.04625 0.28125
2 0.03875 0.7625 0.015 0.7625 0.015 0.7825 0.03875 0.7825 0.03875 0.7625
2 0.03125 0.45125000000000004 0.00375 0.45125000000000004 0.00375 0.46875 0.03125 0.46875 0.03125 0.45125000000000004
2 0.02375 0.465 0.00125 0.465 0.00125 0.47874999999999995 0.02375 0.47874999999999995 0.02375 0.465
2 0.03125 0.4425 0.00625 0.4425 0.00625 0.45625 0.03125 0.45625 0.03125 0.4425
2 0.04625 0.29375 0.01875 0.29375 0.01875 0.3075 0.04625 0.3075 0.04625 0.29375
2 0.03875 0.37 0.01875 0.37 0.01875 0.38125 0.03875 0.38125 0.03875 0.37
2 0.0375 0.30874999999999997 0.01625 0.30874999999999997 0.01625 0.32 0.0375 0.32 0.0375 0.30874999999999997
2 0.042499999999999996 0.32 0.01625 0.32 0.01625 0.335 0.042499999999999996 0.335 0.042499999999999996 0.32
2 0.2625 0.27999999999999997 0.25125000000000003 0.27999999999999997 0.25125000000000003 0.30625 0.2625 0.30625 0.2625 0.27999999999999997
2 0.27875 0.2725 0.26625 0.2725 0.26625 0.30625 0.27875 0.30625 0.27875 0.2725
2 0.30375 0.28625 0.2925 0.28625 0.2925 0.31 0.30375 0.31 0.30375 0.28625
2 0.03875 0.335 0.013750000000000002 0.335 0.013750000000000002 0.34625 0.03875 0.34625 0.03875 0.335
2 0.04625 0.34750000000000003 0.0225 0.34750000000000003 0.0225 0.36124999999999996 0.04625 0.36124999999999996 0.04625 0.34750000000000003
2 0.042499999999999996 0.35750000000000004 0.02 0.35750000000000004 0.02 0.37 0.042499999999999996 0.37 0.042499999999999996 0.35750000000000004
2 0.041249999999999995 0.3825 0.01625 0.3825 0.01625 0.39375 0.041249999999999995 0.39375 0.041249999999999995 0.3825
2 0.32 0.3825 0.30874999999999997 0.3825 0.30874999999999997 0.40750000000000003 0.32 0.40750000000000003 0.32 0.3825
2 0.04 0.39625 0.017499999999999998 0.39625 0.017499999999999998 0.40499999999999997 0.04 0.40499999999999997 0.04 0.39625
2 0.0375 0.40625 0.01 0.40625 0.01 0.41875 0.0375 0.41875 0.0375 0.40625
2 0.0375 0.41875 0.0125 0.41875 0.0125 0.4325 0.0375 0.4325 0.0375 0.41875
2 0.03625 0.42874999999999996 0.01 0.42874999999999996 0.01 0.44375 0.03625 0.44375 0.03625 0.42874999999999996
2 0.23875000000000002 0.37625000000000003 0.22625 0.37625000000000003 0.22625 0.4025 0.23875000000000002 0.4025 0.23875000000000002 0.37625000000000003
2 0.27125 0.38125 0.25875 0.38125 0.25875 0.40625 0.27125 0.40625 0.27125 0.38125
2 0.28250000000000003 0.38 0.2725 0.38 0.2725 0.40499999999999997 0.28250000000000003 0.40499999999999997 0.28250000000000003 0.38
2 0.29625 0.37875000000000003 0.28250000000000003 0.37875000000000003 0.28250000000000003 0.40374999999999994 0.29625 0.40374999999999994 0.29625 0.37875000000000003
2 0.03625 0.04375 0.01125 0.04375 0.01125 0.06375 0.03625 0.06375 0.03625 0.04375
2 0.6224999999999999 0.755 0.605 0.755 0.605 0.85 0.6224999999999999 0.85 0.6224999999999999 0.755
2 0.8525 0.665 0.8375 0.665 0.8375 0.75875 0.8525 0.75875 0.8525 0.665
2 0.8887499999999999 0.6675 0.8724999999999999 0.6675 0.8724999999999999 0.75875 0.8887499999999999 0.75875 0.8887499999999999 0.6675
2 0.90625 0.6675 0.89125 0.6675 0.89125 0.7575000000000001 0.90625 0.7575000000000001 0.90625 0.6675
2 0.9425000000000001 0.67 0.925 0.67 0.925 0.76 0.9425000000000001 0.76 0.9425000000000001 0.67
2 0.5325 0.7575000000000001 0.5175 0.7575000000000001 0.5175 0.85125 0.5325 0.85125 0.5325 0.7575000000000001
2 0.55125 0.76 0.5337500000000001 0.76 0.5337500000000001 0.8525 0.55125 0.8525 0.55125 0.76
2 0.56875 0.7575000000000001 0.55125 0.7575000000000001 0.55125 0.85 0.56875 0.85 0.56875 0.7575000000000001
2 0.60375 0.75875 0.5875 0.75875 0.5875 0.85125 0.60375 0.85125 0.60375 0.75875
2 0.655 0.76125 0.64 0.76125 0.64 0.85375 0.655 0.85375 0.655 0.76125
2 0.5525 0.65625 0.5349999999999999 0.65625 0.5349999999999999 0.75125 0.5525 0.75125 0.5525 0.65625
2 0.67375 0.75625 0.6587500000000001 0.75625 0.6587500000000001 0.85125 0.67375 0.85125 0.67375 0.75625
2 0.6925 0.75875 0.675 0.75875 0.675 0.8525 0.6925 0.8525 0.6925 0.75875
2 0.7275 0.76125 0.7112499999999999 0.76125 0.7112499999999999 0.8550000000000001 0.7275 0.8550000000000001 0.7275 0.76125
2 0.74375 0.765 0.7275 0.765 0.7275 0.85625 0.74375 0.85625 0.74375 0.765
2 0.765 0.76375 0.7462500000000001 0.76375 0.7462500000000001 0.8550000000000001 0.765 0.8550000000000001 0.765 0.76375
2 0.78 0.76375 0.76375 0.76375 0.76375 0.8550000000000001 0.78 0.8550000000000001 0.78 0.76375
2 0.8150000000000001 0.7625 0.79875 0.7625 0.79875 0.8574999999999999 0.8150000000000001 0.8574999999999999 0.8150000000000001 0.7625
2 0.85 0.76625 0.83375 0.76625 0.83375 0.85875 0.85 0.85875 0.85 0.76625
2 0.835 0.6625 0.81875 0.6625 0.81875 0.76 0.835 0.76 0.835 0.6625
2 0.5349999999999999 0.6587500000000001 0.5175 0.6587500000000001 0.5175 0.75125 0.5349999999999999 0.75125 0.5349999999999999 0.6587500000000001
2 0.8875 0.76375 0.8712500000000001 0.76375 0.8712500000000001 0.8574999999999999 0.8875 0.8574999999999999 0.8875 0.76375
2 0.35750000000000004 0.7537499999999999 0.33875 0.7537499999999999 0.33875 0.84375 0.35750000000000004 0.84375 0.35750000000000004 0.7537499999999999
2 0.35625 0.43624999999999997 0.33999999999999997 0.43624999999999997 0.33999999999999997 0.53125 0.35625 0.53125 0.35625 0.43624999999999997
2 0.445 0.43499999999999994 0.42625 0.43499999999999994 0.42625 0.53125 0.445 0.53125 0.445 0.43499999999999994
2 0.46125 0.43624999999999997 0.44749999999999995 0.43624999999999997 0.44749999999999995 0.53125 0.46125 0.53125 0.46125 0.43624999999999997
2 0.30625 0.6537499999999999 0.28875 0.6537499999999999 0.28875 0.74875 0.30625 0.74875 0.30625 0.6537499999999999
2 0.395 0.6487499999999999 0.3775 0.6487499999999999 0.3775 0.74125 0.395 0.74125 0.395 0.6487499999999999
2 0.43 0.655 0.41500000000000004 0.655 0.41500000000000004 0.74875 0.43 0.74875 0.43 0.655
2 0.44875 0.6575 0.43125 0.6575 0.43125 0.7537499999999999 0.44875 0.7537499999999999 0.44875 0.6575
2 0.33999999999999997 0.75625 0.32375 0.75625 0.32375 0.8462500000000001 0.33999999999999997 0.8462500000000001 0.33999999999999997 0.75625
2 0.37374999999999997 0.755 0.35875 0.755 0.35875 0.84375 0.37374999999999997 0.84375 0.37374999999999997 0.755
2 0.51875 0.6575 0.5 0.6575 0.5 0.7525000000000001 0.51875 0.7525000000000001 0.51875 0.6575
2 0.2475 0.78125 0.2325 0.78125 0.2325 0.8462500000000001 0.2475 0.8462500000000001 0.2475 0.78125
2 0.4125 0.755 0.39375 0.755 0.39375 0.8487500000000001 0.4125 0.8487500000000001 0.4125 0.755
2 0.42750000000000005 0.7537499999999999 0.4125 0.7537499999999999 0.4125 0.8462500000000001 0.42750000000000005 0.8462500000000001 0.42750000000000005 0.7537499999999999
2 0.46375 0.755 0.44625000000000004 0.755 0.44625000000000004 0.8474999999999999 0.46375 0.8474999999999999 0.46375 0.755
2 0.54875 0.4375 0.53 0.4375 0.53 0.5325 0.54875 0.5325 0.54875 0.4375
2 0.585 0.42874999999999996 0.5675 0.42874999999999996 0.5675 0.525 0.585 0.525 0.585 0.42874999999999996
2 0.7224999999999999 0.4375 0.705 0.4375 0.705 0.5325 0.7224999999999999 0.5325 0.7224999999999999 0.4375
2 0.9487500000000001 0.44625000000000004 0.9324999999999999 0.44625000000000004 0.9324999999999999 0.5425 0.9487500000000001 0.5425 0.9487500000000001 0.44625000000000004
2 0.8675 0.76625 0.85125 0.76625 0.85125 0.85875 0.8675 0.85875 0.8675 0.76625
2 0.905 0.765 0.8887499999999999 0.765 0.8887499999999999 0.8574999999999999 0.905 0.8574999999999999 0.905 0.765
2 0.97625 0.77125 0.95625 0.77125 0.95625 0.8637499999999999 0.97625 0.8637499999999999 0.97625 0.77125
2 1 0.7737499999999999 0.99125 0.7737499999999999 0.99125 0.865 1 0.865 1 0.7737499999999999
2 0.99 0.9800000000000001 0.9275 0.9800000000000001 0.9275 0.99875 0.99 0.99875 0.99 0.9800000000000001
2 0.9925 0.6725 0.9775 0.6725 0.9775 0.7625 0.9925 0.7625 0.9925 0.6725
2 0.97625 0.6725 0.96 0.6725 0.96 0.76 0.97625 0.76 0.97625 0.6725
2 0.95875 0.67125 0.9425000000000001 0.67125 0.9425000000000001 0.76 0.95875 0.76 0.95875 0.67125
2 1 0.44749999999999995 0.9824999999999999 0.44749999999999995 0.9824999999999999 0.5425 1 0.5425 1 0.44749999999999995
2 0.54375 0.10124999999999999 0.52 0.10124999999999999 0.52 0.11374999999999999 0.54375 0.11374999999999999 0.54375 0.10124999999999999
2 0.54625 0.11374999999999999 0.5175 0.11374999999999999 0.5175 0.12625 0.54625 0.12625 0.54625 0.11374999999999999
2 0.56875 0.11499999999999999 0.545 0.11499999999999999 0.545 0.125 0.56875 0.125 0.56875 0.11499999999999999
2 0.59375 0.11499999999999999 0.5700000000000001 0.11499999999999999 0.5700000000000001 0.12875 0.59375 0.12875 0.59375 0.11499999999999999
2 0.5962500000000001 0.12875 0.5725 0.12875 0.5725 0.14125000000000001 0.5962500000000001 0.14125000000000001 0.5962500000000001 0.12875
2 0.545 0.1275 0.5175 0.1275 0.5175 0.13874999999999998 0.545 0.13874999999999998 0.545 0.1275
2 0.59875 0.1025 0.57375 0.1025 0.57375 0.11499999999999999 0.59875 0.11499999999999999 0.59875 0.1025
2 0.5725 0.1 0.54625 0.1 0.54625 0.11374999999999999 0.5725 0.11374999999999999 0.5725 0.1
2 0.5675 0.08875 0.545 0.08875 0.545 0.1 0.5675 0.1 0.5675 0.08875
2 0.595 0.08875 0.5700000000000001 0.08875 0.5700000000000001 0.1 0.595 0.1 0.595 0.08875
2 0.5425 0.0875 0.52 0.0875 0.52 0.1 0.5425 0.1 0.5425 0.0875
2 0.56875 0.075 0.54375 0.075 0.54375 0.0875 0.56875 0.0875 0.56875 0.075
2 0.54125 0.07375000000000001 0.51875 0.07375000000000001 0.51875 0.08625000000000001 0.54125 0.08625000000000001 0.54125 0.07375000000000001
2 0.5662499999999999 0.0625 0.54375 0.0625 0.54375 0.07375000000000001 0.5662499999999999 0.07375000000000001 0.5662499999999999 0.0625
2 0.5425 0.0625 0.52 0.0625 0.52 0.07375000000000001 0.5425 0.07375000000000001 0.5425 0.0625
2 0.65 0.1025 0.62375 0.1025 0.62375 0.12875 0.65 0.12875 0.65 0.1025
2 0.67375 0.0975 0.6475 0.0975 0.6475 0.12375 0.67375 0.12375 0.67375 0.0975
2 0.66625 0.08875 0.64125 0.08875 0.64125 0.11625 0.66625 0.11625 0.66625 0.08875
2 0.6950000000000001 0.1075 0.66875 0.1075 0.66875 0.135 0.6950000000000001 0.135 0.6950000000000001 0.1075
2 0.7262500000000001 0.15625 0.69875 0.15625 0.69875 0.18125 0.7262500000000001 0.18125 0.7262500000000001 0.15625
2 0.68625 0.38375 0.6587500000000001 0.38375 0.6587500000000001 0.40750000000000003 0.68625 0.40750000000000003 0.68625 0.38375
2 0.355 0.10124999999999999 0.34125 0.10124999999999999 0.34125 0.125 0.355 0.125 0.355 0.10124999999999999
2 0.35125 0.14375 0.34125 0.14375 0.34125 0.16875 0.35125 0.16875 0.35125 0.14375
2 0.4175 0.32125 0.395 0.32125 0.395 0.33125 0.4175 0.33125 0.4175 0.32125
2 0.54 0.05 0.52125 0.05 0.52125 0.06 0.54 0.06 0.54 0.05
2 0.5675 0.39125 0.55625 0.39125 0.55625 0.41375 0.5675 0.41375 0.5675 0.39125
2 0.6675 0.3825 0.64 0.3825 0.64 0.41 0.6675 0.41 0.6675 0.3825
2 0.55375 0.38875000000000004 0.54375 0.38875000000000004 0.54375 0.41125 0.55375 0.41125 0.55375 0.38875000000000004
2 0.7537499999999999 0.1675 0.7275 0.1675 0.7275 0.195 0.7537499999999999 0.195 0.7537499999999999 0.1675
2 0.3675 0.38375 0.35625 0.38375 0.35625 0.40875000000000006 0.3675 0.40875000000000006 0.3675 0.38375
2 0.76125 0.1875 0.73625 0.1875 0.73625 0.21000000000000002 0.76125 0.21000000000000002 0.76125 0.1875
2 0.7787499999999999 0.205 0.7525000000000001 0.205 0.7525000000000001 0.22999999999999998 0.7787499999999999 0.22999999999999998 0.7787499999999999 0.205
2 0.79 0.21375000000000002 0.7625 0.21375000000000002 0.7625 0.23875000000000002 0.79 0.23875000000000002 0.79 0.21375000000000002
2 0.79875 0.2225 0.77125 0.2225 0.77125 0.25 0.79875 0.25 0.79875 0.2225
2 0.79125 0.2525 0.76625 0.2525 0.76625 0.265 0.79125 0.265 0.79125 0.2525
2 0.74125 0.26 0.72875 0.26 0.72875 0.2875 0.74125 0.2875 0.74125 0.26
2 0.72875 0.26 0.7162499999999999 0.26 0.7162499999999999 0.2875 0.72875 0.2875 0.72875 0.26
2 0.355 0.38625 0.34125 0.38625 0.34125 0.40875000000000006 0.355 0.40875000000000006 0.355 0.38625
2 0.38 0.385 0.3675 0.385 0.3675 0.41 0.38 0.41 0.38 0.385
2 0.54 0.3875 0.5287499999999999 0.3875 0.5287499999999999 0.41 0.54 0.41 0.54 0.3875
2 0.39249999999999996 0.38375 0.3825 0.38375 0.3825 0.40875000000000006 0.39249999999999996 0.40875000000000006 0.39249999999999996 0.38375
2 0.40875000000000006 0.385 0.39875 0.385 0.39875 0.40875000000000006 0.40875000000000006 0.40875000000000006 0.40875000000000006 0.385
2 0.4225 0.3825 0.41125 0.3825 0.41125 0.40875000000000006 0.4225 0.40875000000000006 0.4225 0.3825
2 0.4375 0.3825 0.425 0.3825 0.425 0.40750000000000003 0.4375 0.40750000000000003 0.4375 0.3825
2 0.4525 0.38625 0.44125 0.38625 0.44125 0.40750000000000003 0.4525 0.40750000000000003 0.4525 0.38625
2 0.46375 0.3875 0.45625 0.3875 0.45625 0.41 0.46375 0.41 0.46375 0.3875
2 0.48125 0.385 0.46749999999999997 0.385 0.46749999999999997 0.4125 0.48125 0.4125 0.48125 0.385
2 0.5025000000000001 0.3875 0.4925 0.3875 0.4925 0.41125 0.5025000000000001 0.41125 0.5025000000000001 0.3875
2 0.33875 0.4325 0.3225 0.4325 0.3225 0.5275000000000001 0.33875 0.5275000000000001 0.33875 0.4325
2 0.028749999999999998 0.00125 0.008749999999999999 0.00125 0.008749999999999999 0.015 0.028749999999999998 0.015 0.028749999999999998 0.00125
2 0.01625 0.01875 0.00125 0.01875 0.00125 0.034999999999999996 0.01625 0.034999999999999996 0.01625 0.01875
2 0.01875 0.0725 0.00125 0.0725 0.00125 0.0925 0.01875 0.0925 0.01875 0.0725
2 0.0125 0.08875 0.00125 0.08875 0.00125 0.10375000000000001 0.0125 0.10375000000000001 0.0125 0.08875
2 0.5125 0.38625 0.5037499999999999 0.38625 0.5037499999999999 0.40750000000000003 0.5125 0.40750000000000003 0.5125 0.38625
2 0.57875 0.39 0.5675 0.39 0.5675 0.41 0.57875 0.41 0.57875 0.39