2 0.26125 0.52125 0.23500000000000001 0.52125 0.23500000000000001 0.54375 0.26125 0.54375 0.26125 0.52125
2 0.03625 0.0125 0.015 0.0125 0.015 0.027500000000000004 0.03625 0.027500000000000004 0.03625 0.0125
2 0.145 0.42625 0.13125 0.42625 0.13125 0.45 0.145 0.45 0.145 0.42625
2 0.12625 0.49375 0.10124999999999999 0.49375 0.10124999999999999 0.50625 0.12625 0.50625 0.12625 0.49375
2 0.10124999999999999 0.515 0.08125 0.515 0.08125 0.5375 0.10124999999999999 0.5375 0.10124999999999999 0.515
2 0.11625 0.51 0.09375 0.51 0.09375 0.53625 0.11625 0.53625 0.11625 0.51
2 0.13 0.5075000000000001 0.1125 0.5075000000000001 0.1125 0.5337500000000001 0.13 0.5337500000000001 0.13 0.5075000000000001
2 0.16499999999999998 0.5225 0.14250000000000002 0.5225 0.14250000000000002 0.5349999999999999 0.16499999999999998 0.5349999999999999 0.16499999999999998 0.5225
2 0.1925 0.525 0.16875 0.525 0.16875 0.53625 0.1925 0.53625 0.1925 0.525
2 0.27375 0.515 0.26 0.515 0.26 0.54 0.27375 0.54 0.27375 0.515
2 0.25625 0.5349999999999999 0.23125 0.5349999999999999 0.23125 0.5599999999999999 0.25625 0.5599999999999999 0.25625 0.5349999999999999
2 0.2575 0.55125 0.2325 0.55125 0.2325 0.57625 0.2575 0.57625 0.2575 0.55125
2 0.1525 0.5599999999999999 0.1275 0.5599999999999999 0.1275 0.57375 0.1525 0.57375 0.1525 0.5599999999999999
2 0.1275 0.56125 0.1025 0.56125 0.1025 0.575 0.1275 0.575 0.1275 0.56125
2 0.08375 0.545 0.058750000000000004 0.545 0.058750000000000004 0.55625 0.08375 0.55625 0.08375 0.545
2 0.08249999999999999 0.5675 0.058750000000000004 0.5675 0.058750000000000004 0.58 0.08249999999999999 0.58 0.08249999999999999 0.5675
2 0.12375 0.57375 0.10124999999999999 0.57375 0.10124999999999999 0.585 0.12375 0.585 0.12375 0.57375
2 0.07875 0.58125 0.058750000000000004 0.58125 0.058750000000000004 0.59375 0.07875 0.59375 0.07875 0.58125
2 0.6224999999999999 0.005 0.605 0.005 0.605 0.1 0.6224999999999999 0.1 0.6224999999999999 0.005
2 0.8525 0.00125 0.8375 0.00125 0.8375 0.008749999999999999 0.8525 0.008749999999999999 0.8525 0.00125
2 0.8887499999999999 0.00125 0.8724999999999999 0.00125 0.8724999999999999 0.008749999999999999 0.8887499999999999 0.008749999999999999 0.8887499999999999 0.00125
2 0.90625 0.00125 0.89125 0.00125 0.89125 0.0075 0.90625 0.0075 0.90625 0.00125
2 0.9400000000000001 0.00125 0.925 0.00125 0.925 0.01 0.9400000000000001 0.01 0.9400000000000001 0.00125
2 0.5325 0.0075 0.5175 0.0075 0.5175 0.10124999999999999 0.5325 0.10124999999999999 0.5325 0.0075
2 0.55125 0.01 0.5337500000000001 0.01 0.5337500000000001 0.1025 0.55125 0.1025 0.55125 0.01
2 0.56875 0.0075 0.55125 0.0075 0.55125 0.1 0.56875 0.1 0.56875 0.0075
2 0.60375 0.008749999999999999 0.5875 0.008749999999999999 0.5875 0.10124999999999999 0.60375 0.10124999999999999 0.60375 0.008749999999999999
2 0.655 0.01125 0.64 0.01125 0.64 0.10375000000000001 0.655 0.10375000000000001 0.655 0.01125
2 0.67375 0.00625 0.6587500000000001 0.00625 0.6587500000000001 0.10124999999999999 0.67375 0.10124999999999999 0.67375 0.00625
2 0.6925 0.008749999999999999 0.675 0.008749999999999999 0.675 0.1025 0.6925 0.1025 0.6925 0.008749999999999999
2 0.7275 0.01125 0.7112499999999999 0.01125 0.7112499999999999 0.10500000000000001 0.7275 0.10500000000000001 0.7275 0.01125
2 0.74375 0.015 0.7275 0.015 0.7275 0.10625 0.74375 0.10625 0.74375 0.015
2 0.765 0.013750000000000002 0.7462500000000001 0.013750000000000002 0.7462500000000001 0.10500000000000001 0.765 0.10500000000000001 0.765 0.013750000000000002
2 0.78 0.013750000000000002 0.76375 0.013750000000000002 0.76375 0.10500000000000001 0.78 0.10500000000000001 0.78 0.013750000000000002
2 0.8150000000000001 0.0125 0.79875 0.0125 0.79875 0.1075 0.8150000000000001 0.1075 0.8150000000000001 0.0125
2 0.85 0.01625 0.83375 0.01625 0.83375 0.10874999999999999 0.85 0.10874999999999999 0.85 0.01625
2 0.835 0.00125 0.81875 0.00125 0.81875 0.01 0.835 0.01 0.835 0.00125
2 0.8875 0.013750000000000002 0.8712500000000001 0.013750000000000002 0.8712500000000001 0.1075 0.8875 0.1075 0.8875 0.013750000000000002
2 0.35750000000000004 0.00375 0.33875 0.00375 0.33875 0.09375 0.35750000000000004 0.09375 0.35750000000000004 0.00375
2 0.44625000000000004 0.00125 0.43125 0.00125 0.43125 0.00375 0.44625000000000004 0.00375 0.44625000000000004 0.00125
2 0.33999999999999997 0.00625 0.32375 0.00625 0.32375 0.09625 0.33999999999999997 0.09625 0.33999999999999997 0.00625
2 0.37374999999999997 0.005 0.35875 0.005 0.35875 0.09375 0.37374999999999997 0.09375 0.37374999999999997 0.005
2 0.51625 0.00125 0.5 0.00125 0.5 0.0025 0.51625 0.0025 0.51625 0.00125
2 0.2475 0.03125 0.2325 0.03125 0.2325 0.09625 0.2475 0.09625 0.2475 0.03125
2 0.4125 0.005 0.39375 0.005 0.39375 0.09875 0.4125 0.09875 0.4125 0.005
2 0.42750000000000005 0.00375 0.4125 0.00375 0.4125 0.09625 0.42750000000000005 0.09625 0.42750000000000005 0.00375
2 0.46375 0.005 0.44625000000000004 0.005 0.44625000000000004 0.0975 0.46375 0.0975 0.46375 0.005
2 0.8675 0.01625 0.85125 0.01625 0.85125 0.10874999999999999 0.8675 0.10874999999999999 0.8675 0.01625
2 0.905 0.015 0.8887499999999999 0.015 0.8887499999999999 0.1075 0.905 0.1075 0.905 0.015
2 0.97625 0.021249999999999998 0.95625 0.021249999999999998 0.95625 0.11374999999999999 0.97625 0.11374999999999999 0.97625 0.021249999999999998
2 1 0.02375 0.99125 0.02375 0.99125 0.11499999999999999 1 0.11499999999999999 1 0.02375
2 0.99 0.22999999999999998 0.9275 0.22999999999999998 0.9275 0.24874999999999997 0.99 0.24874999999999997 0.99 0.22999999999999998
2 0.99125 0.00125 0.9775 0.00125 0.9775 0.0125 0.99125 0.0125 0.99125 0.00125
2 0.975 0.00125 0.96 0.00125 0.96 0.01 0.975 0.01 0.975 0.00125
2 0.56375 0.55375 0.54875 0.55375 0.54875 0.61375 0.56375 0.61375 0.56375 0.55375
2 0.5974999999999999 0.55375 0.5825 0.55375 0.5825 0.615 0.5974999999999999 0.615 0.5974999999999999 0.55375
2 0.6174999999999999 0.5549999999999999 0.6012500000000001 0.5549999999999999 0.6012500000000001 0.615 0.6174999999999999 0.615 0.6174999999999999 0.5549999999999999
2 0.63375 0.5549999999999999 0.6174999999999999 0.5549999999999999 0.6174999999999999 0.61625 0.63375 0.61625 0.63375 0.5549999999999999
2 0.68625 0.5549999999999999 0.67 0.5549999999999999 0.67 0.6174999999999999 0.68625 0.6174999999999999 0.68625 0.5549999999999999
2 0.7025 0.5575 0.68875 0.5575 0.68875 0.6174999999999999 0.7025 0.6174999999999999 0.7025 0.5575
2 0.7737499999999999 0.5575 0.75625 0.5575 0.75625 0.61875 0.7737499999999999 0.61875 0.7737499999999999 0.5575
2 0.95625 0.00125 0.9425000000000001 0.00125 0.9425000000000001 0.01 0.95625 0.01 0.95625 0.00125
2 0.12375 0.585 0.1025 0.585 0.1025 0.5962500000000001 0.12375 0.5962500000000001 0.12375 0.585
2 0.18625 0.57625 0.17124999999999999 0.57625 0.17124999999999999 0.59875 0.18625 0.59875 0.18625 0.57625
2 0.125 0.59875 0.10375000000000001 0.59875 0.10375000000000001 0.61 0.125 0.61 0.125 0.59875
2 0.29625 0.5575 0.27125 0.5575 0.27125 0.5775 0.29625 0.5775 0.29625 0.5575
2 0.09 0.42625 0.07875 0.42625 0.07875 0.44625000000000004 0.09 0.44625000000000004 0.09 0.42625
2 0.3675 0.725 0.35625 0.725 0.35625 0.74875 0.3675 0.74875 0.3675 0.725
2 0.12 0.70125 0.1 0.70125 0.1 0.7112499999999999 0.12 0.7112499999999999 0.12 0.70125
2 0.14875 0.7025 0.12625 0.7025 0.12625 0.7125 0.14875 0.7125 0.14875 0.7025
2 0.12250000000000001 0.71375 0.1025 0.71375 0.1025 0.72375 0.12250000000000001 0.72375 0.12250000000000001 0.71375
2 0.0725 0.7212500000000001 0.05 0.7212500000000001 0.05 0.7325 0.0725 0.7325 0.0725 0.7212500000000001
2 0.08 0.875 0.05500000000000001 0.875 0.05500000000000001 0.8887499999999999 0.08 0.8887499999999999 0.08 0.875
2 0.15125 0.6075 0.125 0.6075 0.125 0.6174999999999999 0.15125 0.6174999999999999 0.15125 0.6075
2 0.22749999999999998 0.7 0.20750000000000002 0.7 0.20750000000000002 0.7112499999999999 0.22749999999999998 0.7112499999999999 0.22749999999999998 0.7
2 0.2925 0.6599999999999999 0.26875 0.6599999999999999 0.26875 0.68125 0.2925 0.68125 0.2925 0.6599999999999999
2 0.2525 0.675 0.22875 0.675 0.22875 0.68875 0.2525 0.68875 0.2525 0.675
2 0.29500000000000004 0.67375 0.27 0.67375 0.27 0.69375 0.29500000000000004 0.69375 0.29500000000000004 0.67375
2 0.25125000000000003 0.6912499999999999 0.22749999999999998 0.6912499999999999 0.22749999999999998 0.70375 0.25125000000000003 0.70375 0.25125000000000003 0.6912499999999999
2 0.22875 0.67375 0.20750000000000002 0.67375 0.20750000000000002 0.6849999999999999 0.22875 0.6849999999999999 0.22875 0.67375
2 0.22875 0.6637500000000001 0.20625 0.6637500000000001 0.20625 0.675 0.22875 0.675 0.22875 0.6637500000000001
2 0.18625 0.67875 0.17250000000000001 0.67875 0.17250000000000001 0.70625 0.18625 0.70625 0.18625 0.67875
2 0.22875 0.68625 0.20875 0.68625 0.20875 0.7 0.22875 0.7 0.22875 0.68625
2 0.15125 0.6625 0.12875 0.6625 0.12875 0.675 0.15125 0.675 0.15125 0.6625
2 0.22749999999999998 0.65 0.20625 0.65 0.20625 0.6625 0.22749999999999998 0.6625 0.22749999999999998 0.65
2 0.15125 0.675 0.1325 0.675 0.1325 0.68625 0.15125 0.68625 0.15125 0.675
2 0.15125 0.68625 0.13 0.68625 0.13 0.6975 0.15125 0.6975 0.15125 0.68625
2 0.12125 0.67625 0.1025 0.67625 0.1025 0.68625 0.12125 0.68625 0.12125 0.67625
2 0.15 0.7162499999999999 0.12375 0.7162499999999999 0.12375 0.7275 0.15 0.7275 0.15 0.7162499999999999
2 0.18375 0.705 0.17124999999999999 0.705 0.17124999999999999 0.73375 0.18375 0.73375 0.18375 0.705
2 0.14625 0.73 0.12875 0.73 0.12875 0.74125 0.14625 0.74125 0.14625 0.73
2 0.14625 0.7424999999999999 0.125 0.7424999999999999 0.125 0.755 0.14625 0.755 0.14625 0.7424999999999999
2 0.14750000000000002 0.75625 0.12625 0.75625 0.12625 0.77 0.14750000000000002 0.77 0.14750000000000002 0.75625
2 0.255 0.6575 0.22875 0.6575 0.22875 0.67375 0.255 0.67375 0.255 0.6575
2 0.15125 0.6487499999999999 0.125 0.6487499999999999 0.125 0.6637500000000001 0.15125 0.6637500000000001 0.15125 0.6487499999999999
2 0.22875 0.7224999999999999 0.20375000000000001 0.7224999999999999 0.20375000000000001 0.7375 0.22875 0.7375 0.22875 0.7224999999999999
2 0.22875 0.6275000000000001 0.20875 0.6275000000000001 0.20875 0.6375 0.22875 0.6375 0.22875 0.6275000000000001
2 0.185 0.59875 0.17250000000000001 0.59875 0.17250000000000001 0.62375 0.185 0.62375 0.185 0.59875
2 0.22999999999999998 0.6025 0.20750000000000002 0.6025 0.20750000000000002 0.615 0.22999999999999998 0.615 0.22999999999999998 0.6025
2 0.25625 0.585 0.22875 0.585 0.22875 0.60625 0.25625 0.60625 0.25625 0.585
2 0.2575 0.57125 0.22999999999999998 0.57125 0.22999999999999998 0.5925 0.2575 0.5925 0.2575 0.57125
2 0.29625 0.57375 0.2725 0.57375 0.2725 0.5912499999999999 0.29625 0.5912499999999999 0.29625 0.57375
2 0.29625 0.5862499999999999 0.27375 0.5862499999999999 0.27375 0.605 0.29625 0.605 0.29625 0.5862499999999999
2 0.29500000000000004 0.6012500000000001 0.2725 0.6012500000000001 0.2725 0.6174999999999999 0.29500000000000004 0.6174999999999999 0.29500000000000004 0.6012500000000001
2 0.18375 0.6287499999999999 0.17375000000000002 0.6287499999999999 0.17375000000000002 0.65 0.18375 0.65 0.18375 0.6287499999999999
2 0.22999999999999998 0.61375 0.20625 0.61375 0.20625 0.625 0.22999999999999998 0.625 0.22999999999999998 0.61375
2 0.07625 0.645 0.05125 0.645 0.05125 0.6599999999999999 0.07625 0.6599999999999999 0.07625 0.645
2 0.22999999999999998 0.6375 0.20750000000000002 0.6375 0.20750000000000002 0.6487499999999999 0.22999999999999998 0.6487499999999999 0.22999999999999998 0.6375
2 0.255 0.64125 0.22999999999999998 0.64125 0.22999999999999998 0.6575 0.255 0.6575 0.255 0.64125
2 0.12625 0.61 0.1025 0.61 0.1025 0.6212500000000001 0.12625 0.6212500000000001 0.12625 0.61
2 0.12875 0.62 0.10375000000000001 0.62 0.10375000000000001 0.63375 0.12875 0.63375 0.12875 0.62
2 0.15125 0.62625 0.1275 0.62625 0.1275 0.63875 0.15125 0.63875 0.15125 0.62625
2 0.07875 0.60875 0.052500000000000005 0.60875 0.052500000000000005 0.6212500000000001 0.07875 0.6212500000000001 0.07875 0.60875
2 0.08125 0.6212500000000001 0.05625 0.6212500000000001 0.05625 0.63375 0.08125 0.63375 0.08125 0.6212500000000001
2 0.125 0.63125 0.10124999999999999 0.63125 0.10124999999999999 0.64625 0.125 0.64625 0.125 0.63125
2 0.1825 0.735 0.17124999999999999 0.735 0.17124999999999999 0.75875 0.1825 0.75875 0.1825 0.735
2 0.22875 0.7112499999999999 0.20625 0.7112499999999999 0.20625 0.7224999999999999 0.22875 0.7224999999999999 0.22875 0.7112499999999999
2 0.24 0.8625 0.22125 0.8625 0.22125 0.875 0.24 0.875 0.24 0.8625
2 0.22625 0.7975 0.205 0.7975 0.205 0.8074999999999999 0.22625 0.8074999999999999 0.22625 0.7975
2 0.2925 0.7887500000000001 0.26875 0.7887500000000001 0.26875 0.8087500000000001 0.2925 0.8087500000000001 0.2925 0.7887500000000001
2 0.29125 0.8025 0.26749999999999996 0.8025 0.26749999999999996 0.8225 0.29125 0.8225 0.29125 0.8025
2 0.22749999999999998 0.7725 0.20375000000000001 0.7725 0.20375000000000001 0.78625 0.22749999999999998 0.78625 0.22749999999999998 0.7725
2 0.25125000000000003 0.775 0.22999999999999998 0.775 0.22999999999999998 0.7875 0.25125000000000003 0.7875 0.25125000000000003 0.775
2 0.25 0.78625 0.22875 0.78625 0.22875 0.7975 0.25 0.7975 0.25 0.78625
2 0.25 0.79875 0.22749999999999998 0.79875 0.22749999999999998 0.8087500000000001 0.25 0.8087500000000001 0.25 0.79875
2 0.24874999999999997 0.8087500000000001 0.22999999999999998 0.8087500000000001 0.22999999999999998 0.82125 0.24874999999999997 0.82125 0.24874999999999997 0.8087500000000001
2 0.225 0.8087500000000001 0.20625 0.8087500000000001 0.20625 0.82 0.225 0.82 0.225 0.8087500000000001
2 0.22625 0.7849999999999999 0.20249999999999999 0.7849999999999999 0.20249999999999999 0.79625 0.22625 0.79625 0.22625 0.7849999999999999
2 0.29375 0.76 0.27125 0.76 0.27125 0.78 0.29375 0.78 0.29375 0.76
2 0.12 0.80375 0.0975 0.80375 0.0975 0.8162499999999999 0.12 0.8162499999999999 0.12 0.80375
2 0.15 0.80375 0.12875 0.80375 0.12875 0.81375 0.15 0.81375 0.15 0.80375
2 0.065 0.8150000000000001 0.04375 0.8150000000000001 0.04375 0.8275 0.065 0.8275 0.065 0.8150000000000001
2 0.11875 0.83375 0.09625 0.83375 0.09625 0.84375 0.11875 0.84375 0.11875 0.83375
2 0.095 0.86 0.06875 0.86 0.06875 0.8724999999999999 0.095 0.8724999999999999 0.095 0.86
2 0.12 0.85875 0.09625 0.85875 0.09625 0.8712500000000001 0.12 0.8712500000000001 0.12 0.85875
2 0.15 0.8574999999999999 0.125 0.8574999999999999 0.125 0.8724999999999999 0.15 0.8724999999999999 0.15 0.8574999999999999
2 0.21875 0.8612500000000001 0.1975 0.8612500000000001 0.1975 0.87375 0.21875 0.87375 0.21875 0.8612500000000001
2 0.2925 0.775 0.2725 0.775 0.2725 0.79375 0.2925 0.79375 0.2925 0.775
2 0.29375 0.7462500000000001 0.27 0.7462500000000001 0.27 0.7675 0.29375 0.7675 0.29375 0.7462500000000001
2 0.2525 0.7212500000000001 0.22875 0.7212500000000001 0.22875 0.73375 0.2525 0.73375 0.2525 0.7212500000000001
2 0.06999999999999999 0.7474999999999999 0.04375 0.7474999999999999 0.04375 0.76 0.06999999999999999 0.76 0.06999999999999999 0.7474999999999999
2 0.29375 0.71875 0.26875 0.71875 0.26875 0.73875 0.29375 0.73875 0.29375 0.71875
2 0.25125000000000003 0.73625 0.22999999999999998 0.73625 0.22999999999999998 0.7462500000000001 0.25125000000000003 0.7462500000000001 0.25125000000000003 0.73625
2 0.29125 0.73375 0.27125 0.73375 0.27125 0.7525000000000001 0.29125 0.7525000000000001 0.29125 0.73375
2 0.22875 0.7375 0.20875 0.7375 0.20875 0.74875 0.22875 0.74875 0.22875 0.7375
2 0.07625 0.705 0.052500000000000005 0.705 0.052500000000000005 0.72 0.07625 0.72 0.07625 0.705
2 0.12125 0.7262500000000001 0.1 0.7262500000000001 0.1 0.7375 0.12125 0.7375 0.12125 0.7262500000000001
2 0.12250000000000001 0.73875 0.0975 0.73875 0.0975 0.75 0.12250000000000001 0.75 0.12250000000000001 0.73875
2 0.12375 0.75 0.0975 0.75 0.0975 0.765 0.12375 0.765 0.12375 0.75
2 0.06875 0.76125 0.04375 0.76125 0.04375 0.775 0.06875 0.775 0.06875 0.76125
2 0.25125000000000003 0.74875 0.22875 0.74875 0.22875 0.76125 0.25125000000000003 0.76125 0.25125000000000003 0.74875
2 0.06875 0.77625 0.04625 0.77625 0.04625 0.7875 0.06875 0.7875 0.06875 0.77625
2 0.12125 0.77625 0.09625 0.77625 0.09625 0.79 0.12125 0.79 0.12125 0.77625
2 0.14875 0.7675 0.125 0.7675 0.125 0.7787499999999999 0.14875 0.7787499999999999 0.14875 0.7675
2 0.14875 0.7787499999999999 0.12375 0.7787499999999999 0.12375 0.7925 0.14875 0.7925 0.14875 0.7787499999999999
2 0.14875 0.7925 0.1275 0.7925 0.1275 0.80375 0.14875 0.80375 0.14875 0.7925
2 0.18375 0.79125 0.17124999999999999 0.79125 0.17124999999999999 0.81375 0.18375 0.81375 0.18375 0.79125
2 0.225 0.7625 0.205 0.7625 0.205 0.7725 0.225 0.7725 0.225 0.7625
2 0.25 0.7625 0.22749999999999998 0.7625 0.22749999999999998 0.7737499999999999 0.25 0.7737499999999999 0.25 0.7625
2 0.25375000000000003 0.60375 0.2325 0.60375 0.2325 0.61625 0.25375000000000003 0.61625 0.25375000000000003 0.60375