2 0.6 0.3975 0.575 0.3975 0.575 0.42000000000000004 0.6 0.42000000000000004 0.6 0.3975
2 0.5900000000000001 0.3675 0.5662499999999999 0.3675 0.5662499999999999 0.3875 0.5900000000000001 0.3875 0.5900000000000001 0.3675
2 0.73625 0.28500000000000003 0.7150000000000001 0.28500000000000003 0.7150000000000001 0.29874999999999996 0.73625 0.29874999999999996 0.73625 0.28500000000000003
2 0.69375 0.41624999999999995 0.67125 0.41624999999999995 0.67125 0.43375 0.69375 0.43375 0.69375 0.41624999999999995
2 0.31 0.355 0.29 0.355 0.29 0.38 0.31 0.38 0.31 0.355
2 1 0.14375 0.9974999999999999 0.14375 0.9974999999999999 0.16625 1 0.16625 1 0.14375
2 1 0.18125 0.9887499999999999 0.18125 0.9887499999999999 0.1925 1 0.1925 1 0.18125
2 1 0.19375 0.99 0.19375 0.99 0.205 1 0.205 1 0.19375
2 0.6075 0.41125 0.58125 0.41125 0.58125 0.43 0.6075 0.43 0.6075 0.41125
2 0.63625 0.2625 0.61875 0.2625 0.61875 0.28500000000000003 0.63625 0.28500000000000003 0.63625 0.2625
2 0.625 0.38625 0.6 0.38625 0.6 0.40750000000000003 0.625 0.40750000000000003 0.625 0.38625
2 0.6375 0.41 0.61 0.41 0.61 0.43125 0.6375 0.43125 0.6375 0.41
2 0.6125 0.26749999999999996 0.5925 0.26749999999999996 0.5925 0.29375 0.6125 0.29375 0.6125 0.26749999999999996
2 0.63125 0.39875 0.6075 0.39875 0.6075 0.4175 0.63125 0.4175 0.63125 0.39875
2 1 0.08499999999999999 0.9862500000000001 0.08499999999999999 0.9862500000000001 0.1075 1 0.1075 1 0.08499999999999999
2 0.425 0.25875 0.39875 0.25875 0.39875 0.27749999999999997 0.425 0.27749999999999997 0.425 0.25875
2 0.6025 0.32999999999999996 0.57625 0.32999999999999996 0.57625 0.34875 0.6025 0.34875 0.6025 0.32999999999999996
2 0.61125 0.35125 0.58875 0.35125 0.58875 0.3675 0.61125 0.3675 0.61125 0.35125
2 0.61625 0.36625 0.5900000000000001 0.36625 0.5900000000000001 0.3825 0.61625 0.3825 0.61625 0.36625
2 0.625 0.26375000000000004 0.60875 0.26375000000000004 0.60875 0.28625 0.625 0.28625 0.625 0.26375000000000004
2 0.6475 0.2575 0.6287499999999999 0.2575 0.6287499999999999 0.27999999999999997 0.6475 0.27999999999999997 0.6475 0.2575
2 0.76625 0.5775 0.745 0.5775 0.745 0.61125 0.76625 0.61125 0.76625 0.5775
2 0.9962500000000001 0.775 0.975 0.775 0.975 0.7875 0.9962500000000001 0.7875 0.9962500000000001 0.775
2 0.91625 0.8074999999999999 0.905 0.8074999999999999 0.905 0.8300000000000001 0.91625 0.8300000000000001 0.91625 0.8074999999999999
2 0.8825 0.80625 0.8724999999999999 0.80625 0.8724999999999999 0.8300000000000001 0.8825 0.8300000000000001 0.8825 0.80625
2 0.7474999999999999 0.5700000000000001 0.7212500000000001 0.5700000000000001 0.7212500000000001 0.5900000000000001 0.7474999999999999 0.5900000000000001 0.7474999999999999 0.5700000000000001
2 0.6950000000000001 0.2375 0.6775 0.2375 0.6775 0.26125 0.6950000000000001 0.26125 0.6950000000000001 0.2375
2 0.5662499999999999 0.5275000000000001 0.5575 0.5275000000000001 0.5575 0.54875 0.5662499999999999 0.54875 0.5662499999999999 0.5275000000000001
2 0.765 0.36375 0.74125 0.36375 0.74125 0.37875000000000003 0.765 0.37875000000000003 0.765 0.36375
2 0.77625 0.40499999999999997 0.7525000000000001 0.40499999999999997 0.7525000000000001 0.41875 0.77625 0.41875 0.77625 0.40499999999999997
2 0.73625 0.42625 0.71 0.42625 0.71 0.44375 0.73625 0.44375 0.73625 0.42625
2 0.47000000000000003 0.4875 0.445 0.4875 0.445 0.5037499999999999 0.47000000000000003 0.5037499999999999 0.47000000000000003 0.4875
2 0.46624999999999994 0.5025000000000001 0.44125 0.5025000000000001 0.44125 0.51375 0.46624999999999994 0.51375 0.46624999999999994 0.5025000000000001
2 0.46375 0.51375 0.4375 0.51375 0.4375 0.5287499999999999 0.46375 0.5287499999999999 0.46375 0.51375
2 0.46125 0.5275000000000001 0.43624999999999997 0.5275000000000001 0.43624999999999997 0.5387500000000001 0.46125 0.5387500000000001 0.46125 0.5275000000000001
2 0.45999999999999996 0.54 0.43624999999999997 0.54 0.43624999999999997 0.55375 0.45999999999999996 0.55375 0.45999999999999996 0.54
2 0.5175 0.52125 0.505 0.52125 0.505 0.5475 0.5175 0.5475 0.5175 0.52125
2 0.5337500000000001 0.52125 0.52 0.52125 0.52 0.54875 0.5337500000000001 0.54875 0.5337500000000001 0.52125
2 0.55625 0.52625 0.54375 0.52625 0.54375 0.54875 0.55625 0.54875 0.55625 0.52625
2 0.53625 0.47375 0.52 0.47375 0.52 0.49874999999999997 0.53625 0.49874999999999997 0.53625 0.47375
2 0.5775 0.61 0.56125 0.61 0.56125 0.63875 0.5775 0.63875 0.5775 0.61
2 0.57375 0.47874999999999995 0.5575 0.47874999999999995 0.5575 0.5037499999999999 0.57375 0.5037499999999999 0.57375 0.47874999999999995
2 0.6 0.47874999999999995 0.5825 0.47874999999999995 0.5825 0.5075000000000001 0.6 0.5075000000000001 0.6 0.47874999999999995
2 0.6587500000000001 0.48250000000000004 0.64125 0.48250000000000004 0.64125 0.5125 0.6587500000000001 0.5125 0.6587500000000001 0.48250000000000004
2 0.58 0.5275000000000001 0.56875 0.5275000000000001 0.56875 0.5525 0.58 0.5525 0.58 0.5275000000000001
2 0.69625 0.54 0.67625 0.54 0.67625 0.56375 0.69625 0.56375 0.69625 0.54
2 0.49124999999999996 0.6 0.47750000000000004 0.6 0.47750000000000004 0.62625 0.49124999999999996 0.62625 0.49124999999999996 0.6
2 0.5075000000000001 0.6012500000000001 0.49124999999999996 0.6012500000000001 0.49124999999999996 0.6275000000000001 0.5075000000000001 0.6275000000000001 0.5075000000000001 0.6012500000000001
2 0.5349999999999999 0.60625 0.52 0.60625 0.52 0.6325000000000001 0.5349999999999999 0.6325000000000001 0.5349999999999999 0.60625
2 0.55625 0.60875 0.54 0.60875 0.54 0.635 0.55625 0.635 0.55625 0.60875
2 0.6487499999999999 0.6212500000000001 0.635 0.6212500000000001 0.635 0.6475 0.6487499999999999 0.6475 0.6487499999999999 0.6212500000000001
2 0.63 0.5725 0.61375 0.5725 0.61375 0.5962500000000001 0.63 0.5962500000000001 0.63 0.5725
2 0.55375 0.56375 0.54 0.56375 0.54 0.58875 0.55375 0.58875 0.55375 0.56375
2 0.41375 0.97625 0.385 0.97625 0.385 0.99125 0.41375 0.99125 0.41375 0.97625
2 0.95 0.89375 0.93625 0.89375 0.93625 0.91875 0.95 0.91875 0.95 0.89375
2 0.5925 0.5287499999999999 0.58125 0.5287499999999999 0.58125 0.5549999999999999 0.5925 0.5549999999999999 0.5925 0.5287499999999999
2 0.8712500000000001 0.8087500000000001 0.8574999999999999 0.8087500000000001 0.8574999999999999 0.83125 0.8712500000000001 0.83125 0.8712500000000001 0.8087500000000001
2 0.8574999999999999 0.80625 0.84375 0.80625 0.84375 0.8324999999999999 0.8574999999999999 0.8324999999999999 0.8574999999999999 0.80625
2 0.835 0.8087500000000001 0.8225 0.8087500000000001 0.8225 0.8324999999999999 0.835 0.8324999999999999 0.835 0.8087500000000001
2 0.8225 0.8087500000000001 0.8125 0.8087500000000001 0.8125 0.835 0.8225 0.835 0.8225 0.8087500000000001
2 0.8262499999999999 0.755 0.8150000000000001 0.755 0.8150000000000001 0.7837500000000001 0.8262499999999999 0.7837500000000001 0.8262499999999999 0.755
2 0.70375 0.81375 0.6900000000000001 0.81375 0.6900000000000001 0.8375 0.70375 0.8375 0.70375 0.81375
2 0.6912499999999999 0.8162499999999999 0.6799999999999999 0.8162499999999999 0.6799999999999999 0.8387499999999999 0.6912499999999999 0.8387499999999999 0.6912499999999999 0.8162499999999999
2 0.6825 0.8150000000000001 0.66875 0.8150000000000001 0.66875 0.8400000000000001 0.6825 0.8400000000000001 0.6825 0.8150000000000001
2 0.66875 0.8162499999999999 0.6537499999999999 0.8162499999999999 0.6537499999999999 0.8387499999999999 0.66875 0.8387499999999999 0.66875 0.8162499999999999
2 0.6575 0.81375 0.64375 0.81375 0.64375 0.8412499999999999 0.6575 0.8412499999999999 0.6575 0.81375
2 0.64625 0.8150000000000001 0.6325000000000001 0.8150000000000001 0.6325000000000001 0.845 0.64625 0.845 0.64625 0.8150000000000001
2 0.6325000000000001 0.8162499999999999 0.6212500000000001 0.8162499999999999 0.6212500000000001 0.84375 0.6325000000000001 0.84375 0.6325000000000001 0.8162499999999999
2 0.625 0.81875 0.61 0.81875 0.61 0.84375 0.625 0.84375 0.625 0.81875
2 0.8487500000000001 0.755 0.835 0.755 0.835 0.7775000000000001 0.8487500000000001 0.7775000000000001 0.8487500000000001 0.755
2 0.89875 0.755 0.88375 0.755 0.88375 0.78125 0.89875 0.78125 0.89875 0.755
2 0.83625 0.755 0.825 0.755 0.825 0.77625 0.83625 0.77625 0.83625 0.755
2 0.8150000000000001 0.75625 0.8012499999999999 0.75625 0.8012499999999999 0.7849999999999999 0.8150000000000001 0.7849999999999999 0.8150000000000001 0.75625
2 0.64375 0.8487500000000001 0.63125 0.8487500000000001 0.63125 0.8724999999999999 0.64375 0.8724999999999999 0.64375 0.8487500000000001
2 0.8012499999999999 0.755 0.79125 0.755 0.79125 0.7825 0.8012499999999999 0.7825 0.8012499999999999 0.755
2 0.79125 0.75625 0.7775000000000001 0.75625 0.7775000000000001 0.7837500000000001 0.79125 0.7837500000000001 0.79125 0.75625
2 0.755 0.75625 0.74 0.75625 0.74 0.7837500000000001 0.755 0.7837500000000001 0.755 0.75625
2 0.74125 0.75875 0.73 0.75875 0.73 0.7849999999999999 0.74125 0.7849999999999999 0.74125 0.75875
2 0.73125 0.755 0.71875 0.755 0.71875 0.78125 0.73125 0.78125 0.73125 0.755
2 0.71875 0.76 0.7075 0.76 0.7075 0.7837500000000001 0.71875 0.7837500000000001 0.71875 0.76
2 0.70625 0.75625 0.69375 0.75625 0.69375 0.78125 0.70625 0.78125 0.70625 0.75625
2 0.6950000000000001 0.76 0.68125 0.76 0.68125 0.7837500000000001 0.6950000000000001 0.7837500000000001 0.6950000000000001 0.76
2 0.68125 0.75625 0.67 0.75625 0.67 0.78125 0.68125 0.78125 0.68125 0.75625
2 0.6725 0.75875 0.6587500000000001 0.75875 0.6587500000000001 0.78625 0.6725 0.78625 0.6725 0.75875
2 0.6599999999999999 0.75875 0.645 0.75875 0.645 0.7825 0.6599999999999999 0.7825 0.6599999999999999 0.75875
2 0.7162499999999999 0.8125 0.7025 0.8125 0.7025 0.8387499999999999 0.7162499999999999 0.8387499999999999 0.7162499999999999 0.8125
2 0.67875 0.8462500000000001 0.66625 0.8462500000000001 0.66625 0.8724999999999999 0.67875 0.8724999999999999 0.67875 0.8462500000000001
2 0.86875 0.8425 0.85625 0.8425 0.85625 0.865 0.86875 0.865 0.86875 0.8425
2 0.8099999999999999 0.8099999999999999 0.79875 0.8099999999999999 0.79875 0.83375 0.8099999999999999 0.83375 0.8099999999999999 0.8099999999999999
2 0.79875 0.8099999999999999 0.7875 0.8099999999999999 0.7875 0.83625 0.79875 0.83625 0.79875 0.8099999999999999
2 0.7875 0.81375 0.775 0.81375 0.775 0.83625 0.7875 0.83625 0.7875 0.81375
2 0.7625 0.81125 0.75125 0.81125 0.75125 0.835 0.7625 0.835 0.7625 0.81125
2 0.7537499999999999 0.81125 0.74125 0.81125 0.74125 0.83625 0.7537499999999999 0.83625 0.7537499999999999 0.81125
2 0.74 0.81375 0.7275 0.81375 0.7275 0.8375 0.74 0.8375 0.74 0.81375
2 0.7275 0.8125 0.7162499999999999 0.8125 0.7162499999999999 0.83625 0.7275 0.83625 0.7275 0.8125
2 0.9275 0.8400000000000001 0.91625 0.8400000000000001 0.91625 0.8675 0.9275 0.8675 0.9275 0.8400000000000001
2 0.91625 0.8400000000000001 0.9025000000000001 0.8400000000000001 0.9025000000000001 0.8675 0.91625 0.8675 0.91625 0.8400000000000001
2 0.9037499999999999 0.8412499999999999 0.89125 0.8412499999999999 0.89125 0.8675 0.9037499999999999 0.8675 0.9037499999999999 0.8412499999999999
2 0.89125 0.8412499999999999 0.8787499999999999 0.8412499999999999 0.8787499999999999 0.86875 0.89125 0.86875 0.89125 0.8412499999999999
2 0.8574999999999999 0.8412499999999999 0.84375 0.8412499999999999 0.84375 0.8675 0.8574999999999999 0.8675 0.8574999999999999 0.8412499999999999
2 0.7150000000000001 0.8487500000000001 0.7 0.8487500000000001 0.7 0.87375 0.7150000000000001 0.87375 0.7150000000000001 0.8487500000000001
2 0.845 0.84375 0.83375 0.84375 0.83375 0.8675 0.845 0.8675 0.845 0.84375
2 0.8324999999999999 0.8425 0.8225 0.8425 0.8225 0.865 0.8324999999999999 0.865 0.8324999999999999 0.8425
2 0.8225 0.8425 0.8099999999999999 0.8425 0.8099999999999999 0.8675 0.8225 0.8675 0.8225 0.8425
2 0.8099999999999999 0.845 0.7975 0.845 0.7975 0.86875 0.8099999999999999 0.86875 0.8099999999999999 0.845
2 0.79625 0.8487500000000001 0.7837500000000001 0.8487500000000001 0.7837500000000001 0.8675 0.79625 0.8675 0.79625 0.8487500000000001
2 0.78625 0.8474999999999999 0.7737499999999999 0.8474999999999999 0.7737499999999999 0.8699999999999999 0.78625 0.8699999999999999 0.78625 0.8474999999999999
2 0.7737499999999999 0.8462500000000001 0.7625 0.8462500000000001 0.7625 0.8675 0.7737499999999999 0.8675 0.7737499999999999 0.8462500000000001
2 0.76125 0.8462500000000001 0.75 0.8462500000000001 0.75 0.86875 0.76125 0.86875 0.76125 0.8462500000000001
2 0.75 0.8474999999999999 0.73875 0.8474999999999999 0.73875 0.86875 0.75 0.86875 0.75 0.8474999999999999
2 0.74 0.8462500000000001 0.7262500000000001 0.8462500000000001 0.7262500000000001 0.8699999999999999 0.74 0.8699999999999999 0.74 0.8462500000000001
2 0.7262500000000001 0.8462500000000001 0.7112499999999999 0.8462500000000001 0.7112499999999999 0.8675 0.7262500000000001 0.8675 0.7262500000000001 0.8462500000000001
2 0.6475 0.75875 0.635 0.75875 0.635 0.7825 0.6475 0.7825 0.6475 0.75875
2 0.63625 0.75875 0.625 0.75875 0.625 0.7875 0.63625 0.7875 0.63625 0.75875
2 0.62375 0.76 0.61125 0.76 0.61125 0.7849999999999999 0.62375 0.7849999999999999 0.62375 0.76
2 0.64125 1 0.64125 0.99125 0.6287499999999999 0.99125 0.6287499999999999 1 0.64125 1
2 0.7725 0.9275 0.74875 0.9275 0.74875 0.9412499999999999 0.7725 0.9412499999999999 0.7725 0.9275
2 0.775 0.93625 0.75 0.93625 0.75 0.95375 0.775 0.95375 0.775 0.93625
2 0.7787499999999999 0.9487500000000001 0.7575000000000001 0.9487500000000001 0.7575000000000001 0.9637499999999999 0.7787499999999999 0.9637499999999999 0.7787499999999999 0.9487500000000001
2 0.74875 0.96875 0.73 0.96875 0.73 0.9974999999999999 0.74875 0.9974999999999999 0.74875 0.96875
2 0.735 1 0.735 0.9775 0.72375 0.9775 0.72375 1 0.735 1
2 0.7224999999999999 1 0.7224999999999999 0.9775 0.7112499999999999 0.9775 0.7112499999999999 1 0.7224999999999999 1
2 0.7112499999999999 1 0.7112499999999999 0.98125 0.6975 0.98125 0.6975 1 0.7112499999999999 1
2 0.69625 1 0.69625 0.98125 0.6849999999999999 0.98125 0.6849999999999999 1 0.69625 1
2 0.6875 1 0.6875 0.98125 0.6725 0.98125 0.6725 1 0.6875 1
2 0.6725 1 0.6725 0.9824999999999999 0.66125 0.9824999999999999 0.66125 1 0.6725 1
2 0.66125 1 0.66125 0.9862500000000001 0.6487499999999999 0.9862500000000001 0.6487499999999999 1 0.66125 1
2 0.62625 1 0.62625 0.99375 0.61875 0.99375 0.61875 1 0.62625 1
2 0.61375 1 0.61375 0.99125 0.60375 0.99125 0.60375 1 0.61375 1
2 0.77125 0.915 0.745 0.915 0.745 0.9262499999999999 0.77125 0.9262499999999999 0.77125 0.915
2 0.62625 0.9324999999999999 0.61125 0.9324999999999999 0.61125 0.9525 0.62625 0.9525 0.62625 0.9324999999999999
2 0.625 0.9099999999999999 0.61125 0.9099999999999999 0.61125 0.92875 0.625 0.92875 0.625 0.9099999999999999
2 0.635 0.9012499999999999 0.6212500000000001 0.9012499999999999 0.6212500000000001 0.92875 0.635 0.92875 0.635 0.9012499999999999
2 1 0.8550000000000001 0.97875 0.8550000000000001 0.97875 0.8712500000000001 1 0.8712500000000001 1 0.8550000000000001
2 0.9025000000000001 0.9037499999999999 0.8875 0.9037499999999999 0.8875 0.9275 0.9025000000000001 0.9275 0.9025000000000001 0.9037499999999999
2 0.89125 0.9025000000000001 0.87625 0.9025000000000001 0.87625 0.92875 0.89125 0.92875 0.89125 0.9025000000000001
2 0.8800000000000001 0.9037499999999999 0.86625 0.9037499999999999 0.86625 0.9275 0.8800000000000001 0.9275 0.8800000000000001 0.9037499999999999
2 0.8675 0.9037499999999999 0.8525 0.9037499999999999 0.8525 0.93125 0.8675 0.93125 0.8675 0.9037499999999999
2 0.8574999999999999 0.90625 0.84375 0.90625 0.84375 0.9349999999999999 0.8574999999999999 0.9349999999999999 0.8574999999999999 0.90625
2 0.84375 0.9087500000000001 0.8275 0.9087500000000001 0.8275 0.9375 0.84375 0.9375 0.84375 0.9087500000000001
2 0.7075 0.9225 0.69375 0.9225 0.69375 0.9487500000000001 0.7075 0.9487500000000001 0.7075 0.9225
2 0.6975 0.925 0.68125 0.925 0.68125 0.9475 0.6975 0.9475 0.6975 0.925
2 0.6825 0.925 0.67 0.925 0.67 0.9512499999999999 0.6825 0.9512499999999999 0.6825 0.925
2 0.6725 0.9262499999999999 0.6587500000000001 0.9262499999999999 0.6587500000000001 0.95 0.6725 0.95 0.6725 0.9262499999999999
2 0.66125 0.925 0.6475 0.925 0.6475 0.9512499999999999 0.66125 0.9512499999999999 0.66125 0.925
2 0.70625 0.9012499999999999 0.6900000000000001 0.9012499999999999 0.6900000000000001 0.9225 0.70625 0.9225 0.70625 0.9012499999999999
2 0.69375 0.9012499999999999 0.68125 0.9012499999999999 0.68125 0.925 0.69375 0.925 0.69375 0.9012499999999999
2 0.6825 0.89875 0.6675 0.89875 0.6675 0.9237500000000001 0.6825 0.9237500000000001 0.6825 0.89875
2 0.67 0.9012499999999999 0.6575 0.9012499999999999 0.6575 0.9262499999999999 0.67 0.9262499999999999 0.67 0.9012499999999999
2 0.6575 0.9012499999999999 0.645 0.9012499999999999 0.645 0.925 0.6575 0.925 0.6575 0.9012499999999999
2 0.6475 0.9025000000000001 0.635 0.9025000000000001 0.635 0.9275 0.6475 0.9275 0.6475 0.9025000000000001
2 0.4225 0.2725 0.4 0.2725 0.4 0.28500000000000003 0.4225 0.28500000000000003 0.4225 0.2725
2 0.375 0.4875 0.3525 0.4875 0.3525 0.5025000000000001 0.375 0.5025000000000001 0.375 0.4875
2 0.37124999999999997 0.50125 0.34875 0.50125 0.34875 0.51375 0.37124999999999997 0.51375 0.37124999999999997 0.50125
2 0.49874999999999997 0.55375 0.48875 0.55375 0.48875 0.58 0.49874999999999997 0.58 0.49874999999999997 0.55375
2 1 0.8800000000000001 0.985 0.8800000000000001 0.985 0.8949999999999999 1 0.8949999999999999 1 0.8800000000000001
2 0.7575000000000001 0.9675 0.745 0.9675 0.745 0.9887499999999999 0.7575000000000001 0.9887499999999999 0.7575000000000001 0.9675
2 0.5962500000000001 0.3175 0.57375 0.3175 0.57375 0.33125 0.5962500000000001 0.33125 0.5962500000000001 0.3175