2 0.9099999999999999 0.05375 0.8949999999999999 0.05375 0.8949999999999999 0.07875 0.9099999999999999 0.07875 0.9099999999999999 0.05375
2 0.8825 0.058750000000000004 0.8699999999999999 0.058750000000000004 0.8699999999999999 0.0875 0.8825 0.0875 0.8825 0.058750000000000004
2 0.8699999999999999 0.057499999999999996 0.85875 0.057499999999999996 0.85875 0.08375 0.8699999999999999 0.08375 0.8699999999999999 0.057499999999999996
2 0.85875 0.057499999999999996 0.8474999999999999 0.057499999999999996 0.8474999999999999 0.08249999999999999 0.85875 0.08249999999999999 0.85875 0.057499999999999996
2 0.8462500000000001 0.057499999999999996 0.835 0.057499999999999996 0.835 0.08125 0.8462500000000001 0.08125 0.8462500000000001 0.057499999999999996
2 0.835 0.05500000000000001 0.8225 0.05500000000000001 0.8225 0.08 0.835 0.08 0.835 0.05500000000000001
2 0.8150000000000001 0.05500000000000001 0.80375 0.05500000000000001 0.80375 0.07625 0.8150000000000001 0.07625 0.8150000000000001 0.05500000000000001
2 0.8012499999999999 0.05375 0.78625 0.05375 0.78625 0.07875 0.8012499999999999 0.07875 0.8012499999999999 0.05375
2 0.79 0.05375 0.7737499999999999 0.05375 0.7737499999999999 0.08 0.79 0.08 0.79 0.05375
2 0.77625 0.052500000000000005 0.765 0.052500000000000005 0.765 0.07875 0.77625 0.07875 0.77625 0.052500000000000005
2 0.765 0.05375 0.7537499999999999 0.05375 0.7537499999999999 0.07875 0.765 0.07875 0.765 0.05375
2 0.75125 0.05125 0.74 0.05125 0.74 0.07875 0.75125 0.07875 0.75125 0.05125
2 0.73625 0.05125 0.7262500000000001 0.05125 0.7262500000000001 0.0725 0.73625 0.0725 0.73625 0.05125
2 0.7262500000000001 0.04375 0.7150000000000001 0.04375 0.7150000000000001 0.07375000000000001 0.7262500000000001 0.07375000000000001 0.7262500000000001 0.04375
2 0.7150000000000001 0.04875 0.70375 0.04875 0.70375 0.07375000000000001 0.7150000000000001 0.07375000000000001 0.7150000000000001 0.04875
2 0.70375 0.04625 0.6912499999999999 0.04625 0.6912499999999999 0.07375000000000001 0.70375 0.07375000000000001 0.70375 0.04625
2 0.9925 0.013750000000000002 0.97625 0.013750000000000002 0.97625 0.045 0.9925 0.045 0.9925 0.013750000000000002
2 0.9675 0.0075 0.95375 0.0075 0.95375 0.034999999999999996 0.9675 0.034999999999999996 0.9675 0.0075
2 0.9324999999999999 0.00125 0.92125 0.00125 0.92125 0.025 0.9324999999999999 0.025 0.9324999999999999 0.00125
2 0.9225 0.00125 0.9087500000000001 0.00125 0.9087500000000001 0.025 0.9225 0.025 0.9225 0.00125
2 0.9087500000000001 0.00125 0.8975 0.00125 0.8975 0.02375 0.9087500000000001 0.02375 0.9087500000000001 0.00125
2 0.6912499999999999 0.04625 0.67875 0.04625 0.67875 0.0725 0.6912499999999999 0.0725 0.6912499999999999 0.04625
2 0.6775 0.045 0.665 0.045 0.665 0.07125000000000001 0.6775 0.07125000000000001 0.6775 0.045
2 0.66625 0.042499999999999996 0.6537499999999999 0.042499999999999996 0.6537499999999999 0.06875 0.66625 0.06875 0.66625 0.042499999999999996
2 0.65625 0.04375 0.645 0.04375 0.645 0.06875 0.65625 0.06875 0.65625 0.04375
2 0.6425 0.042499999999999996 0.6325000000000001 0.042499999999999996 0.6325000000000001 0.06625 0.6425 0.06625 0.6425 0.042499999999999996
2 0.6287499999999999 0.04 0.61875 0.04 0.61875 0.06375 0.6287499999999999 0.06375 0.6287499999999999 0.04
2 0.62 0.04 0.605 0.04 0.605 0.0625 0.62 0.0625 0.62 0.04
2 0.8975 0.06 0.8825 0.06 0.8825 0.0875 0.8975 0.0875 0.8975 0.06
2 0.9199999999999999 0.06 0.9075 0.06 0.9075 0.0875 0.9199999999999999 0.0875 0.9199999999999999 0.06
2 0.0075 0.71375 0.00125 0.71375 0.00125 0.725 0.0075 0.725 0.0075 0.71375
2 0.9425000000000001 0.0625 0.92875 0.0625 0.92875 0.0875 0.9425000000000001 0.0875 0.9425000000000001 0.0625
2 0.1075 0.8487500000000001 0.07625 0.8487500000000001 0.07625 0.86625 0.1075 0.86625 0.1075 0.8487500000000001
2 0.1125 0.8074999999999999 0.08875 0.8074999999999999 0.08875 0.835 0.1125 0.835 0.1125 0.8074999999999999
2 0.1675 0.5287499999999999 0.14875 0.5287499999999999 0.14875 0.5549999999999999 0.1675 0.5549999999999999 0.1675 0.5287499999999999
2 0.12375 0.5275000000000001 0.10124999999999999 0.5275000000000001 0.10124999999999999 0.54875 0.12375 0.54875 0.12375 0.5275000000000001
2 0.9775 0.0675 0.9650000000000001 0.0675 0.9650000000000001 0.0925 0.9775 0.0925 0.9775 0.0675
2 0.9625 0.06625 0.9525 0.06625 0.9525 0.0925 0.9625 0.0925 0.9625 0.06625
2 0.9525 0.06375 0.9400000000000001 0.06375 0.9400000000000001 0.08875 0.9525 0.08875 0.9525 0.06375
2 0.6075 0.03875 0.5962500000000001 0.03875 0.5962500000000001 0.061250000000000006 0.6075 0.061250000000000006 0.6075 0.03875
2 0.5974999999999999 0.03875 0.5862499999999999 0.03875 0.5862499999999999 0.061250000000000006 0.5974999999999999 0.061250000000000006 0.5974999999999999 0.03875
2 0.5825 0.03875 0.57375 0.03875 0.57375 0.061250000000000006 0.5825 0.061250000000000006 0.5825 0.03875
2 0.57125 0.03875 0.56125 0.03875 0.56125 0.061250000000000006 0.57125 0.061250000000000006 0.57125 0.03875
2 0.20249999999999999 0.015 0.19125 0.015 0.19125 0.03875 0.20249999999999999 0.03875 0.20249999999999999 0.015
2 0.1925 0.01625 0.17625 0.01625 0.17625 0.041249999999999995 0.1925 0.041249999999999995 0.1925 0.01625
2 0.365 0.005 0.34249999999999997 0.005 0.34249999999999997 0.017499999999999998 0.365 0.017499999999999998 0.365 0.005
2 0.18 0.021249999999999998 0.16499999999999998 0.021249999999999998 0.16499999999999998 0.04375 0.18 0.04375 0.18 0.021249999999999998
2 0.16625 0.021249999999999998 0.15375 0.021249999999999998 0.15375 0.04375 0.16625 0.04375 0.16625 0.021249999999999998
2 0.15625 0.021249999999999998 0.13999999999999999 0.021249999999999998 0.13999999999999999 0.04625 0.15625 0.04625 0.15625 0.021249999999999998
2 0.145 0.021249999999999998 0.13 0.021249999999999998 0.13 0.045 0.145 0.045 0.145 0.021249999999999998
2 0.13374999999999998 0.02375 0.12 0.02375 0.12 0.04875 0.13374999999999998 0.04875 0.13374999999999998 0.02375
2 0.21375000000000002 0.013750000000000002 0.20125 0.013750000000000002 0.20125 0.04 0.21375000000000002 0.04 0.21375000000000002 0.013750000000000002
2 0.22749999999999998 0.01625 0.215 0.01625 0.215 0.04 0.22749999999999998 0.04 0.22749999999999998 0.01625
2 0.23875000000000002 0.01625 0.22625 0.01625 0.22625 0.04 0.23875000000000002 0.04 0.23875000000000002 0.01625
2 0.41875 0.028749999999999998 0.40625 0.028749999999999998 0.40625 0.052500000000000005 0.41875 0.052500000000000005 0.41875 0.028749999999999998
2 0.5625 0.03625 0.54875 0.03625 0.54875 0.061250000000000006 0.5625 0.061250000000000006 0.5625 0.03625
2 0.5475 0.03625 0.5349999999999999 0.03625 0.5349999999999999 0.061250000000000006 0.5475 0.061250000000000006 0.5475 0.03625
2 0.5349999999999999 0.034999999999999996 0.525 0.034999999999999996 0.525 0.058750000000000004 0.5349999999999999 0.058750000000000004 0.5349999999999999 0.034999999999999996
2 0.525 0.03375 0.5125 0.03375 0.5125 0.058750000000000004 0.525 0.058750000000000004 0.525 0.03375
2 0.51375 0.03375 0.50125 0.03375 0.50125 0.057499999999999996 0.51375 0.057499999999999996 0.51375 0.03375
2 0.50125 0.0325 0.48875 0.0325 0.48875 0.05625 0.50125 0.05625 0.50125 0.0325
2 0.49124999999999996 0.03125 0.47625 0.03125 0.47625 0.05625 0.49124999999999996 0.05625 0.49124999999999996 0.03125
2 0.47750000000000004 0.027500000000000004 0.465 0.027500000000000004 0.465 0.05375 0.47750000000000004 0.05375 0.47750000000000004 0.027500000000000004
2 0.46624999999999994 0.03 0.45375 0.03 0.45375 0.052500000000000005 0.46624999999999994 0.052500000000000005 0.46624999999999994 0.03
2 0.45499999999999996 0.028749999999999998 0.4425 0.028749999999999998 0.4425 0.05500000000000001 0.45499999999999996 0.05500000000000001 0.45499999999999996 0.028749999999999998
2 0.44125 0.027500000000000004 0.43125 0.027500000000000004 0.43125 0.052500000000000005 0.44125 0.052500000000000005 0.44125 0.027500000000000004
2 0.43 0.027500000000000004 0.41875 0.027500000000000004 0.41875 0.052500000000000005 0.43 0.052500000000000005 0.43 0.027500000000000004
2 0.40625 0.026250000000000002 0.395 0.026250000000000002 0.395 0.05125 0.40625 0.05125 0.40625 0.026250000000000002
2 0.25125000000000003 0.015 0.24 0.015 0.24 0.03875 0.25125000000000003 0.03875 0.25125000000000003 0.015
2 0.395 0.021249999999999998 0.3825 0.021249999999999998 0.3825 0.04875 0.395 0.04875 0.395 0.021249999999999998
2 0.38125 0.02375 0.36875 0.02375 0.36875 0.04625 0.38125 0.04625 0.38125 0.02375
2 0.36875 0.0225 0.35750000000000004 0.0225 0.35750000000000004 0.04625 0.36875 0.04625 0.36875 0.0225
2 0.35750000000000004 0.0225 0.34625 0.0225 0.34625 0.04625 0.35750000000000004 0.04625 0.35750000000000004 0.0225
2 0.34625 0.021249999999999998 0.33375 0.021249999999999998 0.33375 0.045 0.34625 0.045 0.34625 0.021249999999999998
2 0.33375 0.0225 0.3225 0.0225 0.3225 0.045 0.33375 0.045 0.33375 0.0225
2 0.3225 0.021249999999999998 0.31124999999999997 0.021249999999999998 0.31124999999999997 0.04375 0.3225 0.04375 0.3225 0.021249999999999998
2 0.31124999999999997 0.017499999999999998 0.30125 0.017499999999999998 0.30125 0.041249999999999995 0.31124999999999997 0.041249999999999995 0.31124999999999997 0.017499999999999998
2 0.29874999999999996 0.01875 0.2875 0.01875 0.2875 0.042499999999999996 0.29874999999999996 0.042499999999999996 0.29874999999999996 0.01875
2 0.28500000000000003 0.017499999999999998 0.275 0.017499999999999998 0.275 0.042499999999999996 0.28500000000000003 0.042499999999999996 0.28500000000000003 0.017499999999999998
2 0.27375 0.017499999999999998 0.2625 0.017499999999999998 0.2625 0.042499999999999996 0.27375 0.042499999999999996 0.27375 0.017499999999999998
2 0.2625 0.015 0.25 0.015 0.25 0.03875 0.2625 0.03875 0.2625 0.015
2 0.01625 0.85375 0.00125 0.85375 0.00125 0.8712500000000001 0.01625 0.8712500000000001 0.01625 0.85375
2 0.885 0.00125 0.8724999999999999 0.00125 0.8724999999999999 0.02375 0.885 0.02375 0.885 0.00125
2 0.8712500000000001 0.00125 0.86 0.00125 0.86 0.02375 0.8712500000000001 0.02375 0.8712500000000001 0.00125
2 0.8574999999999999 0.00125 0.8487500000000001 0.00125 0.8487500000000001 0.0225 0.8574999999999999 0.0225 0.8574999999999999 0.00125
2 0.84375 0.00125 0.83625 0.00125 0.83625 0.0225 0.84375 0.0225 0.84375 0.00125
2 0.835 0.00125 0.825 0.00125 0.825 0.017499999999999998 0.835 0.017499999999999998 0.835 0.00125
2 0.8237500000000001 0.00125 0.81375 0.00125 0.81375 0.01625 0.8237500000000001 0.01625 0.8237500000000001 0.00125
2 0.8099999999999999 0.00125 0.8012499999999999 0.00125 0.8012499999999999 0.01625 0.8099999999999999 0.01625 0.8099999999999999 0.00125
2 0.79875 0.00125 0.79 0.00125 0.79 0.01625 0.79875 0.01625 0.79875 0.00125
2 0.7849999999999999 0.00125 0.7787499999999999 0.00125 0.7787499999999999 0.0125 0.7849999999999999 0.0125 0.7849999999999999 0.00125
2 0.9974999999999999 0.07125000000000001 0.9887499999999999 0.07125000000000001 0.9887499999999999 0.09125 0.9974999999999999 0.09125 0.9974999999999999 0.07125000000000001