2 0.9949999999999999 0.05375 0.9800000000000001 0.05375 0.9800000000000001 0.07875 0.9949999999999999 0.07875 0.9949999999999999 0.05375
2 0.9675 0.058750000000000004 0.9550000000000001 0.058750000000000004 0.9550000000000001 0.0875 0.9675 0.0875 0.9675 0.058750000000000004
2 0.9550000000000001 0.057499999999999996 0.94375 0.057499999999999996 0.94375 0.08375 0.9550000000000001 0.08375 0.9550000000000001 0.057499999999999996
2 0.94375 0.057499999999999996 0.9324999999999999 0.057499999999999996 0.9324999999999999 0.08249999999999999 0.94375 0.08249999999999999 0.94375 0.057499999999999996
2 0.93125 0.057499999999999996 0.9199999999999999 0.057499999999999996 0.9199999999999999 0.08125 0.93125 0.08125 0.93125 0.057499999999999996
2 0.9199999999999999 0.05500000000000001 0.9075 0.05500000000000001 0.9075 0.08 0.9199999999999999 0.08 0.9199999999999999 0.05500000000000001
2 0.9 0.05500000000000001 0.8887499999999999 0.05500000000000001 0.8887499999999999 0.07625 0.9 0.07625 0.9 0.05500000000000001
2 0.8862500000000001 0.05375 0.8712500000000001 0.05375 0.8712500000000001 0.07875 0.8862500000000001 0.07875 0.8862500000000001 0.05375
2 0.875 0.05375 0.85875 0.05375 0.85875 0.08 0.875 0.08 0.875 0.05375
2 0.8612500000000001 0.052500000000000005 0.85 0.052500000000000005 0.85 0.07875 0.8612500000000001 0.07875 0.8612500000000001 0.052500000000000005
2 0.85 0.05375 0.8387499999999999 0.05375 0.8387499999999999 0.07875 0.85 0.07875 0.85 0.05375
2 0.83625 0.05125 0.825 0.05125 0.825 0.07875 0.83625 0.07875 0.83625 0.05125
2 0.82125 0.05125 0.81125 0.05125 0.81125 0.0725 0.82125 0.0725 0.82125 0.05125
2 0.81125 0.04375 0.8 0.04375 0.8 0.07375000000000001 0.81125 0.07375000000000001 0.81125 0.04375
2 0.8 0.04875 0.7887500000000001 0.04875 0.7887500000000001 0.07375000000000001 0.8 0.07375000000000001 0.8 0.04875
2 0.7887500000000001 0.04625 0.77625 0.04625 0.77625 0.07375000000000001 0.7887500000000001 0.07375000000000001 0.7887500000000001 0.04625
2 1 0.00125 0.99375 0.00125 0.99375 0.02375 1 0.02375 1 0.00125
2 0.99375 0.00125 0.9824999999999999 0.00125 0.9824999999999999 0.02375 0.99375 0.02375 0.99375 0.00125
2 0.77625 0.04625 0.76375 0.04625 0.76375 0.0725 0.77625 0.0725 0.77625 0.04625
2 0.7625 0.045 0.75 0.045 0.75 0.07125000000000001 0.7625 0.07125000000000001 0.7625 0.045
2 0.75125 0.042499999999999996 0.73875 0.042499999999999996 0.73875 0.06875 0.75125 0.06875 0.75125 0.042499999999999996
2 0.74125 0.04375 0.73 0.04375 0.73 0.06875 0.74125 0.06875 0.74125 0.04375
2 0.7275 0.042499999999999996 0.7175 0.042499999999999996 0.7175 0.06625 0.7275 0.06625 0.7275 0.042499999999999996
2 0.71375 0.04 0.70375 0.04 0.70375 0.06375 0.71375 0.06375 0.71375 0.04
2 0.705 0.04 0.6900000000000001 0.04 0.6900000000000001 0.0625 0.705 0.0625 0.705 0.04
2 0.9824999999999999 0.06 0.9675 0.06 0.9675 0.0875 0.9824999999999999 0.0875 0.9824999999999999 0.06
2 1 0.06 0.9925 0.06 0.9925 0.08625000000000001 1 0.08625000000000001 1 0.06
2 0.0925 0.71375 0.0675 0.71375 0.0675 0.73 0.0925 0.73 0.0925 0.71375
2 0.19 0.8487500000000001 0.16125 0.8487500000000001 0.16125 0.8637499999999999 0.19 0.8637499999999999 0.19 0.8487500000000001
2 0.1925 0.8074999999999999 0.17375000000000002 0.8074999999999999 0.17375000000000002 0.83375 0.1925 0.83375 0.1925 0.8074999999999999
2 0.2525 0.5287499999999999 0.23374999999999999 0.5287499999999999 0.23374999999999999 0.5549999999999999 0.2525 0.5549999999999999 0.2525 0.5287499999999999
2 0.20875 0.5275000000000001 0.18625 0.5275000000000001 0.18625 0.54875 0.20875 0.54875 0.20875 0.5275000000000001
2 0.6925 0.03875 0.68125 0.03875 0.68125 0.061250000000000006 0.6925 0.061250000000000006 0.6925 0.03875
2 0.6825 0.03875 0.67125 0.03875 0.67125 0.061250000000000006 0.6825 0.061250000000000006 0.6825 0.03875
2 0.6675 0.03875 0.6587500000000001 0.03875 0.6587500000000001 0.061250000000000006 0.6675 0.061250000000000006 0.6675 0.03875
2 0.65625 0.03875 0.64625 0.03875 0.64625 0.061250000000000006 0.65625 0.061250000000000006 0.65625 0.03875
2 0.2875 0.015 0.27625 0.015 0.27625 0.03875 0.2875 0.03875 0.2875 0.015
2 0.27749999999999997 0.01625 0.26125 0.01625 0.26125 0.041249999999999995 0.27749999999999997 0.041249999999999995 0.27749999999999997 0.01625
2 0.45 0.005 0.42750000000000005 0.005 0.42750000000000005 0.017499999999999998 0.45 0.017499999999999998 0.45 0.005
2 0.265 0.021249999999999998 0.25 0.021249999999999998 0.25 0.04375 0.265 0.04375 0.265 0.021249999999999998
2 0.25125000000000003 0.021249999999999998 0.23875000000000002 0.021249999999999998 0.23875000000000002 0.04375 0.25125000000000003 0.04375 0.25125000000000003 0.021249999999999998
2 0.24125000000000002 0.021249999999999998 0.225 0.021249999999999998 0.225 0.04625 0.24125000000000002 0.04625 0.24125000000000002 0.021249999999999998
2 0.22999999999999998 0.021249999999999998 0.215 0.021249999999999998 0.215 0.045 0.22999999999999998 0.045 0.22999999999999998 0.021249999999999998
2 0.21875 0.02375 0.205 0.02375 0.205 0.04875 0.21875 0.04875 0.21875 0.02375
2 0.29874999999999996 0.013750000000000002 0.28625 0.013750000000000002 0.28625 0.04 0.29874999999999996 0.04 0.29874999999999996 0.013750000000000002
2 0.3125 0.01625 0.3 0.01625 0.3 0.04 0.3125 0.04 0.3125 0.01625
2 0.32375 0.01625 0.31124999999999997 0.01625 0.31124999999999997 0.04 0.32375 0.04 0.32375 0.01625
2 0.5037499999999999 0.028749999999999998 0.49124999999999996 0.028749999999999998 0.49124999999999996 0.052500000000000005 0.5037499999999999 0.052500000000000005 0.5037499999999999 0.028749999999999998
2 0.6475 0.03625 0.63375 0.03625 0.63375 0.061250000000000006 0.6475 0.061250000000000006 0.6475 0.03625
2 0.6325000000000001 0.03625 0.62 0.03625 0.62 0.061250000000000006 0.6325000000000001 0.061250000000000006 0.6325000000000001 0.03625
2 0.62 0.034999999999999996 0.61 0.034999999999999996 0.61 0.058750000000000004 0.62 0.058750000000000004 0.62 0.034999999999999996
2 0.61 0.03375 0.5974999999999999 0.03375 0.5974999999999999 0.058750000000000004 0.61 0.058750000000000004 0.61 0.03375
2 0.59875 0.03375 0.5862499999999999 0.03375 0.5862499999999999 0.057499999999999996 0.59875 0.057499999999999996 0.59875 0.03375
2 0.5862499999999999 0.0325 0.57375 0.0325 0.57375 0.05625 0.5862499999999999 0.05625 0.5862499999999999 0.0325
2 0.57625 0.03125 0.56125 0.03125 0.56125 0.05625 0.57625 0.05625 0.57625 0.03125
2 0.5625 0.027500000000000004 0.55 0.027500000000000004 0.55 0.05375 0.5625 0.05375 0.5625 0.027500000000000004
2 0.55125 0.03 0.5387500000000001 0.03 0.5387500000000001 0.052500000000000005 0.55125 0.052500000000000005 0.55125 0.03
2 0.54 0.028749999999999998 0.5275000000000001 0.028749999999999998 0.5275000000000001 0.05500000000000001 0.54 0.05500000000000001 0.54 0.028749999999999998
2 0.52625 0.027500000000000004 0.51625 0.027500000000000004 0.51625 0.052500000000000005 0.52625 0.052500000000000005 0.52625 0.027500000000000004
2 0.515 0.027500000000000004 0.5037499999999999 0.027500000000000004 0.5037499999999999 0.052500000000000005 0.515 0.052500000000000005 0.515 0.027500000000000004
2 0.49124999999999996 0.026250000000000002 0.48 0.026250000000000002 0.48 0.05125 0.49124999999999996 0.05125 0.49124999999999996 0.026250000000000002
2 0.33625 0.015 0.325 0.015 0.325 0.03875 0.33625 0.03875 0.33625 0.015
2 0.48 0.021249999999999998 0.46749999999999997 0.021249999999999998 0.46749999999999997 0.04875 0.48 0.04875 0.48 0.021249999999999998
2 0.46624999999999994 0.02375 0.45375 0.02375 0.45375 0.04625 0.46624999999999994 0.04625 0.46624999999999994 0.02375
2 0.45375 0.0225 0.4425 0.0225 0.4425 0.04625 0.45375 0.04625 0.45375 0.0225
2 0.4425 0.0225 0.43125 0.0225 0.43125 0.04625 0.4425 0.04625 0.4425 0.0225
2 0.43125 0.021249999999999998 0.41875 0.021249999999999998 0.41875 0.045 0.43125 0.045 0.43125 0.021249999999999998
2 0.41875 0.0225 0.40750000000000003 0.0225 0.40750000000000003 0.045 0.41875 0.045 0.41875 0.0225
2 0.40750000000000003 0.021249999999999998 0.39625 0.021249999999999998 0.39625 0.04375 0.40750000000000003 0.04375 0.40750000000000003 0.021249999999999998
2 0.39625 0.017499999999999998 0.38625 0.017499999999999998 0.38625 0.041249999999999995 0.39625 0.041249999999999995 0.39625 0.017499999999999998
2 0.38375 0.01875 0.3725 0.01875 0.3725 0.042499999999999996 0.38375 0.042499999999999996 0.38375 0.01875
2 0.37 0.017499999999999998 0.36 0.017499999999999998 0.36 0.042499999999999996 0.37 0.042499999999999996 0.37 0.017499999999999998
2 0.35875 0.017499999999999998 0.34750000000000003 0.017499999999999998 0.34750000000000003 0.042499999999999996 0.35875 0.042499999999999996 0.35875 0.017499999999999998
2 0.34750000000000003 0.015 0.335 0.015 0.335 0.03875 0.34750000000000003 0.03875 0.34750000000000003 0.015
2 0.10124999999999999 0.85375 0.07625 0.85375 0.07625 0.87375 0.10124999999999999 0.87375 0.10124999999999999 0.85375
2 0.03 0.06 0.00625 0.06 0.00625 0.07625 0.03 0.07625 0.03 0.06
2 0.9675 0.00125 0.96 0.00125 0.96 0.0225 0.9675 0.0225 0.9675 0.00125
2 0.9574999999999999 0.00125 0.94625 0.00125 0.94625 0.0225 0.9574999999999999 0.0225 0.9574999999999999 0.00125
2 0.94375 0.00125 0.9349999999999999 0.00125 0.9349999999999999 0.021249999999999998 0.94375 0.021249999999999998 0.94375 0.00125
2 0.93 0.00125 0.92125 0.00125 0.92125 0.0225 0.93 0.0225 0.93 0.00125
2 0.91875 0.00125 0.9112500000000001 0.00125 0.9112500000000001 0.01875 0.91875 0.01875 0.91875 0.00125
2 0.9075 0.00125 0.9012499999999999 0.00125 0.9012499999999999 0.01625 0.9075 0.01625 0.9075 0.00125
2 0.89375 0.00125 0.8862500000000001 0.00125 0.8862500000000001 0.01625 0.89375 0.01625 0.89375 0.00125
2 0.8825 0.00125 0.87375 0.00125 0.87375 0.015 0.8825 0.015 0.8825 0.00125
2 0.8699999999999999 0.00125 0.8625 0.00125 0.8625 0.013750000000000002 0.8699999999999999 0.013750000000000002 0.8699999999999999 0.00125
2 0.85875 0.00125 0.85 0.00125 0.85 0.013750000000000002 0.85875 0.013750000000000002 0.85875 0.00125