2 0.43375 0.1275 0.42000000000000004 0.1275 0.42000000000000004 0.155 0.43375 0.155 0.43375 0.1275
2 0.4925 0.0325 0.47375 0.0325 0.47375 0.057499999999999996 0.4925 0.057499999999999996 0.4925 0.0325
2 0.66875 0.075 0.6587500000000001 0.075 0.6587500000000001 0.09875 0.66875 0.09875 0.66875 0.075
2 0.6575 0.07625 0.64625 0.07625 0.64625 0.095 0.6575 0.095 0.6575 0.07625
2 0.645 0.07375000000000001 0.635 0.07375000000000001 0.635 0.1 0.645 0.1 0.645 0.07375000000000001
2 0.63375 0.075 0.62375 0.075 0.62375 0.0975 0.63375 0.0975 0.63375 0.075
2 0.6212500000000001 0.0725 0.61125 0.0725 0.61125 0.0975 0.6212500000000001 0.0975 0.6212500000000001 0.0725
2 0.59875 0.0675 0.585 0.0675 0.585 0.09375 0.59875 0.09375 0.59875 0.0675
2 0.60875 0.07125000000000001 0.59875 0.07125000000000001 0.59875 0.09875 0.60875 0.09875 0.60875 0.07125000000000001
2 0.5862499999999999 0.065 0.5725 0.065 0.5725 0.09 0.5862499999999999 0.09 0.5862499999999999 0.065
2 0.575 0.065 0.56125 0.065 0.56125 0.0875 0.575 0.0875 0.575 0.065
2 0.56375 0.0625 0.5475 0.0625 0.5475 0.0875 0.56375 0.0875 0.56375 0.0625
2 0.53625 0.052500000000000005 0.51875 0.052500000000000005 0.51875 0.0775 0.53625 0.0775 0.53625 0.052500000000000005
2 0.525 0.0475 0.5075000000000001 0.0475 0.5075000000000001 0.07125000000000001 0.525 0.07125000000000001 0.525 0.0475
2 0.51375 0.042499999999999996 0.49749999999999994 0.042499999999999996 0.49749999999999994 0.0675 0.51375 0.0675 0.51375 0.042499999999999996
2 0.48375 0.026250000000000002 0.465 0.026250000000000002 0.465 0.05125 0.48375 0.05125 0.48375 0.026250000000000002
2 0.59875 0.13625 0.5900000000000001 0.13625 0.5900000000000001 0.15875 0.59875 0.15875 0.59875 0.13625
2 0.39875 0.0625 0.3875 0.0625 0.3875 0.09 0.39875 0.09 0.39875 0.0625
2 0.385 0.06 0.375 0.06 0.375 0.08499999999999999 0.385 0.08499999999999999 0.385 0.06
2 0.37124999999999997 0.06 0.36 0.06 0.36 0.08375 0.37124999999999997 0.08375 0.37124999999999997 0.06
2 0.35875 0.06 0.34750000000000003 0.06 0.34750000000000003 0.08499999999999999 0.35875 0.08499999999999999 0.35875 0.06
2 0.34750000000000003 0.06 0.335 0.06 0.335 0.08249999999999999 0.34750000000000003 0.08249999999999999 0.34750000000000003 0.06
2 0.33375 0.058750000000000004 0.32375 0.058750000000000004 0.32375 0.08125 0.33375 0.08125 0.33375 0.058750000000000004
2 0.58875 0.135 0.5775 0.135 0.5775 0.15875 0.58875 0.15875 0.58875 0.135
2 0.65125 0.13874999999999998 0.63875 0.13874999999999998 0.63875 0.16499999999999998 0.65125 0.16499999999999998 0.65125 0.13874999999999998
2 0.42000000000000004 0.125 0.40750000000000003 0.125 0.40750000000000003 0.155 0.42000000000000004 0.155 0.42000000000000004 0.125
2 0.61375 0.135 0.6 0.135 0.6 0.16125 0.61375 0.16125 0.61375 0.135
2 0.40750000000000003 0.125 0.39375 0.125 0.39375 0.155 0.40750000000000003 0.155 0.40750000000000003 0.125
2 0.61125 0.00125 0.59875 0.00125 0.59875 0.0075 0.61125 0.0075 0.61125 0.00125
2 0.48 0.125 0.46875 0.125 0.46875 0.15125 0.48 0.15125 0.48 0.125
2 0.4925 0.12625 0.48125 0.12625 0.48125 0.15125 0.4925 0.15125 0.4925 0.12625
2 0.5287499999999999 0.13125 0.51625 0.13125 0.51625 0.1575 0.5287499999999999 0.1575 0.5287499999999999 0.13125
2 0.5525 0.13374999999999998 0.54125 0.13374999999999998 0.54125 0.16125 0.5525 0.16125 0.5525 0.13374999999999998
2 0.5662499999999999 0.13374999999999998 0.5525 0.13374999999999998 0.5525 0.1625 0.5662499999999999 0.1625 0.5662499999999999 0.13374999999999998
2 0.625 0.13374999999999998 0.61375 0.13374999999999998 0.61375 0.16 0.625 0.16 0.625 0.13374999999999998
2 0.7262500000000001 0.13625 0.71375 0.13625 0.71375 0.16625 0.7262500000000001 0.16625 0.7262500000000001 0.13625
2 0.63875 0.13625 0.625 0.13625 0.625 0.16125 0.63875 0.16125 0.63875 0.13625
2 0.6637500000000001 0.13999999999999999 0.65125 0.13999999999999999 0.65125 0.16375 0.6637500000000001 0.16375 0.6637500000000001 0.13999999999999999
2 0.68875 0.13874999999999998 0.67375 0.13874999999999998 0.67375 0.16375 0.68875 0.16375 0.68875 0.13874999999999998
2 0.7 0.13999999999999999 0.68875 0.13999999999999999 0.68875 0.16375 0.7 0.16375 0.7 0.13999999999999999
2 0.17250000000000001 0.315 0.1575 0.315 0.1575 0.34125 0.17250000000000001 0.34125 0.17250000000000001 0.315
2 0.68875 0.63375 0.6775 0.63375 0.6775 0.6625 0.68875 0.6625 0.68875 0.63375
2 0.70375 0.63375 0.6900000000000001 0.63375 0.6900000000000001 0.66125 0.70375 0.66125 0.70375 0.63375
2 0.71875 0.635 0.7025 0.635 0.7025 0.6637500000000001 0.71875 0.6637500000000001 0.71875 0.635
2 0.675 0.13874999999999998 0.6637500000000001 0.13874999999999998 0.6637500000000001 0.16125 0.675 0.16125 0.675 0.13874999999999998
2 0.515 0.13 0.50625 0.13 0.50625 0.15125 0.515 0.15125 0.515 0.13
2 0.49000000000000005 0.68125 0.47874999999999995 0.68125 0.47874999999999995 0.705 0.49000000000000005 0.705 0.49000000000000005 0.68125
2 0.49749999999999994 0.5974999999999999 0.4875 0.5974999999999999 0.4875 0.62 0.49749999999999994 0.62 0.49749999999999994 0.5974999999999999