2 0.8637499999999999 0.56125 0.85375 0.56125 0.85375 0.58 0.8637499999999999 0.58 0.8637499999999999 0.56125
2 0.97875 0.5375 0.96875 0.5375 0.96875 0.5575 0.97875 0.5575 0.97875 0.5375
2 0.3725 0.2975 0.36 0.2975 0.36 0.30625 0.3725 0.30625 0.3725 0.2975
2 0.36625 0.3 0.35125 0.3 0.35125 0.30874999999999997 0.36625 0.30874999999999997 0.36625 0.3
2 0.3725 0.3075 0.35625 0.3075 0.35625 0.3175 0.3725 0.3175 0.3725 0.3075
2 0.32875 0.2575 0.31375000000000003 0.2575 0.31375000000000003 0.265 0.32875 0.265 0.32875 0.2575
2 0.1875 0.28375 0.16875 0.28375 0.16875 0.29375 0.1875 0.29375 0.1875 0.28375
2 0.29625 0.28125 0.27999999999999997 0.28125 0.27999999999999997 0.2925 0.29625 0.2925 0.29625 0.28125
2 0.29625 0.29 0.27625 0.29 0.27625 0.3 0.29625 0.3 0.29625 0.29
2 0.29500000000000004 0.29874999999999996 0.27625 0.29874999999999996 0.27625 0.30874999999999997 0.29500000000000004 0.30874999999999997 0.29500000000000004 0.29874999999999996
2 0.29125 0.315 0.27375 0.315 0.27375 0.325 0.29125 0.325 0.29125 0.315
2 0.28875 0.32125 0.275 0.32125 0.275 0.32999999999999996 0.28875 0.32999999999999996 0.28875 0.32125
2 0.2875 0.3275 0.2725 0.3275 0.2725 0.33625 0.2875 0.33625 0.2875 0.3275
2 0.28625 0.3325 0.27 0.3325 0.27 0.34249999999999997 0.28625 0.34249999999999997 0.28625 0.3325
2 0.28625 0.3375 0.27 0.3375 0.27 0.34750000000000003 0.28625 0.34750000000000003 0.28625 0.3375
2 0.24625 0.33625 0.2375 0.33625 0.2375 0.35125 0.24625 0.35125 0.24625 0.33625
2 0.2425 0.335 0.2325 0.335 0.2325 0.35 0.2425 0.35 0.2425 0.335
2 0.23625 0.3325 0.22749999999999998 0.3325 0.22749999999999998 0.34625 0.23625 0.34625 0.23625 0.3325
2 0.22999999999999998 0.33125 0.22125 0.33125 0.22125 0.34625 0.22999999999999998 0.34625 0.22999999999999998 0.33125
2 0.22625 0.32999999999999996 0.21625 0.32999999999999996 0.21625 0.34375 0.22625 0.34375 0.22625 0.32999999999999996
2 0.22000000000000003 0.32875 0.21125 0.32875 0.21125 0.34375 0.22000000000000003 0.34375 0.22000000000000003 0.32875
2 0.2125 0.32875 0.20125 0.32875 0.20125 0.34249999999999997 0.2125 0.34249999999999997 0.2125 0.32875
2 0.31875 0.29125 0.3025 0.29125 0.3025 0.2975 0.31875 0.2975 0.31875 0.29125
2 0.32125 0.28375 0.30625 0.28375 0.30625 0.2925 0.32125 0.2925 0.32125 0.28375
2 0.3225 0.27875 0.30874999999999997 0.27875 0.30874999999999997 0.28875 0.3225 0.28875 0.3225 0.27875
2 0.32375 0.27375 0.30874999999999997 0.27375 0.30874999999999997 0.28125 0.32375 0.28125 0.32375 0.27375
2 0.325 0.26875 0.31 0.26875 0.31 0.27625 0.325 0.27625 0.325 0.26875
2 0.32625000000000004 0.2625 0.31124999999999997 0.2625 0.31124999999999997 0.27125 0.32625000000000004 0.27125 0.32625000000000004 0.2625
2 0.18625 0.2925 0.1675 0.2925 0.1675 0.30125 0.18625 0.30125 0.18625 0.2925
2 0.26625 0.24625 0.25125000000000003 0.24625 0.25125000000000003 0.26625 0.26625 0.26625 0.26625 0.24625
2 0.25625 0.24500000000000002 0.2425 0.24500000000000002 0.2425 0.2625 0.25625 0.2625 0.25625 0.24500000000000002
2 0.1275 0.1875 0.11374999999999999 0.1875 0.11374999999999999 0.1975 0.1275 0.1975 0.1275 0.1875
2 0.16125 0.26375000000000004 0.14875 0.26375000000000004 0.14875 0.27375 0.16125 0.27375 0.16125 0.26375000000000004
2 0.16125 0.27125 0.14625 0.27125 0.14625 0.27999999999999997 0.16125 0.27999999999999997 0.16125 0.27125
2 0.1575 0.27875 0.145 0.27875 0.145 0.2875 0.1575 0.2875 0.1575 0.27875
2 0.15625 0.28625 0.14250000000000002 0.28625 0.14250000000000002 0.29375 0.15625 0.29375 0.15625 0.28625
2 0.155 0.29375 0.14125000000000001 0.29375 0.14125000000000001 0.30125 0.155 0.30125 0.155 0.29375
2 0.0325 0.2325 0.02 0.2325 0.02 0.24125000000000002 0.0325 0.24125000000000002 0.0325 0.2325
2 0.027500000000000004 0.22625 0.013750000000000002 0.22625 0.013750000000000002 0.2325 0.027500000000000004 0.2325 0.027500000000000004 0.22625
2 0.17625 0.27 0.16125 0.27 0.16125 0.27875 0.17625 0.27875 0.17625 0.27
2 0.17375000000000002 0.27625 0.16 0.27625 0.16 0.28375 0.17375000000000002 0.28375 0.17375000000000002 0.27625
2 0.16875 0.28250000000000003 0.1575 0.28250000000000003 0.1575 0.29 0.16875 0.29 0.16875 0.28250000000000003
2 0.16875 0.29 0.155 0.29 0.155 0.2975 0.16875 0.2975 0.16875 0.29
2 0.1925 0.26125 0.175 0.26125 0.175 0.27999999999999997 0.1925 0.27999999999999997 0.1925 0.26125
2 0.1975 0.25625 0.18125 0.25625 0.18125 0.27375 0.1975 0.27375 0.1975 0.25625
2 0.20249999999999999 0.2525 0.1875 0.2525 0.1875 0.27 0.20249999999999999 0.27 0.20249999999999999 0.2525
2 0.21125 0.2525 0.19624999999999998 0.2525 0.19624999999999998 0.27125 0.21125 0.27125 0.21125 0.2525
2 0.22000000000000003 0.25375000000000003 0.20375000000000001 0.25375000000000003 0.20375000000000001 0.27125 0.22000000000000003 0.27125 0.22000000000000003 0.25375000000000003
2 0.22749999999999998 0.2525 0.21125 0.2525 0.21125 0.27125 0.22749999999999998 0.27125 0.22749999999999998 0.2525
2 0.23500000000000001 0.24874999999999997 0.21749999999999997 0.24874999999999997 0.21749999999999997 0.26875 0.23500000000000001 0.26875 0.23500000000000001 0.24874999999999997
2 0.2425 0.2475 0.22749999999999998 0.2475 0.22749999999999998 0.26625 0.2425 0.26625 0.2425 0.2475
2 0.25 0.2475 0.23500000000000001 0.2475 0.23500000000000001 0.265 0.25 0.265 0.25 0.2475
2 0.36375 0.36375 0.355 0.36375 0.355 0.38 0.36375 0.38 0.36375 0.36375
2 0.31625000000000003 0.34875 0.30625 0.34875 0.30625 0.36625 0.31625000000000003 0.36625 0.31625000000000003 0.34875
2 0.5575 0.42000000000000004 0.5475 0.42000000000000004 0.5475 0.43499999999999994 0.5575 0.43499999999999994 0.5575 0.42000000000000004
2 0.65125 0.445 0.6425 0.445 0.6425 0.4625 0.65125 0.4625 0.65125 0.445
2 0.655 0.42625 0.6475 0.42625 0.6475 0.4425 0.655 0.4425 0.655 0.42625
2 0.79 0.4575 0.78 0.4575 0.78 0.4725 0.79 0.4725 0.79 0.4575
2 0.95625 0.5349999999999999 0.9475 0.5349999999999999 0.9475 0.55125 0.95625 0.55125 0.95625 0.5349999999999999
2 0.9662499999999999 0.53625 0.9574999999999999 0.53625 0.9574999999999999 0.55375 0.9662499999999999 0.55375 0.9662499999999999 0.53625
2 0.9724999999999999 0.5925 0.9637499999999999 0.5925 0.9637499999999999 0.60625 0.9724999999999999 0.60625 0.9724999999999999 0.5925
2 0.8300000000000001 0.8375 0.8225 0.8375 0.8225 0.85125 0.8300000000000001 0.85125 0.8300000000000001 0.8375