2 0.54625 0.42874999999999996 0.5287499999999999 0.42874999999999996 0.5287499999999999 0.45625 0.54625 0.45625 0.54625 0.42874999999999996
2 0.21749999999999997 0.34375 0.20249999999999999 0.34375 0.20249999999999999 0.36875 0.21749999999999997 0.36875 0.21749999999999997 0.34375
2 0.20625 0.34249999999999997 0.19125 0.34249999999999997 0.19125 0.37 0.20625 0.37 0.20625 0.34249999999999997
2 0.19125 0.35125 0.1775 0.35125 0.1775 0.37374999999999997 0.19125 0.37374999999999997 0.19125 0.35125
2 0.08375 0.355 0.07125000000000001 0.355 0.07125000000000001 0.3825 0.08375 0.3825 0.08375 0.355
2 0.13999999999999999 0.31375000000000003 0.12875 0.31375000000000003 0.12875 0.33625 0.13999999999999999 0.33625 0.13999999999999999 0.31375000000000003
2 0.057499999999999996 0.15375 0.03375 0.15375 0.03375 0.18 0.057499999999999996 0.18 0.057499999999999996 0.15375
2 0.18875 0.07375000000000001 0.1625 0.07375000000000001 0.1625 0.09875 0.18875 0.09875 0.18875 0.07375000000000001
2 0.0875 0.058750000000000004 0.07625 0.058750000000000004 0.07625 0.08499999999999999 0.0875 0.08499999999999999 0.0875 0.058750000000000004
2 0.195 0.042499999999999996 0.16625 0.042499999999999996 0.16625 0.06999999999999999 0.195 0.06999999999999999 0.195 0.042499999999999996
2 0.19875 0.01625 0.17250000000000001 0.01625 0.17250000000000001 0.04 0.19875 0.04 0.19875 0.01625
2 0.24500000000000002 0.33875 0.22625 0.33875 0.22625 0.365 0.24500000000000002 0.365 0.24500000000000002 0.33875
2 0.23125 0.33875 0.215 0.33875 0.215 0.36625 0.23125 0.36625 0.23125 0.33875
2 0.26875 0.33375 0.25125000000000003 0.33375 0.25125000000000003 0.35875 0.26875 0.35875 0.26875 0.33375
2 0.04 0.17625 0.02 0.17625 0.02 0.1975 0.04 0.1975 0.04 0.17625
2 0.29125 0.57875 0.275 0.57875 0.275 0.605 0.29125 0.605 0.29125 0.57875
2 0.04625 0.1075 0.0225 0.1075 0.0225 0.13374999999999998 0.04625 0.13374999999999998 0.04625 0.1075
2 0.04375 0.71875 0.015 0.71875 0.015 0.7325 0.04375 0.7325 0.04375 0.71875
2 0.075 0.61875 0.0625 0.61875 0.0625 0.6475 0.075 0.6475 0.075 0.61875
2 0.19125 0.5925 0.17625 0.5925 0.17625 0.62 0.19125 0.62 0.19125 0.5925
2 0.215 0.5875 0.20125 0.5875 0.20125 0.6174999999999999 0.215 0.6174999999999999 0.215 0.5875
2 0.22875 0.5912499999999999 0.215 0.5912499999999999 0.215 0.61625 0.22875 0.61625 0.22875 0.5912499999999999
2 0.2425 0.5862499999999999 0.22875 0.5862499999999999 0.22875 0.6125 0.2425 0.6125 0.2425 0.5862499999999999
2 0.255 0.58 0.24 0.58 0.24 0.61 0.255 0.61 0.255 0.58
2 0.24 0.43125 0.22625 0.43125 0.22625 0.45625 0.24 0.45625 0.24 0.43125
2 0.305 0.3275 0.29 0.3275 0.29 0.35375 0.305 0.35375 0.305 0.3275
2 0.255 0.43125 0.24 0.43125 0.24 0.45625 0.255 0.45625 0.255 0.43125
2 0.4125 0.37374999999999997 0.3975 0.37374999999999997 0.3975 0.395 0.4125 0.395 0.4125 0.37374999999999997
2 0.36375 0.3775 0.34625 0.3775 0.34625 0.40875000000000006 0.36375 0.40875000000000006 0.36375 0.3775
2 0.2525 0.40125 0.23500000000000001 0.40125 0.23500000000000001 0.43125 0.2525 0.43125 0.2525 0.40125
2 0.27625 0.39375 0.25875 0.39375 0.25875 0.42000000000000004 0.27625 0.42000000000000004 0.27625 0.39375
2 0.32125 0.36875 0.29500000000000004 0.36875 0.29500000000000004 0.3825 0.32125 0.3825 0.32125 0.36875
2 0.40499999999999997 0.31124999999999997 0.39125 0.31124999999999997 0.39125 0.335 0.40499999999999997 0.335 0.40499999999999997 0.31124999999999997
2 0.39249999999999996 0.31375000000000003 0.37875000000000003 0.31375000000000003 0.37875000000000003 0.33999999999999997 0.39249999999999996 0.33999999999999997 0.39249999999999996 0.31375000000000003
2 0.37875000000000003 0.31375000000000003 0.365 0.31375000000000003 0.365 0.33875 0.37875000000000003 0.33875 0.37875000000000003 0.31375000000000003
2 0.32999999999999996 0.32625000000000004 0.31625000000000003 0.32625000000000004 0.31625000000000003 0.35125 0.32999999999999996 0.35125 0.32999999999999996 0.32625000000000004