2 0.45875000000000005 0.5875 0.44625000000000004 0.5875 0.44625000000000004 0.61 0.45875000000000005 0.61 0.45875000000000005 0.5875
2 0.35875 0.09875 0.3375 0.09875 0.3375 0.11125 0.35875 0.11125 0.35875 0.09875
2 0.2425 0.20875 0.21749999999999997 0.20875 0.21749999999999997 0.22125 0.2425 0.22125 0.2425 0.20875
2 0.2475 0.19624999999999998 0.22000000000000003 0.19624999999999998 0.22000000000000003 0.20750000000000002 0.2475 0.20750000000000002 0.2475 0.19624999999999998
2 0.24500000000000002 0.18375 0.22125 0.18375 0.22125 0.19624999999999998 0.24500000000000002 0.19624999999999998 0.24500000000000002 0.18375
2 0.18625 0.20375000000000001 0.16125 0.20375000000000001 0.16125 0.21749999999999997 0.18625 0.21749999999999997 0.18625 0.20375000000000001
2 0.185 0.19125 0.16 0.19125 0.16 0.205 0.185 0.205 0.185 0.19125
2 0.18625 0.1775 0.1625 0.1775 0.1625 0.19 0.18625 0.19 0.18625 0.1775
2 0.18875 0.16499999999999998 0.16375 0.16499999999999998 0.16375 0.1775 0.18875 0.1775 0.18875 0.16499999999999998
2 0.27 0.1325 0.2475 0.1325 0.2475 0.145 0.27 0.145 0.27 0.1325
2 0.19125 0.12875 0.1675 0.12875 0.1675 0.14125000000000001 0.19125 0.14125000000000001 0.19125 0.12875
2 0.36 0.0725 0.33875 0.0725 0.33875 0.08499999999999999 0.36 0.08499999999999999 0.36 0.0725
2 0.35375 0.15125 0.33125 0.15125 0.33125 0.16125 0.35375 0.16125 0.35375 0.15125
2 0.24625 0.10625 0.225 0.10625 0.225 0.11750000000000001 0.24625 0.11750000000000001 0.24625 0.10625
2 0.27749999999999997 0.04375 0.25375000000000003 0.04375 0.25375000000000003 0.05625 0.27749999999999997 0.05625 0.27749999999999997 0.04375
2 0.26625 0.20875 0.24500000000000002 0.20875 0.24500000000000002 0.22125 0.26625 0.22125 0.26625 0.20875
2 0.35375 0.17375000000000002 0.32999999999999996 0.17375000000000002 0.32999999999999996 0.1875 0.35375 0.1875 0.35375 0.17375000000000002
2 0.4625 0.52125 0.44875 0.52125 0.44875 0.5475 0.4625 0.5475 0.4625 0.52125
2 0.41125 0.20375000000000001 0.39 0.20375000000000001 0.39 0.215 0.41125 0.215 0.41125 0.20375000000000001
2 0.46875 0.375 0.45625 0.375 0.45625 0.40125 0.46875 0.40125 0.46875 0.375
2 0.585 0.05500000000000001 0.5662499999999999 0.05500000000000001 0.5662499999999999 0.08249999999999999 0.585 0.08249999999999999 0.585 0.05500000000000001
2 0.56875 0.061250000000000006 0.55 0.061250000000000006 0.55 0.08375 0.56875 0.08375 0.56875 0.061250000000000006
2 0.5375 0.052500000000000005 0.515 0.052500000000000005 0.515 0.08249999999999999 0.5375 0.08249999999999999 0.5375 0.052500000000000005
2 0.47125000000000006 0.26125 0.45875000000000005 0.26125 0.45875000000000005 0.28625 0.47125000000000006 0.28625 0.47125000000000006 0.26125
2 0.475 0.1525 0.46375 0.1525 0.46375 0.17875000000000002 0.475 0.17875000000000002 0.475 0.1525
2 0.41624999999999995 0.11374999999999999 0.39125 0.11374999999999999 0.39125 0.12625 0.41624999999999995 0.12625 0.41624999999999995 0.11374999999999999
2 0.35750000000000004 0.24 0.33375 0.24 0.33375 0.25125000000000003 0.35750000000000004 0.25125000000000003 0.35750000000000004 0.24
2 0.32875 0.2375 0.30625 0.2375 0.30625 0.25 0.32875 0.25 0.32875 0.2375
2 0.185 0.23125 0.1625 0.23125 0.1625 0.2425 0.185 0.2425 0.185 0.23125
2 0.35625 0.18625 0.33375 0.18625 0.33375 0.19875 0.35625 0.19875 0.35625 0.18625
2 0.2425 0.23500000000000001 0.22000000000000003 0.23500000000000001 0.22000000000000003 0.24625 0.2425 0.24625 0.2425 0.23500000000000001
2 0.26749999999999996 0.23500000000000001 0.24500000000000002 0.23500000000000001 0.24500000000000002 0.24500000000000002 0.26749999999999996 0.24500000000000002 0.26749999999999996 0.23500000000000001
2 0.27 0.2225 0.24500000000000002 0.2225 0.24500000000000002 0.2325 0.27 0.2325 0.27 0.2225
2 0.35375 0.225 0.32999999999999996 0.225 0.32999999999999996 0.23875000000000002 0.35375 0.23875000000000002 0.35375 0.225
2 0.41125 0.19 0.3875 0.19 0.3875 0.20249999999999999 0.41125 0.20249999999999999 0.41125 0.19
2 0.3275 0.22125 0.30125 0.22125 0.30125 0.23625 0.3275 0.23625 0.3275 0.22125
2 0.35125 0.2125 0.33375 0.2125 0.33375 0.22374999999999998 0.35125 0.22374999999999998 0.35125 0.2125
2 0.3275 0.19875 0.30625 0.19875 0.30625 0.21125 0.3275 0.21125 0.3275 0.19875
2 0.32999999999999996 0.17250000000000001 0.30625 0.17250000000000001 0.30625 0.18875 0.32999999999999996 0.18875 0.32999999999999996 0.17250000000000001
2 0.41375 0.1625 0.38875000000000004 0.1625 0.38875000000000004 0.1775 0.41375 0.1775 0.41375 0.1625
2 0.5625 0.02 0.54125 0.02 0.54125 0.04 0.5625 0.04 0.5625 0.02