2 0.21625 0.8324999999999999 0.19375 0.8324999999999999 0.19375 0.845 0.21625 0.845 0.21625 0.8324999999999999
2 0.3525 0.5862499999999999 0.32625000000000004 0.5862499999999999 0.32625000000000004 0.635 0.3525 0.635 0.3525 0.5862499999999999
2 0.6900000000000001 0.265 0.66625 0.265 0.66625 0.2875 0.6900000000000001 0.2875 0.6900000000000001 0.265
2 0.71 0.28875 0.68875 0.28875 0.68875 0.3075 0.71 0.3075 0.71 0.28875
2 0.7725 0.27999999999999997 0.76 0.27999999999999997 0.76 0.3025 0.7725 0.3025 0.7725 0.27999999999999997
2 0.57125 0.29375 0.55 0.29375 0.55 0.31875 0.57125 0.31875 0.57125 0.29375
2 0.3675 0.83625 0.33999999999999997 0.83625 0.33999999999999997 0.8462500000000001 0.3675 0.8462500000000001 0.3675 0.83625
2 0.46375 0.8324999999999999 0.44000000000000006 0.8324999999999999 0.44000000000000006 0.8462500000000001 0.46375 0.8462500000000001 0.46375 0.8324999999999999
2 0.64125 0.825 0.61625 0.825 0.61625 0.8375 0.64125 0.8375 0.64125 0.825
2 0.7162499999999999 0.8262499999999999 0.6950000000000001 0.8262499999999999 0.6950000000000001 0.8375 0.7162499999999999 0.8375 0.7162499999999999 0.8262499999999999
2 0.185 0.8800000000000001 0.16125 0.8800000000000001 0.16125 0.9 0.185 0.9 0.185 0.8800000000000001
2 0.2 0.8887499999999999 0.1775 0.8887499999999999 0.1775 0.9087500000000001 0.2 0.9087500000000001 0.2 0.8887499999999999
2 0.21000000000000002 0.905 0.18625 0.905 0.18625 0.9237500000000001 0.21000000000000002 0.9237500000000001 0.21000000000000002 0.905
2 0.5825 0.30125 0.56375 0.30125 0.56375 0.32375 0.5825 0.32375 0.5825 0.30125
2 0.028749999999999998 0.5962500000000001 0.013750000000000002 0.5962500000000001 0.013750000000000002 0.62 0.028749999999999998 0.62 0.028749999999999998 0.5962500000000001
2 0.1025 0.6375 0.08625000000000001 0.6375 0.08625000000000001 0.6637500000000001 0.1025 0.6637500000000001 0.1025 0.6375
2 0.1925 0.6625 0.18125 0.6625 0.18125 0.6950000000000001 0.1925 0.6950000000000001 0.1925 0.6625
2 0.16875 0.90625 0.15 0.90625 0.15 0.9275 0.16875 0.9275 0.16875 0.90625