2 0.94625 0.7125 0.93125 0.7125 0.93125 0.72875 0.94625 0.72875 0.94625 0.7125
2 0.92125 0.60375 0.905 0.60375 0.905 0.61125 0.92125 0.61125 0.92125 0.60375
2 0.9199999999999999 0.62 0.905 0.62 0.905 0.62625 0.9199999999999999 0.62625 0.9199999999999999 0.62
2 0.9199999999999999 0.625 0.90625 0.625 0.90625 0.6325000000000001 0.9199999999999999 0.6325000000000001 0.9199999999999999 0.625
2 0.9199999999999999 0.6325000000000001 0.9087500000000001 0.6325000000000001 0.9087500000000001 0.63875 0.9199999999999999 0.63875 0.9199999999999999 0.6325000000000001
2 0.88375 0.61375 0.8699999999999999 0.61375 0.8699999999999999 0.6212500000000001 0.88375 0.6212500000000001 0.88375 0.61375
2 0.885 0.60625 0.8712500000000001 0.60625 0.8712500000000001 0.61375 0.885 0.61375 0.885 0.60625
2 0.8825 0.5725 0.86875 0.5725 0.86875 0.58 0.8825 0.58 0.8825 0.5725
2 0.8825 0.58 0.8699999999999999 0.58 0.8699999999999999 0.5862499999999999 0.8825 0.5862499999999999 0.8825 0.58
2 0.86875 0.5875 0.85625 0.5875 0.85625 0.595 0.86875 0.595 0.86875 0.5875
2 0.8699999999999999 0.595 0.8574999999999999 0.595 0.8574999999999999 0.6012500000000001 0.8699999999999999 0.6012500000000001 0.8699999999999999 0.595
2 0.8699999999999999 0.6012500000000001 0.85875 0.6012500000000001 0.85875 0.6075 0.8699999999999999 0.6075 0.8699999999999999 0.6012500000000001
2 0.8699999999999999 0.6075 0.8574999999999999 0.6075 0.8574999999999999 0.615 0.8699999999999999 0.615 0.8699999999999999 0.6075
2 0.8712500000000001 0.6275000000000001 0.8474999999999999 0.6275000000000001 0.8474999999999999 0.64625 0.8712500000000001 0.64625 0.8712500000000001 0.6275000000000001
2 1 0.7462500000000001 0.9800000000000001 0.7462500000000001 0.9800000000000001 0.7625 1 0.7625 1 0.7462500000000001
2 0.9 0.70375 0.89125 0.70375 0.89125 0.7175 0.9 0.7175 0.9 0.70375
2 0.8949999999999999 0.7075 0.885 0.7075 0.885 0.72 0.8949999999999999 0.72 0.8949999999999999 0.7075
2 0.885 0.7162499999999999 0.87375 0.7162499999999999 0.87375 0.72875 0.885 0.72875 0.885 0.7162499999999999
2 0.9125 0.6950000000000001 0.89875 0.6950000000000001 0.89875 0.7112499999999999 0.9125 0.7112499999999999 0.9125 0.6950000000000001
2 0.9349999999999999 0.6837500000000001 0.92125 0.6837500000000001 0.92125 0.7 0.9349999999999999 0.7 0.9349999999999999 0.6837500000000001
2 0.92125 0.5925 0.905 0.5925 0.905 0.59875 0.92125 0.59875 0.92125 0.5925
2 0.92125 0.58375 0.9037499999999999 0.58375 0.9037499999999999 0.5912499999999999 0.92125 0.5912499999999999 0.92125 0.58375
2 0.9199999999999999 0.5775 0.905 0.5775 0.905 0.58375 0.9199999999999999 0.58375 0.9199999999999999 0.5775
2 0.91875 0.5650000000000001 0.9037499999999999 0.5650000000000001 0.9037499999999999 0.5700000000000001 0.91875 0.5700000000000001 0.91875 0.5650000000000001
2 0.91875 0.55 0.9025000000000001 0.55 0.9025000000000001 0.5575 0.91875 0.5575 0.91875 0.55
2 0.91875 0.5575 0.9012499999999999 0.5575 0.9012499999999999 0.5650000000000001 0.91875 0.5650000000000001 0.91875 0.5575
2 0.94625 0.69375 0.93 0.69375 0.93 0.70875 0.94625 0.70875 0.94625 0.69375
2 0.93875 0.71875 0.9275 0.71875 0.9275 0.7325 0.93875 0.7325 0.93875 0.71875
2 0.9324999999999999 0.72 0.92125 0.72 0.92125 0.735 0.9324999999999999 0.735 0.9324999999999999 0.72
2 0.99 0.9800000000000001 0.975 0.9800000000000001 0.975 0.9875 0.99 0.9875 0.99 0.9800000000000001
2 0.9712500000000001 0.98375 0.96 0.98375 0.96 0.99 0.9712500000000001 0.99 0.9712500000000001 0.98375
2 0.94625 0.98375 0.9349999999999999 0.98375 0.9349999999999999 0.99 0.94625 0.99 0.94625 0.98375
2 1 0.97875 0.99375 0.97875 0.99375 0.99 1 0.99 1 0.97875
2 0.7825 0.7737499999999999 0.77 0.7737499999999999 0.77 0.79 0.7825 0.79 0.7825 0.7737499999999999
2 0.9237500000000001 0.7262500000000001 0.9099999999999999 0.7262500000000001 0.9099999999999999 0.74125 0.9237500000000001 0.74125 0.9237500000000001 0.7262500000000001
2 0.9087500000000001 0.7325 0.89 0.7325 0.89 0.7537499999999999 0.9087500000000001 0.7537499999999999 0.9087500000000001 0.7325
2 0.8462500000000001 0.73875 0.835 0.73875 0.835 0.7525000000000001 0.8462500000000001 0.7525000000000001 0.8462500000000001 0.73875
2 0.86875 0.72375 0.85625 0.72375 0.85625 0.73875 0.86875 0.73875 0.86875 0.72375
2 0.8300000000000001 0.74875 0.81875 0.74875 0.81875 0.7625 0.8300000000000001 0.7625 0.8300000000000001 0.74875
2 0.81875 0.75625 0.8087500000000001 0.75625 0.8087500000000001 0.76875 0.81875 0.76875 0.81875 0.75625
2 0.8074999999999999 0.76125 0.79625 0.76125 0.79625 0.7737499999999999 0.8074999999999999 0.7737499999999999 0.8074999999999999 0.76125
2 0.8012499999999999 0.76625 0.79125 0.76625 0.79125 0.7787499999999999 0.8012499999999999 0.7787499999999999 0.8012499999999999 0.76625
2 0.85125 0.7725 0.8400000000000001 0.7725 0.8400000000000001 0.7849999999999999 0.85125 0.7849999999999999 0.85125 0.7725
2 0.6912499999999999 0.835 0.6799999999999999 0.835 0.6799999999999999 0.8474999999999999 0.6912499999999999 0.8474999999999999 0.6912499999999999 0.835
2 0.8474999999999999 0.77625 0.835 0.77625 0.835 0.79 0.8474999999999999 0.79 0.8474999999999999 0.77625
2 0.885 0.75 0.87375 0.75 0.87375 0.76375 0.885 0.76375 0.885 0.75
2 0.8699999999999999 0.7625 0.8574999999999999 0.7625 0.8574999999999999 0.7775000000000001 0.8699999999999999 0.7775000000000001 0.8699999999999999 0.7625
2 0.73125 0.8087500000000001 0.7212500000000001 0.8087500000000001 0.7212500000000001 0.8237500000000001 0.73125 0.8237500000000001 0.73125 0.8087500000000001
2 0.7424999999999999 0.8025 0.73 0.8025 0.73 0.8175000000000001 0.7424999999999999 0.8175000000000001 0.7424999999999999 0.8025
2 0.725 0.81125 0.7162499999999999 0.81125 0.7162499999999999 0.825 0.725 0.825 0.725 0.81125
2 0.71875 0.8162499999999999 0.7112499999999999 0.8162499999999999 0.7112499999999999 0.8300000000000001 0.71875 0.8300000000000001 0.71875 0.8162499999999999
2 0.71375 0.82125 0.7025 0.82125 0.7025 0.835 0.71375 0.835 0.71375 0.82125
2 0.41875 1 0.41875 0.99375 0.41 0.99375 0.41 1 0.41875 1
2 0.42625 1 0.42625 0.9875 0.41624999999999995 0.9875 0.41624999999999995 1 0.42625 1
2 0.4875 0.95 0.47750000000000004 0.95 0.47750000000000004 0.9625 0.4875 0.9625 0.4875 0.95
2 0.5475 0.9125 0.53625 0.9125 0.53625 0.9262499999999999 0.5475 0.9262499999999999 0.5475 0.9125
2 0.5425 0.9175000000000001 0.53125 0.9175000000000001 0.53125 0.93 0.5425 0.93 0.5425 0.9175000000000001
2 0.5375 0.92125 0.5275000000000001 0.92125 0.5275000000000001 0.9349999999999999 0.5375 0.9349999999999999 0.5375 0.92125
2 0.5325 0.925 0.5225 0.925 0.5225 0.9375 0.5325 0.9375 0.5325 0.925
2 0.5275000000000001 0.9275 0.515 0.9275 0.515 0.9425000000000001 0.5275000000000001 0.9425000000000001 0.5275000000000001 0.9275
2 0.52125 0.93125 0.51125 0.93125 0.51125 0.9425000000000001 0.52125 0.9425000000000001 0.52125 0.93125
2 0.51625 0.9337500000000001 0.505 0.9337500000000001 0.505 0.9475 0.51625 0.9475 0.51625 0.9337500000000001
2 0.505 0.9425000000000001 0.49375 0.9425000000000001 0.49375 0.9550000000000001 0.505 0.9550000000000001 0.505 0.9425000000000001
2 0.48375 0.9550000000000001 0.47125000000000006 0.9550000000000001 0.47125000000000006 0.96875 0.48375 0.96875 0.48375 0.9550000000000001
2 0.43375 0.985 0.42125 0.985 0.42125 0.9974999999999999 0.43375 0.9974999999999999 0.43375 0.985
2 0.47125000000000006 0.96125 0.45999999999999996 0.96125 0.45999999999999996 0.975 0.47125000000000006 0.975 0.47125000000000006 0.96125
2 0.48250000000000004 0.8487500000000001 0.47000000000000003 0.8487500000000001 0.47000000000000003 0.8612500000000001 0.48250000000000004 0.8612500000000001 0.48250000000000004 0.8487500000000001
2 0.475 0.85625 0.46125 0.85625 0.46125 0.86625 0.475 0.86625 0.475 0.85625
2 0.47000000000000003 0.8625 0.45499999999999996 0.8625 0.45499999999999996 0.87375 0.47000000000000003 0.87375 0.47000000000000003 0.8625
2 0.46125 0.8699999999999999 0.445 0.8699999999999999 0.445 0.8800000000000001 0.46125 0.8800000000000001 0.46125 0.8699999999999999
2 0.4425 0.88125 0.425 0.88125 0.425 0.89125 0.4425 0.89125 0.4425 0.88125
2 0.44875 0.9737500000000001 0.4375 0.9737500000000001 0.4375 0.9887499999999999 0.44875 0.9887499999999999 0.44875 0.9737500000000001
2 0.4375 0.9800000000000001 0.42625 0.9800000000000001 0.42625 0.9925 0.4375 0.9925 0.4375 0.9800000000000001
2 0.13625 0.9824999999999999 0.12625 0.9824999999999999 0.12625 0.9949999999999999 0.13625 0.9949999999999999 0.13625 0.9824999999999999
2 0.93 0.445 0.92125 0.445 0.92125 0.48375 0.93 0.48375 0.93 0.445
2 0.9099999999999999 0.4575 0.9 0.4575 0.9 0.5025000000000001 0.9099999999999999 0.5025000000000001 0.9099999999999999 0.4575
2 0.825 0.5125 0.8162499999999999 0.5125 0.8162499999999999 0.55125 0.825 0.55125 0.825 0.5125
2 0.8775000000000001 0.37374999999999997 0.85 0.37374999999999997 0.85 0.41 0.8775000000000001 0.41 0.8775000000000001 0.37374999999999997
2 0.8525 0.38875000000000004 0.825 0.38875000000000004 0.825 0.42625 0.8525 0.42625 0.8525 0.38875000000000004
2 0.8262499999999999 0.40625 0.79875 0.40625 0.79875 0.4425 0.8262499999999999 0.4425 0.8262499999999999 0.40625
2 0.8099999999999999 0.41500000000000004 0.78125 0.41500000000000004 0.78125 0.45125000000000004 0.8099999999999999 0.45125000000000004 0.8099999999999999 0.41500000000000004
2 0.7537499999999999 0.44749999999999995 0.73 0.44749999999999995 0.73 0.48 0.7537499999999999 0.48 0.7537499999999999 0.44749999999999995
2 0.73125 0.465 0.705 0.465 0.705 0.5 0.73125 0.5 0.73125 0.465
2 0.68875 0.48875 0.66125 0.48875 0.66125 0.52625 0.68875 0.52625 0.68875 0.48875
2 0.6637500000000001 0.50625 0.63625 0.50625 0.63625 0.5425 0.6637500000000001 0.5425 0.6637500000000001 0.50625
2 0.56375 0.56875 0.53625 0.56875 0.53625 0.605 0.56375 0.605 0.56375 0.56875
2 0.44875 0.805 0.40374999999999994 0.805 0.40374999999999994 0.82 0.44875 0.82 0.44875 0.805
2 0.4 0.82875 0.3525 0.82875 0.3525 0.8487500000000001 0.4 0.8487500000000001 0.4 0.82875
2 0.38875000000000004 0.8387499999999999 0.34500000000000003 0.8387499999999999 0.34500000000000003 0.8550000000000001 0.38875000000000004 0.8550000000000001 0.38875000000000004 0.8387499999999999
2 0.3825 0.86 0.35125 0.86 0.35125 0.8699999999999999 0.3825 0.8699999999999999 0.3825 0.86
2 0.24500000000000002 0.8012499999999999 0.19375 0.8012499999999999 0.19375 0.8225 0.24500000000000002 0.8225 0.24500000000000002 0.8012499999999999
2 0.22875 0.8099999999999999 0.18875 0.8099999999999999 0.18875 0.82875 0.22875 0.82875 0.22875 0.8099999999999999
2 0.22125 0.8162499999999999 0.17625 0.8162499999999999 0.17625 0.8375 0.22125 0.8375 0.22125 0.8162499999999999
2 0.92875 0.34125 0.9012499999999999 0.34125 0.9012499999999999 0.37875000000000003 0.92875 0.37875000000000003 0.92875 0.34125
2 0.93875 0.335 0.9099999999999999 0.335 0.9099999999999999 0.3725 0.93875 0.3725 0.93875 0.335
2 0.04875 0.825 0.0375 0.825 0.0375 0.8412499999999999 0.04875 0.8412499999999999 0.04875 0.825
2 0.1275 0.985 0.11875 0.985 0.11875 0.9962500000000001 0.1275 0.9962500000000001 0.1275 0.985
2 0.01875 0.8724999999999999 0.008749999999999999 0.8724999999999999 0.008749999999999999 0.8862500000000001 0.01875 0.8862500000000001 0.01875 0.8724999999999999
2 0.12250000000000001 0.9087500000000001 0.10500000000000001 0.9087500000000001 0.10500000000000001 0.9324999999999999 0.12250000000000001 0.9324999999999999 0.12250000000000001 0.9087500000000001
2 0.03125 0.8875 0.015 0.8875 0.015 0.9112500000000001 0.03125 0.9112500000000001 0.03125 0.8875
2 0.04 0.8875 0.025 0.8875 0.025 0.9099999999999999 0.04 0.9099999999999999 0.04 0.8875
2 0.065 0.8775000000000001 0.0475 0.8775000000000001 0.0475 0.9012499999999999 0.065 0.9012499999999999 0.065 0.8775000000000001
2 0.0375 0.86 0.027500000000000004 0.86 0.027500000000000004 0.875 0.0375 0.875 0.0375 0.86
2 0.042499999999999996 0.8300000000000001 0.03125 0.8300000000000001 0.03125 0.84375 0.042499999999999996 0.84375 0.042499999999999996 0.8300000000000001
2 0.10500000000000001 0.8099999999999999 0.09 0.8099999999999999 0.09 0.83125 0.10500000000000001 0.83125 0.10500000000000001 0.8099999999999999
2 0.92875 1 0.92875 0.985 0.8825 0.985 0.8825 1 0.92875 1
2 0.7 0.1275 0.6725 0.1275 0.6725 0.16375 0.7 0.16375 0.7 0.1275
2 0.55375 0.9112500000000001 0.54375 0.9112500000000001 0.54375 0.9237500000000001 0.55375 0.9237500000000001 0.55375 0.9112500000000001
2 0.5599999999999999 0.90625 0.5475 0.90625 0.5475 0.9199999999999999 0.5599999999999999 0.9199999999999999 0.5599999999999999 0.90625
2 0.5662499999999999 0.905 0.5549999999999999 0.905 0.5549999999999999 0.9175000000000001 0.5662499999999999 0.9175000000000001 0.5662499999999999 0.905
2 0.62625 0.89375 0.61 0.89375 0.61 0.90625 0.62625 0.90625 0.62625 0.89375
2 0.5875 0.9775 0.57625 0.9775 0.57625 0.99125 0.5875 0.99125 0.5875 0.9775
2 0.60875 0.9637499999999999 0.5974999999999999 0.9637499999999999 0.5974999999999999 0.9800000000000001 0.60875 0.9800000000000001 0.60875 0.9637499999999999
2 0.61625 0.96 0.605 0.96 0.605 0.97625 0.61625 0.97625 0.61625 0.96
2 0.56375 1 0.56375 0.99125 0.5549999999999999 0.99125 0.5549999999999999 1 0.56375 1
2 0.5549999999999999 1 0.5549999999999999 0.9949999999999999 0.5475 0.9949999999999999 0.5475 1 0.5549999999999999 1
2 0.755 0.83375 0.74375 0.83375 0.74375 0.8474999999999999 0.755 0.8474999999999999 0.755 0.83375
2 0.81875 0.79 0.8074999999999999 0.79 0.8074999999999999 0.80375 0.81875 0.80375 0.81875 0.79
2 0.80375 0.80375 0.79 0.80375 0.79 0.8162499999999999 0.80375 0.8162499999999999 0.80375 0.80375
2 0.74 0.8412499999999999 0.73125 0.8412499999999999 0.73125 0.8574999999999999 0.74 0.8574999999999999 0.74 0.8412499999999999
2 0.7325 0.845 0.7262500000000001 0.845 0.7262500000000001 0.85875 0.7325 0.85875 0.7325 0.845
2 0.73125 0.8474999999999999 0.72 0.8474999999999999 0.72 0.86 0.73125 0.86 0.73125 0.8474999999999999
2 0.725 0.8525 0.71375 0.8525 0.71375 0.8637499999999999 0.725 0.8637499999999999 0.725 0.8525
2 0.72 0.85375 0.70875 0.85375 0.70875 0.8675 0.72 0.8675 0.72 0.85375
2 0.71375 0.8574999999999999 0.70375 0.8574999999999999 0.70375 0.8724999999999999 0.71375 0.8724999999999999 0.71375 0.8574999999999999
2 0.70875 0.86 0.69625 0.86 0.69625 0.87625 0.70875 0.87625 0.70875 0.86
2 0.60625 0.9324999999999999 0.59375 0.9324999999999999 0.59375 0.94625 0.60625 0.94625 0.60625 0.9324999999999999
2 0.5599999999999999 0.9425000000000001 0.54875 0.9425000000000001 0.54875 0.95875 0.5599999999999999 0.95875 0.5599999999999999 0.9425000000000001
2 0.55 0.9650000000000001 0.5387500000000001 0.9650000000000001 0.5387500000000001 0.97875 0.55 0.97875 0.55 0.9650000000000001
2 0.5549999999999999 0.96125 0.54375 0.96125 0.54375 0.975 0.5549999999999999 0.975 0.5549999999999999 0.96125
2 0.56125 0.9574999999999999 0.55 0.9574999999999999 0.55 0.9724999999999999 0.56125 0.9724999999999999 0.56125 0.9574999999999999
2 0.5700000000000001 0.95 0.5599999999999999 0.95 0.5599999999999999 0.9637499999999999 0.5700000000000001 0.9637499999999999 0.5700000000000001 0.95
2 0.57875 0.9487500000000001 0.5650000000000001 0.9487500000000001 0.5650000000000001 0.9637499999999999 0.57875 0.9637499999999999 0.57875 0.9487500000000001
2 0.5875 0.9412499999999999 0.5775 0.9412499999999999 0.5775 0.95375 0.5875 0.95375 0.5875 0.9412499999999999
2 0.6125 0.9275 0.6012500000000001 0.9275 0.6012500000000001 0.94375 0.6125 0.94375 0.6125 0.9275
2 0.57125 0.9375 0.5599999999999999 0.9375 0.5599999999999999 0.9512499999999999 0.57125 0.9512499999999999 0.57125 0.9375
2 0.54375 0.95375 0.5325 0.95375 0.5325 0.96875 0.54375 0.96875 0.54375 0.95375
2 0.5775 0.9337500000000001 0.5650000000000001 0.9337500000000001 0.5650000000000001 0.9475 0.5775 0.9475 0.5775 0.9337500000000001
2 0.5862499999999999 0.9262499999999999 0.575 0.9262499999999999 0.575 0.9400000000000001 0.5862499999999999 0.9400000000000001 0.5862499999999999 0.9262499999999999
2 0.5925 0.9225 0.5825 0.9225 0.5825 0.9349999999999999 0.5925 0.9349999999999999 0.5925 0.9225
2 0.5974999999999999 0.9199999999999999 0.5875 0.9199999999999999 0.5875 0.9337500000000001 0.5974999999999999 0.9337500000000001 0.5974999999999999 0.9199999999999999
2 0.605 0.915 0.59375 0.915 0.59375 0.93 0.605 0.93 0.605 0.915
2 0.64375 0.9225 0.6325000000000001 0.9225 0.6325000000000001 0.9337500000000001 0.64375 0.9337500000000001 0.64375 0.9225
2 0.63625 0.9125 0.62 0.9125 0.62 0.925 0.63625 0.925 0.63625 0.9125
2 0.6287499999999999 0.9 0.6174999999999999 0.9 0.6174999999999999 0.9099999999999999 0.6287499999999999 0.9099999999999999 0.6287499999999999 0.9
2 0.54875 0.9512499999999999 0.5387500000000001 0.9512499999999999 0.5387500000000001 0.9650000000000001 0.54875 0.9650000000000001 0.54875 0.9512499999999999
2 0.5375 0.9574999999999999 0.52625 0.9574999999999999 0.52625 0.9724999999999999 0.5375 0.9724999999999999 0.5375 0.9574999999999999
2 0.4925 0.9824999999999999 0.48125 0.9824999999999999 0.48125 0.9974999999999999 0.4925 0.9974999999999999 0.4925 0.9824999999999999
2 0.47375 1 0.47375 0.99375 0.465 0.99375 0.465 1 0.47375 1
2 0.48624999999999996 1 0.48624999999999996 0.9862500000000001 0.47625 0.9862500000000001 0.47625 1 0.48624999999999996 1
2 0.49749999999999994 0.9775 0.485 0.9775 0.485 0.99375 0.49749999999999994 0.99375 0.49749999999999994 0.9775
2 0.5325 0.96125 0.52125 0.96125 0.52125 0.975 0.5325 0.975 0.5325 0.96125
2 0.51125 1 0.51125 0.9875 0.49874999999999997 0.9875 0.49874999999999997 1 0.51125 1
2 0.51 0.9737500000000001 0.49874999999999997 0.9737500000000001 0.49874999999999997 0.9875 0.51 0.9875 0.51 0.9737500000000001
2 0.51625 0.985 0.50625 0.985 0.50625 0.99875 0.51625 0.99875 0.51625 0.985
2 0.515 0.97 0.505 0.97 0.505 0.985 0.515 0.985 0.515 0.97
2 0.5225 0.9824999999999999 0.51125 0.9824999999999999 0.51125 0.9949999999999999 0.5225 0.9949999999999999 0.5225 0.9824999999999999
2 0.51875 0.9662499999999999 0.50875 0.9662499999999999 0.50875 0.9800000000000001 0.51875 0.9800000000000001 0.51875 0.9662499999999999
2 0.5337500000000001 0.97625 0.5225 0.97625 0.5225 0.99 0.5337500000000001 0.99 0.5337500000000001 0.97625
2 0.5375 0.9724999999999999 0.5275000000000001 0.9724999999999999 0.5275000000000001 0.985 0.5375 0.985 0.5375 0.9724999999999999
2 1 0.63125 0.99375 0.63125 0.99375 0.64125 1 0.64125 1 0.63125
2 1 0.635 0.99 0.635 0.99 0.6487499999999999 1 0.6487499999999999 1 0.635
2 0.9962500000000001 0.6375 0.98375 0.6375 0.98375 0.65125 0.9962500000000001 0.65125 0.9962500000000001 0.6375
2 0.99 0.64125 0.9775 0.64125 0.9775 0.655 0.99 0.655 0.99 0.64125
2 0.98125 0.64625 0.97 0.64625 0.97 0.6599999999999999 0.98125 0.6599999999999999 0.98125 0.64625
2 0.9962500000000001 0.6525000000000001 0.985 0.6525000000000001 0.985 0.66625 0.9962500000000001 0.66625 0.9962500000000001 0.6525000000000001
2 1 0.65 0.99125 0.65 0.99125 0.6625 1 0.6625 1 0.65
2 0.9949999999999999 0.6025 0.985 0.6025 0.985 0.615 0.9949999999999999 0.615 0.9949999999999999 0.6025
2 1 0.59875 0.99 0.59875 0.99 0.61125 1 0.61125 1 0.59875
2 0.99125 0.60625 0.9800000000000001 0.60625 0.9800000000000001 0.61875 0.99125 0.61875 0.99125 0.60625
2 0.98375 0.6075 0.9724999999999999 0.6075 0.9724999999999999 0.6224999999999999 0.98375 0.6224999999999999 0.98375 0.6075
2 0.97875 0.61125 0.9675 0.61125 0.9675 0.62625 0.97875 0.62625 0.97875 0.61125
2 0.9724999999999999 0.615 0.9625 0.615 0.9625 0.63125 0.9724999999999999 0.63125 0.9724999999999999 0.615
2 0.9675 0.61875 0.9574999999999999 0.61875 0.9574999999999999 0.63375 0.9675 0.63375 0.9675 0.61875
2 0.9650000000000001 0.63625 0.95 0.63625 0.95 0.6475 0.9650000000000001 0.6475 0.9650000000000001 0.63625
2 0.9949999999999999 0.5325 0.98375 0.5325 0.98375 0.54625 0.9949999999999999 0.54625 0.9949999999999999 0.5325
2 1 0.53 0.9925 0.53 0.9925 0.5425 1 0.5425 1 0.53
2 0.9487500000000001 0.5287499999999999 0.9375 0.5287499999999999 0.9375 0.5425 0.9487500000000001 0.5425 0.9487500000000001 0.5287499999999999
2 0.9550000000000001 0.5237499999999999 0.94375 0.5237499999999999 0.94375 0.5375 0.9550000000000001 0.5375 0.9550000000000001 0.5237499999999999
2 0.96 0.52 0.95 0.52 0.95 0.5325 0.96 0.5325 0.96 0.52
2 0.9650000000000001 0.5175 0.9550000000000001 0.5175 0.9550000000000001 0.5287499999999999 0.9650000000000001 0.5287499999999999 0.9650000000000001 0.5175
2 1 0.49375 0.9925 0.49375 0.9925 0.50625 1 0.50625 1 0.49375
2 0.9974999999999999 0.49749999999999994 0.9887499999999999 0.49749999999999994 0.9887499999999999 0.51 0.9974999999999999 0.51 0.9974999999999999 0.49749999999999994
2 0.9925 0.5 0.98125 0.5 0.98125 0.51375 0.9925 0.51375 0.9925 0.5
2 0.9862500000000001 0.505 0.97625 0.505 0.97625 0.5175 0.9862500000000001 0.5175 0.9862500000000001 0.505
2 0.98125 0.50875 0.9712500000000001 0.50875 0.9712500000000001 0.52 0.98125 0.52 0.98125 0.50875
2 0.97625 0.51125 0.9662499999999999 0.51125 0.9662499999999999 0.5225 0.97625 0.5225 0.97625 0.51125
2 0.9712500000000001 0.51375 0.96 0.51375 0.96 0.5287499999999999 0.9712500000000001 0.5287499999999999 0.9712500000000001 0.51375
2 1 0.58 0.9949999999999999 0.58 0.9949999999999999 0.5912499999999999 1 0.5912499999999999 1 0.58
2 0.99375 0.5862499999999999 0.9824999999999999 0.5862499999999999 0.9824999999999999 0.6 0.99375 0.6 0.99375 0.5862499999999999
2 1 0.58375 0.9887499999999999 0.58375 0.9887499999999999 0.5974999999999999 1 0.5974999999999999 1 0.58375
2 0.9887499999999999 0.5900000000000001 0.9775 0.5900000000000001 0.9775 0.60375 0.9887499999999999 0.60375 0.9887499999999999 0.5900000000000001
2 0.99375 0.55 0.9824999999999999 0.55 0.9824999999999999 0.56375 0.99375 0.56375 0.99375 0.55
2 1 0.5425 0.99375 0.5425 0.99375 0.55625 1 0.55625 1 0.5425
2 0.99875 0.54625 0.9875 0.54625 0.9875 0.56125 0.99875 0.56125 0.99875 0.54625
2 0.9887499999999999 0.55375 0.9775 0.55375 0.9775 0.5675 0.9887499999999999 0.5675 0.9887499999999999 0.55375
2 0.9824999999999999 0.5925 0.9712500000000001 0.5925 0.9712500000000001 0.6075 0.9824999999999999 0.6075 0.9824999999999999 0.5925
2 0.9824999999999999 0.5575 0.9724999999999999 0.5575 0.9724999999999999 0.5700000000000001 0.9824999999999999 0.5700000000000001 0.9824999999999999 0.5575
2 0.97625 0.56125 0.9675 0.56125 0.9675 0.57625 0.97625 0.57625 0.97625 0.56125
2 0.9712500000000001 0.56375 0.96125 0.56375 0.96125 0.57625 0.9712500000000001 0.57625 0.9712500000000001 0.56375
2 0.9662499999999999 0.56875 0.9574999999999999 0.56875 0.9574999999999999 0.5825 0.9662499999999999 0.5825 0.9662499999999999 0.56875
2 0.96 0.5700000000000001 0.9512499999999999 0.5700000000000001 0.9512499999999999 0.58375 0.96 0.58375 0.96 0.5700000000000001
2 0.9650000000000001 0.605 0.95625 0.605 0.95625 0.61875 0.9650000000000001 0.61875 0.9650000000000001 0.605
2 0.9712500000000001 0.6 0.96 0.6 0.96 0.6125 0.9712500000000001 0.6125 0.9712500000000001 0.6
2 0.9775 0.5974999999999999 0.9662499999999999 0.5974999999999999 0.9662499999999999 0.61 0.9775 0.61 0.9775 0.5974999999999999
2 0.215 0.8275 0.16875 0.8275 0.16875 0.8474999999999999 0.215 0.8474999999999999 0.215 0.8275
2 0.3775 0.67625 0.35875 0.67625 0.35875 0.70375 0.3775 0.70375 0.3775 0.67625
2 0.61625 0.53 0.605 0.53 0.605 0.54625 0.61625 0.54625 0.61625 0.53