2 0.45499999999999996 0.60875 0.43125 0.60875 0.43125 0.62 0.45499999999999996 0.62 0.45499999999999996 0.60875
2 0.44875 0.51375 0.425 0.51375 0.425 0.525 0.44875 0.525 0.44875 0.51375
2 0.44625000000000004 0.50125 0.425 0.50125 0.425 0.515 0.44625000000000004 0.515 0.44625000000000004 0.50125
2 0.44749999999999995 0.48875 0.42125 0.48875 0.42125 0.5025000000000001 0.44749999999999995 0.5025000000000001 0.44749999999999995 0.48875
2 0.445 0.47375 0.42374999999999996 0.47375 0.42374999999999996 0.48624999999999996 0.445 0.48624999999999996 0.445 0.47375
2 0.4425 0.46125 0.42125 0.46125 0.42125 0.47125000000000006 0.4425 0.47125000000000006 0.4425 0.46125
2 0.44125 0.45 0.41624999999999995 0.45 0.41624999999999995 0.46125 0.44125 0.46125 0.44125 0.45
2 0.43875000000000003 0.43875000000000003 0.41375 0.43875000000000003 0.41375 0.44749999999999995 0.43875000000000003 0.44749999999999995 0.43875000000000003 0.43875000000000003
2 0.45625 0.61875 0.43375 0.61875 0.43375 0.6275000000000001 0.45625 0.6275000000000001 0.45625 0.61875
2 0.44875 0.52625 0.42750000000000005 0.52625 0.42750000000000005 0.5387500000000001 0.44875 0.5387500000000001 0.44875 0.52625
2 0.44749999999999995 0.5387500000000001 0.42625 0.5387500000000001 0.42625 0.55125 0.44749999999999995 0.55125 0.44749999999999995 0.5387500000000001
2 0.45 0.55125 0.425 0.55125 0.425 0.5625 0.45 0.5625 0.45 0.55125
2 0.46375 0.48375 0.45125000000000004 0.48375 0.45125000000000004 0.51 0.46375 0.51 0.46375 0.48375
2 0.034999999999999996 0.0875 0.0225 0.0875 0.0225 0.12250000000000001 0.034999999999999996 0.12250000000000001 0.034999999999999996 0.0875
2 0.0375 0.12125 0.025 0.12125 0.025 0.14625 0.0375 0.14625 0.0375 0.12125
2 0.045 0.22625 0.03375 0.22625 0.03375 0.25625 0.045 0.25625 0.045 0.22625
2 0.43 0.7150000000000001 0.41624999999999995 0.7150000000000001 0.41624999999999995 0.7375 0.43 0.7375 0.43 0.7150000000000001
2 0.46375 0.655 0.43875000000000003 0.655 0.43875000000000003 0.6675 0.46375 0.6675 0.46375 0.655
2 0.465 0.665 0.44125 0.665 0.44125 0.6799999999999999 0.465 0.6799999999999999 0.465 0.665
2 0.08625000000000001 0.85625 0.0725 0.85625 0.0725 0.8800000000000001 0.08625000000000001 0.8800000000000001 0.08625000000000001 0.85625
2 0.06875 0.60375 0.052500000000000005 0.60375 0.052500000000000005 0.6375 0.06875 0.6375 0.06875 0.60375
2 0.06375 0.51 0.04875 0.51 0.04875 0.5387500000000001 0.06375 0.5387500000000001 0.06375 0.51
2 0.40374999999999994 0.65625 0.39249999999999996 0.65625 0.39249999999999996 0.68125 0.40374999999999994 0.68125 0.40374999999999994 0.65625
2 0.39249999999999996 0.5349999999999999 0.38125 0.5349999999999999 0.38125 0.5625 0.39249999999999996 0.5625 0.39249999999999996 0.5349999999999999
2 0.38625 0.44125 0.3725 0.44125 0.3725 0.4725 0.38625 0.4725 0.38625 0.44125
2 0.38875000000000004 0.475 0.375 0.475 0.375 0.5025000000000001 0.38875000000000004 0.5025000000000001 0.38875000000000004 0.475
2 0.39 0.5037499999999999 0.37875000000000003 0.5037499999999999 0.37875000000000003 0.5375 0.39 0.5375 0.39 0.5037499999999999
2 0.39625 0.5962500000000001 0.38625 0.5962500000000001 0.38625 0.6212500000000001 0.39625 0.6212500000000001 0.39625 0.5962500000000001
2 0.39875 0.5650000000000001 0.38375 0.5650000000000001 0.38375 0.5925 0.39875 0.5925 0.39875 0.5650000000000001
2 0.495 0.48125 0.47874999999999995 0.48125 0.47874999999999995 0.50625 0.495 0.50625 0.495 0.48125
2 0.01 0.20750000000000002 0.00125 0.20750000000000002 0.00125 0.23625 0.01 0.23625 0.01 0.20750000000000002
2 0.8099999999999999 0.4025 0.8012499999999999 0.4025 0.8012499999999999 0.425 0.8099999999999999 0.425 0.8099999999999999 0.4025