2 0.45499999999999996 0.6587500000000001 0.43125 0.6587500000000001 0.43125 0.67 0.45499999999999996 0.67 0.45499999999999996 0.6587500000000001
2 0.44875 0.56375 0.425 0.56375 0.425 0.575 0.44875 0.575 0.44875 0.56375
2 0.44625000000000004 0.55125 0.425 0.55125 0.425 0.5650000000000001 0.44625000000000004 0.5650000000000001 0.44625000000000004 0.55125
2 0.44749999999999995 0.5387500000000001 0.42125 0.5387500000000001 0.42125 0.5525 0.44749999999999995 0.5525 0.44749999999999995 0.5387500000000001
2 0.445 0.5237499999999999 0.42374999999999996 0.5237499999999999 0.42374999999999996 0.53625 0.445 0.53625 0.445 0.5237499999999999
2 0.4425 0.51125 0.42125 0.51125 0.42125 0.52125 0.4425 0.52125 0.4425 0.51125
2 0.44125 0.5 0.41624999999999995 0.5 0.41624999999999995 0.51125 0.44125 0.51125 0.44125 0.5
2 0.43875000000000003 0.48875 0.41375 0.48875 0.41375 0.49749999999999994 0.43875000000000003 0.49749999999999994 0.43875000000000003 0.48875
2 0.45625 0.66875 0.43375 0.66875 0.43375 0.6775 0.45625 0.6775 0.45625 0.66875
2 0.44875 0.57625 0.42750000000000005 0.57625 0.42750000000000005 0.58875 0.44875 0.58875 0.44875 0.57625
2 0.44749999999999995 0.58875 0.42625 0.58875 0.42625 0.6012500000000001 0.44749999999999995 0.6012500000000001 0.44749999999999995 0.58875
2 0.45 0.6012500000000001 0.425 0.6012500000000001 0.425 0.6125 0.45 0.6125 0.45 0.6012500000000001
2 0.46375 0.5337500000000001 0.45125000000000004 0.5337500000000001 0.45125000000000004 0.5599999999999999 0.46375 0.5599999999999999 0.46375 0.5337500000000001
2 0.034999999999999996 0.1375 0.0225 0.1375 0.0225 0.17250000000000001 0.034999999999999996 0.17250000000000001 0.034999999999999996 0.1375
2 0.0375 0.17124999999999999 0.025 0.17124999999999999 0.025 0.19624999999999998 0.0375 0.19624999999999998 0.0375 0.17124999999999999
2 0.045 0.27625 0.03375 0.27625 0.03375 0.30625 0.045 0.30625 0.045 0.27625
2 0.43 0.765 0.41624999999999995 0.765 0.41624999999999995 0.7875 0.43 0.7875 0.43 0.765
2 0.46375 0.705 0.43875000000000003 0.705 0.43875000000000003 0.7175 0.46375 0.7175 0.46375 0.705
2 0.465 0.7150000000000001 0.44125 0.7150000000000001 0.44125 0.73 0.465 0.73 0.465 0.7150000000000001
2 0.08625000000000001 0.90625 0.0725 0.90625 0.0725 0.93 0.08625000000000001 0.93 0.08625000000000001 0.90625
2 0.06875 0.6537499999999999 0.052500000000000005 0.6537499999999999 0.052500000000000005 0.6875 0.06875 0.6875 0.06875 0.6537499999999999
2 0.06375 0.5599999999999999 0.04875 0.5599999999999999 0.04875 0.58875 0.06375 0.58875 0.06375 0.5599999999999999
2 0.40374999999999994 0.70625 0.39249999999999996 0.70625 0.39249999999999996 0.73125 0.40374999999999994 0.73125 0.40374999999999994 0.70625
2 0.39249999999999996 0.585 0.38125 0.585 0.38125 0.6125 0.39249999999999996 0.6125 0.39249999999999996 0.585
2 0.38625 0.49124999999999996 0.3725 0.49124999999999996 0.3725 0.5225 0.38625 0.5225 0.38625 0.49124999999999996
2 0.38875000000000004 0.525 0.375 0.525 0.375 0.5525 0.38875000000000004 0.5525 0.38875000000000004 0.525
2 0.39 0.55375 0.37875000000000003 0.55375 0.37875000000000003 0.5875 0.39 0.5875 0.39 0.55375
2 0.39625 0.64625 0.38625 0.64625 0.38625 0.67125 0.39625 0.67125 0.39625 0.64625
2 0.39875 0.615 0.38375 0.615 0.38375 0.6425 0.39875 0.6425 0.39875 0.615
2 0.495 0.53125 0.47874999999999995 0.53125 0.47874999999999995 0.55625 0.495 0.55625 0.495 0.53125
2 0.0125 0.2525 0.00125 0.2525 0.00125 0.2875 0.0125 0.2875 0.0125 0.2525
2 0.025 0.041249999999999995 0.0125 0.041249999999999995 0.0125 0.0675 0.025 0.0675 0.025 0.041249999999999995
2 0.02375 0.01125 0.008749999999999999 0.01125 0.008749999999999999 0.03875 0.02375 0.03875 0.02375 0.01125