2 0.73 0.9875 0.705 0.9875 0.705 0.9974999999999999 0.73 0.9974999999999999 0.73 0.9875
2 0.7150000000000001 0.7212500000000001 0.70125 0.7212500000000001 0.70125 0.745 0.7150000000000001 0.745 0.7150000000000001 0.7212500000000001
2 0.7262500000000001 0.71875 0.7125 0.71875 0.7125 0.7424999999999999 0.7262500000000001 0.7424999999999999 0.7262500000000001 0.71875
2 0.79125 0.9775 0.76375 0.9775 0.76375 0.9925 0.79125 0.9925 0.79125 0.9775
2 0.83375 0.9724999999999999 0.8074999999999999 0.9724999999999999 0.8074999999999999 0.9875 0.83375 0.9875 0.83375 0.9724999999999999
2 0.86 0.97 0.8324999999999999 0.97 0.8324999999999999 0.9824999999999999 0.86 0.9824999999999999 0.86 0.97
2 0.9400000000000001 0.95875 0.9175000000000001 0.95875 0.9175000000000001 0.9737500000000001 0.9400000000000001 0.9737500000000001 0.9400000000000001 0.95875
2 0.9125 0.9625 0.8887499999999999 0.9625 0.8887499999999999 0.97625 0.9125 0.97625 0.9125 0.9625
2 0.8875 0.9662499999999999 0.86 0.9662499999999999 0.86 0.9800000000000001 0.8875 0.9800000000000001 0.8875 0.9662499999999999
2 0.97 0.95625 0.9425000000000001 0.95625 0.9425000000000001 0.97 0.97 0.97 0.97 0.95625
2 0.93125 0.27749999999999997 0.91625 0.27749999999999997 0.91625 0.3025 0.93125 0.3025 0.93125 0.27749999999999997
2 0.88375 0.22625 0.86875 0.22625 0.86875 0.25125000000000003 0.88375 0.25125000000000003 0.88375 0.22625
2 0.34875 0.975 0.32 0.975 0.32 0.99 0.34875 0.99 0.34875 0.975
2 0.37875000000000003 0.9737500000000001 0.34750000000000003 0.9737500000000001 0.34750000000000003 0.9875 0.37875000000000003 0.9875 0.37875000000000003 0.9737500000000001
2 0.40625 0.9712500000000001 0.38125 0.9712500000000001 0.38125 0.9862500000000001 0.40625 0.9862500000000001 0.40625 0.9712500000000001
2 0.75875 0.9824999999999999 0.73125 0.9824999999999999 0.73125 0.9962500000000001 0.75875 0.9962500000000001 0.75875 0.9824999999999999
2 0.68875 1 0.68875 0.99125 0.66625 0.99125 0.66625 1 0.68875 1
2 0.99875 0.9525 0.97625 0.9525 0.97625 0.9637499999999999 0.99875 0.9637499999999999 0.99875 0.9525