2 0.08125 0.7875 0.05625 0.7875 0.05625 0.8 0.08125 0.8 0.08125 0.7875
2 0.0725 0.70875 0.05125 0.70875 0.05125 0.74 0.0725 0.74 0.0725 0.70875
2 0.0725 0.03875 0.05 0.03875 0.05 0.06625 0.0725 0.06625 0.0725 0.03875
2 0.08499999999999999 0.00125 0.07125000000000001 0.00125 0.07125000000000001 0.008749999999999999 0.08499999999999999 0.008749999999999999 0.08499999999999999 0.00125
2 0.03125 0.805 0.02 0.805 0.02 0.8275 0.03125 0.8275 0.03125 0.805
2 0.08125 0.80625 0.057499999999999996 0.80625 0.057499999999999996 0.8175000000000001 0.08125 0.8175000000000001 0.08125 0.80625
2 0.08375 0.8300000000000001 0.057499999999999996 0.8300000000000001 0.057499999999999996 0.845 0.08375 0.845 0.08375 0.8300000000000001
2 0.0875 0.845 0.058750000000000004 0.845 0.058750000000000004 0.8612500000000001 0.0875 0.8612500000000001 0.0875 0.845
2 0.515 0.96 0.50125 0.96 0.50125 0.985 0.515 0.985 0.515 0.96
2 0.51875 0.93625 0.505 0.93625 0.505 0.96 0.51875 0.96 0.51875 0.93625
2 0.05625 0.045 0.034999999999999996 0.045 0.034999999999999996 0.0675 0.05625 0.0675 0.05625 0.045
2 0.08499999999999999 0.8699999999999999 0.061250000000000006 0.8699999999999999 0.061250000000000006 0.885 0.08499999999999999 0.885 0.08499999999999999 0.8699999999999999
2 0.7849999999999999 0.7212500000000001 0.74375 0.7212500000000001 0.74375 0.75 0.7849999999999999 0.75 0.7849999999999999 0.7212500000000001
2 0.63625 0.8425 0.61875 0.8425 0.61875 0.8675 0.63625 0.8675 0.63625 0.8425
2 0.45999999999999996 0.8574999999999999 0.43375 0.8574999999999999 0.43375 0.87625 0.45999999999999996 0.87625 0.45999999999999996 0.8574999999999999
2 0.034999999999999996 0.9800000000000001 0.008749999999999999 0.9800000000000001 0.008749999999999999 0.99875 0.034999999999999996 0.99875 0.034999999999999996 0.9800000000000001
2 0.0875 0.9 0.06375 0.9 0.06375 0.9099999999999999 0.0875 0.9099999999999999 0.0875 0.9
2 0.08625000000000001 0.88375 0.06375 0.88375 0.06375 0.89625 0.08625000000000001 0.89625 0.08625000000000001 0.88375