2 0.54625 0.17875000000000002 0.5349999999999999 0.17875000000000002 0.5349999999999999 0.20249999999999999 0.54625 0.20249999999999999 0.54625 0.17875000000000002
2 0.5337500000000001 0.16 0.51875 0.16 0.51875 0.1875 0.5337500000000001 0.1875 0.5337500000000001 0.16
2 0.08375 0.8324999999999999 0.057499999999999996 0.8324999999999999 0.057499999999999996 0.8550000000000001 0.08375 0.8550000000000001 0.08375 0.8324999999999999
2 0.095 0.8462500000000001 0.08 0.8462500000000001 0.08 0.86875 0.095 0.86875 0.095 0.8462500000000001
2 0.11625 0.87625 0.1025 0.87625 0.1025 0.9 0.11625 0.9 0.11625 0.87625
2 0.12625 0.885 0.11625 0.885 0.11625 0.9087500000000001 0.12625 0.9087500000000001 0.12625 0.885
2 0.0675 0.8925000000000001 0.0475 0.8925000000000001 0.0475 0.9075 0.0675 0.9075 0.0675 0.8925000000000001
2 0.075 0.915 0.052500000000000005 0.915 0.052500000000000005 0.93 0.075 0.93 0.075 0.915
2 0.0775 0.92875 0.05625 0.92875 0.05625 0.94375 0.0775 0.94375 0.0775 0.92875
2 0.08 0.9400000000000001 0.05500000000000001 0.9400000000000001 0.05500000000000001 0.9550000000000001 0.08 0.9550000000000001 0.08 0.9400000000000001
2 0.08375 0.9525 0.057499999999999996 0.9525 0.057499999999999996 0.9712500000000001 0.08375 0.9712500000000001 0.08375 0.9525
2 0.08499999999999999 0.9662499999999999 0.058750000000000004 0.9662499999999999 0.058750000000000004 0.98125 0.08499999999999999 0.98125 0.08499999999999999 0.9662499999999999
2 0.47125000000000006 0.9199999999999999 0.45375 0.9199999999999999 0.45375 0.95375 0.47125000000000006 0.95375 0.47125000000000006 0.9199999999999999
2 0.45125000000000004 0.9087500000000001 0.44000000000000006 0.9087500000000001 0.44000000000000006 0.9324999999999999 0.45125000000000004 0.9324999999999999 0.45125000000000004 0.9087500000000001
2 0.40750000000000003 0.9025000000000001 0.39625 0.9025000000000001 0.39625 0.92875 0.40750000000000003 0.92875 0.40750000000000003 0.9025000000000001
2 0.4425 0.85625 0.43 0.85625 0.43 0.88125 0.4425 0.88125 0.4425 0.85625
2 0.45 0.67875 0.43875000000000003 0.67875 0.43875000000000003 0.70375 0.45 0.70375 0.45 0.67875
2 0.46125 0.52625 0.44375 0.52625 0.44375 0.5549999999999999 0.46125 0.5549999999999999 0.46125 0.52625
2 0.48250000000000004 0.485 0.47125000000000006 0.485 0.47125000000000006 0.5125 0.48250000000000004 0.5125 0.48250000000000004 0.485
2 0.49625 0.3875 0.485 0.3875 0.485 0.41500000000000004 0.49625 0.41500000000000004 0.49625 0.3875
2 0.0875 0.9775 0.0625 0.9775 0.0625 0.99 0.0875 0.99 0.0875 0.9775
2 0.1125 0.9800000000000001 0.0875 0.9800000000000001 0.0875 0.9925 0.1125 0.9925 0.1125 0.9800000000000001