2 0.74125 0.07125000000000001 0.71375 0.07125000000000001 0.71375 0.08249999999999999 0.74125 0.08249999999999999 0.74125 0.07125000000000001
2 0.7825 0.07375000000000001 0.7537499999999999 0.07375000000000001 0.7537499999999999 0.08625000000000001 0.7825 0.08625000000000001 0.7825 0.07375000000000001
2 0.5775 0.06625 0.55 0.06625 0.55 0.08 0.5775 0.08 0.5775 0.06625
2 0.6375 0.06625 0.60625 0.06625 0.60625 0.08249999999999999 0.6375 0.08249999999999999 0.6375 0.06625
2 0.52625 0.12250000000000001 0.49625 0.12250000000000001 0.49625 0.135 0.52625 0.135 0.52625 0.12250000000000001
2 0.5662499999999999 0.12625 0.5387500000000001 0.12625 0.5387500000000001 0.1375 0.5662499999999999 0.1375 0.5662499999999999 0.12625
2 0.61 0.12375 0.585 0.12375 0.585 0.1375 0.61 0.1375 0.61 0.12375
2 0.64625 0.12625 0.61875 0.12625 0.61875 0.13999999999999999 0.64625 0.13999999999999999 0.64625 0.12625
2 0.6775 0.12875 0.6487499999999999 0.12875 0.6487499999999999 0.14125000000000001 0.6775 0.14125000000000001 0.6775 0.12875
2 0.7150000000000001 0.12625 0.6837500000000001 0.12625 0.6837500000000001 0.14250000000000002 0.7150000000000001 0.14250000000000002 0.7150000000000001 0.12625
2 0.765 0.1275 0.72875 0.1275 0.72875 0.14250000000000002 0.765 0.14250000000000002 0.765 0.1275
2 0.79625 0.1075 0.76 0.1075 0.76 0.12250000000000001 0.79625 0.12250000000000001 0.79625 0.1075
2 0.8 0.1325 0.7725 0.1325 0.7725 0.145 0.8 0.145 0.8 0.1325
2 0.8425 0.1325 0.8125 0.1325 0.8125 0.145 0.8425 0.145 0.8425 0.1325
2 0.89625 0.13125 0.86875 0.13125 0.86875 0.14625 0.89625 0.14625 0.89625 0.13125
2 0.7112499999999999 0.71875 0.69625 0.71875 0.69625 0.7462500000000001 0.7112499999999999 0.7462500000000001 0.7112499999999999 0.71875
2 0.6825 0.7162499999999999 0.665 0.7162499999999999 0.665 0.74375 0.6825 0.74375 0.6825 0.7162499999999999
2 0.6075 0.7175 0.595 0.7175 0.595 0.74125 0.6075 0.74125 0.6075 0.7175
2 0.57875 0.72 0.5650000000000001 0.72 0.5650000000000001 0.7462500000000001 0.57875 0.7462500000000001 0.57875 0.72
2 0.55125 0.7175 0.5375 0.7175 0.5375 0.74375 0.55125 0.74375 0.55125 0.7175
2 0.55125 0.68625 0.5375 0.68625 0.5375 0.7150000000000001 0.55125 0.7150000000000001 0.55125 0.68625
2 0.5237499999999999 0.7162499999999999 0.50875 0.7162499999999999 0.50875 0.745 0.5237499999999999 0.745 0.5237499999999999 0.7162499999999999
2 0.51 0.71375 0.49375 0.71375 0.49375 0.74125 0.51 0.74125 0.51 0.71375
2 0.495 0.7112499999999999 0.48125 0.7112499999999999 0.48125 0.7375 0.495 0.7375 0.495 0.7112499999999999
2 0.52625 0.68125 0.50625 0.68125 0.50625 0.71375 0.52625 0.71375 0.52625 0.68125
2 0.49749999999999994 0.67875 0.48250000000000004 0.67875 0.48250000000000004 0.71 0.49749999999999994 0.71 0.49749999999999994 0.67875
2 0.48250000000000004 0.70625 0.46624999999999994 0.70625 0.46624999999999994 0.73875 0.48250000000000004 0.73875 0.48250000000000004 0.70625
2 0.54125 0.065 0.51375 0.065 0.51375 0.0775 0.54125 0.0775 0.54125 0.065
2 0.49874999999999997 0.06375 0.47125000000000006 0.06375 0.47125000000000006 0.0775 0.49874999999999997 0.0775 0.49874999999999997 0.06375
2 0.465 0.061250000000000006 0.43 0.061250000000000006 0.43 0.075 0.465 0.075 0.465 0.061250000000000006
2 0.09375 0.0675 0.06625 0.0675 0.06625 0.08125 0.09375 0.08125 0.09375 0.0675
2 0.26375000000000004 0.11374999999999999 0.23500000000000001 0.11374999999999999 0.23500000000000001 0.12875 0.26375000000000004 0.12875 0.26375000000000004 0.11374999999999999
2 0.41875 0.058750000000000004 0.39249999999999996 0.058750000000000004 0.39249999999999996 0.0725 0.41875 0.0725 0.41875 0.058750000000000004
2 0.29500000000000004 0.11374999999999999 0.26375000000000004 0.11374999999999999 0.26375000000000004 0.12875 0.29500000000000004 0.12875 0.29500000000000004 0.11374999999999999
2 0.3275 0.11499999999999999 0.30375 0.11499999999999999 0.30375 0.1275 0.3275 0.1275 0.3275 0.11499999999999999
2 0.35625 0.11625 0.335 0.11625 0.335 0.1275 0.35625 0.1275 0.35625 0.11625
2 0.40374999999999994 0.11750000000000001 0.37 0.11750000000000001 0.37 0.13125 0.40374999999999994 0.13125 0.40374999999999994 0.11750000000000001
2 0.4575 0.12125 0.43 0.12125 0.43 0.13374999999999998 0.4575 0.13374999999999998 0.4575 0.12125
2 0.49375 0.12125 0.4625 0.12125 0.4625 0.135 0.49375 0.135 0.49375 0.12125
2 0.2475 0.052500000000000005 0.22000000000000003 0.052500000000000005 0.22000000000000003 0.06625 0.2475 0.06625 0.2475 0.052500000000000005
2 0.28250000000000003 0.05375 0.255 0.05375 0.255 0.0675 0.28250000000000003 0.0675 0.28250000000000003 0.05375
2 0.32125 0.057499999999999996 0.29 0.057499999999999996 0.29 0.06875 0.32125 0.06875 0.32125 0.057499999999999996
2 0.34875 0.058750000000000004 0.325 0.058750000000000004 0.325 0.06999999999999999 0.34875 0.06999999999999999 0.34875 0.058750000000000004
2 0.38625 0.058750000000000004 0.35625 0.058750000000000004 0.35625 0.07125000000000001 0.38625 0.07125000000000001 0.38625 0.058750000000000004
2 0.48250000000000004 0.6775 0.47125000000000006 0.6775 0.47125000000000006 0.70625 0.48250000000000004 0.70625 0.48250000000000004 0.6775
2 0.57125 0.615 0.5575 0.615 0.5575 0.6425 0.57125 0.6425 0.57125 0.615
2 0.55125 0.61125 0.54 0.61125 0.54 0.64125 0.55125 0.64125 0.55125 0.61125
2 0.29500000000000004 0.67875 0.28125 0.67875 0.28125 0.705 0.29500000000000004 0.705 0.29500000000000004 0.67875
2 0.4125 0.61125 0.3975 0.61125 0.3975 0.6375 0.4125 0.6375 0.4125 0.61125
2 0.365 0.7112499999999999 0.35125 0.7112499999999999 0.35125 0.73875 0.365 0.73875 0.365 0.7112499999999999
2 0.365 0.6799999999999999 0.35 0.6799999999999999 0.35 0.70875 0.365 0.70875 0.365 0.6799999999999999
2 0.35125 0.71 0.3375 0.71 0.3375 0.735 0.35125 0.735 0.35125 0.71
2 0.35125 0.6799999999999999 0.3375 0.6799999999999999 0.3375 0.705 0.35125 0.705 0.35125 0.6799999999999999
2 0.33625 0.6799999999999999 0.3225 0.6799999999999999 0.3225 0.7075 0.33625 0.7075 0.33625 0.6799999999999999
2 0.3225 0.68125 0.31 0.68125 0.31 0.705 0.3225 0.705 0.3225 0.68125
2 0.33625 0.7112499999999999 0.32125 0.7112499999999999 0.32125 0.7375 0.33625 0.7375 0.33625 0.7112499999999999
2 0.3225 0.71 0.30874999999999997 0.71 0.30874999999999997 0.7375 0.3225 0.7375 0.3225 0.71
2 0.3075 0.705 0.29625 0.705 0.29625 0.7325 0.3075 0.7325 0.3075 0.705
2 0.29500000000000004 0.7075 0.27999999999999997 0.7075 0.27999999999999997 0.73375 0.29500000000000004 0.73375 0.29500000000000004 0.7075
2 0.28125 0.70875 0.26625 0.70875 0.26625 0.73125 0.28125 0.73125 0.28125 0.70875
2 0.38125 0.61 0.3675 0.61 0.3675 0.63625 0.38125 0.63625 0.38125 0.61
2 0.26625 0.705 0.2525 0.705 0.2525 0.73125 0.26625 0.73125 0.26625 0.705
2 0.26625 0.67125 0.25 0.67125 0.25 0.69875 0.26625 0.69875 0.26625 0.67125
2 0.2375 0.67625 0.225 0.67625 0.225 0.7025 0.2375 0.7025 0.2375 0.67625
2 0.23625 0.70375 0.22374999999999998 0.70375 0.22374999999999998 0.7262500000000001 0.23625 0.7262500000000001 0.23625 0.70375
2 0.22125 0.6775 0.20750000000000002 0.6775 0.20750000000000002 0.70125 0.22125 0.70125 0.22125 0.6775
2 0.20625 0.6725 0.19375 0.6725 0.19375 0.6975 0.20625 0.6975 0.20625 0.6725
2 0.22000000000000003 0.705 0.20750000000000002 0.705 0.20750000000000002 0.72875 0.22000000000000003 0.72875 0.22000000000000003 0.705
2 0.20875 0.70125 0.19375 0.70125 0.19375 0.72375 0.20875 0.72375 0.20875 0.70125
2 0.1925 0.7 0.18125 0.7 0.18125 0.725 0.1925 0.725 0.1925 0.7
2 0.18 0.7 0.16625 0.7 0.16625 0.7262500000000001 0.18 0.7262500000000001 0.18 0.7
2 0.135 0.735 0.11000000000000001 0.735 0.11000000000000001 0.75125 0.135 0.75125 0.135 0.735
2 0.39625 0.6075 0.38125 0.6075 0.38125 0.635 0.39625 0.635 0.39625 0.6075
2 0.36875 0.61125 0.355 0.61125 0.355 0.63625 0.36875 0.63625 0.36875 0.61125
2 0.5125 0.61 0.5 0.61 0.5 0.63875 0.5125 0.63875 0.5125 0.61
2 0.41 0.67875 0.39375 0.67875 0.39375 0.705 0.41 0.705 0.41 0.67875
2 0.485 0.60875 0.47000000000000003 0.60875 0.47000000000000003 0.6375 0.485 0.6375 0.485 0.60875
2 0.45625 0.6075 0.43875000000000003 0.6075 0.43875000000000003 0.63625 0.45625 0.63625 0.45625 0.6075
2 0.425 0.61125 0.41125 0.61125 0.41125 0.63625 0.425 0.63625 0.425 0.61125
2 0.46749999999999997 0.7112499999999999 0.4525 0.7112499999999999 0.4525 0.73875 0.46749999999999997 0.73875 0.46749999999999997 0.7112499999999999
2 0.46875 0.6825 0.45625 0.6825 0.45625 0.70625 0.46875 0.70625 0.46875 0.6825
2 0.44000000000000006 0.7112499999999999 0.425 0.7112499999999999 0.425 0.7375 0.44000000000000006 0.7375 0.44000000000000006 0.7112499999999999
2 0.42374999999999996 0.70875 0.40875000000000006 0.70875 0.40875000000000006 0.73875 0.42374999999999996 0.73875 0.42374999999999996 0.70875
2 0.45625 0.67875 0.43875000000000003 0.67875 0.43875000000000003 0.71 0.45625 0.71 0.45625 0.67875
2 0.42625 0.6799999999999999 0.41 0.6799999999999999 0.41 0.7075 0.42625 0.7075 0.42625 0.6799999999999999
2 0.44125 0.67875 0.42374999999999996 0.67875 0.42374999999999996 0.70875 0.44125 0.70875 0.44125 0.67875
2 0.40875000000000006 0.71 0.39375 0.71 0.39375 0.73375 0.40875000000000006 0.73375 0.40875000000000006 0.71
2 0.39625 0.67875 0.38125 0.67875 0.38125 0.7075 0.39625 0.7075 0.39625 0.67875
2 0.33999999999999997 0.60875 0.32625000000000004 0.60875 0.32625000000000004 0.63625 0.33999999999999997 0.63625 0.33999999999999997 0.60875
2 0.395 0.70875 0.38 0.70875 0.38 0.74 0.395 0.74 0.395 0.70875
2 0.38 0.7112499999999999 0.365 0.7112499999999999 0.365 0.73625 0.38 0.73625 0.38 0.7112499999999999
2 0.38125 0.67875 0.365 0.67875 0.365 0.71 0.38125 0.71 0.38125 0.67875
2 0.19624999999999998 0.60375 0.18125 0.60375 0.18125 0.6287499999999999 0.19624999999999998 0.6287499999999999 0.19624999999999998 0.60375
2 0.2125 0.6025 0.1975 0.6025 0.1975 0.63 0.2125 0.63 0.2125 0.6025
2 0.22625 0.605 0.21125 0.605 0.21125 0.63 0.22625 0.63 0.22625 0.605
2 0.2425 0.60625 0.225 0.60625 0.225 0.63375 0.2425 0.63375 0.2425 0.60625
2 0.25375000000000003 0.605 0.2375 0.605 0.2375 0.63375 0.25375000000000003 0.63375 0.25375000000000003 0.605
2 0.26875 0.61 0.25375000000000003 0.61 0.25375000000000003 0.63625 0.26875 0.63625 0.26875 0.61
2 0.28375 0.60625 0.26749999999999996 0.60625 0.26749999999999996 0.635 0.28375 0.635 0.28375 0.60625
2 0.29625 0.6075 0.28250000000000003 0.6075 0.28250000000000003 0.635 0.29625 0.635 0.29625 0.6075
2 0.31 0.60625 0.2975 0.60625 0.2975 0.63 0.31 0.63 0.31 0.60625
2 0.325 0.605 0.31375000000000003 0.605 0.31375000000000003 0.63 0.325 0.63 0.325 0.605
2 0.25 0.70375 0.2375 0.70375 0.2375 0.73 0.25 0.73 0.25 0.70375