2 0.4625 0.86875 0.43499999999999994 0.86875 0.43499999999999994 0.89375 0.4625 0.89375 0.4625 0.86875
2 0.50625 0.8925000000000001 0.49124999999999996 0.8925000000000001 0.49124999999999996 0.91875 0.50625 0.91875 0.50625 0.8925000000000001
2 0.05 0.00125 0.03 0.00125 0.03 0.02 0.05 0.02 0.05 0.00125
2 0.061250000000000006 0.00125 0.041249999999999995 0.00125 0.041249999999999995 0.015 0.061250000000000006 0.015 0.061250000000000006 0.00125
2 0.07125000000000001 0.00125 0.05500000000000001 0.00125 0.05500000000000001 0.008749999999999999 0.07125000000000001 0.008749999999999999 0.07125000000000001 0.00125
2 0.03625 0.0025 0.02 0.0025 0.02 0.026250000000000002 0.03625 0.026250000000000002 0.03625 0.0025
2 0.4325 0.90625 0.40875000000000006 0.90625 0.40875000000000006 0.9412499999999999 0.4325 0.9412499999999999 0.4325 0.90625
2 0.4025 0.9237500000000001 0.37875000000000003 0.9237500000000001 0.37875000000000003 0.9550000000000001 0.4025 0.9550000000000001 0.4025 0.9237500000000001
2 0.42125 0.90625 0.38375 0.90625 0.38375 0.9525 0.42125 0.9525 0.42125 0.90625
2 0.3975 0.9262499999999999 0.35750000000000004 0.9262499999999999 0.35750000000000004 0.975 0.3975 0.975 0.3975 0.9262499999999999
2 0.38 0.94625 0.35 0.94625 0.35 0.9800000000000001 0.38 0.9800000000000001 0.38 0.94625