2 0.7224999999999999 0.08625000000000001 0.70625 0.08625000000000001 0.70625 0.11125 0.7224999999999999 0.11125 0.7224999999999999 0.08625000000000001
2 0.24 0.1375 0.22875 0.1375 0.22875 0.1625 0.24 0.1625 0.24 0.1375
2 0.35750000000000004 0.12125 0.34125 0.12125 0.34125 0.14875 0.35750000000000004 0.14875 0.35750000000000004 0.12125
2 0.3175 0.11750000000000001 0.305 0.11750000000000001 0.305 0.13874999999999998 0.3175 0.13874999999999998 0.3175 0.11750000000000001
2 0.29125 0.11875 0.27999999999999997 0.11875 0.27999999999999997 0.13999999999999999 0.29125 0.13999999999999999 0.29125 0.11875
2 0.24375 0.1075 0.22999999999999998 0.1075 0.22999999999999998 0.1325 0.24375 0.1325 0.24375 0.1075
2 0.21625 0.13 0.20375000000000001 0.13 0.20375000000000001 0.155 0.21625 0.155 0.21625 0.13
2 0.1925 0.12875 0.17625 0.12875 0.17625 0.1525 0.1925 0.1525 0.1925 0.12875
2 0.16499999999999998 0.1275 0.1525 0.1275 0.1525 0.14750000000000002 0.16499999999999998 0.14750000000000002 0.16499999999999998 0.1275
2 0.20750000000000002 0.195 0.1925 0.195 0.1925 0.22125 0.20750000000000002 0.22125 0.20750000000000002 0.195
2 0.25625 0.20125 0.24500000000000002 0.20125 0.24500000000000002 0.225 0.25625 0.225 0.25625 0.20125
2 0.24500000000000002 0.205 0.2325 0.205 0.2325 0.22625 0.24500000000000002 0.22625 0.24500000000000002 0.205
2 0.23125 0.20125 0.22125 0.20125 0.22125 0.225 0.23125 0.225 0.23125 0.20125
2 0.22125 0.19875 0.20750000000000002 0.19875 0.20750000000000002 0.22374999999999998 0.22125 0.22374999999999998 0.22125 0.19875
2 0.36 0.05625 0.34625 0.05625 0.34625 0.0875 0.36 0.0875 0.36 0.05625
2 0.27875 0.11625 0.26625 0.11625 0.26625 0.13999999999999999 0.27875 0.13999999999999999 0.27875 0.11625
2 0.22875 0.135 0.21625 0.135 0.21625 0.16 0.22875 0.16 0.22875 0.135
2 0.3275 0.14250000000000002 0.31375000000000003 0.14250000000000002 0.31375000000000003 0.16625 0.3275 0.16625 0.3275 0.14250000000000002
2 0.20375000000000001 0.13625 0.19125 0.13625 0.19125 0.15875 0.20375000000000001 0.15875 0.20375000000000001 0.13625
2 0.15125 0.1275 0.13625 0.1275 0.13625 0.15 0.15125 0.15 0.15125 0.1275
2 0.3025 0.14375 0.28875 0.14375 0.28875 0.16499999999999998 0.3025 0.16499999999999998 0.3025 0.14375
2 0.33999999999999997 0.14625 0.3275 0.14625 0.3275 0.16875 0.33999999999999997 0.16875 0.33999999999999997 0.14625
2 0.3625 0.03 0.34750000000000003 0.03 0.34750000000000003 0.05625 0.3625 0.05625 0.3625 0.03
2 0.27999999999999997 0.7275 0.27 0.7275 0.27 0.74875 0.27999999999999997 0.74875 0.27999999999999997 0.7275
2 0.34249999999999997 0.76625 0.32999999999999996 0.76625 0.32999999999999996 0.7875 0.34249999999999997 0.7875 0.34249999999999997 0.76625
2 0.32875 0.76375 0.31625000000000003 0.76375 0.31625000000000003 0.7875 0.32875 0.7875 0.32875 0.76375
2 0.315 0.76 0.3025 0.76 0.3025 0.78125 0.315 0.78125 0.315 0.76
2 0.3025 0.7625 0.29125 0.7625 0.29125 0.78 0.3025 0.78 0.3025 0.7625
2 0.27999999999999997 0.755 0.26875 0.755 0.26875 0.77625 0.27999999999999997 0.77625 0.27999999999999997 0.755
2 0.26875 0.1975 0.255 0.1975 0.255 0.225 0.26875 0.225 0.26875 0.1975
2 0.72375 0.061250000000000006 0.71 0.061250000000000006 0.71 0.0875 0.72375 0.0875 0.72375 0.061250000000000006
2 0.7175 0.16625 0.7025 0.16625 0.7025 0.19 0.7175 0.19 0.7175 0.16625
2 0.68875 0.16999999999999998 0.675 0.16999999999999998 0.675 0.19624999999999998 0.68875 0.19624999999999998 0.68875 0.16999999999999998
2 0.7075 0.24 0.6950000000000001 0.24 0.6950000000000001 0.26125 0.7075 0.26125 0.7075 0.24
2 0.69375 0.23875000000000002 0.6825 0.23875000000000002 0.6825 0.26125 0.69375 0.26125 0.69375 0.23875000000000002
2 0.6825 0.23625 0.66875 0.23625 0.66875 0.26125 0.6825 0.26125 0.6825 0.23625
2 0.6587500000000001 0.23500000000000001 0.64375 0.23500000000000001 0.64375 0.2575 0.6587500000000001 0.2575 0.6587500000000001 0.23500000000000001
2 0.6325000000000001 0.23125 0.61875 0.23125 0.61875 0.25375000000000003 0.6325000000000001 0.25375000000000003 0.6325000000000001 0.23125
2 0.42625 0.15125 0.41500000000000004 0.15125 0.41500000000000004 0.175 0.42625 0.175 0.42625 0.15125
2 0.41375 0.15 0.40125 0.15 0.40125 0.175 0.41375 0.175 0.41375 0.15
2 0.40125 0.15 0.38875000000000004 0.15 0.38875000000000004 0.17375000000000002 0.40125 0.17375000000000002 0.40125 0.15
2 0.38875000000000004 0.14625 0.37625000000000003 0.14625 0.37625000000000003 0.17250000000000001 0.38875000000000004 0.17250000000000001 0.38875000000000004 0.14625
2 0.37875000000000003 0.14250000000000002 0.36 0.14250000000000002 0.36 0.16999999999999998 0.37875000000000003 0.16999999999999998 0.37875000000000003 0.14250000000000002
2 0.29375 0.20375000000000001 0.27999999999999997 0.20375000000000001 0.27999999999999997 0.22749999999999998 0.29375 0.22749999999999998 0.29375 0.20375000000000001
2 0.20249999999999999 0.1075 0.18875 0.1075 0.18875 0.13125 0.20249999999999999 0.13125 0.20249999999999999 0.1075
2 0.2525 0.1375 0.24125000000000002 0.1375 0.24125000000000002 0.16 0.2525 0.16 0.2525 0.1375