2 0.00375 0.95375 0.00125 0.95375 0.00125 0.96 0.00375 0.96 0.00375 0.95375
2 0.00375 0.96 0.00125 0.96 0.00125 0.9650000000000001 0.00375 0.9650000000000001 0.00375 0.96
2 0.16999999999999998 0.8012499999999999 0.15625 0.8012499999999999 0.15625 0.8150000000000001 0.16999999999999998 0.8150000000000001 0.16999999999999998 0.8012499999999999
2 0.17875000000000002 0.84375 0.16625 0.84375 0.16625 0.85 0.17875000000000002 0.85 0.17875000000000002 0.84375
2 0.05500000000000001 0.7462500000000001 0.042499999999999996 0.7462500000000001 0.042499999999999996 0.75625 0.05500000000000001 0.75625 0.05500000000000001 0.7462500000000001
2 0.03375 0.75125 0.02 0.75125 0.02 0.76 0.03375 0.76 0.03375 0.75125
2 0.008749999999999999 0.77125 0.00125 0.77125 0.00125 0.7837500000000001 0.008749999999999999 0.7837500000000001 0.008749999999999999 0.77125
2 0.008749999999999999 0.7625 0.00125 0.7625 0.00125 0.7725 0.008749999999999999 0.7725 0.008749999999999999 0.7625
2 0.765 1 0.765 0.99375 0.75875 0.99375 0.75875 1 0.765 1
2 0.8012499999999999 0.975 0.79625 0.975 0.79625 0.9862500000000001 0.8012499999999999 0.9862500000000001 0.8012499999999999 0.975
2 0.79625 0.98125 0.7875 0.98125 0.7875 0.9925 0.79625 0.9925 0.79625 0.98125
2 0.79125 0.9824999999999999 0.7825 0.9824999999999999 0.7825 0.9962500000000001 0.79125 0.9962500000000001 0.79125 0.9824999999999999
2 0.77625 1 0.77625 0.9887499999999999 0.76625 0.9887499999999999 0.76625 1 0.77625 1
2 0.7575000000000001 1 0.7575000000000001 0.9962500000000001 0.7525000000000001 0.9962500000000001 0.7525000000000001 1 0.7575000000000001 1
2 0.11625 1 0.11625 0.9925 0.11000000000000001 0.9925 0.11000000000000001 1 0.11625 1
2 0.11000000000000001 1 0.11000000000000001 0.9925 0.10375000000000001 0.9925 0.10375000000000001 1 0.11000000000000001 1
2 0.1 1 0.1 0.9962500000000001 0.0925 0.9962500000000001 0.0925 1 0.1 1
2 0.08499999999999999 0.97625 0.0725 0.97625 0.0725 0.9824999999999999 0.08499999999999999 0.9824999999999999 0.08499999999999999 0.97625
2 0.0725 0.9775 0.06 0.9775 0.06 0.98375 0.0725 0.98375 0.0725 0.9775
2 0.058750000000000004 0.97625 0.04625 0.97625 0.04625 0.9824999999999999 0.058750000000000004 0.9824999999999999 0.058750000000000004 0.97625
2 0.16999999999999998 0.98125 0.1575 0.98125 0.1575 0.9949999999999999 0.16999999999999998 0.9949999999999999 0.16999999999999998 0.98125