2 0.27999999999999997 0.34750000000000003 0.27 0.34750000000000003 0.27 0.36875 0.27999999999999997 0.36875 0.27999999999999997 0.34750000000000003
2 0.44000000000000006 0.86875 0.42874999999999996 0.86875 0.42874999999999996 0.8887499999999999 0.44000000000000006 0.8887499999999999 0.44000000000000006 0.86875
2 0.74875 0.9112500000000001 0.73 0.9112500000000001 0.73 0.9349999999999999 0.74875 0.9349999999999999 0.74875 0.9112500000000001
2 0.81875 0.9637499999999999 0.7925 0.9637499999999999 0.7925 0.9887499999999999 0.81875 0.9887499999999999 0.81875 0.9637499999999999
2 0.6525000000000001 0.95875 0.62625 0.95875 0.62625 0.97625 0.6525000000000001 0.97625 0.6525000000000001 0.95875
2 0.29625 0.9025000000000001 0.27125 0.9025000000000001 0.27125 0.91625 0.29625 0.91625 0.29625 0.9025000000000001
2 0.09 0.9112500000000001 0.061250000000000006 0.9112500000000001 0.061250000000000006 0.9262499999999999 0.09 0.9262499999999999 0.09 0.9112500000000001
2 0.34249999999999997 0.38625 0.32999999999999996 0.38625 0.32999999999999996 0.40750000000000003 0.34249999999999997 0.40750000000000003 0.34249999999999997 0.38625
2 0.32875 0.38375 0.31625000000000003 0.38375 0.31625000000000003 0.40750000000000003 0.32875 0.40750000000000003 0.32875 0.38375
2 0.315 0.38 0.3025 0.38 0.3025 0.40125 0.315 0.40125 0.315 0.38
2 0.3025 0.3825 0.29125 0.3825 0.29125 0.4 0.3025 0.4 0.3025 0.3825
2 0.27999999999999997 0.375 0.26875 0.375 0.26875 0.39625 0.27999999999999997 0.39625 0.27999999999999997 0.375
2 0.355 0.38625 0.34500000000000003 0.38625 0.34500000000000003 0.41 0.355 0.41 0.355 0.38625