2 0.33125 0.83625 0.315 0.83625 0.315 0.8612500000000001 0.33125 0.8612500000000001 0.33125 0.83625
2 0.35750000000000004 0.625 0.335 0.625 0.335 0.6537499999999999 0.35750000000000004 0.6537499999999999 0.35750000000000004 0.625
2 0.3325 0.81125 0.31875 0.81125 0.31875 0.8375 0.3325 0.8375 0.3325 0.81125
2 0.32625000000000004 0.91625 0.31124999999999997 0.91625 0.31124999999999997 0.9400000000000001 0.32625000000000004 0.9400000000000001 0.32625000000000004 0.91625
2 0.2975 0.9199999999999999 0.28375 0.9199999999999999 0.28375 0.94625 0.2975 0.94625 0.2975 0.9199999999999999
2 0.31625000000000003 1 0.31625000000000003 0.99 0.30375 0.99 0.30375 1 0.31625000000000003 1
2 0.3025 1 0.3025 0.9887499999999999 0.29125 0.9887499999999999 0.29125 1 0.3025 1
2 0.29125 1 0.29125 0.9862500000000001 0.27749999999999997 0.9862500000000001 0.27749999999999997 1 0.29125 1
2 0.26749999999999996 1 0.26749999999999996 0.985 0.2525 0.985 0.2525 1 0.26749999999999996 1
2 0.24 1 0.24 0.98125 0.22749999999999998 0.98125 0.22749999999999998 1 0.24 1
2 0.034999999999999996 0.9012499999999999 0.02375 0.9012499999999999 0.02375 0.925 0.034999999999999996 0.925 0.034999999999999996 0.9012499999999999
2 0.0225 0.9 0.01 0.9 0.01 0.925 0.0225 0.925 0.0225 0.9
2 0.01 0.9 0.00125 0.9 0.00125 0.9237500000000001 0.01 0.9237500000000001 0.01 0.9