2 0.041249999999999995 0.6075 0.026250000000000002 0.6075 0.026250000000000002 0.615 0.041249999999999995 0.615 0.041249999999999995 0.6075
2 0.075 0.59875 0.06 0.59875 0.06 0.6075 0.075 0.6075 0.075 0.59875
2 0.18125 0.6012500000000001 0.1675 0.6012500000000001 0.1675 0.6075 0.18125 0.6075 0.18125 0.6012500000000001
2 0.08375 0.5662499999999999 0.06875 0.5662499999999999 0.06875 0.57375 0.08375 0.57375 0.08375 0.5662499999999999
2 0.3325 0.6174999999999999 0.31625000000000003 0.6174999999999999 0.31625000000000003 0.62625 0.3325 0.62625 0.3325 0.6174999999999999
2 0.11875 0.185 0.10625 0.185 0.10625 0.19875 0.11875 0.19875 0.11875 0.185
2 0.11125 0.18875 0.1 0.18875 0.1 0.20125 0.11125 0.20125 0.11125 0.18875
2 0.10500000000000001 0.1925 0.09375 0.1925 0.09375 0.20375000000000001 0.10500000000000001 0.20375000000000001 0.10500000000000001 0.1925
2 0.18875 0.2425 0.17375000000000002 0.2425 0.17375000000000002 0.25 0.18875 0.25 0.18875 0.2425
2 0.195 0.2325 0.18 0.2325 0.18 0.24125000000000002 0.195 0.24125000000000002 0.195 0.2325
2 0.1925 0.22125 0.1775 0.22125 0.1775 0.22625 0.1925 0.22625 0.1925 0.22125
2 0.19375 0.19375 0.1775 0.19375 0.1775 0.20125 0.19375 0.20125 0.19375 0.19375
2 0.20249999999999999 0.18 0.18625 0.18 0.18625 0.18875 0.20249999999999999 0.18875 0.20249999999999999 0.18
2 0.20125 0.17124999999999999 0.18875 0.17124999999999999 0.18875 0.17875000000000002 0.20125 0.17875000000000002 0.20125 0.17124999999999999
2 0.20125 0.1625 0.1875 0.1625 0.1875 0.16999999999999998 0.20125 0.16999999999999998 0.20125 0.1625
2 0.20750000000000002 0.15375 0.1925 0.15375 0.1925 0.1625 0.20750000000000002 0.1625 0.20750000000000002 0.15375
2 0.195 0.2 0.18125 0.2 0.18125 0.20875 0.195 0.20875 0.195 0.2
2 0.17250000000000001 0.00125 0.16625 0.00125 0.16625 0.0025 0.17250000000000001 0.0025 0.17250000000000001 0.00125
2 0.19375 0.20875 0.18 0.20875 0.18 0.21749999999999997 0.19375 0.21749999999999997 0.19375 0.20875
2 0.9475 0.61 0.93125 0.61 0.93125 0.6174999999999999 0.9475 0.6174999999999999 0.9475 0.61
2 0.4025 0.57875 0.39 0.57875 0.39 0.585 0.4025 0.585 0.4025 0.57875
2 0.6174999999999999 0.6224999999999999 0.6025 0.6224999999999999 0.6025 0.63 0.6174999999999999 0.63 0.6174999999999999 0.6224999999999999
2 0.6925 0.61625 0.6799999999999999 0.61625 0.6799999999999999 0.62375 0.6925 0.62375 0.6925 0.61625
2 0.8375 0.625 0.81875 0.625 0.81875 0.6325000000000001 0.8375 0.6325000000000001 0.8375 0.625
2 0.705 0.605 0.6912499999999999 0.605 0.6912499999999999 0.61125 0.705 0.61125 0.705 0.605