2 0.57875 0.95875 0.5525 0.95875 0.5525 0.9712500000000001 0.57875 0.9712500000000001 0.57875 0.95875
2 0.51625 0.9574999999999999 0.49375 0.9574999999999999 0.49375 0.97 0.51625 0.97 0.51625 0.9574999999999999
2 0.45999999999999996 0.85375 0.44749999999999995 0.85375 0.44749999999999995 0.8775000000000001 0.45999999999999996 0.8775000000000001 0.45999999999999996 0.85375
2 0.445 0.85125 0.43125 0.85125 0.43125 0.8787499999999999 0.445 0.8787499999999999 0.445 0.85125
2 0.36124999999999996 0.9025000000000001 0.33375 0.9025000000000001 0.33375 0.91875 0.36124999999999996 0.91875 0.36124999999999996 0.9025000000000001
2 0.35750000000000004 0.9199999999999999 0.33125 0.9199999999999999 0.33125 0.9324999999999999 0.35750000000000004 0.9324999999999999 0.35750000000000004 0.9199999999999999
2 0.36 0.9412499999999999 0.33125 0.9412499999999999 0.33125 0.95625 0.36 0.95625 0.36 0.9412499999999999
2 0.47375 0.8525 0.4625 0.8525 0.4625 0.8775000000000001 0.47375 0.8775000000000001 0.47375 0.8525
2 0.5175 0.85375 0.5025000000000001 0.85375 0.5025000000000001 0.8787499999999999 0.5175 0.8787499999999999 0.5175 0.85375
2 0.53 0.85125 0.5175 0.85125 0.5175 0.8787499999999999 0.53 0.8787499999999999 0.53 0.85125
2 0.57625 0.9275 0.54875 0.9275 0.54875 0.94375 0.57625 0.94375 0.57625 0.9275
2 0.4925 0.9550000000000001 0.46125 0.9550000000000001 0.46125 0.97 0.4925 0.97 0.4925 0.9550000000000001
2 0.67125 0.9112500000000001 0.6487499999999999 0.9112500000000001 0.6487499999999999 0.925 0.67125 0.925 0.67125 0.9112500000000001
2 0.6725 0.9262499999999999 0.64625 0.9262499999999999 0.64625 0.9400000000000001 0.6725 0.9400000000000001 0.6725 0.9262499999999999
2 0.6075 0.96125 0.5825 0.96125 0.5825 0.9724999999999999 0.6075 0.9724999999999999 0.6075 0.96125
2 0.61 0.945 0.58125 0.945 0.58125 0.9574999999999999 0.61 0.9574999999999999 0.61 0.945
2 0.60625 0.93 0.58125 0.93 0.58125 0.94375 0.60625 0.94375 0.60625 0.93
2 0.575 0.94375 0.55 0.94375 0.55 0.95625 0.575 0.95625 0.575 0.94375
2 0.5587500000000001 0.85375 0.54625 0.85375 0.54625 0.8800000000000001 0.5587500000000001 0.8800000000000001 0.5587500000000001 0.85375
2 0.51625 0.9275 0.48875 0.9275 0.48875 0.9425000000000001 0.51625 0.9425000000000001 0.51625 0.9275
2 0.51625 0.945 0.48875 0.945 0.48875 0.9574999999999999 0.51625 0.9574999999999999 0.51625 0.945
2 0.4875 0.9425000000000001 0.46375 0.9425000000000001 0.46375 0.9550000000000001 0.4875 0.9550000000000001 0.4875 0.9425000000000001
2 0.48875 0.92875 0.46125 0.92875 0.46125 0.9425000000000001 0.48875 0.9425000000000001 0.48875 0.92875
2 0.6 0.8550000000000001 0.5875 0.8550000000000001 0.5875 0.8787499999999999 0.6 0.8787499999999999 0.6 0.8550000000000001
2 0.5875 0.85375 0.5725 0.85375 0.5725 0.8775000000000001 0.5875 0.8775000000000001 0.5875 0.85375
2 0.57375 0.85375 0.5599999999999999 0.85375 0.5599999999999999 0.8800000000000001 0.57375 0.8800000000000001 0.57375 0.85375