2 0.31625000000000003 0.15625 0.3075 0.15625 0.3075 0.16999999999999998 0.31625000000000003 0.16999999999999998 0.31625000000000003 0.15625
2 0.05500000000000001 0.44625000000000004 0.05125 0.44625000000000004 0.05125 0.45999999999999996 0.05500000000000001 0.45999999999999996 0.05500000000000001 0.44625000000000004
2 0.0725 0.47375 0.06625 0.47375 0.06625 0.48624999999999996 0.0725 0.48624999999999996 0.0725 0.47375
2 0.05 0.4725 0.045 0.4725 0.045 0.48624999999999996 0.05 0.48624999999999996 0.05 0.4725
2 0.045 0.4725 0.0375 0.4725 0.0375 0.4875 0.045 0.4875 0.045 0.4725
2 0.03125 0.4725 0.026250000000000002 0.4725 0.026250000000000002 0.4875 0.03125 0.4875 0.03125 0.4725
2 0.026250000000000002 0.4725 0.02 0.4725 0.02 0.48875 0.026250000000000002 0.48875 0.026250000000000002 0.4725
2 0.021249999999999998 0.4725 0.013750000000000002 0.4725 0.013750000000000002 0.4875 0.021249999999999998 0.4875 0.021249999999999998 0.4725
2 0.008749999999999999 0.4725 0.0025 0.4725 0.0025 0.48624999999999996 0.008749999999999999 0.48624999999999996 0.008749999999999999 0.4725
2 0.6287499999999999 0.805 0.6212500000000001 0.805 0.6212500000000001 0.8175000000000001 0.6287499999999999 0.8175000000000001 0.6287499999999999 0.805
2 0.57125 0.905 0.5587500000000001 0.905 0.5587500000000001 0.9112500000000001 0.57125 0.9112500000000001 0.57125 0.905
2 0.57125 0.9 0.56125 0.9 0.56125 0.90625 0.57125 0.90625 0.57125 0.9
2 0.57125 0.8925000000000001 0.5587500000000001 0.8925000000000001 0.5587500000000001 0.9 0.57125 0.9 0.57125 0.8925000000000001
2 0.57125 0.885 0.5599999999999999 0.885 0.5599999999999999 0.8925000000000001 0.57125 0.8925000000000001 0.57125 0.885
2 0.6075 0.96875 0.5925 0.96875 0.5925 0.975 0.6075 0.975 0.6075 0.96875
2 0.3275 0.96 0.32 0.96 0.32 0.975 0.3275 0.975 0.3275 0.96
2 0.2975 0.95875 0.29 0.95875 0.29 0.9737500000000001 0.2975 0.9737500000000001 0.2975 0.95875
2 0.64625 0.9475 0.64 0.9475 0.64 0.9637499999999999 0.64625 0.9637499999999999 0.64625 0.9475
2 0.5925 0.83375 0.5862499999999999 0.83375 0.5862499999999999 0.8462500000000001 0.5925 0.8462500000000001 0.5925 0.83375
2 0.63625 0.83125 0.6275000000000001 0.83125 0.6275000000000001 0.8462500000000001 0.63625 0.8462500000000001 0.63625 0.83125
2 0.6224999999999999 0.83125 0.615 0.83125 0.615 0.8474999999999999 0.6224999999999999 0.8474999999999999 0.6224999999999999 0.83125
2 0.63875 0.805 0.6325000000000001 0.805 0.6325000000000001 0.8175000000000001 0.63875 0.8175000000000001 0.63875 0.805
2 0.54125 0.89875 0.5287499999999999 0.89875 0.5287499999999999 0.905 0.54125 0.905 0.54125 0.89875
2 0.5775 0.75 0.56875 0.75 0.56875 0.76625 0.5775 0.76625 0.5775 0.75
2 0.5599999999999999 0.725 0.5525 0.725 0.5525 0.7474999999999999 0.5599999999999999 0.7474999999999999 0.5599999999999999 0.725
2 0.46749999999999997 0.07125000000000001 0.4525 0.07125000000000001 0.4525 0.08249999999999999 0.46749999999999997 0.08249999999999999 0.46749999999999997 0.07125000000000001
2 0.45375 0.05 0.44000000000000006 0.05 0.44000000000000006 0.06375 0.45375 0.06375 0.45375 0.05
2 0.465 0.041249999999999995 0.45125000000000004 0.041249999999999995 0.45125000000000004 0.05625 0.465 0.05625 0.465 0.041249999999999995
2 0.5425 0.88125 0.53 0.88125 0.53 0.8875 0.5425 0.8875 0.5425 0.88125
2 0.54125 0.9099999999999999 0.5287499999999999 0.9099999999999999 0.5287499999999999 0.9175000000000001 0.54125 0.9175000000000001 0.54125 0.9099999999999999
2 0.0025 0.44375 0.00125 0.44375 0.00125 0.45625 0.0025 0.45625 0.0025 0.44375
2 0.05125 0.44375 0.04375 0.44375 0.04375 0.45999999999999996 0.05125 0.45999999999999996 0.05125 0.44375
2 0.045 0.445 0.0375 0.445 0.0375 0.45999999999999996 0.045 0.45999999999999996 0.045 0.445
2 0.0375 0.44749999999999995 0.03 0.44749999999999995 0.03 0.45999999999999996 0.0375 0.45999999999999996 0.0375 0.44749999999999995
2 0.0325 0.42874999999999996 0.026250000000000002 0.42874999999999996 0.026250000000000002 0.44125 0.0325 0.44125 0.0325 0.42874999999999996
2 0.04 0.42874999999999996 0.0325 0.42874999999999996 0.0325 0.44125 0.04 0.44125 0.04 0.42874999999999996
2 0.026250000000000002 0.44375 0.02 0.44375 0.02 0.45499999999999996 0.026250000000000002 0.45499999999999996 0.026250000000000002 0.44375
2 0.015 0.4425 0.0075 0.4425 0.0075 0.45625 0.015 0.45625 0.015 0.4425
2 0.54125 0.9175000000000001 0.53125 0.9175000000000001 0.53125 0.9237500000000001 0.54125 0.9237500000000001 0.54125 0.9175000000000001
2 0.1375 0.9550000000000001 0.12875 0.9550000000000001 0.12875 0.97 0.1375 0.97 0.1375 0.9550000000000001
2 0.20375000000000001 0.73875 0.1875 0.73875 0.1875 0.75 0.20375000000000001 0.75 0.20375000000000001 0.73875
2 0.5700000000000001 0.9237500000000001 0.5599999999999999 0.9237500000000001 0.5599999999999999 0.93 0.5700000000000001 0.93 0.5700000000000001 0.9237500000000001
2 0.57125 0.9175000000000001 0.5587500000000001 0.9175000000000001 0.5587500000000001 0.9237500000000001 0.57125 0.9237500000000001 0.57125 0.9175000000000001
2 0.5725 0.9125 0.5575 0.9125 0.5575 0.9175000000000001 0.5725 0.9175000000000001 0.5725 0.9125
2 0.4375 0.9375 0.43 0.9375 0.43 0.96125 0.4375 0.96125 0.4375 0.9375
2 0.60625 0.95 0.5875 0.95 0.5875 0.95875 0.60625 0.95875 0.60625 0.95
2 0.86875 0.76125 0.85625 0.76125 0.85625 0.775 0.86875 0.775 0.86875 0.76125
2 0.9712500000000001 0.9425000000000001 0.95625 0.9425000000000001 0.95625 0.9487500000000001 0.9712500000000001 0.9487500000000001 0.9712500000000001 0.9425000000000001
2 0.975 0.9550000000000001 0.95875 0.9550000000000001 0.95875 0.9637499999999999 0.975 0.9637499999999999 0.975 0.9550000000000001
2 0.9637499999999999 0.9637499999999999 0.95625 0.9637499999999999 0.95625 0.97875 0.9637499999999999 0.97875 0.9637499999999999 0.9637499999999999
2 0.95 0.9637499999999999 0.9425000000000001 0.9637499999999999 0.9425000000000001 0.97625 0.95 0.97625 0.95 0.9637499999999999
2 0.775 0.9075 0.7575000000000001 0.9075 0.7575000000000001 0.91625 0.775 0.91625 0.775 0.9075
2 0.8637499999999999 0.80625 0.8574999999999999 0.80625 0.8574999999999999 0.82 0.8637499999999999 0.82 0.8637499999999999 0.80625
2 0.86625 0.7875 0.85625 0.7875 0.85625 0.8 0.86625 0.8 0.86625 0.7875
2 0.86875 0.7787499999999999 0.85625 0.7787499999999999 0.85625 0.79 0.86875 0.79 0.86875 0.7787499999999999
2 0.86875 0.77 0.85625 0.77 0.85625 0.7837500000000001 0.86875 0.7837500000000001 0.86875 0.77
2 0.8675 0.7525000000000001 0.85625 0.7525000000000001 0.85625 0.76375 0.8675 0.76375 0.8675 0.7525000000000001
2 0.9737500000000001 0.91375 0.95875 0.91375 0.95875 0.925 0.9737500000000001 0.925 0.9737500000000001 0.91375
2 0.85625 0.705 0.8487500000000001 0.705 0.8487500000000001 0.7175 0.85625 0.7175 0.85625 0.705
2 0.86875 0.7025 0.8612500000000001 0.7025 0.8612500000000001 0.71875 0.86875 0.71875 0.86875 0.7025
2 0.8574999999999999 0.56875 0.85 0.56875 0.85 0.5825 0.8574999999999999 0.5825 0.8574999999999999 0.56875
2 0.8699999999999999 0.55625 0.8637499999999999 0.55625 0.8637499999999999 0.5675 0.8699999999999999 0.5675 0.8699999999999999 0.55625
2 0.8712500000000001 0.54125 0.8612500000000001 0.54125 0.8612500000000001 0.5549999999999999 0.8712500000000001 0.5549999999999999 0.8712500000000001 0.54125
2 0.86875 0.595 0.8625 0.595 0.8625 0.60875 0.86875 0.60875 0.86875 0.595
2 0.8712500000000001 0.49375 0.8637499999999999 0.49375 0.8637499999999999 0.5125 0.8712500000000001 0.5125 0.8712500000000001 0.49375
2 0.8712500000000001 0.47750000000000004 0.8637499999999999 0.47750000000000004 0.8637499999999999 0.4925 0.8712500000000001 0.4925 0.8712500000000001 0.47750000000000004
2 0.8699999999999999 0.42125 0.8625 0.42125 0.8625 0.43624999999999997 0.8699999999999999 0.43624999999999997 0.8699999999999999 0.42125
2 0.8712500000000001 0.395 0.8637499999999999 0.395 0.8637499999999999 0.41125 0.8712500000000001 0.41125 0.8712500000000001 0.395
2 0.88375 0.34875 0.8775000000000001 0.34875 0.8775000000000001 0.36 0.88375 0.36 0.88375 0.34875
2 0.9712500000000001 0.9275 0.95625 0.9275 0.95625 0.9349999999999999 0.9712500000000001 0.9349999999999999 0.9712500000000001 0.9275
2 0.89 0.34750000000000003 0.88375 0.34750000000000003 0.88375 0.3625 0.89 0.3625 0.89 0.34750000000000003
2 0.89375 0.9637499999999999 0.8875 0.9637499999999999 0.8875 0.97625 0.89375 0.97625 0.89375 0.9637499999999999
2 0.76875 0.9175000000000001 0.7575000000000001 0.9175000000000001 0.7575000000000001 0.9237500000000001 0.76875 0.9237500000000001 0.76875 0.9175000000000001
2 0.7125 0.9487500000000001 0.705 0.9487500000000001 0.705 0.96125 0.7125 0.96125 0.7125 0.9487500000000001
2 0.8012499999999999 0.9512499999999999 0.79375 0.9512499999999999 0.79375 0.9625 0.8012499999999999 0.9625 0.8012499999999999 0.9512499999999999
2 0.825 0.9512499999999999 0.81875 0.9512499999999999 0.81875 0.9650000000000001 0.825 0.9650000000000001 0.825 0.9512499999999999
2 0.82 0.9525 0.8125 0.9525 0.8125 0.9650000000000001 0.82 0.9650000000000001 0.82 0.9525
2 0.81375 0.9550000000000001 0.80625 0.9550000000000001 0.80625 0.9650000000000001 0.81375 0.9650000000000001 0.81375 0.9550000000000001
2 0.6775 0.95 0.66875 0.95 0.66875 0.9625 0.6775 0.9625 0.6775 0.95
2 0.7575000000000001 0.805 0.75125 0.805 0.75125 0.82 0.7575000000000001 0.82 0.7575000000000001 0.805
2 0.77 0.805 0.76375 0.805 0.76375 0.82 0.77 0.82 0.77 0.805
2 0.77625 0.83625 0.76875 0.83625 0.76875 0.85 0.77625 0.85 0.77625 0.83625
2 0.8875 0.9637499999999999 0.8800000000000001 0.9637499999999999 0.8800000000000001 0.97625 0.8875 0.97625 0.8875 0.9637499999999999
2 0.9 0.9650000000000001 0.89375 0.9650000000000001 0.89375 0.9775 0.9 0.9775 0.9 0.9650000000000001
2 0.9075 0.8862500000000001 0.8949999999999999 0.8862500000000001 0.8949999999999999 0.8975 0.9075 0.8975 0.9075 0.8862500000000001
2 0.915 0.9650000000000001 0.9075 0.9650000000000001 0.9075 0.97625 0.915 0.97625 0.915 0.9650000000000001
2 0.9075 0.9650000000000001 0.9012499999999999 0.9650000000000001 0.9012499999999999 0.9775 0.9075 0.9775 0.9075 0.9650000000000001
2 0.9275 0.9650000000000001 0.92125 0.9650000000000001 0.92125 0.97875 0.9275 0.97875 0.9275 0.9650000000000001
2 0.9337500000000001 0.9650000000000001 0.9275 0.9650000000000001 0.9275 0.9775 0.9337500000000001 0.9775 0.9337500000000001 0.9650000000000001
2 0.88375 0.9412499999999999 0.86875 0.9412499999999999 0.86875 0.9487500000000001 0.88375 0.9487500000000001 0.88375 0.9412499999999999
2 0.92125 0.95 0.9075 0.95 0.9075 0.95625 0.92125 0.95625 0.92125 0.95
2 0.9225 0.9337500000000001 0.9087500000000001 0.9337500000000001 0.9087500000000001 0.93875 0.9225 0.93875 0.9225 0.9337500000000001
2 0.9225 0.9262499999999999 0.9087500000000001 0.9262499999999999 0.9087500000000001 0.9324999999999999 0.9225 0.9324999999999999 0.9225 0.9262499999999999
2 0.885 0.92875 0.8699999999999999 0.92875 0.8699999999999999 0.9375 0.885 0.9375 0.885 0.92875
2 0.8787499999999999 0.87375 0.8724999999999999 0.87375 0.8724999999999999 0.8875 0.8787499999999999 0.8875 0.8787499999999999 0.87375
2 0.885 0.87375 0.8775000000000001 0.87375 0.8775000000000001 0.8875 0.885 0.8875 0.885 0.87375
2 0.8949999999999999 0.34875 0.89 0.34875 0.89 0.3625 0.8949999999999999 0.3625 0.8949999999999999 0.34875
2 0.9025000000000001 0.34750000000000003 0.8949999999999999 0.34750000000000003 0.8949999999999999 0.36124999999999996 0.9025000000000001 0.36124999999999996 0.9025000000000001 0.34750000000000003
2 0.77125 0.8724999999999999 0.76 0.8724999999999999 0.76 0.8800000000000001 0.77125 0.8800000000000001 0.77125 0.8724999999999999
2 0.95875 0.16875 0.9512499999999999 0.16875 0.9512499999999999 0.18125 0.95875 0.18125 0.95875 0.16875
2 0.94625 0.16499999999999998 0.93875 0.16499999999999998 0.93875 0.18375 0.94625 0.18375 0.94625 0.16499999999999998
2 0.95875 0.07625 0.9525 0.07625 0.9525 0.09375 0.95875 0.09375 0.95875 0.07625
2 0.9525 0.07875 0.94625 0.07875 0.94625 0.09375 0.9525 0.09375 0.9525 0.07875
2 0.91875 0.34375 0.9099999999999999 0.34375 0.9099999999999999 0.355 0.91875 0.355 0.91875 0.34375
2 0.875 0.26749999999999996 0.86875 0.26749999999999996 0.86875 0.27999999999999997 0.875 0.27999999999999997 0.875 0.26749999999999996
2 0.9349999999999999 0.34249999999999997 0.9262499999999999 0.34249999999999997 0.9262499999999999 0.3525 0.9349999999999999 0.3525 0.9349999999999999 0.34249999999999997
2 0.94625 0.35 0.9400000000000001 0.35 0.9400000000000001 0.36124999999999996 0.94625 0.36124999999999996 0.94625 0.35
2 0.9525 0.34750000000000003 0.94625 0.34750000000000003 0.94625 0.3625 0.9525 0.3625 0.9525 0.34750000000000003
2 0.97 0.35 0.9637499999999999 0.35 0.9637499999999999 0.3625 0.97 0.3625 0.97 0.35
2 0.98125 0.35 0.975 0.35 0.975 0.3625 0.98125 0.3625 0.98125 0.35
2 0.9262499999999999 0.28625 0.91375 0.28625 0.91375 0.30125 0.9262499999999999 0.30125 0.9262499999999999 0.28625
2 0.9375 0.28625 0.925 0.28625 0.925 0.30125 0.9375 0.30125 0.9375 0.28625
2 0.94375 0.2875 0.9337500000000001 0.2875 0.9337500000000001 0.30125 0.94375 0.30125 0.94375 0.2875
2 0.9475 0.2875 0.9375 0.2875 0.9375 0.3 0.9475 0.3 0.9475 0.2875
2 0.95375 0.2875 0.94375 0.2875 0.94375 0.3 0.95375 0.3 0.95375 0.2875
2 0.97625 0.28250000000000003 0.9625 0.28250000000000003 0.9625 0.29375 0.97625 0.29375 0.97625 0.28250000000000003
2 0.8800000000000001 0.26875 0.87375 0.26875 0.87375 0.27999999999999997 0.8800000000000001 0.27999999999999997 0.8800000000000001 0.26875
2 0.9724999999999999 0.08249999999999999 0.9662499999999999 0.08249999999999999 0.9662499999999999 0.09625 0.9724999999999999 0.09625 0.9724999999999999 0.08249999999999999
2 0.875 0.24625 0.86875 0.24625 0.86875 0.26 0.875 0.26 0.875 0.24625
2 0.98375 0.24874999999999997 0.9775 0.24874999999999997 0.9775 0.2625 0.98375 0.2625 0.98375 0.24874999999999997
2 0.9775 0.23500000000000001 0.97 0.23500000000000001 0.97 0.25 0.9775 0.25 0.9775 0.23500000000000001
2 0.9824999999999999 0.23500000000000001 0.97625 0.23500000000000001 0.97625 0.24874999999999997 0.9824999999999999 0.24874999999999997 0.9824999999999999 0.23500000000000001
2 0.9175000000000001 0.16875 0.9125 0.16875 0.9125 0.18 0.9175000000000001 0.18 0.9175000000000001 0.16875
2 0.9262499999999999 0.1675 0.9199999999999999 0.1675 0.9199999999999999 0.18125 0.9262499999999999 0.18125 0.9262499999999999 0.1675
2 0.975 0.1675 0.9662499999999999 0.1675 0.9662499999999999 0.18125 0.975 0.18125 0.975 0.1675
2 0.8925000000000001 0.12250000000000001 0.885 0.12250000000000001 0.885 0.1375 0.8925000000000001 0.1375 0.8925000000000001 0.12250000000000001
2 0.89125 0.09375 0.8862500000000001 0.09375 0.8862500000000001 0.10625 0.89125 0.10625 0.89125 0.09375
2 0.91625 0.07625 0.9075 0.07625 0.9075 0.09375 0.91625 0.09375 0.91625 0.07625
2 0.9662499999999999 0.08249999999999999 0.96 0.08249999999999999 0.96 0.09625 0.9662499999999999 0.09625 0.9662499999999999 0.08249999999999999
2 0.77125 0.8862500000000001 0.75875 0.8862500000000001 0.75875 0.8925000000000001 0.77125 0.8925000000000001 0.77125 0.8862500000000001
2 0.7175 0.8800000000000001 0.705 0.8800000000000001 0.705 0.8925000000000001 0.7175 0.8925000000000001 0.7175 0.8800000000000001
2 0.7175 0.8675 0.70375 0.8675 0.70375 0.8800000000000001 0.7175 0.8800000000000001 0.7175 0.8675
2 0.6325000000000001 0.58375 0.62375 0.58375 0.62375 0.5962500000000001 0.6325000000000001 0.5962500000000001 0.6325000000000001 0.58375
2 0.77625 0.33875 0.765 0.33875 0.765 0.34375 0.77625 0.34375 0.77625 0.33875
2 0.7787499999999999 0.36124999999999996 0.76625 0.36124999999999996 0.76625 0.36875 0.7787499999999999 0.36875 0.7787499999999999 0.36124999999999996
2 0.75 0.375 0.73375 0.375 0.73375 0.3825 0.75 0.3825 0.75 0.375
2 0.8225 0.3275 0.8087500000000001 0.3275 0.8087500000000001 0.3325 0.8225 0.3325 0.8225 0.3275
2 0.8225 0.33125 0.8099999999999999 0.33125 0.8099999999999999 0.33875 0.8225 0.33875 0.8225 0.33125
2 0.79125 0.47874999999999995 0.7787499999999999 0.47874999999999995 0.7787499999999999 0.485 0.79125 0.485 0.79125 0.47874999999999995
2 0.79125 0.5025000000000001 0.7787499999999999 0.5025000000000001 0.7787499999999999 0.50875 0.79125 0.50875 0.79125 0.5025000000000001
2 0.79125 0.50875 0.7787499999999999 0.50875 0.7787499999999999 0.515 0.79125 0.515 0.79125 0.50875
2 0.79 0.5387500000000001 0.7775000000000001 0.5387500000000001 0.7775000000000001 0.54375 0.79 0.54375 0.79 0.5387500000000001
2 0.79 0.54625 0.77625 0.54625 0.77625 0.55125 0.79 0.55125 0.79 0.54625
2 0.7887500000000001 0.5525 0.77625 0.5525 0.77625 0.5575 0.7887500000000001 0.5575 0.7887500000000001 0.5525
2 0.6375 0.5862499999999999 0.6287499999999999 0.5862499999999999 0.6287499999999999 0.6 0.6375 0.6 0.6375 0.5862499999999999
2 0.7787499999999999 0.32625000000000004 0.765 0.32625000000000004 0.765 0.3325 0.7787499999999999 0.3325 0.7787499999999999 0.32625000000000004
2 0.80625 0.515 0.79875 0.515 0.79875 0.5349999999999999 0.80625 0.5349999999999999 0.80625 0.515
2 0.82 0.53625 0.805 0.53625 0.805 0.545 0.82 0.545 0.82 0.53625
2 0.82125 0.5475 0.80625 0.5475 0.80625 0.55625 0.82125 0.55625 0.82125 0.5475
2 0.82125 0.5549999999999999 0.8074999999999999 0.5549999999999999 0.8074999999999999 0.5625 0.82125 0.5625 0.82125 0.5549999999999999
2 0.82 0.56125 0.8087500000000001 0.56125 0.8087500000000001 0.56875 0.82 0.56875 0.82 0.56125
2 0.82125 0.56875 0.8087500000000001 0.56875 0.8087500000000001 0.575 0.82125 0.575 0.82125 0.56875
2 0.82125 0.575 0.8099999999999999 0.575 0.8099999999999999 0.58125 0.82125 0.58125 0.82125 0.575
2 0.80625 0.6775 0.79875 0.6775 0.79875 0.69375 0.80625 0.69375 0.80625 0.6775
2 0.68125 0.83625 0.67375 0.83625 0.67375 0.85 0.68125 0.85 0.68125 0.83625
2 0.6925 0.83375 0.6849999999999999 0.83375 0.6849999999999999 0.8487500000000001 0.6925 0.8487500000000001 0.6925 0.83375
2 0.7150000000000001 0.83375 0.70875 0.83375 0.70875 0.85 0.7150000000000001 0.85 0.7150000000000001 0.83375
2 0.7775000000000001 0.3325 0.765 0.3325 0.765 0.3375 0.7775000000000001 0.3375 0.7775000000000001 0.3325
2 0.7775000000000001 0.315 0.76375 0.315 0.76375 0.3225 0.7775000000000001 0.3225 0.7775000000000001 0.315
2 0.7325 0.1325 0.71875 0.1325 0.71875 0.14375 0.7325 0.14375 0.7325 0.1325
2 0.84375 0.00375 0.8300000000000001 0.00375 0.8300000000000001 0.0125 0.84375 0.0125 0.84375 0.00375
2 0.8262499999999999 0.061250000000000006 0.8175000000000001 0.061250000000000006 0.8175000000000001 0.07625 0.8262499999999999 0.07625 0.8262499999999999 0.061250000000000006
2 0.8625 0.1025 0.8550000000000001 0.1025 0.8550000000000001 0.12125 0.8625 0.12125 0.8625 0.1025
2 0.72875 0.12 0.7162499999999999 0.12 0.7162499999999999 0.135 0.72875 0.135 0.72875 0.12
2 0.78 0.30125 0.76625 0.30125 0.76625 0.30874999999999997 0.78 0.30874999999999997 0.78 0.30125
2 0.74875 0.20249999999999999 0.7375 0.20249999999999999 0.7375 0.21000000000000002 0.74875 0.21000000000000002 0.74875 0.20249999999999999
2 0.7474999999999999 0.21625 0.735 0.21625 0.735 0.2225 0.7474999999999999 0.2225 0.7474999999999999 0.21625
2 0.7787499999999999 0.22999999999999998 0.76375 0.22999999999999998 0.76375 0.23875000000000002 0.7787499999999999 0.23875000000000002 0.7787499999999999 0.22999999999999998
2 0.7474999999999999 0.2925 0.735 0.2925 0.735 0.3 0.7474999999999999 0.3 0.7474999999999999 0.2925
2 0.7474999999999999 0.31124999999999997 0.73375 0.31124999999999997 0.73375 0.31875 0.7474999999999999 0.31875 0.7474999999999999 0.31124999999999997
2 0.7474999999999999 0.3225 0.73375 0.3225 0.73375 0.32999999999999996 0.7474999999999999 0.32999999999999996 0.7474999999999999 0.3225
2 0.7462500000000001 0.32875 0.73375 0.32875 0.73375 0.33625 0.7462500000000001 0.33625 0.7462500000000001 0.32875
2 0.79125 0.22625 0.78 0.22625 0.78 0.23374999999999999 0.79125 0.23374999999999999 0.79125 0.22625
2 0.79125 0.2375 0.7787499999999999 0.2375 0.7787499999999999 0.24500000000000002 0.79125 0.24500000000000002 0.79125 0.2375
2 0.79125 0.24375 0.7775000000000001 0.24375 0.7775000000000001 0.25 0.79125 0.25 0.79125 0.24375
2 0.7787499999999999 0.2925 0.7625 0.2925 0.7625 0.29874999999999996 0.7787499999999999 0.29874999999999996 0.7787499999999999 0.2925
2 0.89375 0.20375000000000001 0.88125 0.20375000000000001 0.88125 0.21125 0.89375 0.21125 0.89375 0.20375000000000001
2 0.8925000000000001 0.21125 0.8787499999999999 0.21125 0.8787499999999999 0.21749999999999997 0.8925000000000001 0.21749999999999997 0.8925000000000001 0.21125
2 0.8800000000000001 0.24625 0.87375 0.24625 0.87375 0.2575 0.8800000000000001 0.2575 0.8800000000000001 0.24625
2 0.8787499999999999 0.9175000000000001 0.86875 0.9175000000000001 0.86875 0.925 0.8787499999999999 0.925 0.8787499999999999 0.9175000000000001
2 0.9199999999999999 0.89625 0.9087500000000001 0.89625 0.9087500000000001 0.9012499999999999 0.9199999999999999 0.9012499999999999 0.9199999999999999 0.89625