2 0.0625 0.48375 0.04875 0.48375 0.04875 0.49000000000000005 0.0625 0.49000000000000005 0.0625 0.48375
2 0.07375000000000001 0.4725 0.06 0.4725 0.06 0.47874999999999995 0.07375000000000001 0.47874999999999995 0.07375000000000001 0.4725
2 0.0625 0.55 0.057499999999999996 0.55 0.057499999999999996 0.5625 0.0625 0.5625 0.0625 0.55
2 0.07125000000000001 0.5549999999999999 0.065 0.5549999999999999 0.065 0.5675 0.07125000000000001 0.5675 0.07125000000000001 0.5549999999999999
2 0.06375 0.5625 0.057499999999999996 0.5625 0.057499999999999996 0.57375 0.06375 0.57375 0.06375 0.5625
2 0.05 0.66625 0.041249999999999995 0.66625 0.041249999999999995 0.6799999999999999 0.05 0.6799999999999999 0.05 0.66625
2 0.04375 0.69625 0.03625 0.69625 0.03625 0.7075 0.04375 0.7075 0.04375 0.69625
2 0.03 0.7175 0.0225 0.7175 0.0225 0.73 0.03 0.73 0.03 0.7175
2 0.042499999999999996 0.7275 0.034999999999999996 0.7275 0.034999999999999996 0.7375 0.042499999999999996 0.7375 0.042499999999999996 0.7275
2 0.02375 0.78 0.015 0.78 0.015 0.7975 0.02375 0.7975 0.02375 0.78
2 0.01875 0.8612500000000001 0.0125 0.8612500000000001 0.0125 0.8787499999999999 0.01875 0.8787499999999999 0.01875 0.8612500000000001
2 0.05125 0.49625 0.0375 0.49625 0.0375 0.5037499999999999 0.05125 0.5037499999999999 0.05125 0.49625
2 0.4 0.03 0.3875 0.03 0.3875 0.0375 0.4 0.0375 0.4 0.03
2 0.05 0.07625 0.04375 0.07625 0.04375 0.09 0.05 0.09 0.05 0.07625
2 0.026250000000000002 0.08375 0.02 0.08375 0.02 0.0975 0.026250000000000002 0.0975 0.026250000000000002 0.08375
2 0.0075 0.03875 0.00125 0.03875 0.00125 0.04875 0.0075 0.04875 0.0075 0.03875
2 0.01125 0.07125000000000001 0.0025 0.07125000000000001 0.0025 0.08875 0.01125 0.08875 0.01125 0.07125000000000001
2 0.025 0.06625 0.01875 0.06625 0.01875 0.08 0.025 0.08 0.025 0.06625
2 0.02 0.10375000000000001 0.015 0.10375000000000001 0.015 0.11625 0.02 0.11625 0.02 0.10375000000000001
2 0.052500000000000005 0.125 0.04625 0.125 0.04625 0.1375 0.052500000000000005 0.1375 0.052500000000000005 0.125
2 0.015 0.10874999999999999 0.01 0.10874999999999999 0.01 0.12125 0.015 0.12125 0.015 0.10874999999999999
2 0.008749999999999999 0.10874999999999999 0.00375 0.10874999999999999 0.00375 0.12375 0.008749999999999999 0.12375 0.008749999999999999 0.10874999999999999
2 0.03125 0.14875 0.02375 0.14875 0.02375 0.16125 0.03125 0.16125 0.03125 0.14875
2 0.03125 0.1625 0.025 0.1625 0.025 0.17625 0.03125 0.17625 0.03125 0.1625
2 0.0325 0.17625 0.026250000000000002 0.17625 0.026250000000000002 0.19125 0.0325 0.19125 0.0325 0.17625
2 0.03375 0.22125 0.028749999999999998 0.22125 0.028749999999999998 0.23500000000000001 0.03375 0.23500000000000001 0.03375 0.22125
2 0.03625 0.23500000000000001 0.028749999999999998 0.23500000000000001 0.028749999999999998 0.2475 0.03625 0.2475 0.03625 0.23500000000000001
2 0.02 0.22125 0.0125 0.22125 0.0125 0.23625 0.02 0.23625 0.02 0.22125
2 0.05625 0.18125 0.04875 0.18125 0.04875 0.1975 0.05625 0.1975 0.05625 0.18125
2 0.05375 0.13999999999999999 0.04625 0.13999999999999999 0.04625 0.15375 0.05375 0.15375 0.05375 0.13999999999999999
2 0.65625 0.68125 0.65 0.68125 0.65 0.69625 0.65625 0.69625 0.65625 0.68125
2 0.67 0.6799999999999999 0.6625 0.6799999999999999 0.6625 0.6950000000000001 0.67 0.6950000000000001 0.67 0.6799999999999999
2 0.6775 0.68125 0.67125 0.68125 0.67125 0.6950000000000001 0.6775 0.6950000000000001 0.6775 0.68125
2 0.7725 0.7150000000000001 0.76625 0.7150000000000001 0.76625 0.72875 0.7725 0.72875 0.7725 0.7150000000000001
2 0.78 0.7162499999999999 0.7725 0.7162499999999999 0.7725 0.72875 0.78 0.72875 0.78 0.7162499999999999
2 0.7875 0.7175 0.7787499999999999 0.7175 0.7787499999999999 0.73 0.7875 0.73 0.7875 0.7175
2 0.18375 0.50625 0.17250000000000001 0.50625 0.17250000000000001 0.5125 0.18375 0.5125 0.18375 0.50625
2 0.3175 0.49625 0.30625 0.49625 0.30625 0.50125 0.3175 0.50125 0.3175 0.49625
2 0.3175 0.5025000000000001 0.3025 0.5025000000000001 0.3025 0.51125 0.3175 0.51125 0.3175 0.5025000000000001
2 0.90625 0.91875 0.8887499999999999 0.91875 0.8887499999999999 0.9275 0.90625 0.9275 0.90625 0.91875
2 0.93625 0.9199999999999999 0.91625 0.9199999999999999 0.91625 0.92875 0.93625 0.92875 0.93625 0.9199999999999999
2 0.8925000000000001 0.93 0.875 0.93 0.875 0.94375 0.8925000000000001 0.94375 0.8925000000000001 0.93
2 0.64625 0.55375 0.64 0.55375 0.64 0.5662499999999999 0.64625 0.5662499999999999 0.64625 0.55375
2 0.90625 0.74875 0.89875 0.74875 0.89875 0.7625 0.90625 0.7625 0.90625 0.74875
2 0.9075 0.72375 0.9012499999999999 0.72375 0.9012499999999999 0.74125 0.9075 0.74125 0.9075 0.72375
2 0.8125 0.66625 0.8 0.66625 0.8 0.6725 0.8125 0.6725 0.8125 0.66625
2 0.9574999999999999 0.55125 0.9512499999999999 0.55125 0.9512499999999999 0.5650000000000001 0.9574999999999999 0.5650000000000001 0.9574999999999999 0.55125
2 0.8975 0.7224999999999999 0.89125 0.7224999999999999 0.89125 0.7375 0.8975 0.7375 0.8975 0.7224999999999999
2 0.9949999999999999 0.6 0.9875 0.6 0.9875 0.615 0.9949999999999999 0.615 0.9949999999999999 0.6
2 0.9962500000000001 0.61875 0.9875 0.61875 0.9875 0.63625 0.9962500000000001 0.63625 0.9962500000000001 0.61875
2 0.99375 0.6675 0.9875 0.6675 0.9875 0.68125 0.99375 0.68125 0.99375 0.6675
2 0.8975 0.745 0.89125 0.745 0.89125 0.7575000000000001 0.8975 0.7575000000000001 0.8975 0.745
2 0.88125 0.665 0.875 0.665 0.875 0.6775 0.88125 0.6775 0.88125 0.665
2 0.82 0.53125 0.81375 0.53125 0.81375 0.545 0.82 0.545 0.82 0.53125
2 0.6224999999999999 0.5037499999999999 0.61 0.5037499999999999 0.61 0.50875 0.6224999999999999 0.50875 0.6224999999999999 0.5037499999999999
2 0.67375 0.505 0.66125 0.505 0.66125 0.51125 0.67375 0.51125 0.67375 0.505
2 0.725 0.505 0.71 0.505 0.71 0.51125 0.725 0.51125 0.725 0.505
2 0.7575000000000001 0.525 0.7474999999999999 0.525 0.7474999999999999 0.5387500000000001 0.7575000000000001 0.5387500000000001 0.7575000000000001 0.525
2 0.7849999999999999 0.5575 0.7787499999999999 0.5575 0.7787499999999999 0.56875 0.7849999999999999 0.56875 0.7849999999999999 0.5575
2 0.7887500000000001 0.53 0.7837500000000001 0.53 0.7837500000000001 0.5425 0.7887500000000001 0.5425 0.7887500000000001 0.53
2 0.79625 0.53 0.79 0.53 0.79 0.5425 0.79625 0.5425 0.79625 0.53
2 0.8025 0.53 0.79625 0.53 0.79625 0.5425 0.8025 0.5425 0.8025 0.53
2 0.8012499999999999 0.49749999999999994 0.7849999999999999 0.49749999999999994 0.7849999999999999 0.5037499999999999 0.8012499999999999 0.5037499999999999 0.8012499999999999 0.49749999999999994
2 0.9 0.49874999999999997 0.8862500000000001 0.49874999999999997 0.8862500000000001 0.50625 0.9 0.50625 0.9 0.49874999999999997
2 0.81375 0.53125 0.8074999999999999 0.53125 0.8074999999999999 0.54375 0.81375 0.54375 0.81375 0.53125
2 0.8099999999999999 0.5549999999999999 0.80375 0.5549999999999999 0.80375 0.5700000000000001 0.8099999999999999 0.5700000000000001 0.8099999999999999 0.5549999999999999
2 0.875 0.66625 0.86875 0.66625 0.86875 0.67875 0.875 0.67875 0.875 0.66625
2 0.8225 0.55625 0.8150000000000001 0.55625 0.8150000000000001 0.5700000000000001 0.8225 0.5700000000000001 0.8225 0.55625
2 0.8300000000000001 0.55625 0.8225 0.55625 0.8225 0.57125 0.8300000000000001 0.57125 0.8300000000000001 0.55625
2 0.85875 0.5525 0.8425 0.5525 0.8425 0.56125 0.85875 0.56125 0.85875 0.5525
2 0.85875 0.56375 0.845 0.56375 0.845 0.5700000000000001 0.85875 0.5700000000000001 0.85875 0.56375
2 0.84375 0.665 0.8375 0.665 0.8375 0.6775 0.84375 0.6775 0.84375 0.665
2 0.93625 0.55125 0.92875 0.55125 0.92875 0.5650000000000001 0.93625 0.5650000000000001 0.93625 0.55125
2 0.885 0.6475 0.8787499999999999 0.6475 0.8787499999999999 0.665 0.885 0.665 0.885 0.6475
2 0.85 0.665 0.84375 0.665 0.84375 0.67875 0.85 0.67875 0.85 0.665
2 0.8574999999999999 0.66625 0.85125 0.66625 0.85125 0.67875 0.8574999999999999 0.67875 0.8574999999999999 0.66625
2 0.8637499999999999 0.66625 0.85625 0.66625 0.85625 0.67875 0.8637499999999999 0.67875 0.8637499999999999 0.66625
2 0.8699999999999999 0.66625 0.8637499999999999 0.66625 0.8637499999999999 0.6799999999999999 0.8699999999999999 0.6799999999999999 0.8699999999999999 0.66625
2 0.9925 0.70375 0.9862500000000001 0.70375 0.9862500000000001 0.71875 0.9925 0.71875 0.9925 0.70375
2 0.8887499999999999 0.57375 0.875 0.57375 0.875 0.5900000000000001 0.8887499999999999 0.5900000000000001 0.8887499999999999 0.57375
2 0.985 0.8887499999999999 0.97875 0.8887499999999999 0.97875 0.9025000000000001 0.985 0.9025000000000001 0.985 0.8887499999999999
2 0.9800000000000001 0.96125 0.9637499999999999 0.96125 0.9637499999999999 0.96875 0.9800000000000001 0.96875 0.9800000000000001 0.96125
2 0.88375 0.925 0.86625 0.925 0.86625 0.9324999999999999 0.88375 0.9324999999999999 0.88375 0.925
2 0.985 1 0.985 0.9974999999999999 0.9712500000000001 0.9974999999999999 0.9712500000000001 1 0.985 1
2 0.04375 0.45 0.03625 0.45 0.03625 0.45999999999999996 0.04375 0.45999999999999996 0.04375 0.45
2 0.67375 0.7075 0.6675 0.7075 0.6675 0.71875 0.67375 0.71875 0.67375 0.7075