2 0.25 0.65 0.24375 0.65 0.24375 0.66125 0.25 0.66125 0.25 0.65
2 0.20750000000000002 0.29375 0.19875 0.29375 0.19875 0.3075 0.20750000000000002 0.3075 0.20750000000000002 0.29375
2 0.575 0.065 0.5625 0.065 0.5625 0.07125000000000001 0.575 0.07125000000000001 0.575 0.065
2 0.43 0.3775 0.41500000000000004 0.3775 0.41500000000000004 0.39 0.43 0.39 0.43 0.3775
2 0.2125 0.48875 0.205 0.48875 0.205 0.5025000000000001 0.2125 0.5025000000000001 0.2125 0.48875
2 0.50625 0.22999999999999998 0.4925 0.22999999999999998 0.4925 0.2425 0.50625 0.2425 0.50625 0.22999999999999998
2 0.27 0.20625 0.2625 0.20625 0.2625 0.22125 0.27 0.22125 0.27 0.20625
2 0.08499999999999999 0.2625 0.0725 0.2625 0.0725 0.27749999999999997 0.08499999999999999 0.27749999999999997 0.08499999999999999 0.2625
2 0.08249999999999999 0.2475 0.06625 0.2475 0.06625 0.255 0.08249999999999999 0.255 0.08249999999999999 0.2475
2 0.17875000000000002 0.2425 0.16499999999999998 0.2425 0.16499999999999998 0.25125000000000003 0.17875000000000002 0.25125000000000003 0.17875000000000002 0.2425
2 0.265 0.09125 0.25875 0.09125 0.25875 0.10500000000000001 0.265 0.10500000000000001 0.265 0.09125
2 0.2125 0.12875 0.20625 0.12875 0.20625 0.145 0.2125 0.145 0.2125 0.12875
2 0.20375000000000001 0.47375 0.195 0.47375 0.195 0.5237499999999999 0.20375000000000001 0.5237499999999999 0.20375000000000001 0.47375
2 0.26375000000000004 0.50625 0.25375000000000003 0.50625 0.25375000000000003 0.5375 0.26375000000000004 0.5375 0.26375000000000004 0.50625