2 0.51125 0.845 0.49625 0.845 0.49625 0.8574999999999999 0.51125 0.8574999999999999 0.51125 0.845
2 0.44875 0.5962500000000001 0.43499999999999994 0.5962500000000001 0.43499999999999994 0.60875 0.44875 0.60875 0.44875 0.5962500000000001
2 0.51625 0.6487499999999999 0.5037499999999999 0.6487499999999999 0.5037499999999999 0.6625 0.51625 0.6625 0.51625 0.6487499999999999
2 0.48624999999999996 0.625 0.47125000000000006 0.625 0.47125000000000006 0.6375 0.48624999999999996 0.6375 0.48624999999999996 0.625
2 0.38625 0.63375 0.37625000000000003 0.63375 0.37625000000000003 0.645 0.38625 0.645 0.38625 0.63375
2 0.375 0.62625 0.3625 0.62625 0.3625 0.63625 0.375 0.63625 0.375 0.62625
2 0.42125 0.665 0.41 0.665 0.41 0.6775 0.42125 0.6775 0.42125 0.665
2 0.43375 0.6725 0.42000000000000004 0.6725 0.42000000000000004 0.6849999999999999 0.43375 0.6849999999999999 0.43375 0.6725
2 0.46624999999999994 0.6925 0.4575 0.6925 0.4575 0.705 0.46624999999999994 0.705 0.46624999999999994 0.6925
2 0.49124999999999996 0.7125 0.47874999999999995 0.7125 0.47874999999999995 0.73 0.49124999999999996 0.73 0.49124999999999996 0.7125
2 0.5349999999999999 0.665 0.5237499999999999 0.665 0.5237499999999999 0.67625 0.5349999999999999 0.67625 0.5349999999999999 0.665
2 0.6224999999999999 0.74125 0.61125 0.74125 0.61125 0.7537499999999999 0.6224999999999999 0.7537499999999999 0.6224999999999999 0.74125
2 0.6325000000000001 0.8400000000000001 0.6224999999999999 0.8400000000000001 0.6224999999999999 0.85375 0.6325000000000001 0.85375 0.6325000000000001 0.8400000000000001
2 0.65 0.8525 0.64 0.8525 0.64 0.86625 0.65 0.86625 0.65 0.8525
2 0.01875 0.74375 0.01125 0.74375 0.01125 0.7575000000000001 0.01875 0.7575000000000001 0.01875 0.74375
2 0.6675 0.87375 0.65625 0.87375 0.65625 0.8887499999999999 0.6675 0.8887499999999999 0.6675 0.87375
2 0.68125 0.8887499999999999 0.67125 0.8887499999999999 0.67125 0.9037499999999999 0.68125 0.9037499999999999 0.68125 0.8887499999999999
2 0.69375 0.8975 0.6799999999999999 0.8975 0.6799999999999999 0.9112500000000001 0.69375 0.9112500000000001 0.69375 0.8975
2 0.705 0.9037499999999999 0.6912499999999999 0.9037499999999999 0.6912499999999999 0.92125 0.705 0.92125 0.705 0.9037499999999999
2 0.7737499999999999 0.9574999999999999 0.7575000000000001 0.9574999999999999 0.7575000000000001 0.9737500000000001 0.7737499999999999 0.9737500000000001 0.7737499999999999 0.9574999999999999
2 0.2125 0.70625 0.19875 0.70625 0.19875 0.71875 0.2125 0.71875 0.2125 0.70625
2 0.01 0.7474999999999999 0.00125 0.7474999999999999 0.00125 0.7625 0.01 0.7625 0.01 0.7474999999999999