2 0.62625 0.92125 0.61 0.92125 0.61 0.9349999999999999 0.62625 0.9349999999999999 0.62625 0.92125
2 0.9875 0.5775 0.97875 0.5775 0.97875 0.5925 0.9875 0.5925 0.9875 0.5775
2 0.89125 0.87625 0.8712500000000001 0.87625 0.8712500000000001 0.8862500000000001 0.89125 0.8862500000000001 0.89125 0.87625
2 0.63125 0.915 0.61625 0.915 0.61625 0.9275 0.63125 0.9275 0.63125 0.915
2 0.5825 0.94625 0.56375 0.94625 0.56375 0.9574999999999999 0.5825 0.9574999999999999 0.5825 0.94625
2 0.58 0.9525 0.56125 0.9525 0.56125 0.9650000000000001 0.58 0.9650000000000001 0.58 0.9525
2 0.66625 1 0.66625 0.99875 0.6575 0.99875 0.6575 1 0.66625 1
2 0.57625 0.96 0.5599999999999999 0.96 0.5599999999999999 0.9724999999999999 0.57625 0.9724999999999999 0.57625 0.96
2 0.5912499999999999 0.9712500000000001 0.5775 0.9712500000000001 0.5775 0.99 0.5912499999999999 0.99 0.5912499999999999 0.9712500000000001
2 0.6575 0.9349999999999999 0.64625 0.9349999999999999 0.64625 0.95 0.6575 0.95 0.6575 0.9349999999999999
2 0.6599999999999999 0.9737500000000001 0.64375 0.9737500000000001 0.64375 0.9862500000000001 0.6599999999999999 0.9862500000000001 0.6599999999999999 0.9737500000000001
2 0.655 0.9824999999999999 0.64125 0.9824999999999999 0.64125 0.99125 0.655 0.99125 0.655 0.9824999999999999
2 0.6275000000000001 1 0.6275000000000001 0.9875 0.6174999999999999 0.9875 0.6174999999999999 1 0.6275000000000001 1
2 0.6212500000000001 1 0.6212500000000001 0.985 0.6125 0.985 0.6125 1 0.6212500000000001 1
2 0.6587500000000001 1 0.6587500000000001 0.9974999999999999 0.65125 0.9974999999999999 0.65125 1 0.6587500000000001 1