2 0.645 0.12 0.63 0.12 0.63 0.14125000000000001 0.645 0.14125000000000001 0.645 0.12
2 0.75625 0.25625 0.7474999999999999 0.25625 0.7474999999999999 0.27125 0.75625 0.27125 0.75625 0.25625
2 0.9712500000000001 0.034999999999999996 0.9637499999999999 0.034999999999999996 0.9637499999999999 0.05 0.9712500000000001 0.05 0.9712500000000001 0.034999999999999996
2 0.9574999999999999 0.03875 0.95 0.03875 0.95 0.05 0.9574999999999999 0.05 0.9574999999999999 0.03875
2 0.60375 0.12 0.5962500000000001 0.12 0.5962500000000001 0.135 0.60375 0.135 0.60375 0.12
2 0.69875 0.2525 0.68125 0.2525 0.68125 0.26 0.69875 0.26 0.69875 0.2525
2 0.5862499999999999 0.26875 0.56375 0.26875 0.56375 0.27999999999999997 0.5862499999999999 0.27999999999999997 0.5862499999999999 0.26875
2 0.6325000000000001 0.36 0.62 0.36 0.62 0.38125 0.6325000000000001 0.38125 0.6325000000000001 0.36
2 0.9087500000000001 0.125 0.89875 0.125 0.89875 0.14250000000000002 0.9087500000000001 0.14250000000000002 0.9087500000000001 0.125
2 0.8487500000000001 0.5549999999999999 0.8412499999999999 0.5549999999999999 0.8412499999999999 0.56875 0.8487500000000001 0.56875 0.8487500000000001 0.5549999999999999
2 0.8712500000000001 0.5575 0.85875 0.5575 0.85875 0.57375 0.8712500000000001 0.57375 0.8712500000000001 0.5575
2 0.9512499999999999 0.08499999999999999 0.945 0.08499999999999999 0.945 0.0975 0.9512499999999999 0.0975 0.9512499999999999 0.08499999999999999
2 0.9637499999999999 0.1025 0.95625 0.1025 0.95625 0.11499999999999999 0.9637499999999999 0.11499999999999999 0.9637499999999999 0.1025
2 0.7675 0.45499999999999996 0.7525000000000001 0.45499999999999996 0.7525000000000001 0.46749999999999997 0.7675 0.46749999999999997 0.7675 0.45499999999999996
2 0.775 0.4 0.7625 0.4 0.7625 0.41125 0.775 0.41125 0.775 0.4
2 0.7575000000000001 0.49000000000000005 0.74 0.49000000000000005 0.74 0.5025000000000001 0.7575000000000001 0.5025000000000001 0.7575000000000001 0.49000000000000005
2 0.55625 0.46125 0.545 0.46125 0.545 0.47750000000000004 0.55625 0.47750000000000004 0.55625 0.46125
2 0.5475 0.45999999999999996 0.53625 0.45999999999999996 0.53625 0.47625 0.5475 0.47625 0.5475 0.45999999999999996
2 0.52 0.42625 0.5075000000000001 0.42625 0.5075000000000001 0.4375 0.52 0.4375 0.52 0.42625
2 0.525 0.4525 0.51375 0.4525 0.51375 0.46749999999999997 0.525 0.46749999999999997 0.525 0.4525
2 0.47874999999999995 0.46624999999999994 0.46375 0.46624999999999994 0.46375 0.48 0.47874999999999995 0.48 0.47874999999999995 0.46624999999999994
2 0.475 0.45999999999999996 0.45999999999999996 0.45999999999999996 0.45999999999999996 0.47375 0.475 0.47375 0.475 0.45999999999999996
2 0.78 0.36625 0.76875 0.36625 0.76875 0.37625000000000003 0.78 0.37625000000000003 0.78 0.36625
2 0.59875 0.59875 0.585 0.59875 0.585 0.61875 0.59875 0.61875 0.59875 0.59875
2 0.5912499999999999 0.595 0.57875 0.595 0.57875 0.61625 0.5912499999999999 0.61625 0.5912499999999999 0.595
2 0.5775 0.5912499999999999 0.5650000000000001 0.5912499999999999 0.5650000000000001 0.61 0.5775 0.61 0.5775 0.5912499999999999
2 0.6025 0.51625 0.575 0.51625 0.575 0.53625 0.6025 0.53625 0.6025 0.51625
2 0.625 0.5325 0.6025 0.5325 0.6025 0.54875 0.625 0.54875 0.625 0.5325
2 0.5625 0.55625 0.5387500000000001 0.55625 0.5387500000000001 0.57625 0.5625 0.57625 0.5625 0.55625
2 0.5575 0.55 0.5349999999999999 0.55 0.5349999999999999 0.5700000000000001 0.5575 0.5700000000000001 0.5575 0.55
2 0.5525 0.54375 0.53 0.54375 0.53 0.56375 0.5525 0.56375 0.5525 0.54375
2 0.54875 0.53625 0.52625 0.53625 0.52625 0.5575 0.54875 0.5575 0.54875 0.53625
2 0.5387500000000001 0.525 0.51625 0.525 0.51625 0.545 0.5387500000000001 0.545 0.5387500000000001 0.525
2 0.5349999999999999 0.52 0.51125 0.52 0.51125 0.5387500000000001 0.5349999999999999 0.5387500000000001 0.5349999999999999 0.52
2 0.53125 0.51375 0.50875 0.51375 0.50875 0.5337500000000001 0.53125 0.5337500000000001 0.53125 0.51375
2 0.52625 0.5075000000000001 0.5037499999999999 0.5075000000000001 0.5037499999999999 0.5287499999999999 0.52625 0.5287499999999999 0.52625 0.5075000000000001
2 0.52125 0.5025000000000001 0.5 0.5025000000000001 0.5 0.5237499999999999 0.52125 0.5237499999999999 0.52125 0.5025000000000001
2 0.51875 0.495 0.49375 0.495 0.49375 0.5175 0.51875 0.5175 0.51875 0.495
2 0.60375 0.6025 0.5912499999999999 0.6025 0.5912499999999999 0.6212500000000001 0.60375 0.6212500000000001 0.60375 0.6025
2 0.61125 0.6025 0.6 0.6025 0.6 0.6224999999999999 0.61125 0.6224999999999999 0.61125 0.6025
2 0.62 0.60375 0.6075 0.60375 0.6075 0.62375 0.62 0.62375 0.62 0.60375
2 0.65125 0.6125 0.64375 0.6125 0.64375 0.63125 0.65125 0.63125 0.65125 0.6125
2 0.645 0.61125 0.635 0.61125 0.635 0.6287499999999999 0.645 0.6287499999999999 0.645 0.61125
2 0.6325000000000001 0.6075 0.6212500000000001 0.6075 0.6212500000000001 0.62625 0.6325000000000001 0.62625 0.6325000000000001 0.6075
2 0.625 0.605 0.61375 0.605 0.61375 0.62625 0.625 0.62625 0.625 0.605
2 0.6174999999999999 0.12375 0.6075 0.12375 0.6075 0.145 0.6174999999999999 0.145 0.6174999999999999 0.12375
2 0.74375 0.25 0.7262500000000001 0.25 0.7262500000000001 0.25875 0.74375 0.25875 0.74375 0.25
2 0.76375 0.46624999999999994 0.75125 0.46624999999999994 0.75125 0.47125000000000006 0.76375 0.47125000000000006 0.76375 0.46624999999999994
2 0.76125 0.47000000000000003 0.7474999999999999 0.47000000000000003 0.7474999999999999 0.48 0.76125 0.48 0.76125 0.47000000000000003
2 0.7825 0.4425 0.76875 0.4425 0.76875 0.4525 0.7825 0.4525 0.7825 0.4425
2 0.9349999999999999 0.1125 0.9262499999999999 0.1125 0.9262499999999999 0.13 0.9349999999999999 0.13 0.9349999999999999 0.1125
2 0.885 0.13 0.875 0.13 0.875 0.14875 0.885 0.14875 0.885 0.13
2 0.9262499999999999 0.40499999999999997 0.91625 0.40499999999999997 0.91625 0.42000000000000004 0.9262499999999999 0.42000000000000004 0.9262499999999999 0.40499999999999997
2 0.925 0.42750000000000005 0.9099999999999999 0.42750000000000005 0.9099999999999999 0.4375 0.925 0.4375 0.925 0.42750000000000005