2 0.52 0.3175 0.5125 0.3175 0.5125 0.3325 0.52 0.3325 0.52 0.3175
2 0.5125 0.32 0.505 0.32 0.505 0.33125 0.5125 0.33125 0.5125 0.32
2 0.505 0.29125 0.49874999999999997 0.29125 0.49874999999999997 0.30125 0.505 0.30125 0.505 0.29125
2 0.4925 0.29 0.485 0.29 0.485 0.30125 0.4925 0.30125 0.4925 0.29
2 0.48250000000000004 0.3175 0.47625 0.3175 0.47625 0.3325 0.48250000000000004 0.3325 0.48250000000000004 0.3175
2 0.47625 0.3175 0.47000000000000003 0.3175 0.47000000000000003 0.32999999999999996 0.47625 0.32999999999999996 0.47625 0.3175
2 0.46875 0.3175 0.4625 0.3175 0.4625 0.32999999999999996 0.46875 0.32999999999999996 0.46875 0.3175
2 0.46125 0.3175 0.45499999999999996 0.3175 0.45499999999999996 0.32875 0.46125 0.32875 0.46125 0.3175
2 0.45375 0.31625000000000003 0.44749999999999995 0.31625000000000003 0.44749999999999995 0.33125 0.45375 0.33125 0.45375 0.31625000000000003
2 0.44625000000000004 0.30125 0.43624999999999997 0.30125 0.43624999999999997 0.3075 0.44625000000000004 0.3075 0.44625000000000004 0.30125
2 0.44625000000000004 0.2925 0.43624999999999997 0.2925 0.43624999999999997 0.29874999999999996 0.44625000000000004 0.29874999999999996 0.44625000000000004 0.2925
2 0.44625000000000004 0.27749999999999997 0.43624999999999997 0.27749999999999997 0.43624999999999997 0.28375 0.44625000000000004 0.28375 0.44625000000000004 0.27749999999999997
2 0.44749999999999995 0.26375000000000004 0.4375 0.26375000000000004 0.4375 0.27 0.44749999999999995 0.27 0.44749999999999995 0.26375000000000004
2 0.4925 0.575 0.48 0.575 0.48 0.58875 0.4925 0.58875 0.4925 0.575
2 0.38875000000000004 0.5587500000000001 0.375 0.5587500000000001 0.375 0.5700000000000001 0.38875000000000004 0.5700000000000001 0.38875000000000004 0.5587500000000001
2 0.4625 0.6174999999999999 0.44749999999999995 0.6174999999999999 0.44749999999999995 0.6287499999999999 0.4625 0.6287499999999999 0.4625 0.6174999999999999
2 0.21749999999999997 0.42750000000000005 0.20125 0.42750000000000005 0.20125 0.44125 0.21749999999999997 0.44125 0.21749999999999997 0.42750000000000005
2 0.20875 0.4125 0.195 0.4125 0.195 0.42750000000000005 0.20875 0.42750000000000005 0.20875 0.4125
2 0.2 0.395 0.185 0.395 0.185 0.41 0.2 0.41 0.2 0.395
2 0.11374999999999999 0.32875 0.1 0.32875 0.1 0.34125 0.11374999999999999 0.34125 0.11374999999999999 0.32875
2 0.04 0.29125 0.027500000000000004 0.29125 0.027500000000000004 0.305 0.04 0.305 0.04 0.29125
2 0.30874999999999997 0.13625 0.3025 0.13625 0.3025 0.14875 0.30874999999999997 0.14875 0.30874999999999997 0.13625
2 0.29874999999999996 0.1275 0.29125 0.1275 0.29125 0.13999999999999999 0.29874999999999996 0.13999999999999999 0.29874999999999996 0.1275
2 0.3225 0.1075 0.31375000000000003 0.1075 0.31375000000000003 0.12250000000000001 0.3225 0.12250000000000001 0.3225 0.1075
2 0.32875 0.08125 0.3225 0.08125 0.3225 0.095 0.32875 0.095 0.32875 0.08125
2 0.2925 0.017499999999999998 0.28250000000000003 0.017499999999999998 0.28250000000000003 0.03375 0.2925 0.03375 0.2925 0.017499999999999998
2 0.485 0.27 0.47874999999999995 0.27 0.47874999999999995 0.28500000000000003 0.485 0.28500000000000003 0.485 0.27
2 0.5 0.27125 0.4925 0.27125 0.4925 0.28625 0.5 0.28625 0.5 0.27125
2 0.5075000000000001 0.27125 0.5 0.27125 0.5 0.28500000000000003 0.5075000000000001 0.28500000000000003 0.5075000000000001 0.27125
2 0.57125 0.28500000000000003 0.5549999999999999 0.28500000000000003 0.5549999999999999 0.29125 0.57125 0.29125 0.57125 0.28500000000000003
2 0.26625 0.76125 0.25875 0.76125 0.25875 0.775 0.26625 0.775 0.26625 0.76125
2 0.04 0.2325 0.028749999999999998 0.2325 0.028749999999999998 0.24375 0.04 0.24375 0.04 0.2325
2 0.575 0.19375 0.56375 0.19375 0.56375 0.2 0.575 0.2 0.575 0.19375
2 0.5700000000000001 0.18375 0.5587500000000001 0.18375 0.5587500000000001 0.19125 0.5700000000000001 0.19125 0.5700000000000001 0.18375
2 0.495 0.16375 0.48375 0.16375 0.48375 0.175 0.495 0.175 0.495 0.16375
2 0.505 0.15625 0.49000000000000005 0.15625 0.49000000000000005 0.16875 0.505 0.16875 0.505 0.15625
2 0.48125 0.13999999999999999 0.47125000000000006 0.13999999999999999 0.47125000000000006 0.15125 0.48125 0.15125 0.48125 0.13999999999999999
2 0.4375 0.013750000000000002 0.4325 0.013750000000000002 0.4325 0.026250000000000002 0.4375 0.026250000000000002 0.4375 0.013750000000000002
2 0.5700000000000001 0.2625 0.5549999999999999 0.2625 0.5549999999999999 0.27125 0.5700000000000001 0.27125 0.5700000000000001 0.2625
2 0.5700000000000001 0.27 0.5549999999999999 0.27 0.5549999999999999 0.27749999999999997 0.5700000000000001 0.27749999999999997 0.5700000000000001 0.27
2 0.5700000000000001 0.27875 0.55625 0.27875 0.55625 0.28375 0.5700000000000001 0.28375 0.5700000000000001 0.27875
2 0.5700000000000001 0.29125 0.5575 0.29125 0.5575 0.2975 0.5700000000000001 0.2975 0.5700000000000001 0.29125
2 0.515 0.2725 0.5075000000000001 0.2725 0.5075000000000001 0.2875 0.515 0.2875 0.515 0.2725
2 0.5700000000000001 0.29874999999999996 0.5549999999999999 0.29874999999999996 0.5549999999999999 0.30375 0.5700000000000001 0.30375 0.5700000000000001 0.29874999999999996
2 0.5325 0.24125000000000002 0.525 0.24125000000000002 0.525 0.2525 0.5325 0.2525 0.5325 0.24125000000000002
2 0.525 0.24125000000000002 0.5175 0.24125000000000002 0.5175 0.2525 0.525 0.2525 0.525 0.24125000000000002
2 0.51125 0.24 0.5037499999999999 0.24 0.5037499999999999 0.25375000000000003 0.51125 0.25375000000000003 0.51125 0.24
2 0.5025000000000001 0.24 0.49625 0.24 0.49625 0.25375000000000003 0.5025000000000001 0.25375000000000003 0.5025000000000001 0.24
2 0.495 0.24125000000000002 0.48875 0.24125000000000002 0.48875 0.25375000000000003 0.495 0.25375000000000003 0.495 0.24125000000000002
2 0.48125 0.24125000000000002 0.475 0.24125000000000002 0.475 0.25375000000000003 0.48125 0.25375000000000003 0.48125 0.24125000000000002
2 0.4725 0.24 0.465 0.24 0.465 0.2525 0.4725 0.2525 0.4725 0.24
2 0.46375 0.24125000000000002 0.45875000000000005 0.24125000000000002 0.45875000000000005 0.2525 0.46375 0.2525 0.46375 0.24125000000000002
2 0.4575 0.23875000000000002 0.4525 0.23875000000000002 0.4525 0.25125000000000003 0.4575 0.25125000000000003 0.4575 0.23875000000000002
2 0.5225 0.27125 0.515 0.27125 0.515 0.2875 0.5225 0.2875 0.5225 0.27125
2 0.41875 0.48375 0.37374999999999997 0.48375 0.37374999999999997 0.5237499999999999 0.41875 0.5237499999999999 0.41875 0.48375
2 0.5925 0.70875 0.58375 0.70875 0.58375 0.71875 0.5925 0.71875 0.5925 0.70875
2 0.44625000000000004 0.28500000000000003 0.43499999999999994 0.28500000000000003 0.43499999999999994 0.29125 0.44625000000000004 0.29125 0.44625000000000004 0.28500000000000003
2 0.5275000000000001 0.29 0.51875 0.29 0.51875 0.30125 0.5275000000000001 0.30125 0.5275000000000001 0.29