2 0.35750000000000004 0.017499999999999998 0.34249999999999997 0.017499999999999998 0.34249999999999997 0.025 0.35750000000000004 0.025 0.35750000000000004 0.017499999999999998
2 0.39 0.01 0.3725 0.01 0.3725 0.01625 0.39 0.01625 0.39 0.01
2 0.42374999999999996 0.9349999999999999 0.41375 0.9349999999999999 0.41375 0.9475 0.42374999999999996 0.9475 0.42374999999999996 0.9349999999999999
2 0.175 0.54875 0.16625 0.54875 0.16625 0.56125 0.175 0.56125 0.175 0.54875
2 0.19 0.41125 0.1825 0.41125 0.1825 0.425 0.19 0.425 0.19 0.41125
2 0.18375 0.4125 0.175 0.4125 0.175 0.425 0.18375 0.425 0.18375 0.4125
2 0.1625 0.4125 0.15625 0.4125 0.15625 0.42374999999999996 0.1625 0.42374999999999996 0.1625 0.4125
2 0.24125000000000002 0.46749999999999997 0.23625 0.46749999999999997 0.23625 0.47750000000000004 0.24125000000000002 0.47750000000000004 0.24125000000000002 0.46749999999999997
2 0.23500000000000001 0.46749999999999997 0.22999999999999998 0.46749999999999997 0.22999999999999998 0.48 0.23500000000000001 0.48 0.23500000000000001 0.46749999999999997
2 0.22625 0.46624999999999994 0.22000000000000003 0.46624999999999994 0.22000000000000003 0.48 0.22625 0.48 0.22625 0.46624999999999994
2 0.1675 0.46624999999999994 0.16 0.46624999999999994 0.16 0.47874999999999995 0.1675 0.47874999999999995 0.1675 0.46624999999999994
2 0.125 0.48875 0.11875 0.48875 0.11875 0.505 0.125 0.505 0.125 0.48875
2 0.145 0.49124999999999996 0.13999999999999999 0.49124999999999996 0.13999999999999999 0.505 0.145 0.505 0.145 0.49124999999999996
2 0.18875 0.495 0.1825 0.495 0.1825 0.50625 0.18875 0.50625 0.18875 0.495
2 0.21125 0.49375 0.20375000000000001 0.49375 0.20375000000000001 0.5075000000000001 0.21125 0.5075000000000001 0.21125 0.49375
2 0.21000000000000002 0.54625 0.20249999999999999 0.54625 0.20249999999999999 0.5575 0.21000000000000002 0.5575 0.21000000000000002 0.54625
2 0.1875 0.5475 0.18125 0.5475 0.18125 0.5599999999999999 0.1875 0.5599999999999999 0.1875 0.5475
2 0.12375 0.54625 0.11750000000000001 0.54625 0.11750000000000001 0.5587500000000001 0.12375 0.5587500000000001 0.12375 0.54625
2 0.20249999999999999 0.41500000000000004 0.1975 0.41500000000000004 0.1975 0.42625 0.20249999999999999 0.42625 0.20249999999999999 0.41500000000000004
2 0.0675 0.39 0.05625 0.39 0.05625 0.39375 0.0675 0.39375 0.0675 0.39
2 0.0475 0.43624999999999997 0.03625 0.43624999999999997 0.03625 0.4425 0.0475 0.4425 0.0475 0.43624999999999997
2 0.19624999999999998 0.4125 0.19 0.4125 0.19 0.42625 0.19624999999999998 0.42625 0.19624999999999998 0.4125
2 0.25 0.41624999999999995 0.24375 0.41624999999999995 0.24375 0.42750000000000005 0.25 0.42750000000000005 0.25 0.41624999999999995
2 0.07375000000000001 0.01125 0.06 0.01125 0.06 0.02 0.07375000000000001 0.02 0.07375000000000001 0.01125
2 0.21749999999999997 0.0125 0.205 0.0125 0.205 0.01875 0.21749999999999997 0.01875 0.21749999999999997 0.0125
2 0.15 0.015 0.13874999999999998 0.015 0.13874999999999998 0.021249999999999998 0.15 0.021249999999999998 0.15 0.015
2 0.11625 0.02375 0.1025 0.02375 0.1025 0.03 0.11625 0.03 0.11625 0.02375
2 0.0225 0.017499999999999998 0.008749999999999999 0.017499999999999998 0.008749999999999999 0.02375 0.0225 0.02375 0.0225 0.017499999999999998
2 0.21000000000000002 0.41125 0.20375000000000001 0.41125 0.20375000000000001 0.42625 0.21000000000000002 0.42625 0.21000000000000002 0.41125
2 0.03375 0.027500000000000004 0.021249999999999998 0.027500000000000004 0.021249999999999998 0.03375 0.03375 0.03375 0.03375 0.027500000000000004
2 0.25375000000000003 0.68625 0.24625 0.68625 0.24625 0.7025 0.25375000000000003 0.7025 0.25375000000000003 0.68625
2 0.04875 0.31 0.042499999999999996 0.31 0.042499999999999996 0.325 0.04875 0.325 0.04875 0.31
2 0.15125 0.38125 0.145 0.38125 0.145 0.395 0.15125 0.395 0.15125 0.38125
2 0.15875 0.3825 0.1525 0.3825 0.1525 0.395 0.15875 0.395 0.15875 0.3825
2 0.1675 0.385 0.16125 0.385 0.16125 0.3975 0.1675 0.3975 0.1675 0.385
2 0.17375000000000002 0.385 0.1675 0.385 0.1675 0.395 0.17375000000000002 0.395 0.17375000000000002 0.385
2 0.18 0.385 0.175 0.385 0.175 0.395 0.18 0.395 0.18 0.385
2 0.18625 0.38625 0.18125 0.38625 0.18125 0.39625 0.18625 0.39625 0.18625 0.38625
2 0.20375000000000001 0.385 0.1975 0.385 0.1975 0.3975 0.20375000000000001 0.3975 0.20375000000000001 0.385
2 0.215 0.385 0.21000000000000002 0.385 0.21000000000000002 0.3975 0.215 0.3975 0.215 0.385
2 0.23125 0.3875 0.22625 0.3875 0.22625 0.3975 0.23125 0.3975 0.23125 0.3875
2 0.35750000000000004 0.01 0.34375 0.01 0.34375 0.015 0.35750000000000004 0.015 0.35750000000000004 0.01
2 0.37374999999999997 0.01875 0.36124999999999996 0.01875 0.36124999999999996 0.02375 0.37374999999999997 0.02375 0.37374999999999997 0.01875
2 0.385 0.027500000000000004 0.37124999999999997 0.027500000000000004 0.37124999999999997 0.03375 0.385 0.03375 0.385 0.027500000000000004
2 0.375 0.8925000000000001 0.36375 0.8925000000000001 0.36375 0.9075 0.375 0.9075 0.375 0.8925000000000001
2 0.42125 0.9199999999999999 0.41 0.9199999999999999 0.41 0.93 0.42125 0.93 0.42125 0.9199999999999999
2 0.41375 0.92125 0.40374999999999994 0.92125 0.40374999999999994 0.9324999999999999 0.41375 0.9324999999999999 0.41375 0.92125
2 0.40750000000000003 0.9237500000000001 0.3975 0.9237500000000001 0.3975 0.9349999999999999 0.40750000000000003 0.9349999999999999 0.40750000000000003 0.9237500000000001
2 0.4025 0.9275 0.39249999999999996 0.9275 0.39249999999999996 0.93875 0.4025 0.93875 0.4025 0.9275
2 0.39625 0.93 0.385 0.93 0.385 0.9425000000000001 0.39625 0.9425000000000001 0.39625 0.93
2 0.3875 0.9012499999999999 0.37625000000000003 0.9012499999999999 0.37625000000000003 0.91375 0.3875 0.91375 0.3875 0.9012499999999999
2 0.39375 0.89875 0.3825 0.89875 0.3825 0.9125 0.39375 0.9125 0.39375 0.89875
2 0.39875 0.8949999999999999 0.3875 0.8949999999999999 0.3875 0.9075 0.39875 0.9075 0.39875 0.8949999999999999
2 0.445 0.86875 0.43375 0.86875 0.43375 0.88125 0.445 0.88125 0.445 0.86875
2 0.38125 0.90625 0.37 0.90625 0.37 0.91875 0.38125 0.91875 0.38125 0.90625
2 0.3775 0.9099999999999999 0.36375 0.9099999999999999 0.36375 0.9237500000000001 0.3775 0.9237500000000001 0.3775 0.9099999999999999
2 0.365 0.9012499999999999 0.3525 0.9012499999999999 0.3525 0.91625 0.365 0.91625 0.365 0.9012499999999999
2 0.37 0.89875 0.35750000000000004 0.89875 0.35750000000000004 0.9112500000000001 0.37 0.9112500000000001 0.37 0.89875
2 0.38 0.89 0.36875 0.89 0.36875 0.9037499999999999 0.38 0.9037499999999999 0.38 0.89
2 0.44375 0.9037499999999999 0.4325 0.9037499999999999 0.4325 0.91625 0.44375 0.91625 0.44375 0.9037499999999999
2 0.38625 0.8862500000000001 0.375 0.8862500000000001 0.375 0.9012499999999999 0.38625 0.9012499999999999 0.38625 0.8862500000000001
2 0.39249999999999996 0.88375 0.38125 0.88375 0.38125 0.89625 0.39249999999999996 0.89625 0.39249999999999996 0.88375
2 0.40374999999999994 0.8925000000000001 0.39375 0.8925000000000001 0.39375 0.905 0.40374999999999994 0.905 0.40374999999999994 0.8925000000000001
2 0.41125 0.89 0.4 0.89 0.4 0.9025000000000001 0.41125 0.9025000000000001 0.41125 0.89
2 0.4175 0.8862500000000001 0.40625 0.8862500000000001 0.40625 0.89875 0.4175 0.89875 0.4175 0.8862500000000001
2 0.4225 0.8825 0.41125 0.8825 0.41125 0.8949999999999999 0.4225 0.8949999999999999 0.4225 0.8825
2 0.46875 0.8525 0.4575 0.8525 0.4575 0.8675 0.46875 0.8675 0.46875 0.8525
2 0.4575 0.8612500000000001 0.44625000000000004 0.8612500000000001 0.44625000000000004 0.8724999999999999 0.4575 0.8724999999999999 0.4575 0.8612500000000001
2 0.46375 0.8574999999999999 0.4525 0.8574999999999999 0.4525 0.8699999999999999 0.46375 0.8699999999999999 0.46375 0.8574999999999999
2 0.44875 0.865 0.44125 0.865 0.44125 0.8775000000000001 0.44875 0.8775000000000001 0.44875 0.865
2 0.42874999999999996 0.8787499999999999 0.4175 0.8787499999999999 0.4175 0.89125 0.42874999999999996 0.89125 0.42874999999999996 0.8787499999999999
2 0.41 0.87375 0.4 0.87375 0.4 0.8862500000000001 0.41 0.8862500000000001 0.41 0.87375
2 0.41624999999999995 0.8699999999999999 0.40499999999999997 0.8699999999999999 0.40499999999999997 0.88375 0.41624999999999995 0.88375 0.41624999999999995 0.8699999999999999
2 0.42750000000000005 0.91375 0.41624999999999995 0.91375 0.41624999999999995 0.9275 0.42750000000000005 0.9275 0.42750000000000005 0.91375
2 0.43875000000000003 0.9087500000000001 0.42874999999999996 0.9087500000000001 0.42874999999999996 0.92125 0.43875000000000003 0.92125 0.43875000000000003 0.9087500000000001
2 0.39125 0.01875 0.37625000000000003 0.01875 0.37625000000000003 0.025 0.39125 0.025 0.39125 0.01875
2 0.515 0.8800000000000001 0.505 0.8800000000000001 0.505 0.89375 0.515 0.89375 0.515 0.8800000000000001
2 0.43499999999999994 0.9275 0.425 0.9275 0.425 0.9400000000000001 0.43499999999999994 0.9400000000000001 0.43499999999999994 0.9275
2 0.44125 0.9237500000000001 0.43 0.9237500000000001 0.43 0.9375 0.44125 0.9375 0.44125 0.9237500000000001
2 0.44749999999999995 0.9199999999999999 0.4375 0.9199999999999999 0.4375 0.9337500000000001 0.44749999999999995 0.9337500000000001 0.44749999999999995 0.9199999999999999
2 0.4525 0.9175000000000001 0.4425 0.9175000000000001 0.4425 0.93125 0.4525 0.93125 0.4525 0.9175000000000001
2 0.4575 0.91375 0.44875 0.91375 0.44875 0.9262499999999999 0.4575 0.9262499999999999 0.4575 0.91375
2 0.46875 0.9075 0.45875000000000005 0.9075 0.45875000000000005 0.9199999999999999 0.46875 0.9199999999999999 0.46875 0.9075
2 0.47375 0.9037499999999999 0.465 0.9037499999999999 0.465 0.915 0.47375 0.915 0.47375 0.9037499999999999
2 0.48125 0.9012499999999999 0.46875 0.9012499999999999 0.46875 0.915 0.48125 0.915 0.48125 0.9012499999999999
2 0.48624999999999996 0.8975 0.475 0.8975 0.475 0.9099999999999999 0.48624999999999996 0.9099999999999999 0.48624999999999996 0.8975
2 0.4925 0.89375 0.48125 0.89375 0.48125 0.90625 0.4925 0.90625 0.4925 0.89375
2 0.49749999999999994 0.89 0.4875 0.89 0.4875 0.9025000000000001 0.49749999999999994 0.9025000000000001 0.49749999999999994 0.89
2 0.5025000000000001 0.8862500000000001 0.4925 0.8862500000000001 0.4925 0.8975 0.5025000000000001 0.8975 0.5025000000000001 0.8862500000000001
2 0.50875 0.885 0.49874999999999997 0.885 0.49874999999999997 0.89625 0.50875 0.89625 0.50875 0.885
2 0.51875 0.87625 0.51125 0.87625 0.51125 0.8875 0.51875 0.8875 0.51875 0.87625
2 0.43499999999999994 0.9112500000000001 0.4225 0.9112500000000001 0.4225 0.9237500000000001 0.43499999999999994 0.9237500000000001 0.43499999999999994 0.9112500000000001
2 0.52625 0.8724999999999999 0.51625 0.8724999999999999 0.51625 0.88375 0.52625 0.88375 0.52625 0.8724999999999999
2 0.53125 0.8699999999999999 0.52125 0.8699999999999999 0.52125 0.8825 0.53125 0.8825 0.53125 0.8699999999999999
2 0.5387500000000001 0.86625 0.5275000000000001 0.86625 0.5275000000000001 0.8787499999999999 0.5387500000000001 0.8787499999999999 0.5387500000000001 0.86625
2 0.54375 0.8625 0.5337500000000001 0.8625 0.5337500000000001 0.875 0.54375 0.875 0.54375 0.8625
2 0.5125 0.8625 0.5025000000000001 0.8625 0.5025000000000001 0.87375 0.5125 0.87375 0.5125 0.8625
2 0.5175 0.85875 0.50625 0.85875 0.50625 0.8699999999999999 0.5175 0.8699999999999999 0.5175 0.85875
2 0.5237499999999999 0.8550000000000001 0.51375 0.8550000000000001 0.51375 0.86875 0.5237499999999999 0.86875 0.5237499999999999 0.8550000000000001
2 0.53125 0.85125 0.51875 0.85125 0.51875 0.865 0.53125 0.865 0.53125 0.85125
2 0.5387500000000001 0.8487500000000001 0.52625 0.8487500000000001 0.52625 0.8612500000000001 0.5387500000000001 0.8612500000000001 0.5387500000000001 0.8487500000000001
2 0.48250000000000004 0.8800000000000001 0.47375 0.8800000000000001 0.47375 0.89125 0.48250000000000004 0.89125 0.48250000000000004 0.8800000000000001
2 0.47750000000000004 0.88375 0.46624999999999994 0.88375 0.46624999999999994 0.8975 0.47750000000000004 0.8975 0.47750000000000004 0.88375
2 0.4725 0.8875 0.46125 0.8875 0.46125 0.9 0.4725 0.9 0.4725 0.8875
2 0.46624999999999994 0.8925000000000001 0.45625 0.8925000000000001 0.45625 0.9037499999999999 0.46624999999999994 0.9037499999999999 0.46624999999999994 0.8925000000000001
2 0.4225 0.86625 0.4125 0.86625 0.4125 0.8800000000000001 0.4225 0.8800000000000001 0.4225 0.86625
2 0.4375 0.8574999999999999 0.42750000000000005 0.8574999999999999 0.42750000000000005 0.8699999999999999 0.4375 0.8699999999999999 0.4375 0.8574999999999999
2 0.44625000000000004 0.85375 0.43375 0.85375 0.43375 0.86625 0.44625000000000004 0.86625 0.44625000000000004 0.85375
2 0.41875 0.73375 0.40875000000000006 0.73375 0.40875000000000006 0.74125 0.41875 0.74125 0.41875 0.73375
2 0.3075 0.9400000000000001 0.2975 0.9400000000000001 0.2975 0.9512499999999999 0.3075 0.9512499999999999 0.3075 0.9400000000000001
2 0.2925 0.85375 0.27875 0.85375 0.27875 0.8699999999999999 0.2925 0.8699999999999999 0.2925 0.85375
2 0.28125 0.8412499999999999 0.27 0.8412499999999999 0.27 0.85375 0.28125 0.85375 0.28125 0.8412499999999999
2 0.2725 0.825 0.26125 0.825 0.26125 0.8400000000000001 0.2725 0.8400000000000001 0.2725 0.825
2 0.26625 0.8074999999999999 0.25875 0.8074999999999999 0.25875 0.82125 0.26625 0.82125 0.26625 0.8074999999999999
2 0.265 0.7925 0.25625 0.7925 0.25625 0.805 0.265 0.805 0.265 0.7925
2 0.26125 0.7787499999999999 0.25625 0.7787499999999999 0.25625 0.79 0.26125 0.79 0.26125 0.7787499999999999
2 0.2625 0.755 0.25625 0.755 0.25625 0.77 0.2625 0.77 0.2625 0.755
2 0.26125 0.74125 0.25625 0.74125 0.25625 0.7537499999999999 0.26125 0.7537499999999999 0.26125 0.74125
2 0.26375000000000004 0.725 0.2575 0.725 0.2575 0.7375 0.26375000000000004 0.7375 0.26375000000000004 0.725
2 0.47750000000000004 0.76375 0.46624999999999994 0.76375 0.46624999999999994 0.775 0.47750000000000004 0.775 0.47750000000000004 0.76375
2 0.46749999999999997 0.75625 0.45375 0.75625 0.45375 0.7675 0.46749999999999997 0.7675 0.46749999999999997 0.75625
2 0.43875000000000003 0.74 0.42625 0.74 0.42625 0.75 0.43875000000000003 0.75 0.43875000000000003 0.74
2 0.42874999999999996 0.6725 0.4175 0.6725 0.4175 0.6799999999999999 0.42874999999999996 0.6799999999999999 0.42874999999999996 0.6725
2 0.4525 0.85 0.44125 0.85 0.44125 0.8612500000000001 0.4525 0.8612500000000001 0.4525 0.85
2 0.37 0.7162499999999999 0.36 0.7162499999999999 0.36 0.72375 0.37 0.72375 0.37 0.7162499999999999
2 0.35375 0.7112499999999999 0.34249999999999997 0.7112499999999999 0.34249999999999997 0.71875 0.35375 0.71875 0.35375 0.7112499999999999
2 0.3075 0.70375 0.29375 0.70375 0.29375 0.71 0.3075 0.71 0.3075 0.70375
2 0.28625 0.70375 0.275 0.70375 0.275 0.71 0.28625 0.71 0.28625 0.70375
2 0.37124999999999997 0.55125 0.36625 0.55125 0.36625 0.5625 0.37124999999999997 0.5625 0.37124999999999997 0.55125
2 0.35125 0.55125 0.34500000000000003 0.55125 0.34500000000000003 0.5650000000000001 0.35125 0.5650000000000001 0.35125 0.55125
2 0.5662499999999999 0.5125 0.5525 0.5125 0.5525 0.5275000000000001 0.5662499999999999 0.5275000000000001 0.5662499999999999 0.5125
2 0.505 0.32 0.495 0.32 0.495 0.33125 0.505 0.33125 0.505 0.32
2 0.64 0.13125 0.63375 0.13125 0.63375 0.14375 0.64 0.14375 0.64 0.13125
2 0.29625 0.06875 0.28250000000000003 0.06875 0.28250000000000003 0.08249999999999999 0.29625 0.08249999999999999 0.29625 0.06875
2 0.48375 0.08499999999999999 0.47375 0.08499999999999999 0.47375 0.09875 0.48375 0.09875 0.48375 0.08499999999999999
2 0.47750000000000004 0.06875 0.46749999999999997 0.06875 0.46749999999999997 0.08125 0.47750000000000004 0.08125 0.47750000000000004 0.06875
2 0.3375 0.008749999999999999 0.32125 0.008749999999999999 0.32125 0.015 0.3375 0.015 0.3375 0.008749999999999999
2 0.3275 0.95875 0.31625000000000003 0.95875 0.31625000000000003 0.9712500000000001 0.3275 0.9712500000000001 0.3275 0.95875
2 0.47874999999999995 0.8 0.46749999999999997 0.8 0.46749999999999997 0.8125 0.47874999999999995 0.8125 0.47874999999999995 0.8
2 0.47125000000000006 0.80375 0.45999999999999996 0.80375 0.45999999999999996 0.8150000000000001 0.47125000000000006 0.8150000000000001 0.47125000000000006 0.80375
2 0.465 0.805 0.45375 0.805 0.45375 0.8175000000000001 0.465 0.8175000000000001 0.465 0.805
2 0.45625 0.8462500000000001 0.44625000000000004 0.8462500000000001 0.44625000000000004 0.8574999999999999 0.45625 0.8574999999999999 0.45625 0.8462500000000001
2 0.4625 0.8412499999999999 0.45 0.8412499999999999 0.45 0.8550000000000001 0.4625 0.8550000000000001 0.4625 0.8412499999999999
2 0.46749999999999997 0.8387499999999999 0.45625 0.8387499999999999 0.45625 0.85125 0.46749999999999997 0.85125 0.46749999999999997 0.8387499999999999
2 0.4725 0.83625 0.4625 0.83625 0.4625 0.8474999999999999 0.4725 0.8474999999999999 0.4725 0.83625
2 0.4725 0.85125 0.46375 0.85125 0.46375 0.8637499999999999 0.4725 0.8637499999999999 0.4725 0.85125
2 0.48 0.8474999999999999 0.46875 0.8474999999999999 0.46875 0.86 0.48 0.86 0.48 0.8474999999999999
2 0.495 0.83625 0.48624999999999996 0.83625 0.48624999999999996 0.8474999999999999 0.495 0.8474999999999999 0.495 0.83625
2 0.50125 0.8324999999999999 0.49124999999999996 0.8324999999999999 0.49124999999999996 0.845 0.50125 0.845 0.50125 0.8324999999999999
2 0.5075000000000001 0.82875 0.49749999999999994 0.82875 0.49749999999999994 0.84375 0.5075000000000001 0.84375 0.5075000000000001 0.82875
2 0.5037499999999999 0.82 0.49124999999999996 0.82 0.49124999999999996 0.8324999999999999 0.5037499999999999 0.8324999999999999 0.5037499999999999 0.82
2 0.34750000000000003 0.875 0.3375 0.875 0.3375 0.8887499999999999 0.34750000000000003 0.8887499999999999 0.34750000000000003 0.875
2 0.35875 0.86875 0.34875 0.86875 0.34875 0.8800000000000001 0.35875 0.8800000000000001 0.35875 0.86875
2 0.365 0.865 0.355 0.865 0.355 0.87625 0.365 0.87625 0.365 0.865
2 0.37124999999999997 0.8625 0.3625 0.8625 0.3625 0.87375 0.37124999999999997 0.87375 0.37124999999999997 0.8625
2 0.37625000000000003 0.85875 0.3675 0.85875 0.3675 0.8712500000000001 0.37625000000000003 0.8712500000000001 0.37625000000000003 0.85875
2 0.3825 0.8550000000000001 0.3725 0.8550000000000001 0.3725 0.86625 0.3825 0.86625 0.3825 0.8550000000000001
2 0.39 0.85125 0.37875000000000003 0.85125 0.37875000000000003 0.865 0.39 0.865 0.39 0.85125
2 0.395 0.8474999999999999 0.38375 0.8474999999999999 0.38375 0.8612500000000001 0.395 0.8612500000000001 0.395 0.8474999999999999
2 0.4 0.845 0.39125 0.845 0.39125 0.85875 0.4 0.85875 0.4 0.845
2 0.40499999999999997 0.8412499999999999 0.395 0.8412499999999999 0.395 0.85375 0.40499999999999997 0.85375 0.40499999999999997 0.8412499999999999
2 0.42374999999999996 0.8300000000000001 0.4125 0.8300000000000001 0.4125 0.8400000000000001 0.42374999999999996 0.8400000000000001 0.42374999999999996 0.8300000000000001
2 0.42874999999999996 0.8262499999999999 0.41875 0.8262499999999999 0.41875 0.8387499999999999 0.42874999999999996 0.8387499999999999 0.42874999999999996 0.8262499999999999
2 0.43375 0.8225 0.425 0.8225 0.425 0.835 0.43375 0.835 0.43375 0.8225
2 0.44125 0.82 0.43125 0.82 0.43125 0.8324999999999999 0.44125 0.8324999999999999 0.44125 0.82
2 0.44749999999999995 0.8175000000000001 0.4375 0.8175000000000001 0.4375 0.82875 0.44749999999999995 0.82875 0.44749999999999995 0.8175000000000001
2 0.45375 0.81375 0.4425 0.81375 0.4425 0.8262499999999999 0.45375 0.8262499999999999 0.45375 0.81375
2 0.45999999999999996 0.8087500000000001 0.44875 0.8087500000000001 0.44875 0.8225 0.45999999999999996 0.8225 0.45999999999999996 0.8087500000000001
2 0.05 0.095 0.03 0.095 0.03 0.14375 0.05 0.14375 0.05 0.095
2 0.045 0.64625 0.013750000000000002 0.64625 0.013750000000000002 0.6575 0.045 0.6575 0.045 0.64625
2 0.595 0.41375 0.5599999999999999 0.41375 0.5599999999999999 0.46375 0.595 0.46375 0.595 0.41375
2 0.45125000000000004 0.3075 0.4175 0.3075 0.4175 0.35375 0.45125000000000004 0.35375 0.45125000000000004 0.3075
2 0.026250000000000002 0.36124999999999996 0.013750000000000002 0.36124999999999996 0.013750000000000002 0.3675 0.026250000000000002 0.3675 0.026250000000000002 0.36124999999999996
2 0.43 0.93125 0.42000000000000004 0.93125 0.42000000000000004 0.94375 0.43 0.94375 0.43 0.93125
2 0.41875 0.93875 0.40750000000000003 0.93875 0.40750000000000003 0.9512499999999999 0.41875 0.9512499999999999 0.41875 0.93875
2 0.79375 0.47125000000000006 0.7825 0.47125000000000006 0.7825 0.48875 0.79375 0.48875 0.79375 0.47125000000000006
2 0.8 0.41 0.79 0.41 0.79 0.41500000000000004 0.8 0.41500000000000004 0.8 0.41
2 0.8 0.4025 0.7875 0.4025 0.7875 0.41 0.8 0.41 0.8 0.4025
2 0.7975 0.39625 0.7875 0.39625 0.7875 0.40125 0.7975 0.40125 0.7975 0.39625
2 0.79625 0.3825 0.78625 0.3825 0.78625 0.3875 0.79625 0.3875 0.79625 0.3825
2 0.7975 0.375 0.78625 0.375 0.78625 0.3825 0.7975 0.3825 0.7975 0.375
2 0.7975 0.37 0.7849999999999999 0.37 0.7849999999999999 0.37625000000000003 0.7975 0.37625000000000003 0.7975 0.37
2 0.79625 0.3625 0.7837500000000001 0.3625 0.7837500000000001 0.36875 0.79625 0.36875 0.79625 0.3625
2 0.79625 0.35625 0.7837500000000001 0.35625 0.7837500000000001 0.3625 0.79625 0.3625 0.79625 0.35625
2 0.79625 0.35 0.7825 0.35 0.7825 0.355 0.79625 0.355 0.79625 0.35
2 0.7975 0.34249999999999997 0.7837500000000001 0.34249999999999997 0.7837500000000001 0.34875 0.7975 0.34875 0.7975 0.34249999999999997
2 0.79625 0.33625 0.7825 0.33625 0.7825 0.34125 0.79625 0.34125 0.79625 0.33625
2 0.79625 0.33125 0.7825 0.33125 0.7825 0.33625 0.79625 0.33625 0.79625 0.33125
2 0.78625 0.45499999999999996 0.77 0.45499999999999996 0.77 0.465 0.78625 0.465 0.78625 0.45499999999999996
2 0.79625 0.48624999999999996 0.78 0.48624999999999996 0.78 0.495 0.79625 0.495 0.79625 0.48624999999999996
2 0.8025 0.4225 0.7925 0.4225 0.7925 0.42874999999999996 0.8025 0.42874999999999996 0.8025 0.4225
2 0.79875 0.495 0.7837500000000001 0.495 0.7837500000000001 0.505 0.79875 0.505 0.79875 0.495
2 0.8012499999999999 0.505 0.78625 0.505 0.78625 0.51375 0.8012499999999999 0.51375 0.8012499999999999 0.505
2 0.80625 0.51375 0.79 0.51375 0.79 0.52125 0.80625 0.52125 0.80625 0.51375
2 0.8099999999999999 0.52125 0.795 0.52125 0.795 0.53125 0.8099999999999999 0.53125 0.8099999999999999 0.52125
2 0.8175000000000001 0.53 0.79875 0.53 0.79875 0.5425 0.8175000000000001 0.5425 0.8175000000000001 0.53
2 0.82125 0.54 0.805 0.54 0.805 0.5525 0.82125 0.5525 0.82125 0.54
2 0.7849999999999999 0.445 0.77 0.445 0.77 0.45625 0.7849999999999999 0.45625 0.7849999999999999 0.445
2 0.7837500000000001 0.43624999999999997 0.7675 0.43624999999999997 0.7675 0.44875 0.7837500000000001 0.44875 0.7837500000000001 0.43624999999999997
2 0.7825 0.42750000000000005 0.76625 0.42750000000000005 0.76625 0.44000000000000006 0.7825 0.44000000000000006 0.7825 0.42750000000000005
2 0.77625 0.39875 0.75875 0.39875 0.75875 0.41375 0.77625 0.41375 0.77625 0.39875
2 0.775 0.39 0.75875 0.39 0.75875 0.40374999999999994 0.775 0.40374999999999994 0.775 0.39
2 0.75625 0.3625 0.7424999999999999 0.3625 0.7424999999999999 0.37 0.75625 0.37 0.75625 0.3625
2 0.7575000000000001 0.3775 0.74375 0.3775 0.74375 0.385 0.7575000000000001 0.385 0.7575000000000001 0.3775
2 0.8012499999999999 0.4175 0.79125 0.4175 0.79125 0.4225 0.8012499999999999 0.4225 0.8012499999999999 0.4175
2 0.8074999999999999 0.43 0.79375 0.43 0.79375 0.43624999999999997 0.8074999999999999 0.43624999999999997 0.8074999999999999 0.43
2 0.76 0.39875 0.7462500000000001 0.39875 0.7462500000000001 0.40374999999999994 0.76 0.40374999999999994 0.76 0.39875
2 0.89625 0.5775 0.8862500000000001 0.5775 0.8862500000000001 0.5925 0.89625 0.5925 0.89625 0.5775
2 0.945 0.57625 0.9337500000000001 0.57625 0.9337500000000001 0.58375 0.945 0.58375 0.945 0.57625
2 0.9237500000000001 0.57125 0.91375 0.57125 0.91375 0.5875 0.9237500000000001 0.5875 0.9237500000000001 0.57125
2 0.9337500000000001 0.59375 0.9225 0.59375 0.9225 0.6075 0.9337500000000001 0.6075 0.9337500000000001 0.59375
2 0.93625 0.6025 0.9262499999999999 0.6025 0.9262499999999999 0.61375 0.93625 0.61375 0.93625 0.6025
2 0.9412499999999999 0.61 0.93 0.61 0.93 0.6212500000000001 0.9412499999999999 0.6212500000000001 0.9412499999999999 0.61
2 0.9512499999999999 0.62625 0.9375 0.62625 0.9375 0.635 0.9512499999999999 0.635 0.9512499999999999 0.62625
2 0.96125 0.64 0.9475 0.64 0.9475 0.6487499999999999 0.96125 0.6487499999999999 0.96125 0.64
2 0.8724999999999999 0.5875 0.8612500000000001 0.5875 0.8612500000000001 0.5974999999999999 0.8724999999999999 0.5974999999999999 0.8724999999999999 0.5875
2 0.86875 0.58 0.85625 0.58 0.85625 0.5912499999999999 0.86875 0.5912499999999999 0.86875 0.58
2 0.8425 0.5337500000000001 0.82875 0.5337500000000001 0.82875 0.54375 0.8425 0.54375 0.8425 0.5337500000000001
2 0.8574999999999999 0.56375 0.8462500000000001 0.56375 0.8462500000000001 0.57375 0.8574999999999999 0.57375 0.8574999999999999 0.56375
2 0.89 0.61625 0.8775000000000001 0.61625 0.8775000000000001 0.63125 0.89 0.63125 0.89 0.61625
2 0.8887499999999999 0.61125 0.87375 0.61125 0.87375 0.62375 0.8887499999999999 0.62375 0.8887499999999999 0.61125
2 0.8550000000000001 0.5575 0.8425 0.5575 0.8425 0.5675 0.8550000000000001 0.5675 0.8550000000000001 0.5575
2 0.80625 0.4375 0.79375 0.4375 0.79375 0.44375 0.80625 0.44375 0.80625 0.4375
2 0.85 0.55125 0.8387499999999999 0.55125 0.8387499999999999 0.5599999999999999 0.85 0.5599999999999999 0.85 0.55125
2 0.8474999999999999 0.545 0.83375 0.545 0.83375 0.55625 0.8474999999999999 0.55625 0.8474999999999999 0.545
2 0.835 0.51875 0.8225 0.51875 0.8225 0.53 0.835 0.53 0.835 0.51875
2 0.83375 0.51375 0.82125 0.51375 0.82125 0.5237499999999999 0.83375 0.5237499999999999 0.83375 0.51375
2 0.8300000000000001 0.5075000000000001 0.8175000000000001 0.5075000000000001 0.8175000000000001 0.515 0.8300000000000001 0.515 0.8300000000000001 0.5075000000000001
2 0.8237500000000001 0.49625 0.8125 0.49625 0.8125 0.5037499999999999 0.8237500000000001 0.5037499999999999 0.8237500000000001 0.49625
2 0.82 0.48250000000000004 0.8074999999999999 0.48250000000000004 0.8074999999999999 0.49000000000000005 0.82 0.49000000000000005 0.82 0.48250000000000004
2 0.8162499999999999 0.47625 0.805 0.47625 0.805 0.48375 0.8162499999999999 0.48375 0.8162499999999999 0.47625
2 0.8150000000000001 0.46875 0.80375 0.46875 0.80375 0.47625 0.8150000000000001 0.47625 0.8150000000000001 0.46875
2 0.81375 0.4625 0.8 0.4625 0.8 0.47000000000000003 0.81375 0.47000000000000003 0.81375 0.4625
2 0.81125 0.45625 0.79875 0.45625 0.79875 0.46375 0.81125 0.46375 0.81125 0.45625
2 0.8087500000000001 0.45 0.7975 0.45 0.7975 0.45625 0.8087500000000001 0.45625 0.8087500000000001 0.45
2 0.8074999999999999 0.44375 0.795 0.44375 0.795 0.45 0.8074999999999999 0.45 0.8074999999999999 0.44375
2 0.7575000000000001 0.39125 0.745 0.39125 0.745 0.3975 0.7575000000000001 0.3975 0.7575000000000001 0.39125
2 0.76 0.40499999999999997 0.7462500000000001 0.40499999999999997 0.7462500000000001 0.4125 0.76 0.4125 0.76 0.40499999999999997
2 0.41375 0.9425000000000001 0.4025 0.9425000000000001 0.4025 0.9550000000000001 0.41375 0.9550000000000001 0.41375 0.9425000000000001
2 0.8074999999999999 0.61375 0.7975 0.61375 0.7975 0.6224999999999999 0.8074999999999999 0.6224999999999999 0.8074999999999999 0.61375
2 0.89125 0.67 0.88125 0.67 0.88125 0.6825 0.89125 0.6825 0.89125 0.67
2 0.8862500000000001 0.6725 0.875 0.6725 0.875 0.68625 0.8862500000000001 0.68625 0.8862500000000001 0.6725
2 0.88125 0.6775 0.8712500000000001 0.6775 0.8712500000000001 0.6900000000000001 0.88125 0.6900000000000001 0.88125 0.6775
2 0.875 0.6799999999999999 0.865 0.6799999999999999 0.865 0.6925 0.875 0.6925 0.875 0.6799999999999999
2 0.86875 0.6825 0.85875 0.6825 0.85875 0.6950000000000001 0.86875 0.6950000000000001 0.86875 0.6825
2 0.8625 0.6875 0.85375 0.6875 0.85375 0.6975 0.8625 0.6975 0.8625 0.6875
2 0.6825 0.6287499999999999 0.67125 0.6287499999999999 0.67125 0.6425 0.6825 0.6425 0.6825 0.6287499999999999
2 0.6575 0.57625 0.64625 0.57625 0.64625 0.58875 0.6575 0.58875 0.6575 0.57625
2 0.8525 0.68625 0.8400000000000001 0.68625 0.8400000000000001 0.69625 0.8525 0.69625 0.8525 0.68625
2 0.85125 0.6775 0.835 0.6775 0.835 0.68875 0.85125 0.68875 0.85125 0.6775
2 0.8400000000000001 0.6675 0.82875 0.6675 0.82875 0.67875 0.8400000000000001 0.67875 0.8400000000000001 0.6675
2 0.83625 0.6637500000000001 0.825 0.6637500000000001 0.825 0.6725 0.83625 0.6725 0.83625 0.6637500000000001
2 0.82 0.6325000000000001 0.805 0.6325000000000001 0.805 0.645 0.82 0.645 0.82 0.6325000000000001
2 0.80375 0.60875 0.7925 0.60875 0.7925 0.6174999999999999 0.80375 0.6174999999999999 0.80375 0.60875
2 0.875 0.63875 0.8675 0.63875 0.8675 0.6537499999999999 0.875 0.6537499999999999 0.875 0.63875
2 0.8025 0.6012500000000001 0.79 0.6012500000000001 0.79 0.61125 0.8025 0.61125 0.8025 0.6012500000000001
2 0.7975 0.5912499999999999 0.7875 0.5912499999999999 0.7875 0.6 0.7975 0.6 0.7975 0.5912499999999999
2 0.78 0.56375 0.765 0.56375 0.765 0.575 0.78 0.575 0.78 0.56375
2 0.7725 0.55 0.76 0.55 0.76 0.56125 0.7725 0.56125 0.7725 0.55
2 0.7575000000000001 0.5237499999999999 0.74375 0.5237499999999999 0.74375 0.53125 0.7575000000000001 0.53125 0.7575000000000001 0.5237499999999999
2 0.75125 0.49124999999999996 0.7375 0.49124999999999996 0.7375 0.49874999999999997 0.75125 0.49874999999999997 0.75125 0.49124999999999996
2 0.75125 0.48125 0.73875 0.48125 0.73875 0.49000000000000005 0.75125 0.49000000000000005 0.75125 0.48125
2 0.74875 0.4725 0.735 0.4725 0.735 0.48125 0.74875 0.48125 0.74875 0.4725
2 0.7462500000000001 0.465 0.7325 0.465 0.7325 0.47375 0.7462500000000001 0.47375 0.7462500000000001 0.465
2 0.745 0.45999999999999996 0.73125 0.45999999999999996 0.73125 0.46875 0.745 0.46875 0.745 0.45999999999999996
2 0.745 0.45375 0.73 0.45375 0.73 0.46125 0.745 0.46125 0.745 0.45375
2 0.7424999999999999 0.44625000000000004 0.72875 0.44625000000000004 0.72875 0.45499999999999996 0.7424999999999999 0.45499999999999996 0.7424999999999999 0.44625000000000004
2 0.74125 0.44000000000000006 0.7262500000000001 0.44000000000000006 0.7262500000000001 0.44749999999999995 0.74125 0.44749999999999995 0.74125 0.44000000000000006
2 0.905 0.66125 0.89875 0.66125 0.89875 0.6775 0.905 0.6775 0.905 0.66125
2 0.8625 0.6537499999999999 0.85 0.6537499999999999 0.85 0.66125 0.8625 0.66125 0.8625 0.6537499999999999
2 0.76 0.41500000000000004 0.7474999999999999 0.41500000000000004 0.7474999999999999 0.42125 0.76 0.42125 0.76 0.41500000000000004
2 0.805 0.54875 0.79 0.54875 0.79 0.56125 0.805 0.56125 0.805 0.54875
2 0.7625 0.425 0.74875 0.425 0.74875 0.43375 0.7625 0.43375 0.7625 0.425
2 0.7625 0.43125 0.74875 0.43125 0.74875 0.44000000000000006 0.7625 0.44000000000000006 0.7625 0.43125
2 0.765 0.43875000000000003 0.7525000000000001 0.43875000000000003 0.7525000000000001 0.44625000000000004 0.765 0.44625000000000004 0.765 0.43875000000000003
2 0.765 0.44625000000000004 0.7537499999999999 0.44625000000000004 0.7537499999999999 0.45125000000000004 0.765 0.45125000000000004 0.765 0.44625000000000004
2 0.76875 0.45125000000000004 0.7537499999999999 0.45125000000000004 0.7537499999999999 0.45875000000000005 0.76875 0.45875000000000005 0.76875 0.45125000000000004
2 0.765 0.47375 0.75 0.47375 0.75 0.48250000000000004 0.765 0.48250000000000004 0.765 0.47375
2 0.7737499999999999 0.47750000000000004 0.75875 0.47750000000000004 0.75875 0.49000000000000005 0.7737499999999999 0.49000000000000005 0.7737499999999999 0.47750000000000004
2 0.775 0.48624999999999996 0.765 0.48624999999999996 0.765 0.49375 0.775 0.49375 0.775 0.48624999999999996
2 0.78 0.49000000000000005 0.76625 0.49000000000000005 0.76625 0.5 0.78 0.5 0.78 0.49000000000000005
2 0.7825 0.49749999999999994 0.77125 0.49749999999999994 0.77125 0.50625 0.7825 0.50625 0.7825 0.49749999999999994
2 0.79375 0.5275000000000001 0.78125 0.5275000000000001 0.78125 0.53625 0.79375 0.53625 0.79375 0.5275000000000001
2 0.79625 0.5349999999999999 0.7825 0.5349999999999999 0.7825 0.545 0.79625 0.545 0.79625 0.5349999999999999
2 0.8 0.54125 0.78625 0.54125 0.78625 0.5525 0.8 0.5525 0.8 0.54125
2 0.8087500000000001 0.5587500000000001 0.795 0.5587500000000001 0.795 0.5700000000000001 0.8087500000000001 0.5700000000000001 0.8087500000000001 0.5587500000000001
2 0.8612500000000001 0.645 0.8487500000000001 0.645 0.8487500000000001 0.65625 0.8612500000000001 0.65625 0.8612500000000001 0.645
2 0.825 0.55125 0.8087500000000001 0.55125 0.8087500000000001 0.56125 0.825 0.56125 0.825 0.55125
2 0.83375 0.5662499999999999 0.82125 0.5662499999999999 0.82125 0.58125 0.83375 0.58125 0.83375 0.5662499999999999
2 0.8162499999999999 0.57375 0.8025 0.57375 0.8025 0.585 0.8162499999999999 0.585 0.8162499999999999 0.57375
2 0.82125 0.58125 0.8074999999999999 0.58125 0.8074999999999999 0.5925 0.82125 0.5925 0.82125 0.58125
2 0.8474999999999999 0.58875 0.835 0.58875 0.835 0.60375 0.8474999999999999 0.60375 0.8474999999999999 0.58875
2 0.83125 0.5962500000000001 0.82 0.5962500000000001 0.82 0.6075 0.83125 0.6075 0.83125 0.5962500000000001
2 0.835 0.61125 0.8237500000000001 0.61125 0.8237500000000001 0.62 0.835 0.62 0.835 0.61125
2 0.85375 0.6025 0.8387499999999999 0.6025 0.8387499999999999 0.61375 0.85375 0.61375 0.85375 0.6025
2 0.8612500000000001 0.61375 0.845 0.61375 0.845 0.62375 0.8612500000000001 0.62375 0.8612500000000001 0.61375
2 0.86625 0.62375 0.8487500000000001 0.62375 0.8487500000000001 0.635 0.86625 0.635 0.86625 0.62375
2 0.8474999999999999 0.6275000000000001 0.83625 0.6275000000000001 0.83625 0.6375 0.8474999999999999 0.6375 0.8474999999999999 0.6275000000000001
2 0.85125 0.63375 0.8400000000000001 0.63375 0.8400000000000001 0.645 0.85125 0.645 0.85125 0.63375
2 0.8550000000000001 0.64 0.84375 0.64 0.84375 0.65 0.8550000000000001 0.65 0.8550000000000001 0.64
2 0.9525 0.5875 0.9412499999999999 0.5875 0.9412499999999999 0.5962500000000001 0.9525 0.5962500000000001 0.9525 0.5875
2 0.9550000000000001 0.5925 0.94375 0.5925 0.94375 0.6012500000000001 0.9550000000000001 0.6012500000000001 0.9550000000000001 0.5925
2 0.95875 0.5974999999999999 0.9475 0.5974999999999999 0.9475 0.60875 0.95875 0.60875 0.95875 0.5974999999999999
2 0.93875 0.37374999999999997 0.925 0.37374999999999997 0.925 0.38 0.93875 0.38 0.93875 0.37374999999999997
2 0.9550000000000001 0.4575 0.93875 0.4575 0.93875 0.465 0.9550000000000001 0.465 0.9550000000000001 0.4575
2 0.95 0.4525 0.93875 0.4525 0.93875 0.45999999999999996 0.95 0.45999999999999996 0.95 0.4525
2 0.9487500000000001 0.44625000000000004 0.9375 0.44625000000000004 0.9375 0.45125000000000004 0.9487500000000001 0.45125000000000004 0.9487500000000001 0.44625000000000004
2 0.9475 0.43125 0.9324999999999999 0.43125 0.9324999999999999 0.44125 0.9475 0.44125 0.9475 0.43125
2 0.945 0.44000000000000006 0.9349999999999999 0.44000000000000006 0.9349999999999999 0.44625000000000004 0.945 0.44625000000000004 0.945 0.44000000000000006
2 0.94375 0.425 0.9337500000000001 0.425 0.9337500000000001 0.4325 0.94375 0.4325 0.94375 0.425
2 0.9425000000000001 0.42000000000000004 0.9324999999999999 0.42000000000000004 0.9324999999999999 0.425 0.9425000000000001 0.425 0.9425000000000001 0.42000000000000004
2 0.94375 0.41375 0.93125 0.41375 0.93125 0.42000000000000004 0.94375 0.42000000000000004 0.94375 0.41375
2 0.9425000000000001 0.40625 0.9275 0.40625 0.9275 0.41125 0.9425000000000001 0.41125 0.9425000000000001 0.40625
2 0.9412499999999999 0.4 0.92875 0.4 0.92875 0.40499999999999997 0.9412499999999999 0.40499999999999997 0.9412499999999999 0.4
2 0.93875 0.39249999999999996 0.92875 0.39249999999999996 0.92875 0.39875 0.93875 0.39875 0.93875 0.39249999999999996
2 0.9375 0.385 0.92875 0.385 0.92875 0.39249999999999996 0.9375 0.39249999999999996 0.9375 0.385
2 0.93875 0.37875000000000003 0.9275 0.37875000000000003 0.9275 0.385 0.93875 0.385 0.93875 0.37875000000000003
2 0.93875 0.36625 0.9262499999999999 0.36625 0.9262499999999999 0.3725 0.93875 0.3725 0.93875 0.36625
2 0.9550000000000001 0.47000000000000003 0.9425000000000001 0.47000000000000003 0.9425000000000001 0.47874999999999995 0.9550000000000001 0.47874999999999995 0.9550000000000001 0.47000000000000003
2 0.93875 0.36124999999999996 0.9262499999999999 0.36124999999999996 0.9262499999999999 0.3675 0.93875 0.3675 0.93875 0.36124999999999996
2 0.93875 0.35375 0.9262499999999999 0.35375 0.9262499999999999 0.36 0.93875 0.36 0.93875 0.35375
2 0.93875 0.34750000000000003 0.9275 0.34750000000000003 0.9275 0.3525 0.93875 0.3525 0.93875 0.34750000000000003
2 0.90625 0.33125 0.8949999999999999 0.33125 0.8949999999999999 0.3375 0.90625 0.3375 0.90625 0.33125
2 0.93625 0.34125 0.925 0.34125 0.925 0.34625 0.93625 0.34625 0.93625 0.34125
2 0.9712500000000001 0.31 0.9637499999999999 0.31 0.9637499999999999 0.32125 0.9712500000000001 0.32125 0.9712500000000001 0.31
2 0.9637499999999999 0.31124999999999997 0.9574999999999999 0.31124999999999997 0.9574999999999999 0.32375 0.9637499999999999 0.32375 0.9637499999999999 0.31124999999999997
2 0.9625 0.54375 0.9512499999999999 0.54375 0.9512499999999999 0.55375 0.9625 0.55375 0.9625 0.54375
2 0.96 0.53625 0.9475 0.53625 0.9475 0.54625 0.96 0.54625 0.96 0.53625
2 0.9574999999999999 0.53125 0.94625 0.53125 0.94625 0.54 0.9574999999999999 0.54 0.9574999999999999 0.53125
2 0.9550000000000001 0.525 0.9425000000000001 0.525 0.9425000000000001 0.5349999999999999 0.9550000000000001 0.5349999999999999 0.9550000000000001 0.525
2 0.9512499999999999 0.5175 0.9400000000000001 0.5175 0.9400000000000001 0.5275000000000001 0.9512499999999999 0.5275000000000001 0.9512499999999999 0.5175
2 0.95 0.5125 0.93625 0.5125 0.93625 0.52125 0.95 0.52125 0.95 0.5125
2 0.95625 0.46375 0.9412499999999999 0.46375 0.9412499999999999 0.47125000000000006 0.95625 0.47125000000000006 0.95625 0.46375
2 0.9574999999999999 0.47625 0.94375 0.47625 0.94375 0.4875 0.9574999999999999 0.4875 0.9574999999999999 0.47625
2 0.9625 0.6025 0.9512499999999999 0.6025 0.9512499999999999 0.61375 0.9625 0.61375 0.9625 0.6025
2 0.34375 0.49625 0.33625 0.49625 0.33625 0.5125 0.34375 0.5125 0.34375 0.49625
2 0.32999999999999996 0.49625 0.32125 0.49625 0.32125 0.51 0.32999999999999996 0.51 0.32999999999999996 0.49625
2 0.29 0.40625 0.27875 0.40625 0.27875 0.4225 0.29 0.4225 0.29 0.40625
2 0.015 0.12250000000000001 0.0075 0.12250000000000001 0.0075 0.13874999999999998 0.015 0.13874999999999998 0.015 0.12250000000000001
2 0.9574999999999999 0.485 0.94625 0.485 0.94625 0.4925 0.9574999999999999 0.4925 0.9574999999999999 0.485
2 0.96875 0.42874999999999996 0.9637499999999999 0.42874999999999996 0.9637499999999999 0.44125 0.96875 0.44125 0.96875 0.42874999999999996
2 0.9675 0.41624999999999995 0.96125 0.41624999999999995 0.96125 0.42874999999999996 0.9675 0.42874999999999996 0.9675 0.41624999999999995
2 0.96 0.40499999999999997 0.9550000000000001 0.40499999999999997 0.9550000000000001 0.41875 0.96 0.41875 0.96 0.40499999999999997
2 0.95875 0.39125 0.9525 0.39125 0.9525 0.4025 0.95875 0.4025 0.95875 0.39125
2 0.9650000000000001 0.36375 0.95875 0.36375 0.95875 0.37625000000000003 0.9650000000000001 0.37625000000000003 0.9650000000000001 0.36375
2 0.9650000000000001 0.38 0.96 0.38 0.96 0.39249999999999996 0.9650000000000001 0.39249999999999996 0.9650000000000001 0.38
2 0.95875 0.375 0.95375 0.375 0.95375 0.39125 0.95875 0.39125 0.95875 0.375
2 0.95875 0.36124999999999996 0.9525 0.36124999999999996 0.9525 0.3725 0.95875 0.3725 0.95875 0.36124999999999996
2 0.96875 0.39625 0.96 0.39625 0.96 0.4175 0.96875 0.4175 0.96875 0.39625
2 0.9650000000000001 0.5025000000000001 0.9487500000000001 0.5025000000000001 0.9487500000000001 0.51125 0.9650000000000001 0.51125 0.9650000000000001 0.5025000000000001
2 0.96 0.49124999999999996 0.9475 0.49124999999999996 0.9475 0.49749999999999994 0.96 0.49749999999999994 0.96 0.49124999999999996
2 0.94625 0.5037499999999999 0.9337500000000001 0.5037499999999999 0.9337500000000001 0.5125 0.94625 0.5125 0.94625 0.5037499999999999
2 0.94375 0.49874999999999997 0.9324999999999999 0.49874999999999997 0.9324999999999999 0.50625 0.94375 0.50625 0.94375 0.49874999999999997
2 0.9412499999999999 0.4925 0.92875 0.4925 0.92875 0.49874999999999997 0.9412499999999999 0.49874999999999997 0.9412499999999999 0.4925
2 0.9175000000000001 0.5037499999999999 0.9037499999999999 0.5037499999999999 0.9037499999999999 0.5125 0.9175000000000001 0.5125 0.9175000000000001 0.5037499999999999
2 0.8949999999999999 0.40875000000000006 0.88375 0.40875000000000006 0.88375 0.41624999999999995 0.8949999999999999 0.41624999999999995 0.8949999999999999 0.40875000000000006
2 0.8975 0.41624999999999995 0.885 0.41624999999999995 0.885 0.42125 0.8975 0.42125 0.8975 0.41624999999999995
2 0.8975 0.42125 0.885 0.42125 0.885 0.42874999999999996 0.8975 0.42874999999999996 0.8975 0.42125
2 0.89875 0.42874999999999996 0.8862500000000001 0.42874999999999996 0.8862500000000001 0.4375 0.89875 0.4375 0.89875 0.42874999999999996
2 0.9 0.43624999999999997 0.8875 0.43624999999999997 0.8875 0.4425 0.9 0.4425 0.9 0.43624999999999997
2 0.9025000000000001 0.44375 0.8887499999999999 0.44375 0.8887499999999999 0.45 0.9025000000000001 0.45 0.9025000000000001 0.44375
2 0.9025000000000001 0.45 0.89 0.45 0.89 0.4575 0.9025000000000001 0.4575 0.9025000000000001 0.45
2 0.9037499999999999 0.4575 0.89125 0.4575 0.89125 0.465 0.9037499999999999 0.465 0.9037499999999999 0.4575
2 0.905 0.46375 0.89375 0.46375 0.89375 0.4725 0.905 0.4725 0.905 0.46375
2 0.9099999999999999 0.47750000000000004 0.89625 0.47750000000000004 0.89625 0.485 0.9099999999999999 0.485 0.9099999999999999 0.47750000000000004
2 0.9087500000000001 0.48375 0.89875 0.48375 0.89875 0.4925 0.9087500000000001 0.4925 0.9087500000000001 0.48375
2 0.91375 0.49000000000000005 0.9 0.49000000000000005 0.9 0.5 0.91375 0.5 0.91375 0.49000000000000005
2 0.91375 0.49625 0.9025000000000001 0.49625 0.9025000000000001 0.505 0.91375 0.505 0.91375 0.49625
2 0.9199999999999999 0.51 0.9075 0.51 0.9075 0.52 0.9199999999999999 0.52 0.9199999999999999 0.51
2 0.93 0.48875 0.9225 0.48875 0.9225 0.5 0.93 0.5 0.93 0.48875
2 0.9225 0.51625 0.9099999999999999 0.51625 0.9099999999999999 0.525 0.9225 0.525 0.9225 0.51625
2 0.9237500000000001 0.5225 0.9112500000000001 0.5225 0.9112500000000001 0.5325 0.9237500000000001 0.5325 0.9237500000000001 0.5225
2 0.92875 0.53625 0.91625 0.53625 0.91625 0.545 0.92875 0.545 0.92875 0.53625
2 0.93125 0.5425 0.91875 0.5425 0.91875 0.55125 0.93125 0.55125 0.93125 0.5425
2 0.9349999999999999 0.54875 0.9225 0.54875 0.9225 0.5575 0.9349999999999999 0.5575 0.9349999999999999 0.54875
2 0.9375 0.55625 0.925 0.55625 0.925 0.5662499999999999 0.9375 0.5662499999999999 0.9375 0.55625
2 0.96 0.5599999999999999 0.95 0.5599999999999999 0.95 0.5725 0.96 0.5725 0.96 0.5599999999999999
2 0.9662499999999999 0.57125 0.9574999999999999 0.57125 0.9574999999999999 0.585 0.9662499999999999 0.585 0.9662499999999999 0.57125
2 0.93875 0.56375 0.9275 0.56375 0.9275 0.5700000000000001 0.93875 0.5700000000000001 0.93875 0.56375
2 0.89125 0.5650000000000001 0.8825 0.5650000000000001 0.8825 0.57625 0.89125 0.57625 0.89125 0.5650000000000001
2 0.9075 0.595 0.8975 0.595 0.8975 0.60625 0.9075 0.60625 0.9075 0.595
2 0.9425000000000001 0.5675 0.93125 0.5675 0.93125 0.575 0.9425000000000001 0.575 0.9425000000000001 0.5675
2 0.95375 0.605 0.9425000000000001 0.605 0.9425000000000001 0.62 0.95375 0.62 0.95375 0.605
2 0.8949999999999999 0.40125 0.8825 0.40125 0.8825 0.40750000000000003 0.8949999999999999 0.40750000000000003 0.8949999999999999 0.40125
2 0.89375 0.39375 0.88125 0.39375 0.88125 0.4 0.89375 0.4 0.89375 0.39375
2 0.8925000000000001 0.3875 0.88125 0.3875 0.88125 0.39249999999999996 0.8925000000000001 0.39249999999999996 0.8925000000000001 0.3875
2 0.8925000000000001 0.38125 0.88125 0.38125 0.88125 0.3875 0.8925000000000001 0.3875 0.8925000000000001 0.38125
2 0.83125 0.4025 0.8225 0.4025 0.8225 0.42625 0.83125 0.42625 0.83125 0.4025
2 0.9400000000000001 0.485 0.92875 0.485 0.92875 0.49375 0.9400000000000001 0.49375 0.9400000000000001 0.485
2 0.93875 0.47750000000000004 0.925 0.47750000000000004 0.925 0.485 0.93875 0.485 0.93875 0.47750000000000004
2 0.9349999999999999 0.4725 0.9225 0.4725 0.9225 0.48125 0.9349999999999999 0.48125 0.9349999999999999 0.4725
2 0.9337500000000001 0.465 0.9225 0.465 0.9225 0.47125000000000006 0.9337500000000001 0.47125000000000006 0.9337500000000001 0.465
2 0.9324999999999999 0.4575 0.9199999999999999 0.4575 0.9199999999999999 0.46624999999999994 0.9324999999999999 0.46624999999999994 0.9324999999999999 0.4575
2 0.9225 0.4625 0.91375 0.4625 0.91375 0.47375 0.9225 0.47375 0.9225 0.4625
2 0.915 0.43499999999999994 0.9075 0.43499999999999994 0.9075 0.44625000000000004 0.915 0.44625000000000004 0.915 0.43499999999999994
2 0.92875 0.4375 0.91625 0.4375 0.91625 0.44375 0.92875 0.44375 0.92875 0.4375
2 0.9275 0.43 0.915 0.43 0.915 0.4375 0.9275 0.4375 0.9275 0.43
2 0.925 0.4225 0.9125 0.4225 0.9125 0.43 0.925 0.43 0.925 0.4225
2 0.925 0.41624999999999995 0.9125 0.41624999999999995 0.9125 0.42374999999999996 0.925 0.42374999999999996 0.925 0.41624999999999995
2 0.9237500000000001 0.41 0.9112500000000001 0.41 0.9112500000000001 0.41624999999999995 0.9237500000000001 0.41624999999999995 0.9237500000000001 0.41
2 0.9225 0.40374999999999994 0.9099999999999999 0.40374999999999994 0.9099999999999999 0.41 0.9225 0.41 0.9225 0.40374999999999994
2 0.9237500000000001 0.39625 0.9099999999999999 0.39625 0.9099999999999999 0.4025 0.9237500000000001 0.4025 0.9237500000000001 0.39625
2 0.92125 0.38875000000000004 0.9099999999999999 0.38875000000000004 0.9099999999999999 0.39625 0.92125 0.39625 0.92125 0.38875000000000004
2 0.9087500000000001 0.38875000000000004 0.9012499999999999 0.38875000000000004 0.9012499999999999 0.4025 0.9087500000000001 0.4025 0.9087500000000001 0.38875000000000004
2 0.9199999999999999 0.38125 0.9075 0.38125 0.9075 0.38625 0.9199999999999999 0.38625 0.9199999999999999 0.38125
2 0.92125 0.375 0.9087500000000001 0.375 0.9087500000000001 0.38125 0.92125 0.38125 0.92125 0.375
2 0.9199999999999999 0.36625 0.9087500000000001 0.36625 0.9087500000000001 0.3725 0.9199999999999999 0.3725 0.9199999999999999 0.36625
2 0.9199999999999999 0.35375 0.9087500000000001 0.35375 0.9087500000000001 0.36 0.9199999999999999 0.36 0.9199999999999999 0.35375
2 0.90625 0.33999999999999997 0.89375 0.33999999999999997 0.89375 0.34625 0.90625 0.34625 0.90625 0.33999999999999997
2 0.92125 0.34750000000000003 0.9075 0.34750000000000003 0.9075 0.35375 0.92125 0.35375 0.92125 0.34750000000000003
2 0.8925000000000001 0.35375 0.8787499999999999 0.35375 0.8787499999999999 0.36 0.8925000000000001 0.36 0.8925000000000001 0.35375
2 0.89375 0.36 0.8800000000000001 0.36 0.8800000000000001 0.36625 0.89375 0.36625 0.89375 0.36
2 0.8925000000000001 0.36625 0.8800000000000001 0.36625 0.8800000000000001 0.37374999999999997 0.8925000000000001 0.37374999999999997 0.8925000000000001 0.36625
2 0.8925000000000001 0.3725 0.8800000000000001 0.3725 0.8800000000000001 0.38 0.8925000000000001 0.38 0.8925000000000001 0.3725
2 0.7375 0.43499999999999994 0.7262500000000001 0.43499999999999994 0.7262500000000001 0.44000000000000006 0.7375 0.44000000000000006 0.7375 0.43499999999999994
2 0.7375 0.42750000000000005 0.72375 0.42750000000000005 0.72375 0.43499999999999994 0.7375 0.43499999999999994 0.7375 0.42750000000000005
2 0.73875 0.42000000000000004 0.7224999999999999 0.42000000000000004 0.7224999999999999 0.43 0.73875 0.43 0.73875 0.42000000000000004
2 0.62 0.975 0.61 0.975 0.61 0.985 0.62 0.985 0.62 0.975
2 0.61625 0.9775 0.605 0.9775 0.605 0.9875 0.61625 0.9875 0.61625 0.9775
2 0.585 0.97875 0.57375 0.97875 0.57375 0.99 0.585 0.99 0.585 0.97875
2 0.5962500000000001 0.9712500000000001 0.5862499999999999 0.9712500000000001 0.5862499999999999 0.98375 0.5962500000000001 0.98375 0.5962500000000001 0.9712500000000001
2 0.60375 0.97 0.5925 0.97 0.5925 0.98125 0.60375 0.98125 0.60375 0.97
2 0.60875 0.9625 0.595 0.9625 0.595 0.9775 0.60875 0.9775 0.60875 0.9625
2 0.52625 0.97625 0.52125 0.97625 0.52125 0.9875 0.52625 0.9875 0.52625 0.97625
2 0.7325 0.27875 0.7175 0.27875 0.7175 0.28375 0.7325 0.28375 0.7325 0.27875
2 0.68875 0.1325 0.68125 0.1325 0.68125 0.14750000000000002 0.68875 0.14750000000000002 0.68875 0.1325
2 0.7325 0.25875 0.7162499999999999 0.25875 0.7162499999999999 0.26625 0.7325 0.26625 0.7325 0.25875
2 0.73375 0.25 0.7162499999999999 0.25 0.7162499999999999 0.25625 0.73375 0.25625 0.73375 0.25
2 0.735 0.24 0.7150000000000001 0.24 0.7150000000000001 0.2475 0.735 0.2475 0.735 0.24
2 0.7775000000000001 0.16 0.76625 0.16 0.76625 0.16625 0.7775000000000001 0.16625 0.7775000000000001 0.16
2 0.77625 0.1525 0.76375 0.1525 0.76375 0.1575 0.77625 0.1575 0.77625 0.1525
2 0.70875 0.13374999999999998 0.70375 0.13374999999999998 0.70375 0.14625 0.70875 0.14625 0.70875 0.13374999999999998
2 0.72 0.1325 0.71375 0.1325 0.71375 0.14875 0.72 0.14875 0.72 0.1325
2 0.7325 0.135 0.7262500000000001 0.135 0.7262500000000001 0.14875 0.7325 0.14875 0.7325 0.135
2 0.7175 0.0875 0.7125 0.0875 0.7125 0.10124999999999999 0.7175 0.10124999999999999 0.7175 0.0875
2 0.6925 0.0975 0.6799999999999999 0.0975 0.6799999999999999 0.10375000000000001 0.6925 0.10375000000000001 0.6925 0.0975
2 0.6725 0.10375000000000001 0.665 0.10375000000000001 0.665 0.12125 0.6725 0.12125 0.6725 0.10375000000000001
2 0.69875 0.10500000000000001 0.6900000000000001 0.10500000000000001 0.6900000000000001 0.12 0.69875 0.12 0.69875 0.10500000000000001
2 0.68625 0.10375000000000001 0.6775 0.10375000000000001 0.6775 0.12 0.68625 0.12 0.68625 0.10375000000000001
2 0.675 0.13374999999999998 0.6675 0.13374999999999998 0.6675 0.14875 0.675 0.14875 0.675 0.13374999999999998
2 0.6174999999999999 0.49124999999999996 0.595 0.49124999999999996 0.595 0.51625 0.6174999999999999 0.51625 0.6174999999999999 0.49124999999999996
2 0.7325 0.7887500000000001 0.7175 0.7887500000000001 0.7175 0.80375 0.7325 0.80375 0.7325 0.7887500000000001
2 0.8175000000000001 0.83625 0.80375 0.83625 0.80375 0.85 0.8175000000000001 0.85 0.8175000000000001 0.83625
2 0.8487500000000001 0.9012499999999999 0.835 0.9012499999999999 0.835 0.91625 0.8487500000000001 0.91625 0.8487500000000001 0.9012499999999999
2 0.805 0.0325 0.79125 0.0325 0.79125 0.03875 0.805 0.03875 0.805 0.0325
2 0.5337500000000001 0.9724999999999999 0.525 0.9724999999999999 0.525 0.9824999999999999 0.5337500000000001 0.9824999999999999 0.5337500000000001 0.9724999999999999
2 0.54 0.96875 0.53125 0.96875 0.53125 0.9800000000000001 0.54 0.9800000000000001 0.54 0.96875
2 0.545 0.9675 0.53625 0.9675 0.53625 0.9775 0.545 0.9775 0.545 0.9675
2 0.44625000000000004 0.9724999999999999 0.43624999999999997 0.9724999999999999 0.43624999999999997 0.9862500000000001 0.44625000000000004 0.9862500000000001 0.44625000000000004 0.9724999999999999
2 0.515 0.93 0.505 0.93 0.505 0.94375 0.515 0.94375 0.515 0.93
2 0.50875 0.9337500000000001 0.49874999999999997 0.9337500000000001 0.49874999999999997 0.945 0.50875 0.945 0.50875 0.9337500000000001
2 0.5025000000000001 0.9237500000000001 0.49124999999999996 0.9237500000000001 0.49124999999999996 0.9349999999999999 0.5025000000000001 0.9349999999999999 0.5025000000000001 0.9237500000000001
2 0.49625 0.9262499999999999 0.48624999999999996 0.9262499999999999 0.48624999999999996 0.93625 0.49625 0.93625 0.49625 0.9262499999999999
2 0.49749999999999994 0.9425000000000001 0.4875 0.9425000000000001 0.4875 0.95375 0.49749999999999994 0.95375 0.49749999999999994 0.9425000000000001
2 0.49124999999999996 0.93 0.48 0.93 0.48 0.94375 0.49124999999999996 0.94375 0.49124999999999996 0.93
2 0.485 0.9349999999999999 0.475 0.9349999999999999 0.475 0.94625 0.485 0.94625 0.485 0.9349999999999999
2 0.4925 0.94625 0.48 0.94625 0.48 0.9574999999999999 0.4925 0.9574999999999999 0.4925 0.94625
2 0.48125 0.9512499999999999 0.46875 0.9512499999999999 0.46875 0.9650000000000001 0.48125 0.9650000000000001 0.48125 0.9512499999999999
2 0.475 0.95625 0.465 0.95625 0.465 0.96875 0.475 0.96875 0.475 0.95625
2 0.46875 0.95875 0.45875000000000005 0.95875 0.45875000000000005 0.9712500000000001 0.46875 0.9712500000000001 0.46875 0.95875
2 0.46375 0.96125 0.4525 0.96125 0.4525 0.97625 0.46375 0.97625 0.46375 0.96125
2 0.4525 0.96875 0.44125 0.96875 0.44125 0.98125 0.4525 0.98125 0.4525 0.96875
2 0.4425 0.975 0.43 0.975 0.43 0.9887499999999999 0.4425 0.9887499999999999 0.4425 0.975
2 0.55125 0.96125 0.54 0.96125 0.54 0.9737500000000001 0.55125 0.9737500000000001 0.55125 0.96125
2 0.45 0.9550000000000001 0.44000000000000006 0.9550000000000001 0.44000000000000006 0.9662499999999999 0.45 0.9662499999999999 0.45 0.9550000000000001
2 0.47375 0.9412499999999999 0.46125 0.9412499999999999 0.46125 0.9525 0.47375 0.9525 0.47375 0.9412499999999999
2 0.46749999999999997 0.945 0.45625 0.945 0.45625 0.95625 0.46749999999999997 0.95625 0.46749999999999997 0.945
2 0.4625 0.9487500000000001 0.4525 0.9487500000000001 0.4525 0.96 0.4625 0.96 0.4625 0.9487500000000001
2 0.45625 0.9512499999999999 0.445 0.9512499999999999 0.445 0.9637499999999999 0.45625 0.9637499999999999 0.45625 0.9512499999999999
2 0.44375 0.95875 0.43375 0.95875 0.43375 0.97 0.44375 0.97 0.44375 0.95875
2 0.43875000000000003 0.96125 0.42750000000000005 0.96125 0.42750000000000005 0.9737500000000001 0.43875000000000003 0.9737500000000001 0.43875000000000003 0.96125
2 0.4325 0.9662499999999999 0.4225 0.9662499999999999 0.4225 0.97625 0.4325 0.97625 0.4325 0.9662499999999999
2 0.42750000000000005 0.96875 0.4175 0.96875 0.4175 0.97875 0.42750000000000005 0.97875 0.42750000000000005 0.96875
2 0.42000000000000004 0.9712500000000001 0.41125 0.9712500000000001 0.41125 0.98125 0.42000000000000004 0.98125 0.42000000000000004 0.9712500000000001
2 0.41125 0.9775 0.4 0.9775 0.4 0.9887499999999999 0.41125 0.9887499999999999 0.41125 0.9775
2 0.41624999999999995 0.975 0.40499999999999997 0.975 0.40499999999999997 0.9862500000000001 0.41624999999999995 0.9862500000000001 0.41624999999999995 0.975
2 0.40750000000000003 0.94625 0.3975 0.94625 0.3975 0.95875 0.40750000000000003 0.95875 0.40750000000000003 0.94625
2 0.5075000000000001 0.9199999999999999 0.49749999999999994 0.9199999999999999 0.49749999999999994 0.9324999999999999 0.5075000000000001 0.9324999999999999 0.5075000000000001 0.9199999999999999
2 0.5125 0.915 0.50125 0.915 0.50125 0.92875 0.5125 0.92875 0.5125 0.915
2 0.51875 0.9125 0.50875 0.9125 0.50875 0.9262499999999999 0.51875 0.9262499999999999 0.51875 0.9125
2 0.52625 0.9099999999999999 0.515 0.9099999999999999 0.515 0.9225 0.52625 0.9225 0.52625 0.9099999999999999
2 0.5587500000000001 0.9625 0.5475 0.9625 0.5475 0.9712500000000001 0.5587500000000001 0.9712500000000001 0.5587500000000001 0.9625
2 0.56375 0.9574999999999999 0.55375 0.9574999999999999 0.55375 0.96875 0.56375 0.96875 0.56375 0.9574999999999999
2 0.58125 0.9475 0.5700000000000001 0.9475 0.5700000000000001 0.96 0.58125 0.96 0.58125 0.9475
2 0.5875 0.9425000000000001 0.575 0.9425000000000001 0.575 0.9550000000000001 0.5875 0.9550000000000001 0.5875 0.9425000000000001
2 0.49749999999999994 0.9775 0.48624999999999996 0.9775 0.48624999999999996 0.9925 0.49749999999999994 0.9925 0.49749999999999994 0.9775
2 0.51 0.9712500000000001 0.49874999999999997 0.9712500000000001 0.49874999999999997 0.98375 0.51 0.98375 0.51 0.9712500000000001
2 0.51375 0.9675 0.5025000000000001 0.9675 0.5025000000000001 0.9800000000000001 0.51375 0.9800000000000001 0.51375 0.9675
2 0.52125 0.96125 0.51 0.96125 0.51 0.975 0.52125 0.975 0.52125 0.96125
2 0.5275000000000001 0.96 0.51625 0.96 0.51625 0.9712500000000001 0.5275000000000001 0.9712500000000001 0.5275000000000001 0.96
2 0.53125 0.9550000000000001 0.5225 0.9550000000000001 0.5225 0.9662499999999999 0.53125 0.9662499999999999 0.53125 0.9550000000000001
2 0.5387500000000001 0.9512499999999999 0.52625 0.9512499999999999 0.52625 0.9650000000000001 0.5387500000000001 0.9650000000000001 0.5387500000000001 0.9512499999999999
2 0.54875 0.945 0.5387500000000001 0.945 0.5387500000000001 0.9574999999999999 0.54875 0.9574999999999999 0.54875 0.945
2 0.5599999999999999 0.93875 0.55125 0.93875 0.55125 0.95 0.5599999999999999 0.95 0.5599999999999999 0.93875
2 0.58375 0.925 0.5725 0.925 0.5725 0.9349999999999999 0.58375 0.9349999999999999 0.58375 0.925
2 0.52 0.9262499999999999 0.51 0.9262499999999999 0.51 0.9400000000000001 0.52 0.9400000000000001 0.52 0.9262499999999999
2 0.52625 0.925 0.51625 0.925 0.51625 0.93625 0.52625 0.93625 0.52625 0.925
2 0.53125 0.9199999999999999 0.52125 0.9199999999999999 0.52125 0.93125 0.53125 0.93125 0.53125 0.9199999999999999
2 0.5375 0.915 0.52625 0.915 0.52625 0.93 0.5375 0.93 0.5375 0.915
2 0.54625 0.9087500000000001 0.5375 0.9087500000000001 0.5375 0.92125 0.54625 0.92125 0.54625 0.9087500000000001
2 0.5549999999999999 0.90625 0.54375 0.90625 0.54375 0.91875 0.5549999999999999 0.91875 0.5549999999999999 0.90625
2 0.5650000000000001 0.89875 0.5549999999999999 0.89875 0.5549999999999999 0.9099999999999999 0.5650000000000001 0.9099999999999999 0.5650000000000001 0.89875
2 0.5650000000000001 0.885 0.5525 0.885 0.5525 0.8975 0.5650000000000001 0.8975 0.5650000000000001 0.885
2 0.5587500000000001 0.89 0.55 0.89 0.55 0.9012499999999999 0.5587500000000001 0.9012499999999999 0.5587500000000001 0.89
2 0.5475 0.8949999999999999 0.5375 0.8949999999999999 0.5375 0.9075 0.5475 0.9075 0.5475 0.8949999999999999
2 0.5425 0.8975 0.53125 0.8975 0.53125 0.9099999999999999 0.5425 0.9099999999999999 0.5425 0.8975
2 0.53625 0.9012499999999999 0.525 0.9012499999999999 0.525 0.915 0.53625 0.915 0.53625 0.9012499999999999
2 0.5275000000000001 0.90625 0.52 0.90625 0.52 0.91625 0.5275000000000001 0.91625 0.5275000000000001 0.90625
2 0.73125 0.26875 0.7162499999999999 0.26875 0.7162499999999999 0.275 0.73125 0.275 0.73125 0.26875
2 0.73375 0.29125 0.72 0.29125 0.72 0.29625 0.73375 0.29625 0.73375 0.29125
2 0.735 0.41375 0.7224999999999999 0.41375 0.7224999999999999 0.42125 0.735 0.42125 0.735 0.41375
2 0.72875 0.3375 0.7162499999999999 0.3375 0.7162499999999999 0.34625 0.72875 0.34625 0.72875 0.3375
2 0.9075 0.21875 0.89375 0.21875 0.89375 0.225 0.9075 0.225 0.9075 0.21875
2 0.86625 0.225 0.8550000000000001 0.225 0.8550000000000001 0.23875000000000002 0.86625 0.23875000000000002 0.86625 0.225
2 0.8675 0.24 0.85375 0.24 0.85375 0.25375000000000003 0.8675 0.25375000000000003 0.8675 0.24
2 0.8675 0.255 0.8525 0.255 0.8525 0.26875 0.8675 0.26875 0.8675 0.255
2 0.86 0.27 0.85375 0.27 0.85375 0.28375 0.86 0.28375 0.86 0.27
2 0.82125 0.40750000000000003 0.8150000000000001 0.40750000000000003 0.8150000000000001 0.4175 0.82125 0.4175 0.82125 0.40750000000000003
2 0.82125 0.35750000000000004 0.81375 0.35750000000000004 0.81375 0.37374999999999997 0.82125 0.37374999999999997 0.82125 0.35750000000000004
2 0.8225 0.31375000000000003 0.81375 0.31375000000000003 0.81375 0.34125 0.8225 0.34125 0.8225 0.31375000000000003
2 0.79625 0.3025 0.78125 0.3025 0.78125 0.31625000000000003 0.79625 0.31625000000000003 0.79625 0.3025
2 0.795 0.31625000000000003 0.78125 0.31625000000000003 0.78125 0.32625000000000004 0.795 0.32625000000000004 0.795 0.31625000000000003
2 0.77 0.32 0.75625 0.32 0.75625 0.3275 0.77 0.3275 0.77 0.32
2 0.75625 0.32125 0.74375 0.32125 0.74375 0.3275 0.75625 0.3275 0.75625 0.32125
2 0.72875 0.355 0.7162499999999999 0.355 0.7162499999999999 0.36124999999999996 0.72875 0.36124999999999996 0.72875 0.355
2 0.73 0.32875 0.7162499999999999 0.32875 0.7162499999999999 0.33999999999999997 0.73 0.33999999999999997 0.73 0.32875
2 0.9087500000000001 0.23125 0.8949999999999999 0.23125 0.8949999999999999 0.24 0.9087500000000001 0.24 0.9087500000000001 0.23125
2 0.7262500000000001 0.315 0.7162499999999999 0.315 0.7162499999999999 0.32 0.7262500000000001 0.32 0.7262500000000001 0.315
2 0.7275 0.30625 0.7150000000000001 0.30625 0.7150000000000001 0.3125 0.7275 0.3125 0.7275 0.30625
2 0.73375 0.3 0.7224999999999999 0.3 0.7224999999999999 0.305 0.73375 0.305 0.73375 0.3
2 0.77125 0.305 0.75875 0.305 0.75875 0.31 0.77125 0.31 0.77125 0.305
2 0.7775000000000001 0.31 0.77125 0.31 0.77125 0.32625000000000004 0.7775000000000001 0.32625000000000004 0.7775000000000001 0.31
2 0.825 0.27749999999999997 0.81375 0.27749999999999997 0.81375 0.2925 0.825 0.2925 0.825 0.27749999999999997
2 0.8237500000000001 0.26 0.8150000000000001 0.26 0.8150000000000001 0.27375 0.8237500000000001 0.27375 0.8237500000000001 0.26
2 0.825 0.23875000000000002 0.8150000000000001 0.23875000000000002 0.8150000000000001 0.25375000000000003 0.825 0.25375000000000003 0.825 0.23875000000000002
2 0.79625 0.2925 0.7825 0.2925 0.7825 0.2975 0.79625 0.2975 0.79625 0.2925
2 0.7975 0.28625 0.7837500000000001 0.28625 0.7837500000000001 0.29125 0.7975 0.29125 0.7975 0.28625
2 0.7975 0.27875 0.7825 0.27875 0.7825 0.28375 0.7975 0.28375 0.7975 0.27875
2 0.7975 0.2725 0.7837500000000001 0.2725 0.7837500000000001 0.27875 0.7975 0.27875 0.7975 0.2725
2 0.7975 0.26625 0.7837500000000001 0.26625 0.7837500000000001 0.27125 0.7975 0.27125 0.7975 0.26625
2 0.90625 0.22625 0.8949999999999999 0.22625 0.8949999999999999 0.23125 0.90625 0.23125 0.90625 0.22625
2 0.9075 0.24125000000000002 0.89625 0.24125000000000002 0.89625 0.2475 0.9075 0.2475 0.9075 0.24125000000000002
2 0.7737499999999999 0.2575 0.76 0.2575 0.76 0.26125 0.7737499999999999 0.26125 0.7737499999999999 0.2575
2 0.96 0.275 0.9475 0.275 0.9475 0.28125 0.96 0.28125 0.96 0.275
2 0.73375 0.40750000000000003 0.72 0.40750000000000003 0.72 0.41500000000000004 0.73375 0.41500000000000004 0.73375 0.40750000000000003
2 0.73375 0.40125 0.7212500000000001 0.40125 0.7212500000000001 0.40750000000000003 0.73375 0.40750000000000003 0.73375 0.40125
2 0.7325 0.395 0.72 0.395 0.72 0.4025 0.7325 0.4025 0.7325 0.395
2 0.73125 0.375 0.71875 0.375 0.71875 0.3825 0.73125 0.3825 0.73125 0.375
2 0.73 0.36875 0.7175 0.36875 0.7175 0.375 0.73 0.375 0.73 0.36875
2 0.73 0.36375 0.7162499999999999 0.36375 0.7162499999999999 0.36875 0.73 0.36875 0.73 0.36375
2 0.7737499999999999 0.38 0.7575000000000001 0.38 0.7575000000000001 0.39249999999999996 0.7737499999999999 0.39249999999999996 0.7737499999999999 0.38
2 0.7725 0.37124999999999997 0.7575000000000001 0.37124999999999997 0.7575000000000001 0.38125 0.7725 0.38125 0.7725 0.37124999999999997
2 0.7725 0.36124999999999996 0.75625 0.36124999999999996 0.75625 0.37374999999999997 0.7725 0.37374999999999997 0.7725 0.36124999999999996
2 0.7737499999999999 0.3525 0.7575000000000001 0.3525 0.7575000000000001 0.36625 0.7737499999999999 0.36625 0.7737499999999999 0.3525
2 0.75625 0.35 0.74125 0.35 0.74125 0.35750000000000004 0.75625 0.35750000000000004 0.75625 0.35
2 0.95875 0.24874999999999997 0.9525 0.24874999999999997 0.9525 0.26125 0.95875 0.26125 0.95875 0.24874999999999997
2 0.9724999999999999 0.2875 0.96 0.2875 0.96 0.2975 0.9724999999999999 0.2975 0.9724999999999999 0.2875
2 0.9637499999999999 0.23500000000000001 0.9512499999999999 0.23500000000000001 0.9512499999999999 0.24625 0.9637499999999999 0.24625 0.9637499999999999 0.23500000000000001
2 0.9075 0.25 0.8975 0.25 0.8975 0.25625 0.9075 0.25625 0.9075 0.25
2 0.9637499999999999 0.22749999999999998 0.95 0.22749999999999998 0.95 0.23875000000000002 0.9637499999999999 0.23875000000000002 0.9637499999999999 0.22749999999999998
2 0.93625 0.23500000000000001 0.92125 0.23500000000000001 0.92125 0.2425 0.93625 0.2425 0.93625 0.23500000000000001
2 0.9375 0.225 0.9262499999999999 0.225 0.9262499999999999 0.22999999999999998 0.9375 0.22999999999999998 0.9375 0.225
2 0.9375 0.21625 0.9262499999999999 0.21625 0.9262499999999999 0.2225 0.9375 0.2225 0.9375 0.21625
2 0.9375 0.21000000000000002 0.925 0.21000000000000002 0.925 0.21749999999999997 0.9375 0.21749999999999997 0.9375 0.21000000000000002
2 0.9337500000000001 0.27625 0.92125 0.27625 0.92125 0.28375 0.9337500000000001 0.28375 0.9337500000000001 0.27625
2 0.93125 0.28375 0.9199999999999999 0.28375 0.9199999999999999 0.29 0.93125 0.29 0.93125 0.28375
2 0.9574999999999999 0.31124999999999997 0.94625 0.31124999999999997 0.94625 0.32375 0.9574999999999999 0.32375 0.9574999999999999 0.31124999999999997
2 0.905 0.28625 0.89375 0.28625 0.89375 0.2925 0.905 0.2925 0.905 0.28625
2 0.90625 0.27749999999999997 0.89375 0.27749999999999997 0.89375 0.28375 0.90625 0.28375 0.90625 0.27749999999999997
2 0.90625 0.27125 0.8925000000000001 0.27125 0.8925000000000001 0.27625 0.90625 0.27625 0.90625 0.27125
2 0.90625 0.2625 0.89375 0.2625 0.89375 0.26875 0.90625 0.26875 0.90625 0.2625
2 0.90625 0.25625 0.89375 0.25625 0.89375 0.2625 0.90625 0.2625 0.90625 0.25625
2 0.79875 0.25875 0.7837500000000001 0.25875 0.7837500000000001 0.265 0.79875 0.265 0.79875 0.25875
2 0.7975 0.2525 0.7837500000000001 0.2525 0.7837500000000001 0.25875 0.7975 0.25875 0.7975 0.2525
2 0.7975 0.24500000000000002 0.7837500000000001 0.24500000000000002 0.7837500000000001 0.25125000000000003 0.7975 0.25125000000000003 0.7975 0.24500000000000002
2 0.9262499999999999 0.1075 0.91875 0.1075 0.91875 0.12250000000000001 0.9262499999999999 0.12250000000000001 0.9262499999999999 0.1075
2 0.9012499999999999 0.12875 0.8875 0.12875 0.8875 0.135 0.9012499999999999 0.135 0.9012499999999999 0.12875
2 0.9012499999999999 0.12125 0.8862500000000001 0.12125 0.8862500000000001 0.12875 0.9012499999999999 0.12875 0.9012499999999999 0.12125
2 0.97625 0.06999999999999999 0.9650000000000001 0.06999999999999999 0.9650000000000001 0.08125 0.97625 0.08125 0.97625 0.06999999999999999
2 0.9637499999999999 0.06999999999999999 0.9525 0.06999999999999999 0.9525 0.08 0.9637499999999999 0.08 0.9637499999999999 0.06999999999999999
2 0.95375 0.06875 0.9425000000000001 0.06875 0.9425000000000001 0.08 0.95375 0.08 0.95375 0.06875
2 0.95 0.09625 0.93625 0.09625 0.93625 0.1075 0.95 0.1075 0.95 0.09625
2 0.9675 0.0975 0.95375 0.0975 0.95375 0.11125 0.9675 0.11125 0.9675 0.0975
2 0.9737500000000001 0.11000000000000001 0.96875 0.11000000000000001 0.96875 0.12375 0.9737500000000001 0.12375 0.9737500000000001 0.11000000000000001
2 0.9662499999999999 0.11000000000000001 0.96 0.11000000000000001 0.96 0.12375 0.9662499999999999 0.12375 0.9662499999999999 0.11000000000000001
2 0.95625 0.11000000000000001 0.95 0.11000000000000001 0.95 0.12375 0.95625 0.12375 0.95625 0.11000000000000001
2 0.9487500000000001 0.1075 0.9425000000000001 0.1075 0.9425000000000001 0.12250000000000001 0.9487500000000001 0.12250000000000001 0.9487500000000001 0.1075
2 0.9412499999999999 0.1075 0.9349999999999999 0.1075 0.9349999999999999 0.12250000000000001 0.9412499999999999 0.12250000000000001 0.9412499999999999 0.1075
2 0.9337500000000001 0.1075 0.92875 0.1075 0.92875 0.12250000000000001 0.9337500000000001 0.12250000000000001 0.9337500000000001 0.1075
2 0.89875 0.1 0.8875 0.1 0.8875 0.1125 0.89875 0.1125 0.89875 0.1
2 0.7837500000000001 0.21625 0.77625 0.21625 0.77625 0.22875 0.7837500000000001 0.22875 0.7837500000000001 0.21625
2 0.8474999999999999 0.13625 0.8400000000000001 0.13625 0.8400000000000001 0.14750000000000002 0.8474999999999999 0.14750000000000002 0.8474999999999999 0.13625
2 0.8462500000000001 0.15 0.8400000000000001 0.15 0.8400000000000001 0.16625 0.8462500000000001 0.16625 0.8462500000000001 0.15
2 0.8 0.23875000000000002 0.7849999999999999 0.23875000000000002 0.7849999999999999 0.24500000000000002 0.8 0.24500000000000002 0.8 0.23875000000000002
2 0.79875 0.22749999999999998 0.7849999999999999 0.22749999999999998 0.7849999999999999 0.2375 0.79875 0.2375 0.79875 0.22749999999999998
2 0.77625 0.215 0.77 0.215 0.77 0.22875 0.77625 0.22875 0.77625 0.215
2 0.77 0.21125 0.7625 0.21125 0.7625 0.22749999999999998 0.77 0.22749999999999998 0.77 0.21125
2 0.7625 0.2125 0.75625 0.2125 0.75625 0.22625 0.7625 0.22625 0.7625 0.2125
2 0.755 0.2125 0.75 0.2125 0.75 0.22625 0.755 0.22625 0.755 0.2125
2 0.7725 0.2975 0.7575000000000001 0.2975 0.7575000000000001 0.30375 0.7725 0.30375 0.7725 0.2975
2 0.7725 0.29 0.75875 0.29 0.75875 0.29625 0.7725 0.29625 0.7725 0.29
2 0.7725 0.28375 0.75875 0.28375 0.75875 0.28875 0.7725 0.28875 0.7725 0.28375
2 0.7737499999999999 0.27 0.76 0.27 0.76 0.275 0.7737499999999999 0.275 0.7737499999999999 0.27
2 0.7737499999999999 0.26375000000000004 0.76 0.26375000000000004 0.76 0.27 0.7737499999999999 0.27 0.7737499999999999 0.26375000000000004
2 0.9012499999999999 0.135 0.8875 0.135 0.8875 0.14125000000000001 0.9012499999999999 0.14125000000000001 0.9012499999999999 0.135
2 0.9 0.14250000000000002 0.8875 0.14250000000000002 0.8875 0.14875 0.9 0.14875 0.9 0.14250000000000002
2 0.9 0.14875 0.8862500000000001 0.14875 0.8862500000000001 0.15625 0.9 0.15625 0.9 0.14875
2 0.9 0.155 0.8862500000000001 0.155 0.8862500000000001 0.1625 0.9 0.1625 0.9 0.155
2 0.7875 0.21625 0.7837500000000001 0.21625 0.7837500000000001 0.22749999999999998 0.7875 0.22749999999999998 0.7875 0.21625
2 0.9625 0.21875 0.95 0.21875 0.95 0.23125 0.9625 0.23125 0.9625 0.21875
2 0.9650000000000001 0.21000000000000002 0.9512499999999999 0.21000000000000002 0.9512499999999999 0.225 0.9650000000000001 0.225 0.9650000000000001 0.21000000000000002
2 0.9625 0.19875 0.9525 0.19875 0.9525 0.20875 0.9625 0.20875 0.9625 0.19875
2 0.95625 0.17625 0.9425000000000001 0.17625 0.9425000000000001 0.19 0.95625 0.19 0.95625 0.17625
2 0.9724999999999999 0.13374999999999998 0.9574999999999999 0.13374999999999998 0.9574999999999999 0.13999999999999999 0.9724999999999999 0.13999999999999999 0.9724999999999999 0.13374999999999998
2 0.9724999999999999 0.13999999999999999 0.9675 0.13999999999999999 0.9675 0.155 0.9724999999999999 0.155 0.9724999999999999 0.13999999999999999
2 0.9650000000000001 0.13999999999999999 0.95875 0.13999999999999999 0.95875 0.155 0.9650000000000001 0.155 0.9650000000000001 0.13999999999999999
2 0.9550000000000001 0.13999999999999999 0.9487500000000001 0.13999999999999999 0.9487500000000001 0.15375 0.9550000000000001 0.15375 0.9550000000000001 0.13999999999999999
2 0.9475 0.13874999999999998 0.9412499999999999 0.13874999999999998 0.9412499999999999 0.15375 0.9475 0.15375 0.9475 0.13874999999999998
2 0.945 0.1325 0.9324999999999999 0.1325 0.9324999999999999 0.13874999999999998 0.945 0.13874999999999998 0.945 0.1325
2 0.9400000000000001 0.13999999999999999 0.9337500000000001 0.13999999999999999 0.9337500000000001 0.15375 0.9400000000000001 0.15375 0.9400000000000001 0.13999999999999999
2 0.9324999999999999 0.13999999999999999 0.9262499999999999 0.13999999999999999 0.9262499999999999 0.15375 0.9324999999999999 0.15375 0.9324999999999999 0.13999999999999999
2 0.93 0.1325 0.9175000000000001 0.1325 0.9175000000000001 0.13874999999999998 0.93 0.13874999999999998 0.93 0.1325
2 0.9625 0.16875 0.9574999999999999 0.16875 0.9574999999999999 0.17875000000000002 0.9625 0.17875000000000002 0.9625 0.16875
2 0.9574999999999999 0.16875 0.9512499999999999 0.16875 0.9512499999999999 0.1775 0.9574999999999999 0.1775 0.9574999999999999 0.16875
2 0.95 0.1675 0.94375 0.1675 0.94375 0.17875000000000002 0.95 0.17875000000000002 0.95 0.1675
2 0.9425000000000001 0.16625 0.9375 0.16625 0.9375 0.1775 0.9425000000000001 0.1775 0.9425000000000001 0.16625
2 0.93625 0.1675 0.93 0.1675 0.93 0.1775 0.93625 0.1775 0.93625 0.1675
2 0.94625 0.1775 0.93625 0.1775 0.93625 0.19 0.94625 0.19 0.94625 0.1775
2 0.9349999999999999 0.1775 0.9199999999999999 0.1775 0.9199999999999999 0.18875 0.9349999999999999 0.18875 0.9349999999999999 0.1775
2 0.9275 0.16625 0.9225 0.16625 0.9225 0.1775 0.9275 0.1775 0.9275 0.16625
2 0.92125 0.16625 0.915 0.16625 0.915 0.1775 0.92125 0.1775 0.92125 0.16625
2 0.905 0.1775 0.9 0.1775 0.9 0.18875 0.905 0.18875 0.905 0.1775
2 0.9087500000000001 0.16625 0.9037499999999999 0.16625 0.9037499999999999 0.1775 0.9087500000000001 0.1775 0.9087500000000001 0.16625
2 0.9 0.16875 0.8862500000000001 0.16875 0.8862500000000001 0.175 0.9 0.175 0.9 0.16875
2 0.9 0.1625 0.8862500000000001 0.1625 0.8862500000000001 0.1675 0.9 0.1675 0.9 0.1625