2 0.8862500000000001 0.16125 0.8637499999999999 0.16125 0.8637499999999999 0.17625 0.8862500000000001 0.17625 0.8862500000000001 0.16125
2 0.5775 0.28375 0.5675 0.28375 0.5675 0.30874999999999997 0.5775 0.30874999999999997 0.5775 0.28375
2 0.5075000000000001 0.28250000000000003 0.495 0.28250000000000003 0.495 0.30874999999999997 0.5075000000000001 0.30874999999999997 0.5075000000000001 0.28250000000000003
2 0.5175 0.28250000000000003 0.50625 0.28250000000000003 0.50625 0.30625 0.5175 0.30625 0.5175 0.28250000000000003
2 0.5287499999999999 0.28375 0.5175 0.28375 0.5175 0.30625 0.5287499999999999 0.30625 0.5287499999999999 0.28375
2 0.5425 0.28375 0.5287499999999999 0.28375 0.5287499999999999 0.30874999999999997 0.5425 0.30874999999999997 0.5425 0.28375
2 0.5549999999999999 0.28375 0.54125 0.28375 0.54125 0.30874999999999997 0.5549999999999999 0.30874999999999997 0.5549999999999999 0.28375
2 0.5675 0.28375 0.55375 0.28375 0.55375 0.31 0.5675 0.31 0.5675 0.28375
2 0.5912499999999999 0.28625 0.57875 0.28625 0.57875 0.31124999999999997 0.5912499999999999 0.31124999999999997 0.5912499999999999 0.28625
2 0.6025 0.28500000000000003 0.5900000000000001 0.28500000000000003 0.5900000000000001 0.31 0.6025 0.31 0.6025 0.28500000000000003
2 0.61625 0.28625 0.6012500000000001 0.28625 0.6012500000000001 0.3125 0.61625 0.3125 0.61625 0.28625
2 0.25875 0.3375 0.24625 0.3375 0.24625 0.3625 0.25875 0.3625 0.25875 0.3375
2 0.2725 0.3375 0.25875 0.3375 0.25875 0.36124999999999996 0.2725 0.36124999999999996 0.2725 0.3375
2 0.28500000000000003 0.33875 0.27125 0.33875 0.27125 0.3625 0.28500000000000003 0.3625 0.28500000000000003 0.33875
2 0.2975 0.3375 0.28500000000000003 0.3375 0.28500000000000003 0.3625 0.2975 0.3625 0.2975 0.3375
2 0.495 0.28375 0.48250000000000004 0.28375 0.48250000000000004 0.30874999999999997 0.495 0.30874999999999997 0.495 0.28375
2 0.48250000000000004 0.28375 0.47000000000000003 0.28375 0.47000000000000003 0.3125 0.48250000000000004 0.3125 0.48250000000000004 0.28375
2 0.47000000000000003 0.28125 0.4575 0.28125 0.4575 0.30625 0.47000000000000003 0.30625 0.47000000000000003 0.28125
2 0.4575 0.27749999999999997 0.44375 0.27749999999999997 0.44375 0.305 0.4575 0.305 0.4575 0.27749999999999997
2 0.43375 0.27999999999999997 0.42125 0.27999999999999997 0.42125 0.30625 0.43375 0.30625 0.43375 0.27999999999999997
2 0.42125 0.28125 0.41 0.28125 0.41 0.305 0.42125 0.305 0.42125 0.28125
2 0.3975 0.275 0.385 0.275 0.385 0.305 0.3975 0.305 0.3975 0.275
2 0.3725 0.27625 0.36 0.27625 0.36 0.3025 0.3725 0.3025 0.3725 0.27625
2 0.36 0.27 0.34875 0.27 0.34875 0.30125 0.36 0.30125 0.36 0.27
2 0.34750000000000003 0.27749999999999997 0.335 0.27749999999999997 0.335 0.30375 0.34750000000000003 0.30375 0.34750000000000003 0.27749999999999997
2 0.30125 0.27375 0.28875 0.27375 0.28875 0.3 0.30125 0.3 0.30125 0.27375
2 0.27625 0.27125 0.26375000000000004 0.27125 0.26375000000000004 0.29625 0.27625 0.29625 0.27625 0.27125
2 0.615 0.2525 0.60375 0.2525 0.60375 0.27999999999999997 0.615 0.27999999999999997 0.615 0.2525
2 0.60375 0.25375000000000003 0.5912499999999999 0.25375000000000003 0.5912499999999999 0.28125 0.60375 0.28125 0.60375 0.25375000000000003
2 0.5912499999999999 0.2525 0.57875 0.2525 0.57875 0.27999999999999997 0.5912499999999999 0.27999999999999997 0.5912499999999999 0.2525
2 0.57875 0.25375000000000003 0.5662499999999999 0.25375000000000003 0.5662499999999999 0.27999999999999997 0.57875 0.27999999999999997 0.57875 0.25375000000000003
2 0.5662499999999999 0.2525 0.55625 0.2525 0.55625 0.27999999999999997 0.5662499999999999 0.27999999999999997 0.5662499999999999 0.2525
2 0.30874999999999997 0.3375 0.2975 0.3375 0.2975 0.3625 0.30874999999999997 0.3625 0.30874999999999997 0.3375
2 0.32 0.335 0.31 0.335 0.31 0.36124999999999996 0.32 0.36124999999999996 0.32 0.335
2 0.37 0.33999999999999997 0.35750000000000004 0.33999999999999997 0.35750000000000004 0.365 0.37 0.365 0.37 0.33999999999999997
2 0.62 0.35 0.60875 0.35 0.60875 0.37374999999999997 0.62 0.37374999999999997 0.62 0.35
2 0.1325 0.7887500000000001 0.11750000000000001 0.7887500000000001 0.11750000000000001 0.8150000000000001 0.1325 0.8150000000000001 0.1325 0.7887500000000001
2 0.1325 0.76125 0.12 0.76125 0.12 0.7875 0.1325 0.7875 0.1325 0.76125
2 0.12 0.76125 0.10874999999999999 0.76125 0.10874999999999999 0.7849999999999999 0.12 0.7849999999999999 0.12 0.76125
2 0.0975 0.79 0.08249999999999999 0.79 0.08249999999999999 0.8175000000000001 0.0975 0.8175000000000001 0.0975 0.79
2 0.08375 0.7887500000000001 0.0725 0.7887500000000001 0.0725 0.8150000000000001 0.08375 0.8150000000000001 0.08375 0.7887500000000001
2 0.07125000000000001 0.78625 0.06 0.78625 0.06 0.8150000000000001 0.07125000000000001 0.8150000000000001 0.07125000000000001 0.78625
2 0.057499999999999996 0.7849999999999999 0.045 0.7849999999999999 0.045 0.8150000000000001 0.057499999999999996 0.8150000000000001 0.057499999999999996 0.7849999999999999
2 0.20249999999999999 0.7975 0.19125 0.7975 0.19125 0.8237500000000001 0.20249999999999999 0.8237500000000001 0.20249999999999999 0.7975
2 0.205 0.75125 0.1925 0.75125 0.1925 0.775 0.205 0.775 0.205 0.75125
2 0.09875 0.6975 0.0875 0.6975 0.0875 0.7212500000000001 0.09875 0.7212500000000001 0.09875 0.6975
2 0.07625 0.6975 0.06375 0.6975 0.06375 0.7212500000000001 0.07625 0.7212500000000001 0.07625 0.6975
2 0.052500000000000005 0.6950000000000001 0.04 0.6950000000000001 0.04 0.71875 0.052500000000000005 0.71875 0.052500000000000005 0.6950000000000001
2 0.67375 0.2875 0.6575 0.2875 0.6575 0.3325 0.67375 0.3325 0.67375 0.2875
2 0.6375 0.34625 0.625 0.34625 0.625 0.37625000000000003 0.6375 0.37625000000000003 0.6375 0.34625
2 0.605 0.35 0.5912499999999999 0.35 0.5912499999999999 0.37374999999999997 0.605 0.37374999999999997 0.605 0.35
2 0.38 0.34249999999999997 0.37 0.34249999999999997 0.37 0.36625 0.38 0.36625 0.38 0.34249999999999997
2 0.5900000000000001 0.3525 0.5775 0.3525 0.5775 0.3725 0.5900000000000001 0.3725 0.5900000000000001 0.3525
2 0.55 0.35 0.5387500000000001 0.35 0.5387500000000001 0.37 0.55 0.37 0.55 0.35
2 0.5387500000000001 0.34750000000000003 0.5275000000000001 0.34750000000000003 0.5275000000000001 0.37124999999999997 0.5387500000000001 0.37124999999999997 0.5387500000000001 0.34750000000000003
2 0.51625 0.34750000000000003 0.5037499999999999 0.34750000000000003 0.5037499999999999 0.37124999999999997 0.51625 0.37124999999999997 0.51625 0.34750000000000003
2 0.5025000000000001 0.34375 0.49000000000000005 0.34375 0.49000000000000005 0.37124999999999997 0.5025000000000001 0.37124999999999997 0.5025000000000001 0.34375
2 0.48875 0.34500000000000003 0.47750000000000004 0.34500000000000003 0.47750000000000004 0.37 0.48875 0.37 0.48875 0.34500000000000003
2 0.47874999999999995 0.34500000000000003 0.46624999999999994 0.34500000000000003 0.46624999999999994 0.36875 0.47874999999999995 0.36875 0.47874999999999995 0.34500000000000003
2 0.46624999999999994 0.34125 0.45375 0.34125 0.45375 0.3675 0.46624999999999994 0.3675 0.46624999999999994 0.34125
2 0.4525 0.34125 0.4425 0.34125 0.4425 0.36625 0.4525 0.36625 0.4525 0.34125
2 0.44125 0.34500000000000003 0.43 0.34500000000000003 0.43 0.3675 0.44125 0.3675 0.44125 0.34500000000000003
2 0.42874999999999996 0.34125 0.41875 0.34125 0.41875 0.3675 0.42874999999999996 0.3675 0.42874999999999996 0.34125
2 0.41500000000000004 0.34125 0.40499999999999997 0.34125 0.40499999999999997 0.3675 0.41500000000000004 0.3675 0.41500000000000004 0.34125
2 0.40499999999999997 0.34249999999999997 0.39249999999999996 0.34249999999999997 0.39249999999999996 0.36625 0.40499999999999997 0.36625 0.40499999999999997 0.34249999999999997
2 0.39249999999999996 0.34249999999999997 0.38125 0.34249999999999997 0.38125 0.36625 0.39249999999999996 0.36625 0.39249999999999996 0.34249999999999997
2 0.55625 0.25125000000000003 0.54375 0.25125000000000003 0.54375 0.27749999999999997 0.55625 0.27749999999999997 0.55625 0.25125000000000003
2 0.54375 0.25125000000000003 0.5325 0.25125000000000003 0.5325 0.27749999999999997 0.54375 0.27749999999999997 0.54375 0.25125000000000003
2 0.53125 0.2525 0.52 0.2525 0.52 0.27625 0.53125 0.27625 0.53125 0.2525
2 0.08249999999999999 0.23875000000000002 0.06625 0.23875000000000002 0.06625 0.265 0.08249999999999999 0.265 0.08249999999999999 0.23875000000000002
2 0.39875 0.185 0.38625 0.185 0.38625 0.20875 0.39875 0.20875 0.39875 0.185
2 0.37625000000000003 0.185 0.36124999999999996 0.185 0.36124999999999996 0.21000000000000002 0.37625000000000003 0.21000000000000002 0.37625000000000003 0.185
2 0.36375 0.1825 0.35125 0.1825 0.35125 0.21000000000000002 0.36375 0.21000000000000002 0.36375 0.1825
2 0.35 0.18 0.3375 0.18 0.3375 0.20750000000000002 0.35 0.20750000000000002 0.35 0.18
2 0.32125 0.215 0.29500000000000004 0.215 0.29500000000000004 0.22875 0.32125 0.22875 0.32125 0.215
2 0.3375 0.18125 0.32625000000000004 0.18125 0.32625000000000004 0.20625 0.3375 0.20625 0.3375 0.18125
2 0.31375000000000003 0.18125 0.30375 0.18125 0.30375 0.20375000000000001 0.31375000000000003 0.20375000000000001 0.31375000000000003 0.18125
2 0.29 0.17875000000000002 0.27875 0.17875000000000002 0.27875 0.20375000000000001 0.29 0.20375000000000001 0.29 0.17875000000000002
2 0.27625 0.18125 0.26625 0.18125 0.26625 0.20125 0.27625 0.20125 0.27625 0.18125
2 0.265 0.17875000000000002 0.255 0.17875000000000002 0.255 0.2 0.265 0.2 0.265 0.17875000000000002
2 0.14625 0.23500000000000001 0.135 0.23500000000000001 0.135 0.2625 0.14625 0.2625 0.14625 0.23500000000000001
2 0.13374999999999998 0.23500000000000001 0.12125 0.23500000000000001 0.12125 0.26625 0.13374999999999998 0.26625 0.13374999999999998 0.23500000000000001
2 0.12125 0.23625 0.1075 0.23625 0.1075 0.2625 0.12125 0.2625 0.12125 0.23625
2 0.10625 0.23875000000000002 0.09125 0.23875000000000002 0.09125 0.26625 0.10625 0.26625 0.10625 0.23875000000000002
2 0.06375 0.23625 0.052500000000000005 0.23625 0.052500000000000005 0.26 0.06375 0.26 0.06375 0.23625
2 0.4225 0.18 0.41125 0.18 0.41125 0.20249999999999999 0.4225 0.20249999999999999 0.4225 0.18
2 0.41125 0.185 0.4 0.185 0.4 0.20750000000000002 0.41125 0.20750000000000002 0.41125 0.185
2 0.44749999999999995 0.185 0.43499999999999994 0.185 0.43499999999999994 0.21125 0.44749999999999995 0.21125 0.44749999999999995 0.185
2 0.51875 0.2525 0.50625 0.2525 0.50625 0.27625 0.51875 0.27625 0.51875 0.2525
2 0.29 0.2375 0.275 0.2375 0.275 0.26749999999999996 0.29 0.26749999999999996 0.29 0.2375
2 0.5075000000000001 0.25 0.49375 0.25 0.49375 0.27625 0.5075000000000001 0.27625 0.5075000000000001 0.25
2 0.495 0.25125000000000003 0.48250000000000004 0.25125000000000003 0.48250000000000004 0.275 0.495 0.275 0.495 0.25125000000000003
2 0.48375 0.25125000000000003 0.47125000000000006 0.25125000000000003 0.47125000000000006 0.27625 0.48375 0.27625 0.48375 0.25125000000000003
2 0.45875000000000005 0.2475 0.44625000000000004 0.2475 0.44625000000000004 0.27375 0.45875000000000005 0.27375 0.45875000000000005 0.2475
2 0.44625000000000004 0.24625 0.4325 0.24625 0.4325 0.2725 0.44625000000000004 0.2725 0.44625000000000004 0.24625
2 0.43375 0.2475 0.4225 0.2475 0.4225 0.2725 0.43375 0.2725 0.43375 0.2475
2 0.4225 0.24874999999999997 0.41 0.24874999999999997 0.41 0.2725 0.4225 0.2725 0.4225 0.24874999999999997
2 0.41 0.2475 0.4 0.2475 0.4 0.2725 0.41 0.2725 0.41 0.2475
2 0.3975 0.2475 0.385 0.2475 0.385 0.2725 0.3975 0.2725 0.3975 0.2475
2 0.38375 0.2475 0.375 0.2475 0.375 0.27 0.38375 0.27 0.38375 0.2475
2 0.3625 0.24375 0.34875 0.24375 0.34875 0.26875 0.3625 0.26875 0.3625 0.24375
2 0.33875 0.24125000000000002 0.32625000000000004 0.24125000000000002 0.32625000000000004 0.26875 0.33875 0.26875 0.33875 0.24125000000000002
2 0.325 0.24125000000000002 0.31375000000000003 0.24125000000000002 0.31375000000000003 0.27 0.325 0.27 0.325 0.24125000000000002
2 0.30125 0.24125000000000002 0.28875 0.24125000000000002 0.28875 0.26875 0.30125 0.26875 0.30125 0.24125000000000002
2 0.27749999999999997 0.2375 0.265 0.2375 0.265 0.26875 0.27749999999999997 0.26875 0.27749999999999997 0.2375
2 0.4725 0.18625 0.45999999999999996 0.18625 0.45999999999999996 0.215 0.4725 0.215 0.4725 0.18625
2 0.265 0.23875000000000002 0.25375000000000003 0.23875000000000002 0.25375000000000003 0.26625 0.265 0.26625 0.265 0.23875000000000002
2 0.6537499999999999 0.1925 0.6425 0.1925 0.6425 0.22000000000000003 0.6537499999999999 0.22000000000000003 0.6537499999999999 0.1925
2 0.64375 0.19375 0.63 0.19375 0.63 0.22000000000000003 0.64375 0.22000000000000003 0.64375 0.19375
2 0.63 0.1925 0.61625 0.1925 0.61625 0.21749999999999997 0.63 0.21749999999999997 0.63 0.1925
2 0.61625 0.1925 0.605 0.1925 0.605 0.21749999999999997 0.61625 0.21749999999999997 0.61625 0.1925
2 0.60625 0.18875 0.595 0.18875 0.595 0.21625 0.60625 0.21625 0.60625 0.18875
2 0.595 0.18875 0.58125 0.18875 0.58125 0.215 0.595 0.215 0.595 0.18875
2 0.58125 0.18875 0.56875 0.18875 0.56875 0.21375000000000002 0.58125 0.21375000000000002 0.58125 0.18875
2 0.56875 0.1925 0.5575 0.1925 0.5575 0.21625 0.56875 0.21625 0.56875 0.1925
2 0.5575 0.18875 0.54625 0.18875 0.54625 0.215 0.5575 0.215 0.5575 0.18875
2 0.545 0.19 0.5325 0.19 0.5325 0.215 0.545 0.215 0.545 0.19
2 0.5325 0.18875 0.52 0.18875 0.52 0.21375000000000002 0.5325 0.21375000000000002 0.5325 0.18875
2 0.52 0.1875 0.50875 0.1875 0.50875 0.2125 0.52 0.2125 0.52 0.1875
2 0.50875 0.1875 0.49749999999999994 0.1875 0.49749999999999994 0.21375000000000002 0.50875 0.21375000000000002 0.50875 0.1875
2 0.12 0.79125 0.1075 0.79125 0.1075 0.8162499999999999 0.12 0.8162499999999999 0.12 0.79125
2 0.08499999999999999 0.7575000000000001 0.0725 0.7575000000000001 0.0725 0.7837500000000001 0.08499999999999999 0.7837500000000001 0.08499999999999999 0.7575000000000001
2 0.06875 0.8525 0.05625 0.8525 0.05625 0.8787499999999999 0.06875 0.8787499999999999 0.06875 0.8525
2 0.725 0.19375 0.71375 0.19375 0.71375 0.22125 0.725 0.22125 0.725 0.19375
2 0.71375 0.19375 0.7025 0.19375 0.7025 0.21875 0.71375 0.21875 0.71375 0.19375
2 0.70125 0.19624999999999998 0.6900000000000001 0.19624999999999998 0.6900000000000001 0.21875 0.70125 0.21875 0.70125 0.19624999999999998
2 0.67875 0.19624999999999998 0.665 0.19624999999999998 0.665 0.21875 0.67875 0.21875 0.67875 0.19624999999999998
2 0.75 0.19624999999999998 0.73875 0.19624999999999998 0.73875 0.22125 0.75 0.22125 0.75 0.19624999999999998
2 0.7375 0.19375 0.725 0.19375 0.725 0.22125 0.7375 0.22125 0.7375 0.19375
2 0.76375 0.1975 0.7537499999999999 0.1975 0.7537499999999999 0.22374999999999998 0.76375 0.22374999999999998 0.76375 0.1975
2 0.7787499999999999 0.20249999999999999 0.7675 0.20249999999999999 0.7675 0.22749999999999998 0.7787499999999999 0.22749999999999998 0.7787499999999999 0.20249999999999999
2 1 0.20375000000000001 0.9974999999999999 0.20375000000000001 0.9974999999999999 0.22875 1 0.22875 1 0.20375000000000001
2 0.9962500000000001 0.205 0.98375 0.205 0.98375 0.22749999999999998 0.9962500000000001 0.22749999999999998 0.9962500000000001 0.205
2 0.9824999999999999 0.20249999999999999 0.96875 0.20249999999999999 0.96875 0.22875 0.9824999999999999 0.22875 0.9824999999999999 0.20249999999999999
2 0.9275 0.40625 0.905 0.40625 0.905 0.41875 0.9275 0.41875 0.9275 0.40625
2 0.9275 0.4325 0.90625 0.4325 0.90625 0.445 0.9275 0.445 0.9275 0.4325
2 0.88375 0.20625 0.8724999999999999 0.20625 0.8724999999999999 0.2325 0.88375 0.2325 0.88375 0.20625
2 0.86875 0.2 0.8574999999999999 0.2 0.8574999999999999 0.22999999999999998 0.86875 0.22999999999999998 0.86875 0.2
2 0.8825 0.19125 0.86 0.19125 0.86 0.20125 0.8825 0.20125 0.8825 0.19125
2 0.8150000000000001 0.18875 0.79125 0.18875 0.79125 0.20125 0.8150000000000001 0.20125 0.8150000000000001 0.18875
2 0.8150000000000001 0.17875000000000002 0.79125 0.17875000000000002 0.79125 0.18875 0.8150000000000001 0.18875 0.8150000000000001 0.17875000000000002
2 0.80625 0.20375000000000001 0.7925 0.20375000000000001 0.7925 0.22625 0.80625 0.22625 0.80625 0.20375000000000001
2 0.79125 0.2 0.78 0.2 0.78 0.225 0.79125 0.225 0.79125 0.2
2 0.08 0.8525 0.06999999999999999 0.8525 0.06999999999999999 0.8787499999999999 0.08 0.8787499999999999 0.08 0.8525
2 0.05125 1 0.05125 0.97625 0.0375 0.97625 0.0375 1 0.05125 1
2 0.0625 1 0.0625 0.97625 0.05125 0.97625 0.05125 1 0.0625 1
2 0.08625000000000001 1 0.08625000000000001 0.9775 0.075 0.9775 0.075 1 0.08625000000000001 1
2 0.10124999999999999 1 0.10124999999999999 0.98375 0.0875 0.98375 0.0875 1 0.10124999999999999 1
2 0.11125 1 0.11125 0.9824999999999999 0.1 0.9824999999999999 0.1 1 0.11125 1
2 0.12375 1 0.12375 0.97875 0.1125 0.97875 0.1125 1 0.12375 1
2 0.18375 0.9650000000000001 0.1625 0.9650000000000001 0.1625 0.99125 0.18375 0.99125 0.18375 0.9650000000000001
2 0.1275 0.91875 0.11499999999999999 0.91875 0.11499999999999999 0.9425000000000001 0.1275 0.9425000000000001 0.1275 0.91875
2 0.08875 0.915 0.07625 0.915 0.07625 0.9425000000000001 0.08875 0.9425000000000001 0.08875 0.915
2 0.075 0.91625 0.0625 0.91625 0.0625 0.9412499999999999 0.075 0.9412499999999999 0.075 0.91625
2 0.0625 0.915 0.05 0.915 0.05 0.9425000000000001 0.0625 0.9425000000000001 0.0625 0.915
2 0.05125 0.91625 0.0375 0.91625 0.0375 0.9425000000000001 0.05125 0.9425000000000001 0.05125 0.91625
2 0.19 0.86 0.17875000000000002 0.86 0.17875000000000002 0.88125 0.19 0.88125 0.19 0.86
2 0.17875000000000002 0.8525 0.16375 0.8525 0.16375 0.8775000000000001 0.17875000000000002 0.8775000000000001 0.17875000000000002 0.8525
2 0.16375 0.8550000000000001 0.15375 0.8550000000000001 0.15375 0.8787499999999999 0.16375 0.8787499999999999 0.16375 0.8550000000000001
2 0.14250000000000002 0.85625 0.12875 0.85625 0.12875 0.8800000000000001 0.14250000000000002 0.8800000000000001 0.14250000000000002 0.85625
2 0.12875 0.85625 0.11625 0.85625 0.11625 0.8787499999999999 0.12875 0.8787499999999999 0.12875 0.85625
2 0.09375 0.8525 0.08125 0.8525 0.08125 0.8775000000000001 0.09375 0.8775000000000001 0.09375 0.8525