2 0.40499999999999997 0.72375 0.35 0.72375 0.35 0.745 0.40499999999999997 0.745 0.40499999999999997 0.72375
2 0.5237499999999999 0.83125 0.49000000000000005 0.83125 0.49000000000000005 0.8462500000000001 0.5237499999999999 0.8462500000000001 0.5237499999999999 0.83125
2 0.515 0.7224999999999999 0.4925 0.7224999999999999 0.4925 0.76875 0.515 0.76875 0.515 0.7224999999999999
2 0.57625 0.7625 0.5549999999999999 0.7625 0.5549999999999999 0.81375 0.57625 0.81375 0.57625 0.7625
2 0.4875 0.9724999999999999 0.475 0.9724999999999999 0.475 0.98375 0.4875 0.98375 0.4875 0.9724999999999999
2 0.29500000000000004 0.83125 0.28125 0.83125 0.28125 0.84375 0.29500000000000004 0.84375 0.29500000000000004 0.83125
2 0.13125 0.73 0.11625 0.73 0.11625 0.745 0.13125 0.745 0.13125 0.73
2 0.042499999999999996 0.6799999999999999 0.03 0.6799999999999999 0.03 0.6925 0.042499999999999996 0.6925 0.042499999999999996 0.6799999999999999
2 0.03125 0.655 0.008749999999999999 0.655 0.008749999999999999 0.6725 0.03125 0.6725 0.03125 0.655
2 0.35 0.9824999999999999 0.33375 0.9824999999999999 0.33375 0.9949999999999999 0.35 0.9949999999999999 0.35 0.9824999999999999
2 0.28875 0.94375 0.27375 0.94375 0.27375 0.95625 0.28875 0.95625 0.28875 0.94375
2 0.41875 0.3225 0.40499999999999997 0.3225 0.40499999999999997 0.335 0.41875 0.335 0.41875 0.3225
2 0.41624999999999995 0.3675 0.40499999999999997 0.3675 0.40499999999999997 0.37875000000000003 0.41624999999999995 0.37875000000000003 0.41624999999999995 0.3675
2 0.41500000000000004 0.38125 0.40125 0.38125 0.40125 0.39625 0.41500000000000004 0.39625 0.41500000000000004 0.38125
2 0.48875 0.26875 0.47750000000000004 0.26875 0.47750000000000004 0.28500000000000003 0.48875 0.28500000000000003 0.48875 0.26875
2 0.5862499999999999 0.7212500000000001 0.57125 0.7212500000000001 0.57125 0.735 0.5862499999999999 0.735 0.5862499999999999 0.7212500000000001
2 0.635 0.51875 0.62 0.51875 0.62 0.53125 0.635 0.53125 0.635 0.51875
2 0.5125 0.27 0.5025000000000001 0.27 0.5025000000000001 0.28500000000000003 0.5125 0.28500000000000003 0.5125 0.27
2 0.41500000000000004 0.39625 0.40125 0.39625 0.40125 0.40875000000000006 0.41500000000000004 0.40875000000000006 0.41500000000000004 0.39625
2 0.41125 0.52125 0.40125 0.52125 0.40125 0.5287499999999999 0.41125 0.5287499999999999 0.41125 0.52125
2 0.4125 0.5 0.3975 0.5 0.3975 0.51 0.4125 0.51 0.4125 0.5
2 0.3825 0.51 0.37 0.51 0.37 0.52 0.3825 0.52 0.3825 0.51
2 0.3825 0.4625 0.37124999999999997 0.4625 0.37124999999999997 0.47375 0.3825 0.47375 0.3825 0.4625
2 0.38375 0.44125 0.3675 0.44125 0.3675 0.45499999999999996 0.38375 0.45499999999999996 0.38375 0.44125
2 0.38625 0.42625 0.37 0.42625 0.37 0.44000000000000006 0.38625 0.44000000000000006 0.38625 0.42625
2 0.38625 0.41375 0.37374999999999997 0.41375 0.37374999999999997 0.42625 0.38625 0.42625 0.38625 0.41375