2 0.19375 0.31625000000000003 0.13874999999999998 0.31625000000000003 0.13874999999999998 0.3375 0.19375 0.3375 0.19375 0.31625000000000003
2 0.3125 0.42374999999999996 0.27875 0.42374999999999996 0.27875 0.43875000000000003 0.3125 0.43875000000000003 0.3125 0.42374999999999996
2 0.30375 0.315 0.28125 0.315 0.28125 0.36124999999999996 0.30375 0.36124999999999996 0.30375 0.315
2 0.6224999999999999 0.8425 0.5700000000000001 0.8425 0.5700000000000001 0.8787499999999999 0.6224999999999999 0.8787499999999999 0.6224999999999999 0.8425
2 0.365 0.35125 0.34500000000000003 0.35125 0.34500000000000003 0.40625 0.365 0.40625 0.365 0.35125
2 0.305 0.59375 0.29125 0.59375 0.29125 0.6075 0.305 0.6075 0.305 0.59375
2 0.27625 0.5650000000000001 0.26375000000000004 0.5650000000000001 0.26375000000000004 0.57625 0.27625 0.57625 0.27625 0.5650000000000001
2 0.08375 0.42374999999999996 0.06999999999999999 0.42374999999999996 0.06999999999999999 0.43624999999999997 0.08375 0.43624999999999997 0.08375 0.42374999999999996
2 0.24125000000000002 0.64125 0.21749999999999997 0.64125 0.21749999999999997 0.6599999999999999 0.24125000000000002 0.6599999999999999 0.24125000000000002 0.64125
2 0.22000000000000003 0.62375 0.18625 0.62375 0.18625 0.64625 0.22000000000000003 0.64625 0.22000000000000003 0.62375
2 0.13874999999999998 0.575 0.12250000000000001 0.575 0.12250000000000001 0.5875 0.13874999999999998 0.5875 0.13874999999999998 0.575
2 0.0775 0.53625 0.0625 0.53625 0.0625 0.54875 0.0775 0.54875 0.0775 0.53625
2 0.83375 0.985 0.81875 0.985 0.81875 0.9962500000000001 0.83375 0.9962500000000001 0.83375 0.985
2 0.78 0.9824999999999999 0.76375 0.9824999999999999 0.76375 0.9962500000000001 0.78 0.9962500000000001 0.78 0.9824999999999999
2 0.7474999999999999 0.9550000000000001 0.73 0.9550000000000001 0.73 0.97 0.7474999999999999 0.97 0.7474999999999999 0.9550000000000001
2 0.41375 0.65 0.39875 0.65 0.39875 0.6637500000000001 0.41375 0.6637500000000001 0.41375 0.65
2 0.375 0.31375000000000003 0.36 0.31375000000000003 0.36 0.3275 0.375 0.3275 0.375 0.31375000000000003
2 0.42374999999999996 0.11125 0.40875000000000006 0.11125 0.40875000000000006 0.12375 0.42374999999999996 0.12375 0.42374999999999996 0.11125
2 0.2 0.11374999999999999 0.19 0.11374999999999999 0.19 0.12125 0.2 0.12125 0.2 0.11374999999999999
2 0.20125 0.0925 0.18625 0.0925 0.18625 0.1025 0.20125 0.1025 0.20125 0.0925
2 0.17124999999999999 0.1025 0.15875 0.1025 0.15875 0.1125 0.17124999999999999 0.1125 0.17124999999999999 0.1025
2 0.16875 0.05625 0.16 0.05625 0.16 0.06625 0.16875 0.06625 0.16875 0.05625
2 0.17124999999999999 0.03375 0.15625 0.03375 0.15625 0.04625 0.17124999999999999 0.04625 0.17124999999999999 0.03375
2 0.17250000000000001 0.01875 0.15875 0.01875 0.15875 0.03 0.17250000000000001 0.03 0.17250000000000001 0.01875
2 0.175 0.00625 0.1625 0.00625 0.1625 0.01875 0.175 0.01875 0.175 0.00625
2 0.1825 0.17124999999999999 0.175 0.17124999999999999 0.175 0.1875 0.1825 0.1875 0.1825 0.17124999999999999
2 0.2 0.10500000000000001 0.18875 0.10500000000000001 0.18875 0.11374999999999999 0.2 0.11374999999999999 0.2 0.10500000000000001