2 0.2 0.93125 0.19125 0.93125 0.19125 0.9425000000000001 0.2 0.9425000000000001 0.2 0.93125
2 0.17124999999999999 0.61375 0.16 0.61375 0.16 0.61875 0.17124999999999999 0.61875 0.17124999999999999 0.61375
2 0.17250000000000001 0.58125 0.16125 0.58125 0.16125 0.5862499999999999 0.17250000000000001 0.5862499999999999 0.17250000000000001 0.58125
2 0.17375000000000002 0.5862499999999999 0.16125 0.5862499999999999 0.16125 0.5912499999999999 0.17375000000000002 0.5912499999999999 0.17375000000000002 0.5862499999999999
2 0.17250000000000001 0.5912499999999999 0.16125 0.5912499999999999 0.16125 0.5974999999999999 0.17250000000000001 0.5974999999999999 0.17250000000000001 0.5912499999999999
2 0.17375000000000002 0.5962500000000001 0.16125 0.5962500000000001 0.16125 0.6012500000000001 0.17375000000000002 0.6012500000000001 0.17375000000000002 0.5962500000000001
2 0.17250000000000001 0.6025 0.16125 0.6025 0.16125 0.60875 0.17250000000000001 0.60875 0.17250000000000001 0.6025
2 0.17250000000000001 0.6075 0.16 0.6075 0.16 0.61375 0.17250000000000001 0.61375 0.17250000000000001 0.6075
2 0.17124999999999999 0.6275000000000001 0.16 0.6275000000000001 0.16 0.635 0.17124999999999999 0.635 0.17124999999999999 0.6275000000000001
2 0.58125 0.47125000000000006 0.57125 0.47125000000000006 0.57125 0.49124999999999996 0.58125 0.49124999999999996 0.58125 0.47125000000000006
2 0.17250000000000001 0.63375 0.16125 0.63375 0.16125 0.64 0.17250000000000001 0.64 0.17250000000000001 0.63375
2 0.17124999999999999 0.64 0.15875 0.64 0.15875 0.645 0.17124999999999999 0.645 0.17124999999999999 0.64
2 0.1925 0.65125 0.18625 0.65125 0.18625 0.66125 0.1925 0.66125 0.1925 0.65125
2 0.1925 0.665 0.18625 0.665 0.18625 0.67625 0.1925 0.67625 0.1925 0.665
2 0.2 0.65125 0.19375 0.65125 0.19375 0.6637500000000001 0.2 0.6637500000000001 0.2 0.65125
2 0.25375000000000003 0.65125 0.2475 0.65125 0.2475 0.6637500000000001 0.25375000000000003 0.6637500000000001 0.25375000000000003 0.65125
2 0.17250000000000001 0.57625 0.16125 0.57625 0.16125 0.58125 0.17250000000000001 0.58125 0.17250000000000001 0.57625
2 0.17124999999999999 0.57125 0.16 0.57125 0.16 0.57625 0.17124999999999999 0.57625 0.17124999999999999 0.57125
2 0.17250000000000001 0.5599999999999999 0.16 0.5599999999999999 0.16 0.5662499999999999 0.17250000000000001 0.5662499999999999 0.17250000000000001 0.5599999999999999
2 0.17124999999999999 0.55375 0.16 0.55375 0.16 0.5599999999999999 0.17124999999999999 0.5599999999999999 0.17124999999999999 0.55375
2 0.17375000000000002 0.54875 0.16125 0.54875 0.16125 0.55375 0.17375000000000002 0.55375 0.17375000000000002 0.54875
2 0.17250000000000001 0.5425 0.16125 0.5425 0.16125 0.54875 0.17250000000000001 0.54875 0.17250000000000001 0.5425
2 0.17250000000000001 0.5387500000000001 0.16125 0.5387500000000001 0.16125 0.54375 0.17250000000000001 0.54375 0.17250000000000001 0.5387500000000001
2 0.17250000000000001 0.5337500000000001 0.16125 0.5337500000000001 0.16125 0.54 0.17250000000000001 0.54 0.17250000000000001 0.5337500000000001
2 0.17250000000000001 0.51625 0.16125 0.51625 0.16125 0.5225 0.17250000000000001 0.5225 0.17250000000000001 0.51625
2 0.17375000000000002 0.5275000000000001 0.16125 0.5275000000000001 0.16125 0.5337500000000001 0.17375000000000002 0.5337500000000001 0.17375000000000002 0.5275000000000001
2 0.3025 0.62625 0.29625 0.62625 0.29625 0.63875 0.3025 0.63875 0.3025 0.62625
2 0.29500000000000004 0.62625 0.28875 0.62625 0.28875 0.63875 0.29500000000000004 0.63875 0.29500000000000004 0.62625
2 0.28375 0.62625 0.27749999999999997 0.62625 0.27749999999999997 0.6375 0.28375 0.6375 0.28375 0.62625
2 0.2725 0.62625 0.265 0.62625 0.265 0.63625 0.2725 0.63625 0.2725 0.62625
2 0.2525 0.6275000000000001 0.24625 0.6275000000000001 0.24625 0.63875 0.2525 0.63875 0.2525 0.6275000000000001
2 0.2425 0.62625 0.23625 0.62625 0.23625 0.63625 0.2425 0.63625 0.2425 0.62625
2 0.22999999999999998 0.625 0.22374999999999998 0.625 0.22374999999999998 0.6375 0.22999999999999998 0.6375 0.22999999999999998 0.625
2 0.27749999999999997 0.6537499999999999 0.27125 0.6537499999999999 0.27125 0.665 0.27749999999999997 0.665 0.27749999999999997 0.6537499999999999
2 0.28875 0.6537499999999999 0.28375 0.6537499999999999 0.28375 0.6637500000000001 0.28875 0.6637500000000001 0.28875 0.6537499999999999
2 0.34125 0.6275000000000001 0.33125 0.6275000000000001 0.33125 0.6325000000000001 0.34125 0.6325000000000001 0.34125 0.6275000000000001
2 0.37374999999999997 0.68875 0.3625 0.68875 0.3625 0.7 0.37374999999999997 0.7 0.37374999999999997 0.68875
2 0.3125 0.73625 0.30625 0.73625 0.30625 0.7474999999999999 0.3125 0.7474999999999999 0.3125 0.73625
2 0.3725 0.7112499999999999 0.3625 0.7112499999999999 0.3625 0.7224999999999999 0.3725 0.7224999999999999 0.3725 0.7112499999999999
2 0.365 0.7112499999999999 0.35625 0.7112499999999999 0.35625 0.7224999999999999 0.365 0.7224999999999999 0.365 0.7112499999999999
2 0.35875 0.71 0.34875 0.71 0.34875 0.7224999999999999 0.35875 0.7224999999999999 0.35875 0.71
2 0.3525 0.71 0.34249999999999997 0.71 0.34249999999999997 0.7212500000000001 0.3525 0.7212500000000001 0.3525 0.71
2 0.34625 0.70875 0.335 0.70875 0.335 0.72 0.34625 0.72 0.34625 0.70875
2 0.3125 0.70625 0.305 0.70625 0.305 0.72 0.3125 0.72 0.3125 0.70625
2 0.30125 0.7075 0.29500000000000004 0.7075 0.29500000000000004 0.71875 0.30125 0.71875 0.30125 0.7075
2 0.3125 0.69375 0.3075 0.69375 0.3075 0.705 0.3125 0.705 0.3125 0.69375
2 0.3075 0.6950000000000001 0.30125 0.6950000000000001 0.30125 0.705 0.3075 0.705 0.3075 0.6950000000000001
2 0.3 0.69375 0.29375 0.69375 0.29375 0.705 0.3 0.705 0.3 0.69375
2 0.34500000000000003 0.6875 0.335 0.6875 0.335 0.69875 0.34500000000000003 0.69875 0.34500000000000003 0.6875
2 0.35750000000000004 0.6875 0.35 0.6875 0.35 0.69875 0.35750000000000004 0.69875 0.35750000000000004 0.6875
2 0.36625 0.6900000000000001 0.35625 0.6900000000000001 0.35625 0.69875 0.36625 0.69875 0.36625 0.6900000000000001
2 0.38 0.68875 0.37 0.68875 0.37 0.7 0.38 0.7 0.38 0.68875
2 0.34125 0.63375 0.33125 0.63375 0.33125 0.63875 0.34125 0.63875 0.34125 0.63375
2 0.2425 0.69375 0.2375 0.69375 0.2375 0.70375 0.2425 0.70375 0.2425 0.69375
2 0.27125 0.6675 0.26375000000000004 0.6675 0.26375000000000004 0.67875 0.27125 0.67875 0.27125 0.6675
2 0.27749999999999997 0.6675 0.27125 0.6675 0.27125 0.67875 0.27749999999999997 0.67875 0.27749999999999997 0.6675
2 0.28875 0.6675 0.28250000000000003 0.6675 0.28250000000000003 0.67875 0.28875 0.67875 0.28875 0.6675
2 0.3 0.6675 0.29375 0.6675 0.29375 0.6799999999999999 0.3 0.6799999999999999 0.3 0.6675
2 0.30625 0.6675 0.30125 0.6675 0.30125 0.6799999999999999 0.30625 0.6799999999999999 0.30625 0.6675
2 0.31124999999999997 0.6675 0.3075 0.6675 0.3075 0.6799999999999999 0.31124999999999997 0.6799999999999999 0.31124999999999997 0.6675
2 0.34125 0.67 0.32999999999999996 0.67 0.32999999999999996 0.67625 0.34125 0.67625 0.34125 0.67
2 0.34249999999999997 0.665 0.33125 0.665 0.33125 0.67 0.34249999999999997 0.67 0.34249999999999997 0.665
2 0.3 0.6537499999999999 0.29625 0.6537499999999999 0.29625 0.6637500000000001 0.3 0.6637500000000001 0.3 0.6537499999999999
2 0.30874999999999997 0.65125 0.30125 0.65125 0.30125 0.6637500000000001 0.30874999999999997 0.6637500000000001 0.30874999999999997 0.65125
2 0.33999999999999997 0.6537499999999999 0.32999999999999996 0.6537499999999999 0.32999999999999996 0.6587500000000001 0.33999999999999997 0.6587500000000001 0.33999999999999997 0.6537499999999999
2 0.33875 0.6487499999999999 0.32999999999999996 0.6487499999999999 0.32999999999999996 0.6537499999999999 0.33875 0.6537499999999999 0.33875 0.6487499999999999
2 0.34249999999999997 0.63875 0.32999999999999996 0.63875 0.32999999999999996 0.645 0.34249999999999997 0.645 0.34249999999999997 0.63875
2 0.2125 0.62375 0.20625 0.62375 0.20625 0.635 0.2125 0.635 0.2125 0.62375
2 0.19375 0.62375 0.18625 0.62375 0.18625 0.6375 0.19375 0.6375 0.19375 0.62375
2 0.315 0.6125 0.3075 0.6125 0.3075 0.62375 0.315 0.62375 0.315 0.6125
2 0.395 0.585 0.38875000000000004 0.585 0.38875000000000004 0.595 0.395 0.595 0.395 0.585
2 0.27375 0.58375 0.265 0.58375 0.265 0.5962500000000001 0.27375 0.5962500000000001 0.27375 0.58375
2 0.27999999999999997 0.585 0.27375 0.585 0.27375 0.5974999999999999 0.27999999999999997 0.5974999999999999 0.27999999999999997 0.585
2 0.29625 0.5862499999999999 0.28875 0.5862499999999999 0.28875 0.5962500000000001 0.29625 0.5962500000000001 0.29625 0.5862499999999999
2 0.3025 0.5862499999999999 0.29625 0.5862499999999999 0.29625 0.5962500000000001 0.3025 0.5962500000000001 0.3025 0.5862499999999999
2 0.3075 0.5862499999999999 0.3025 0.5862499999999999 0.3025 0.5962500000000001 0.3075 0.5962500000000001 0.3075 0.5862499999999999
2 0.31375000000000003 0.5862499999999999 0.3075 0.5862499999999999 0.3075 0.5974999999999999 0.31375000000000003 0.5974999999999999 0.31375000000000003 0.5862499999999999
2 0.34249999999999997 0.58375 0.33625 0.58375 0.33625 0.595 0.34249999999999997 0.595 0.34249999999999997 0.58375
2 0.34750000000000003 0.585 0.34249999999999997 0.585 0.34249999999999997 0.5962500000000001 0.34750000000000003 0.5962500000000001 0.34750000000000003 0.585
2 0.3525 0.585 0.34750000000000003 0.585 0.34750000000000003 0.5962500000000001 0.3525 0.5962500000000001 0.3525 0.585
2 0.35875 0.585 0.3525 0.585 0.3525 0.5962500000000001 0.35875 0.5962500000000001 0.35875 0.585
2 0.36875 0.5862499999999999 0.36124999999999996 0.5862499999999999 0.36124999999999996 0.5974999999999999 0.36875 0.5974999999999999 0.36875 0.5862499999999999
2 0.37374999999999997 0.5862499999999999 0.3675 0.5862499999999999 0.3675 0.5962500000000001 0.37374999999999997 0.5962500000000001 0.37374999999999997 0.5862499999999999
2 0.38 0.585 0.37374999999999997 0.585 0.37374999999999997 0.5974999999999999 0.38 0.5974999999999999 0.38 0.585
2 0.385 0.5862499999999999 0.38 0.5862499999999999 0.38 0.5974999999999999 0.385 0.5974999999999999 0.385 0.5862499999999999
2 0.4 0.585 0.395 0.585 0.395 0.595 0.4 0.595 0.4 0.585
2 0.26 0.58375 0.25375000000000003 0.58375 0.25375000000000003 0.5974999999999999 0.26 0.5974999999999999 0.26 0.58375
2 0.40625 0.58375 0.39875 0.58375 0.39875 0.595 0.40625 0.595 0.40625 0.58375
2 0.43 0.5862499999999999 0.42000000000000004 0.5862499999999999 0.42000000000000004 0.5925 0.43 0.5925 0.43 0.5862499999999999
2 0.43 0.5925 0.42000000000000004 0.5925 0.42000000000000004 0.59875 0.43 0.59875 0.43 0.5925
2 0.45625 0.5925 0.4425 0.5925 0.4425 0.5974999999999999 0.45625 0.5974999999999999 0.45625 0.5925
2 0.45499999999999996 0.5862499999999999 0.4425 0.5862499999999999 0.4425 0.5912499999999999 0.45499999999999996 0.5912499999999999 0.45499999999999996 0.5862499999999999
2 0.42625 0.5725 0.42125 0.5725 0.42125 0.58375 0.42625 0.58375 0.42625 0.5725
2 0.44125 0.5675 0.43125 0.5675 0.43125 0.57625 0.44125 0.57625 0.44125 0.5675
2 0.20750000000000002 0.56875 0.20125 0.56875 0.20125 0.58 0.20750000000000002 0.58 0.20750000000000002 0.56875
2 0.21375000000000002 0.56875 0.20750000000000002 0.56875 0.20750000000000002 0.58 0.21375000000000002 0.58 0.21375000000000002 0.56875
2 0.21749999999999997 0.5700000000000001 0.2125 0.5700000000000001 0.2125 0.58125 0.21749999999999997 0.58125 0.21749999999999997 0.5700000000000001
2 0.22999999999999998 0.57125 0.22374999999999998 0.57125 0.22374999999999998 0.5825 0.22999999999999998 0.5825 0.22999999999999998 0.57125
2 0.23625 0.5700000000000001 0.23125 0.5700000000000001 0.23125 0.58125 0.23625 0.58125 0.23625 0.5700000000000001
2 0.24375 0.57125 0.2375 0.57125 0.2375 0.58125 0.24375 0.58125 0.24375 0.57125
2 0.25375000000000003 0.5700000000000001 0.2475 0.5700000000000001 0.2475 0.58125 0.25375000000000003 0.58125 0.25375000000000003 0.5700000000000001
2 0.26625 0.58375 0.26 0.58375 0.26 0.5962500000000001 0.26625 0.5962500000000001 0.26625 0.58375
2 0.25375000000000003 0.58375 0.24874999999999997 0.58375 0.24874999999999997 0.5962500000000001 0.25375000000000003 0.5962500000000001 0.25375000000000003 0.58375
2 0.3075 0.61375 0.3025 0.61375 0.3025 0.62375 0.3075 0.62375 0.3075 0.61375
2 0.2425 0.61 0.23625 0.61 0.23625 0.6224999999999999 0.2425 0.6224999999999999 0.2425 0.61
2 0.30125 0.6125 0.29625 0.6125 0.29625 0.62375 0.30125 0.62375 0.30125 0.6125
2 0.29500000000000004 0.61 0.29 0.61 0.29 0.6224999999999999 0.29500000000000004 0.6224999999999999 0.29500000000000004 0.61
2 0.29 0.61125 0.28375 0.61125 0.28375 0.62375 0.29 0.62375 0.29 0.61125
2 0.28375 0.6125 0.27875 0.6125 0.27875 0.62375 0.28375 0.62375 0.28375 0.6125
2 0.27875 0.61125 0.2725 0.61125 0.2725 0.6212500000000001 0.27875 0.6212500000000001 0.27875 0.61125
2 0.2725 0.61125 0.26625 0.61125 0.26625 0.6224999999999999 0.2725 0.6224999999999999 0.2725 0.61125
2 0.26625 0.61 0.26125 0.61 0.26125 0.6224999999999999 0.26625 0.6224999999999999 0.26625 0.61
2 0.33999999999999997 0.6075 0.33375 0.6075 0.33375 0.62 0.33999999999999997 0.62 0.33999999999999997 0.6075
2 0.35625 0.60875 0.35 0.60875 0.35 0.6224999999999999 0.35625 0.6224999999999999 0.35625 0.60875
2 0.3625 0.60875 0.35750000000000004 0.60875 0.35750000000000004 0.6224999999999999 0.3625 0.6224999999999999 0.3625 0.60875
2 0.36625 0.60875 0.3625 0.60875 0.3625 0.6212500000000001 0.36625 0.6212500000000001 0.36625 0.60875
2 0.3725 0.60875 0.3675 0.60875 0.3675 0.6212500000000001 0.3725 0.6212500000000001 0.3725 0.60875
2 0.26 0.61 0.255 0.61 0.255 0.6224999999999999 0.26 0.6224999999999999 0.26 0.61
2 0.25375000000000003 0.61125 0.2475 0.61125 0.2475 0.62375 0.25375000000000003 0.62375 0.25375000000000003 0.61125
2 0.23625 0.61125 0.23125 0.61125 0.23125 0.62375 0.23625 0.62375 0.23625 0.61125
2 0.2375 0.585 0.22999999999999998 0.585 0.22999999999999998 0.5962500000000001 0.2375 0.5962500000000001 0.2375 0.585
2 0.22999999999999998 0.61 0.22374999999999998 0.61 0.22374999999999998 0.6224999999999999 0.22999999999999998 0.6224999999999999 0.22999999999999998 0.61
2 0.22374999999999998 0.61125 0.21749999999999997 0.61125 0.21749999999999997 0.6224999999999999 0.22374999999999998 0.6224999999999999 0.22374999999999998 0.61125
2 0.21375000000000002 0.61 0.20750000000000002 0.61 0.20750000000000002 0.6224999999999999 0.21375000000000002 0.6224999999999999 0.21375000000000002 0.61
2 0.20625 0.6125 0.2 0.6125 0.2 0.6212500000000001 0.20625 0.6212500000000001 0.20625 0.6125
2 0.2 0.61 0.195 0.61 0.195 0.6224999999999999 0.2 0.6224999999999999 0.2 0.61
2 0.19375 0.61 0.1875 0.61 0.1875 0.6224999999999999 0.19375 0.6224999999999999 0.19375 0.61
2 0.19375 0.5825 0.18875 0.5825 0.18875 0.59375 0.19375 0.59375 0.19375 0.5825
2 0.195 0.56875 0.18875 0.56875 0.18875 0.58 0.195 0.58 0.195 0.56875
2 0.20125 0.56875 0.195 0.56875 0.195 0.58125 0.20125 0.58125 0.20125 0.56875
2 0.19875 0.5825 0.195 0.5825 0.195 0.59375 0.19875 0.59375 0.19875 0.5825
2 0.2125 0.58375 0.20750000000000002 0.58375 0.20750000000000002 0.595 0.2125 0.595 0.2125 0.58375
2 0.21875 0.585 0.2125 0.585 0.2125 0.595 0.21875 0.595 0.21875 0.585
2 0.22374999999999998 0.585 0.21875 0.585 0.21875 0.595 0.22374999999999998 0.595 0.22374999999999998 0.585
2 0.23125 0.58375 0.22374999999999998 0.58375 0.22374999999999998 0.5962500000000001 0.23125 0.5962500000000001 0.23125 0.58375
2 0.30625 0.73625 0.3 0.73625 0.3 0.7474999999999999 0.30625 0.7474999999999999 0.30625 0.73625
2 0.3 0.735 0.29375 0.735 0.29375 0.7462500000000001 0.3 0.7462500000000001 0.3 0.735
2 0.29375 0.735 0.28875 0.735 0.28875 0.7462500000000001 0.29375 0.7462500000000001 0.29375 0.735
2 0.21000000000000002 0.31875 0.19875 0.31875 0.19875 0.32625000000000004 0.21000000000000002 0.32625000000000004 0.21000000000000002 0.31875
2 0.18125 0.22125 0.1675 0.22125 0.1675 0.22999999999999998 0.18125 0.22999999999999998 0.18125 0.22125
2 0.18125 0.22749999999999998 0.16875 0.22749999999999998 0.16875 0.23625 0.18125 0.23625 0.18125 0.22749999999999998
2 0.1825 0.23374999999999999 0.17124999999999999 0.23374999999999999 0.17124999999999999 0.24125000000000002 0.1825 0.24125000000000002 0.1825 0.23374999999999999
2 0.185 0.23875000000000002 0.17250000000000001 0.23875000000000002 0.17250000000000001 0.24625 0.185 0.24625 0.185 0.23875000000000002
2 0.185 0.24500000000000002 0.17375000000000002 0.24500000000000002 0.17375000000000002 0.2525 0.185 0.2525 0.185 0.24500000000000002
2 0.1875 0.25 0.1775 0.25 0.1775 0.2575 0.1875 0.2575 0.1875 0.25
2 0.19 0.255 0.17875000000000002 0.255 0.17875000000000002 0.2625 0.19 0.2625 0.19 0.255
2 0.19125 0.26125 0.18125 0.26125 0.18125 0.27 0.19125 0.27 0.19125 0.26125
2 0.19375 0.26749999999999996 0.1825 0.26749999999999996 0.1825 0.27625 0.19375 0.27625 0.19375 0.26749999999999996
2 0.195 0.27125 0.18625 0.27125 0.18625 0.27999999999999997 0.195 0.27999999999999997 0.195 0.27125
2 0.20125 0.28375 0.1875 0.28375 0.1875 0.2925 0.20125 0.2925 0.20125 0.28375
2 0.205 0.30125 0.19375 0.30125 0.19375 0.30874999999999997 0.205 0.30874999999999997 0.205 0.30125
2 0.20875 0.3125 0.19624999999999998 0.3125 0.19624999999999998 0.32 0.20875 0.32 0.20875 0.3125
2 0.20125 0.29625 0.19125 0.29625 0.19125 0.30375 0.20125 0.30375 0.20125 0.29625
2 0.21125 0.325 0.20125 0.325 0.20125 0.3325 0.21125 0.3325 0.21125 0.325
2 0.215 0.3775 0.21000000000000002 0.3775 0.21000000000000002 0.38875000000000004 0.215 0.38875000000000004 0.215 0.3775
2 0.2125 0.32999999999999996 0.20249999999999999 0.32999999999999996 0.20249999999999999 0.3375 0.2125 0.3375 0.2125 0.32999999999999996
2 0.22875 0.29500000000000004 0.21875 0.29500000000000004 0.21875 0.3025 0.22875 0.3025 0.22875 0.29500000000000004
2 0.22749999999999998 0.28875 0.21625 0.28875 0.21625 0.2975 0.22749999999999998 0.2975 0.22749999999999998 0.28875
2 0.225 0.28250000000000003 0.21375000000000002 0.28250000000000003 0.21375000000000002 0.28875 0.225 0.28875 0.225 0.28250000000000003
2 0.225 0.27625 0.2125 0.27625 0.2125 0.28375 0.225 0.28375 0.225 0.27625
2 0.2225 0.27125 0.21125 0.27125 0.21125 0.27749999999999997 0.2225 0.27749999999999997 0.2225 0.27125
2 0.215 0.24125000000000002 0.20125 0.24125000000000002 0.20125 0.25125000000000003 0.215 0.25125000000000003 0.215 0.24125000000000002
2 0.2125 0.23625 0.1975 0.23625 0.1975 0.24500000000000002 0.2125 0.24500000000000002 0.2125 0.23625
2 0.21875 0.25125000000000003 0.205 0.25125000000000003 0.205 0.26125 0.21875 0.26125 0.21875 0.25125000000000003
2 0.21875 0.25875 0.20625 0.25875 0.20625 0.26749999999999996 0.21875 0.26749999999999996 0.21875 0.25875
2 0.29874999999999996 0.28500000000000003 0.29125 0.28500000000000003 0.29125 0.2975 0.29874999999999996 0.2975 0.29874999999999996 0.28500000000000003
2 0.305 0.2875 0.2975 0.2875 0.2975 0.3 0.305 0.3 0.305 0.2875
2 0.2375 0.31625000000000003 0.225 0.31625000000000003 0.225 0.3225 0.2375 0.3225 0.2375 0.31625000000000003
2 0.215 0.335 0.20375000000000001 0.335 0.20375000000000001 0.34249999999999997 0.215 0.34249999999999997 0.215 0.335
2 0.22125 0.3775 0.21625 0.3775 0.21625 0.38875000000000004 0.22125 0.38875000000000004 0.22125 0.3775
2 0.20875 0.37625000000000003 0.20249999999999999 0.37625000000000003 0.20249999999999999 0.38875000000000004 0.20875 0.38875000000000004 0.20875 0.37625000000000003
2 0.22125 0.34750000000000003 0.20875 0.34750000000000003 0.20875 0.355 0.22125 0.355 0.22125 0.34750000000000003
2 0.026250000000000002 0.42750000000000005 0.0125 0.42750000000000005 0.0125 0.4375 0.026250000000000002 0.4375 0.026250000000000002 0.42750000000000005
2 0.025 0.43624999999999997 0.008749999999999999 0.43624999999999997 0.008749999999999999 0.44875 0.025 0.44875 0.025 0.43624999999999997
2 0.10375000000000001 0.47125000000000006 0.08875 0.47125000000000006 0.08875 0.48250000000000004 0.10375000000000001 0.48250000000000004 0.10375000000000001 0.47125000000000006
2 0.19624999999999998 0.37625000000000003 0.19125 0.37625000000000003 0.19125 0.3875 0.19624999999999998 0.3875 0.19624999999999998 0.37625000000000003
2 0.1275 0.40374999999999994 0.11499999999999999 0.40374999999999994 0.11499999999999999 0.41125 0.1275 0.41125 0.1275 0.40374999999999994
2 0.1275 0.41125 0.11625 0.41125 0.11625 0.41624999999999995 0.1275 0.41624999999999995 0.1275 0.41125
2 0.1325 0.42125 0.11875 0.42125 0.11875 0.43 0.1325 0.43 0.1325 0.42125
2 0.13625 0.42750000000000005 0.12125 0.42750000000000005 0.12125 0.4375 0.13625 0.4375 0.13625 0.42750000000000005
2 0.1375 0.43375 0.12375 0.43375 0.12375 0.44125 0.1375 0.44125 0.1375 0.43375
2 0.14125000000000001 0.43875000000000003 0.12625 0.43875000000000003 0.12625 0.45 0.14125000000000001 0.45 0.14125000000000001 0.43875000000000003
2 0.14125000000000001 0.44749999999999995 0.12875 0.44749999999999995 0.12875 0.45499999999999996 0.14125000000000001 0.45499999999999996 0.14125000000000001 0.44749999999999995
2 0.14750000000000002 0.46125 0.13625 0.46125 0.13625 0.48125 0.14750000000000002 0.48125 0.14750000000000002 0.46125
2 0.14250000000000002 0.39 0.13625 0.39 0.13625 0.4 0.14250000000000002 0.4 0.14250000000000002 0.39
2 0.15 0.38875000000000004 0.14125000000000001 0.38875000000000004 0.14125000000000001 0.39875 0.15 0.39875 0.15 0.38875000000000004
2 0.16499999999999998 0.38125 0.15625 0.38125 0.15625 0.39375 0.16499999999999998 0.39375 0.16499999999999998 0.38125
2 0.16999999999999998 0.38 0.16375 0.38 0.16375 0.39249999999999996 0.16999999999999998 0.39249999999999996 0.16999999999999998 0.38
2 0.18375 0.3775 0.1775 0.3775 0.1775 0.3875 0.18375 0.3875 0.18375 0.3775
2 0.19 0.3775 0.185 0.3775 0.185 0.3875 0.19 0.3875 0.19 0.3775
2 0.21749999999999997 0.34125 0.20625 0.34125 0.20625 0.34875 0.21749999999999997 0.34875 0.21749999999999997 0.34125
2 0.22000000000000003 0.3525 0.20875 0.3525 0.20875 0.35875 0.22000000000000003 0.35875 0.22000000000000003 0.3525
2 0.28875 0.735 0.28250000000000003 0.735 0.28250000000000003 0.7474999999999999 0.28875 0.7474999999999999 0.28875 0.735
2 0.19624999999999998 0.45875000000000005 0.19125 0.45875000000000005 0.19125 0.47125000000000006 0.19624999999999998 0.47125000000000006 0.19624999999999998 0.45875000000000005
2 0.2 0.40374999999999994 0.19375 0.40374999999999994 0.19375 0.4175 0.2 0.4175 0.2 0.40374999999999994
2 0.19375 0.40499999999999997 0.1875 0.40499999999999997 0.1875 0.41624999999999995 0.19375 0.41624999999999995 0.19375 0.40499999999999997
2 0.16625 0.445 0.16125 0.445 0.16125 0.45625 0.16625 0.45625 0.16625 0.445
2 0.17875000000000002 0.44625000000000004 0.17250000000000001 0.44625000000000004 0.17250000000000001 0.45625 0.17875000000000002 0.45625 0.17875000000000002 0.44625000000000004
2 0.185 0.44625000000000004 0.17875000000000002 0.44625000000000004 0.17875000000000002 0.45625 0.185 0.45625 0.185 0.44625000000000004
2 0.195 0.44625000000000004 0.19 0.44625000000000004 0.19 0.4575 0.195 0.4575 0.195 0.44625000000000004
2 0.20249999999999999 0.44749999999999995 0.19624999999999998 0.44749999999999995 0.19624999999999998 0.45625 0.20249999999999999 0.45625 0.20249999999999999 0.44749999999999995
2 0.20750000000000002 0.445 0.20249999999999999 0.445 0.20249999999999999 0.45625 0.20750000000000002 0.45625 0.20750000000000002 0.445
2 0.215 0.445 0.20750000000000002 0.445 0.20750000000000002 0.45625 0.215 0.45625 0.215 0.445
2 0.22000000000000003 0.44625000000000004 0.215 0.44625000000000004 0.215 0.45625 0.22000000000000003 0.45625 0.22000000000000003 0.44625000000000004
2 0.2325 0.44625000000000004 0.22749999999999998 0.44625000000000004 0.22749999999999998 0.45875000000000005 0.2325 0.45875000000000005 0.2325 0.44625000000000004
2 0.17875000000000002 0.45875000000000005 0.17250000000000001 0.45875000000000005 0.17250000000000001 0.47125000000000006 0.17875000000000002 0.47125000000000006 0.17875000000000002 0.45875000000000005
2 0.185 0.45875000000000005 0.17875000000000002 0.45875000000000005 0.17875000000000002 0.47125000000000006 0.185 0.47125000000000006 0.185 0.45875000000000005
2 0.19 0.45875000000000005 0.185 0.45875000000000005 0.185 0.4725 0.19 0.4725 0.19 0.45875000000000005
2 0.20875 0.4575 0.20249999999999999 0.4575 0.20249999999999999 0.47125000000000006 0.20875 0.47125000000000006 0.20875 0.4575
2 0.2125 0.40625 0.20625 0.40625 0.20625 0.4175 0.2125 0.4175 0.2125 0.40625
2 0.215 0.45625 0.20750000000000002 0.45625 0.20750000000000002 0.47125000000000006 0.215 0.47125000000000006 0.215 0.45625
2 0.22000000000000003 0.4575 0.21375000000000002 0.4575 0.21375000000000002 0.4725 0.22000000000000003 0.4725 0.22000000000000003 0.4575
2 0.225 0.45875000000000005 0.22000000000000003 0.45875000000000005 0.22000000000000003 0.47125000000000006 0.225 0.47125000000000006 0.225 0.45875000000000005
2 0.23875000000000002 0.45999999999999996 0.2325 0.45999999999999996 0.2325 0.47125000000000006 0.23875000000000002 0.47125000000000006 0.23875000000000002 0.45999999999999996
2 0.24500000000000002 0.46125 0.23875000000000002 0.46125 0.23875000000000002 0.4725 0.24500000000000002 0.4725 0.24500000000000002 0.46125
2 0.1875 0.9724999999999999 0.1775 0.9724999999999999 0.1775 0.985 0.1875 0.985 0.1875 0.9724999999999999
2 0.17250000000000001 0.945 0.16375 0.945 0.16375 0.95625 0.17250000000000001 0.95625 0.17250000000000001 0.945
2 0.22000000000000003 0.96875 0.2125 0.96875 0.2125 0.9800000000000001 0.22000000000000003 0.9800000000000001 0.22000000000000003 0.96875
2 0.19375 0.82 0.18875 0.82 0.18875 0.83125 0.19375 0.83125 0.19375 0.82
2 0.20125 0.82 0.19624999999999998 0.82 0.19624999999999998 0.8300000000000001 0.20125 0.8300000000000001 0.20125 0.82
2 0.20750000000000002 0.81875 0.20125 0.81875 0.20125 0.8300000000000001 0.20750000000000002 0.8300000000000001 0.20750000000000002 0.81875
2 0.195 0.795 0.18875 0.795 0.18875 0.805 0.195 0.805 0.195 0.795
2 0.3225 0.7725 0.31625000000000003 0.7725 0.31625000000000003 0.7849999999999999 0.3225 0.7849999999999999 0.3225 0.7725
2 0.26375000000000004 0.73375 0.25625 0.73375 0.25625 0.745 0.26375000000000004 0.745 0.26375000000000004 0.73375
2 0.20625 0.40499999999999997 0.2 0.40499999999999997 0.2 0.4175 0.20625 0.4175 0.20625 0.40499999999999997
2 0.22000000000000003 0.40625 0.2125 0.40625 0.2125 0.4175 0.22000000000000003 0.4175 0.22000000000000003 0.40625
2 0.22125 0.35875 0.20875 0.35875 0.20875 0.365 0.22125 0.365 0.22125 0.35875
2 0.33125 0.36625 0.32625000000000004 0.36625 0.32625000000000004 0.3775 0.33125 0.3775 0.33125 0.36625
2 0.2225 0.365 0.21000000000000002 0.365 0.21000000000000002 0.37 0.2225 0.37 0.2225 0.365
2 0.29125 0.35625 0.28375 0.35625 0.28375 0.3675 0.29125 0.3675 0.29125 0.35625
2 0.27875 0.31875 0.26625 0.31875 0.26625 0.3275 0.27875 0.3275 0.27875 0.31875
2 0.29874999999999996 0.32999999999999996 0.2925 0.32999999999999996 0.2925 0.34125 0.29874999999999996 0.34125 0.29874999999999996 0.32999999999999996
2 0.305 0.33375 0.2975 0.33375 0.2975 0.34375 0.305 0.34375 0.305 0.33375
2 0.31124999999999997 0.335 0.30375 0.335 0.30375 0.34500000000000003 0.31124999999999997 0.34500000000000003 0.31124999999999997 0.335
2 0.3175 0.33625 0.30874999999999997 0.33625 0.30874999999999997 0.34625 0.3175 0.34625 0.3175 0.33625
2 0.33375 0.33999999999999997 0.32625000000000004 0.33999999999999997 0.32625000000000004 0.3525 0.33375 0.3525 0.33375 0.33999999999999997
2 0.34125 0.34125 0.33125 0.34125 0.33125 0.355 0.34125 0.355 0.34125 0.34125
2 0.3025 0.35750000000000004 0.29375 0.35750000000000004 0.29375 0.37124999999999997 0.3025 0.37124999999999997 0.3025 0.35750000000000004
2 0.30874999999999997 0.35875 0.3 0.35875 0.3 0.37 0.30874999999999997 0.37 0.30874999999999997 0.35875
2 0.31375000000000003 0.36124999999999996 0.30625 0.36124999999999996 0.30625 0.375 0.31375000000000003 0.375 0.31375000000000003 0.36124999999999996
2 0.31875 0.3625 0.31124999999999997 0.3625 0.31124999999999997 0.37374999999999997 0.31875 0.37374999999999997 0.31875 0.3625
2 0.325 0.3625 0.3175 0.3625 0.3175 0.37625000000000003 0.325 0.37625000000000003 0.325 0.3625
2 0.33875 0.3675 0.32999999999999996 0.3675 0.32999999999999996 0.38125 0.33875 0.38125 0.33875 0.3675
2 0.22374999999999998 0.40499999999999997 0.21875 0.40499999999999997 0.21875 0.41875 0.22374999999999998 0.41875 0.22374999999999998 0.40499999999999997
2 0.34750000000000003 0.3725 0.34125 0.3725 0.34125 0.385 0.34750000000000003 0.385 0.34750000000000003 0.3725
2 0.35375 0.3725 0.34625 0.3725 0.34625 0.385 0.35375 0.385 0.35375 0.3725
2 0.36 0.37374999999999997 0.3525 0.37374999999999997 0.3525 0.3875 0.36 0.3875 0.36 0.37374999999999997
2 0.1575 0.41375 0.14750000000000002 0.41375 0.14750000000000002 0.42625 0.1575 0.42625 0.1575 0.41375
2 0.16375 0.4125 0.15375 0.4125 0.15375 0.42374999999999996 0.16375 0.42374999999999996 0.16375 0.4125
2 0.16875 0.41125 0.15875 0.41125 0.15875 0.4225 0.16875 0.4225 0.16875 0.41125
2 0.17250000000000001 0.40875000000000006 0.16499999999999998 0.40875000000000006 0.16499999999999998 0.42125 0.17250000000000001 0.42125 0.17250000000000001 0.40875000000000006
2 0.17375000000000002 0.42625 0.16125 0.42625 0.16125 0.4325 0.17375000000000002 0.4325 0.17375000000000002 0.42625
2 0.18125 0.4175 0.17625 0.4175 0.17625 0.43 0.18125 0.43 0.18125 0.4175
2 0.1875 0.41875 0.18125 0.41875 0.18125 0.43 0.1875 0.43 0.1875 0.41875
2 0.19375 0.4175 0.1875 0.4175 0.1875 0.43 0.19375 0.43 0.19375 0.4175
2 0.205 0.4175 0.19875 0.4175 0.19875 0.43125 0.205 0.43125 0.205 0.4175
2 0.21125 0.4175 0.205 0.4175 0.205 0.43125 0.21125 0.43125 0.21125 0.4175
2 0.21749999999999997 0.41624999999999995 0.2125 0.41624999999999995 0.2125 0.43 0.21749999999999997 0.43 0.21749999999999997 0.41624999999999995
2 0.26 0.5700000000000001 0.255 0.5700000000000001 0.255 0.58125 0.26 0.58125 0.26 0.5700000000000001
2 0.26625 0.5700000000000001 0.26125 0.5700000000000001 0.26125 0.58125 0.26625 0.58125 0.26625 0.5700000000000001
2 0.2725 0.5700000000000001 0.26625 0.5700000000000001 0.26625 0.5825 0.2725 0.5825 0.2725 0.5700000000000001
2 0.4575 0.47874999999999995 0.445 0.47874999999999995 0.445 0.485 0.4575 0.485 0.4575 0.47874999999999995
2 0.31 0.46125 0.305 0.46125 0.305 0.47375 0.31 0.47375 0.31 0.46125
2 0.3175 0.46125 0.31 0.46125 0.31 0.47375 0.3175 0.47375 0.3175 0.46125
2 0.3275 0.46125 0.3225 0.46125 0.3225 0.47375 0.3275 0.47375 0.3275 0.46125
2 0.33375 0.46125 0.32875 0.46125 0.32875 0.4725 0.33375 0.4725 0.33375 0.46125
2 0.35875 0.4625 0.35125 0.4625 0.35125 0.475 0.35875 0.475 0.35875 0.4625
2 0.36875 0.4625 0.36375 0.4625 0.36375 0.47375 0.36875 0.47375 0.36875 0.4625
2 0.375 0.46125 0.37 0.46125 0.37 0.4725 0.375 0.4725 0.375 0.46125
2 0.38625 0.46375 0.38 0.46375 0.38 0.475 0.38625 0.475 0.38625 0.46375
2 0.39375 0.46375 0.3875 0.46375 0.3875 0.47625 0.39375 0.47625 0.39375 0.46375
2 0.40625 0.46375 0.4 0.46375 0.4 0.47375 0.40625 0.47375 0.40625 0.46375
2 0.4175 0.4625 0.41125 0.4625 0.41125 0.47375 0.4175 0.47375 0.4175 0.4625
2 0.42374999999999996 0.4625 0.4175 0.4625 0.4175 0.47375 0.42374999999999996 0.47375 0.42374999999999996 0.4625
2 0.43 0.4625 0.42374999999999996 0.4625 0.42374999999999996 0.47375 0.43 0.47375 0.43 0.4625
2 0.45875000000000005 0.485 0.44625000000000004 0.485 0.44625000000000004 0.49124999999999996 0.45875000000000005 0.49124999999999996 0.45875000000000005 0.485
2 0.4575 0.47375 0.445 0.47375 0.445 0.48 0.4575 0.48 0.4575 0.47375
2 0.2925 0.46125 0.28625 0.46125 0.28625 0.4725 0.2925 0.4725 0.2925 0.46125
2 0.4575 0.46875 0.44625000000000004 0.46875 0.44625000000000004 0.47375 0.4575 0.47375 0.4575 0.46875
2 0.45875000000000005 0.46375 0.44625000000000004 0.46375 0.44625000000000004 0.46875 0.45875000000000005 0.46875 0.45875000000000005 0.46375
2 0.45875000000000005 0.45875000000000005 0.44625000000000004 0.45875000000000005 0.44625000000000004 0.46375 0.45875000000000005 0.46375 0.45875000000000005 0.45875000000000005
2 0.4575 0.45375 0.44625000000000004 0.45375 0.44625000000000004 0.45875000000000005 0.4575 0.45875000000000005 0.4575 0.45375
2 0.45875000000000005 0.44749999999999995 0.44625000000000004 0.44749999999999995 0.44625000000000004 0.45375 0.45875000000000005 0.45375 0.45875000000000005 0.44749999999999995
2 0.26749999999999996 0.44749999999999995 0.26125 0.44749999999999995 0.26125 0.4575 0.26749999999999996 0.4575 0.26749999999999996 0.44749999999999995
2 0.27625 0.44749999999999995 0.26875 0.44749999999999995 0.26875 0.45875000000000005 0.27625 0.45875000000000005 0.27625 0.44749999999999995
2 0.27999999999999997 0.44875 0.27625 0.44875 0.27625 0.45875000000000005 0.27999999999999997 0.45875000000000005 0.27999999999999997 0.44875
2 0.2875 0.44749999999999995 0.28125 0.44749999999999995 0.28125 0.45999999999999996 0.2875 0.45999999999999996 0.2875 0.44749999999999995
2 0.305 0.44749999999999995 0.2975 0.44749999999999995 0.2975 0.45875000000000005 0.305 0.45875000000000005 0.305 0.44749999999999995
2 0.31625000000000003 0.44749999999999995 0.31 0.44749999999999995 0.31 0.45999999999999996 0.31625000000000003 0.45999999999999996 0.31625000000000003 0.44749999999999995
2 0.3225 0.44749999999999995 0.31625000000000003 0.44749999999999995 0.31625000000000003 0.45999999999999996 0.3225 0.45999999999999996 0.3225 0.44749999999999995
2 0.3275 0.44749999999999995 0.3225 0.44749999999999995 0.3225 0.45999999999999996 0.3275 0.45999999999999996 0.3275 0.44749999999999995
2 0.33375 0.44875 0.3275 0.44875 0.3275 0.45875000000000005 0.33375 0.45875000000000005 0.33375 0.44875
2 0.29874999999999996 0.46125 0.29125 0.46125 0.29125 0.4725 0.29874999999999996 0.4725 0.29874999999999996 0.46125
2 0.28625 0.45999999999999996 0.28125 0.45999999999999996 0.28125 0.4725 0.28625 0.4725 0.28625 0.45999999999999996
2 0.34625 0.45 0.33999999999999997 0.45 0.33999999999999997 0.45999999999999996 0.34625 0.45999999999999996 0.34625 0.45
2 0.26125 0.4875 0.255 0.4875 0.255 0.50125 0.26125 0.50125 0.26125 0.4875
2 0.40875000000000006 0.49124999999999996 0.40374999999999994 0.49124999999999996 0.40374999999999994 0.5025000000000001 0.40875000000000006 0.5025000000000001 0.40875000000000006 0.49124999999999996
2 0.4025 0.49124999999999996 0.39625 0.49124999999999996 0.39625 0.5025000000000001 0.4025 0.5025000000000001 0.4025 0.49124999999999996
2 0.395 0.49000000000000005 0.38875000000000004 0.49000000000000005 0.38875000000000004 0.50125 0.395 0.50125 0.395 0.49000000000000005
2 0.37374999999999997 0.49000000000000005 0.36875 0.49000000000000005 0.36875 0.50125 0.37374999999999997 0.50125 0.37374999999999997 0.49000000000000005
2 0.3675 0.48875 0.36124999999999996 0.48875 0.36124999999999996 0.5 0.3675 0.5 0.3675 0.48875
2 0.19624999999999998 0.4875 0.19 0.4875 0.19 0.5 0.19624999999999998 0.5 0.19624999999999998 0.4875
2 0.20249999999999999 0.4875 0.195 0.4875 0.195 0.5 0.20249999999999999 0.5 0.20249999999999999 0.4875
2 0.20750000000000002 0.48875 0.20249999999999999 0.48875 0.20249999999999999 0.50125 0.20750000000000002 0.50125 0.20750000000000002 0.48875
2 0.215 0.48624999999999996 0.20750000000000002 0.48624999999999996 0.20750000000000002 0.5 0.215 0.5 0.215 0.48624999999999996
2 0.22625 0.4875 0.21875 0.4875 0.21875 0.49874999999999997 0.22625 0.49874999999999997 0.22625 0.4875
2 0.2325 0.4875 0.22625 0.4875 0.22625 0.5 0.2325 0.5 0.2325 0.4875
2 0.2375 0.4875 0.2325 0.4875 0.2325 0.5 0.2375 0.5 0.2375 0.4875
2 0.24500000000000002 0.48875 0.2375 0.48875 0.2375 0.5 0.24500000000000002 0.5 0.24500000000000002 0.48875
2 0.25375000000000003 0.4875 0.24874999999999997 0.4875 0.24874999999999997 0.5 0.25375000000000003 0.5 0.25375000000000003 0.4875
2 0.26749999999999996 0.48875 0.26125 0.48875 0.26125 0.50125 0.26749999999999996 0.50125 0.26749999999999996 0.48875
2 0.28125 0.45875000000000005 0.275 0.45875000000000005 0.275 0.4725 0.28125 0.4725 0.28125 0.45875000000000005
2 0.2725 0.4875 0.26625 0.4875 0.26625 0.50125 0.2725 0.50125 0.2725 0.4875
2 0.27999999999999997 0.48875 0.2725 0.48875 0.2725 0.50125 0.27999999999999997 0.50125 0.27999999999999997 0.48875
2 0.28625 0.48875 0.28125 0.48875 0.28125 0.5 0.28625 0.5 0.28625 0.48875
2 0.29375 0.49000000000000005 0.2875 0.49000000000000005 0.2875 0.5 0.29375 0.5 0.29375 0.49000000000000005
2 0.30125 0.48875 0.29500000000000004 0.48875 0.29500000000000004 0.5 0.30125 0.5 0.30125 0.48875
2 0.31375000000000003 0.48875 0.3075 0.48875 0.3075 0.5 0.31375000000000003 0.5 0.31375000000000003 0.48875
2 0.32125 0.49000000000000005 0.315 0.49000000000000005 0.315 0.5 0.32125 0.5 0.32125 0.49000000000000005
2 0.32875 0.48875 0.32125 0.48875 0.32125 0.5 0.32875 0.5 0.32875 0.48875
2 0.335 0.49000000000000005 0.32999999999999996 0.49000000000000005 0.32999999999999996 0.5 0.335 0.5 0.335 0.49000000000000005
2 0.34249999999999997 0.49000000000000005 0.3375 0.49000000000000005 0.3375 0.50125 0.34249999999999997 0.50125 0.34249999999999997 0.49000000000000005
2 0.35625 0.49000000000000005 0.35125 0.49000000000000005 0.35125 0.50125 0.35625 0.50125 0.35625 0.49000000000000005
2 0.2575 0.46125 0.25 0.46125 0.25 0.4725 0.2575 0.4725 0.2575 0.46125
2 0.26875 0.45999999999999996 0.26125 0.45999999999999996 0.26125 0.4725 0.26875 0.4725 0.26875 0.45999999999999996
2 0.275 0.45999999999999996 0.26875 0.45999999999999996 0.26875 0.4725 0.275 0.4725 0.275 0.45999999999999996
2 0.33999999999999997 0.45 0.33375 0.45 0.33375 0.45999999999999996 0.33999999999999997 0.45999999999999996 0.33999999999999997 0.45
2 0.3525 0.45 0.34625 0.45 0.34625 0.46125 0.3525 0.46125 0.3525 0.45
2 0.4175 0.505 0.4125 0.505 0.4125 0.51625 0.4175 0.51625 0.4175 0.505
2 0.68875 0.725 0.68125 0.725 0.68125 0.735 0.68875 0.735 0.68875 0.725
2 0.5700000000000001 0.9349999999999999 0.5575 0.9349999999999999 0.5575 0.94625 0.5700000000000001 0.94625 0.5700000000000001 0.9349999999999999
2 0.57375 0.9262499999999999 0.5625 0.9262499999999999 0.5625 0.9375 0.57375 0.9375 0.57375 0.9262499999999999
2 0.58 0.9175000000000001 0.5662499999999999 0.9175000000000001 0.5662499999999999 0.9262499999999999 0.58 0.9262499999999999 0.58 0.9175000000000001
2 0.58125 0.90625 0.5675 0.90625 0.5675 0.91625 0.58125 0.91625 0.58125 0.90625
2 0.585 0.9 0.57125 0.9 0.57125 0.9099999999999999 0.585 0.9099999999999999 0.585 0.9
2 0.5974999999999999 0.8800000000000001 0.58375 0.8800000000000001 0.58375 0.8887499999999999 0.5974999999999999 0.8887499999999999 0.5974999999999999 0.8800000000000001
2 0.6 0.87375 0.585 0.87375 0.585 0.88375 0.6 0.88375 0.6 0.87375
2 0.605 0.8612500000000001 0.5900000000000001 0.8612500000000001 0.5900000000000001 0.8712500000000001 0.605 0.8712500000000001 0.605 0.8612500000000001
2 0.56875 0.8800000000000001 0.55375 0.8800000000000001 0.55375 0.89 0.56875 0.89 0.56875 0.8800000000000001
2 0.57125 0.87375 0.5549999999999999 0.87375 0.5549999999999999 0.88375 0.57125 0.88375 0.57125 0.87375
2 0.57375 0.86875 0.5599999999999999 0.86875 0.5599999999999999 0.8775000000000001 0.57375 0.8775000000000001 0.57375 0.86875
2 0.57875 0.85375 0.5662499999999999 0.85375 0.5662499999999999 0.8637499999999999 0.57875 0.8637499999999999 0.57875 0.85375
2 0.5825 0.8474999999999999 0.5675 0.8474999999999999 0.5675 0.8574999999999999 0.5825 0.8574999999999999 0.5825 0.8474999999999999
2 0.5575 0.9012499999999999 0.545 0.9012499999999999 0.545 0.9112500000000001 0.5575 0.9112500000000001 0.5575 0.9012499999999999
2 0.6849999999999999 0.70875 0.6775 0.70875 0.6775 0.7212500000000001 0.6849999999999999 0.7212500000000001 0.6849999999999999 0.70875
2 0.37 0.34750000000000003 0.35750000000000004 0.34750000000000003 0.35750000000000004 0.36 0.37 0.36 0.37 0.34750000000000003
2 0.55 0.5037499999999999 0.5425 0.5037499999999999 0.5425 0.5175 0.55 0.5175 0.55 0.5037499999999999
2 0.55 0.31625000000000003 0.53625 0.31625000000000003 0.53625 0.32625000000000004 0.55 0.32625000000000004 0.55 0.31625000000000003
2 0.5387500000000001 0.3125 0.53 0.3125 0.53 0.31875 0.5387500000000001 0.31875 0.5387500000000001 0.3125
2 0.5475 0.29 0.53125 0.29 0.53125 0.30125 0.5475 0.30125 0.5475 0.29
2 0.5900000000000001 0.27375 0.58 0.27375 0.58 0.28625 0.5900000000000001 0.28625 0.5900000000000001 0.27375
2 0.585 0.2875 0.575 0.2875 0.575 0.3 0.585 0.3 0.585 0.2875
2 0.55375 0.27625 0.5425 0.27625 0.5425 0.28625 0.55375 0.28625 0.55375 0.27625
2 0.5725 0.2575 0.55125 0.2575 0.55125 0.2725 0.5725 0.2725 0.5725 0.2575
2 0.56875 0.25125000000000003 0.545 0.25125000000000003 0.545 0.26375000000000004 0.56875 0.26375000000000004 0.56875 0.25125000000000003
2 0.6837500000000001 0.17875000000000002 0.67125 0.17875000000000002 0.67125 0.19125 0.6837500000000001 0.19125 0.6837500000000001 0.17875000000000002
2 0.7 0.1575 0.6875 0.1575 0.6875 0.16999999999999998 0.7 0.16999999999999998 0.7 0.1575
2 0.79375 0.0775 0.78 0.0775 0.78 0.09 0.79375 0.09 0.79375 0.0775
2 0.76125 0.95625 0.74875 0.95625 0.74875 0.9650000000000001 0.76125 0.9650000000000001 0.76125 0.95625
2 0.5662499999999999 0.9425000000000001 0.55625 0.9425000000000001 0.55625 0.95 0.5662499999999999 0.95 0.5662499999999999 0.9425000000000001
2 0.47000000000000003 0.3875 0.45999999999999996 0.3875 0.45999999999999996 0.39249999999999996 0.47000000000000003 0.39249999999999996 0.47000000000000003 0.3875
2 0.35875 0.44875 0.35125 0.44875 0.35125 0.4625 0.35875 0.4625 0.35875 0.44875
2 0.3225 0.42000000000000004 0.3175 0.42000000000000004 0.3175 0.43 0.3225 0.43 0.3225 0.42000000000000004
2 0.375 0.45 0.36875 0.45 0.36875 0.46125 0.375 0.46125 0.375 0.45
2 0.38375 0.44875 0.37625000000000003 0.44875 0.37625000000000003 0.4625 0.38375 0.4625 0.38375 0.44875
2 0.395 0.45 0.3875 0.45 0.3875 0.45999999999999996 0.395 0.45999999999999996 0.395 0.45
2 0.4 0.45125000000000004 0.39375 0.45125000000000004 0.39375 0.46125 0.4 0.46125 0.4 0.45125000000000004
2 0.40625 0.45 0.39875 0.45 0.39875 0.46125 0.40625 0.46125 0.40625 0.45
2 0.42374999999999996 0.45125000000000004 0.41624999999999995 0.45125000000000004 0.41624999999999995 0.4625 0.42374999999999996 0.4625 0.42374999999999996 0.45125000000000004
2 0.25375000000000003 0.42000000000000004 0.24874999999999997 0.42000000000000004 0.24874999999999997 0.4325 0.25375000000000003 0.4325 0.25375000000000003 0.42000000000000004
2 0.26749999999999996 0.42000000000000004 0.26375000000000004 0.42000000000000004 0.26375000000000004 0.4325 0.26749999999999996 0.4325 0.26749999999999996 0.42000000000000004
2 0.275 0.41875 0.26749999999999996 0.41875 0.26749999999999996 0.4325 0.275 0.4325 0.275 0.41875
2 0.28125 0.41875 0.275 0.41875 0.275 0.43125 0.28125 0.43125 0.28125 0.41875
2 0.2875 0.41875 0.28125 0.41875 0.28125 0.4325 0.2875 0.4325 0.2875 0.41875
2 0.3 0.41875 0.2925 0.41875 0.2925 0.4325 0.3 0.4325 0.3 0.41875
2 0.31124999999999997 0.41875 0.30375 0.41875 0.30375 0.43125 0.31124999999999997 0.43125 0.31124999999999997 0.41875
2 0.3175 0.41875 0.31124999999999997 0.41875 0.31124999999999997 0.43125 0.3175 0.43125 0.3175 0.41875
2 0.3275 0.42000000000000004 0.3225 0.42000000000000004 0.3225 0.43125 0.3275 0.43125 0.3275 0.42000000000000004
2 0.38375 0.3825 0.375 0.3825 0.375 0.39375 0.38375 0.39375 0.38375 0.3825
2 0.335 0.42000000000000004 0.32875 0.42000000000000004 0.32875 0.4325 0.335 0.4325 0.335 0.42000000000000004
2 0.34125 0.42125 0.335 0.42125 0.335 0.4325 0.34125 0.4325 0.34125 0.42125
2 0.36 0.42125 0.3525 0.42125 0.3525 0.4325 0.36 0.4325 0.36 0.42125
2 0.37124999999999997 0.42125 0.36375 0.42125 0.36375 0.43375 0.37124999999999997 0.43375 0.37124999999999997 0.42125
2 0.38125 0.42000000000000004 0.37625000000000003 0.42000000000000004 0.37625000000000003 0.4325 0.38125 0.4325 0.38125 0.42000000000000004
2 0.38875000000000004 0.42125 0.38125 0.42125 0.38125 0.43375 0.38875000000000004 0.43375 0.38875000000000004 0.42125
2 0.39375 0.4225 0.38875000000000004 0.4225 0.38875000000000004 0.43375 0.39375 0.43375 0.39375 0.4225
2 0.4 0.4225 0.39375 0.4225 0.39375 0.43624999999999997 0.4 0.43624999999999997 0.4 0.4225
2 0.40625 0.42374999999999996 0.4 0.42374999999999996 0.4 0.43499999999999994 0.40625 0.43499999999999994 0.40625 0.42374999999999996
2 0.41125 0.42125 0.40625 0.42125 0.40625 0.43499999999999994 0.41125 0.43499999999999994 0.41125 0.42125
2 0.41875 0.42374999999999996 0.4125 0.42374999999999996 0.4125 0.43499999999999994 0.41875 0.43499999999999994 0.41875 0.42374999999999996
2 0.425 0.4225 0.41875 0.4225 0.41875 0.43499999999999994 0.425 0.43499999999999994 0.425 0.4225
2 0.43125 0.4225 0.42374999999999996 0.4225 0.42374999999999996 0.43499999999999994 0.43125 0.43499999999999994 0.43125 0.4225
2 0.365 0.37625000000000003 0.35875 0.37625000000000003 0.35875 0.39 0.365 0.39 0.365 0.37625000000000003
2 0.42125 0.49000000000000005 0.41624999999999995 0.49000000000000005 0.41624999999999995 0.5025000000000001 0.42125 0.5025000000000001 0.42125 0.49000000000000005
2 0.4125 0.505 0.40625 0.505 0.40625 0.51625 0.4125 0.51625 0.4125 0.505
2 0.27875 0.5700000000000001 0.2725 0.5700000000000001 0.2725 0.58125 0.27875 0.58125 0.27875 0.5700000000000001
2 0.35625 0.54625 0.35125 0.54625 0.35125 0.55625 0.35625 0.55625 0.35625 0.54625
2 0.2725 0.54375 0.26749999999999996 0.54375 0.26749999999999996 0.5549999999999999 0.2725 0.5549999999999999 0.2725 0.54375
2 0.27875 0.5425 0.2725 0.5425 0.2725 0.5549999999999999 0.27875 0.5549999999999999 0.27875 0.5425
2 0.28500000000000003 0.54375 0.27875 0.54375 0.27875 0.55625 0.28500000000000003 0.55625 0.28500000000000003 0.54375
2 0.29 0.545 0.28500000000000003 0.545 0.28500000000000003 0.55625 0.29 0.55625 0.29 0.545
2 0.29625 0.54375 0.29 0.54375 0.29 0.55625 0.29625 0.55625 0.29625 0.54375
2 0.30375 0.545 0.2975 0.545 0.2975 0.55625 0.30375 0.55625 0.30375 0.545
2 0.30874999999999997 0.54625 0.30375 0.54625 0.30375 0.5549999999999999 0.30874999999999997 0.5549999999999999 0.30874999999999997 0.54625
2 0.31375000000000003 0.545 0.30874999999999997 0.545 0.30874999999999997 0.5549999999999999 0.31375000000000003 0.5549999999999999 0.31375000000000003 0.545
2 0.32 0.545 0.315 0.545 0.315 0.55625 0.32 0.55625 0.32 0.545
2 0.32625000000000004 0.54375 0.32125 0.54375 0.32125 0.5575 0.32625000000000004 0.5575 0.32625000000000004 0.54375
2 0.3325 0.54625 0.32625000000000004 0.54625 0.32625000000000004 0.5575 0.3325 0.5575 0.3325 0.54625
2 0.3375 0.545 0.3325 0.545 0.3325 0.5575 0.3375 0.5575 0.3375 0.545
2 0.34375 0.545 0.3375 0.545 0.3375 0.55625 0.34375 0.55625 0.34375 0.545
2 0.35 0.545 0.34375 0.545 0.34375 0.55625 0.35 0.55625 0.35 0.545
2 0.36625 0.545 0.36124999999999996 0.545 0.36124999999999996 0.5575 0.36625 0.5575 0.36625 0.545
2 0.26125 0.54375 0.255 0.54375 0.255 0.55625 0.26125 0.55625 0.26125 0.54375
2 0.3725 0.545 0.3675 0.545 0.3675 0.55625 0.3725 0.55625 0.3725 0.545
2 0.38 0.54625 0.3725 0.54625 0.3725 0.55625 0.38 0.55625 0.38 0.54625
2 0.38625 0.545 0.38 0.545 0.38 0.55625 0.38625 0.55625 0.38625 0.545
2 0.39125 0.545 0.385 0.545 0.385 0.5575 0.39125 0.5575 0.39125 0.545
2 0.3975 0.545 0.39125 0.545 0.39125 0.5575 0.3975 0.5575 0.3975 0.545
2 0.4025 0.545 0.39625 0.545 0.39625 0.55625 0.4025 0.55625 0.4025 0.545
2 0.41624999999999995 0.545 0.41 0.545 0.41 0.5587500000000001 0.41624999999999995 0.5587500000000001 0.41624999999999995 0.545
2 0.4225 0.545 0.41624999999999995 0.545 0.41624999999999995 0.5575 0.4225 0.5575 0.4225 0.545
2 0.42874999999999996 0.54625 0.4225 0.54625 0.4225 0.5575 0.42874999999999996 0.5575 0.42874999999999996 0.54625
2 0.41624999999999995 0.53125 0.41 0.53125 0.41 0.54375 0.41624999999999995 0.54375 0.41624999999999995 0.53125
2 0.40875000000000006 0.53125 0.40374999999999994 0.53125 0.40374999999999994 0.54375 0.40875000000000006 0.54375 0.40875000000000006 0.53125
2 0.45499999999999996 0.55375 0.44375 0.55375 0.44375 0.5587500000000001 0.45499999999999996 0.5587500000000001 0.45499999999999996 0.55375
2 0.45499999999999996 0.54875 0.44375 0.54875 0.44375 0.5525 0.45499999999999996 0.5525 0.45499999999999996 0.54875
2 0.4575 0.52125 0.445 0.52125 0.445 0.5275000000000001 0.4575 0.5275000000000001 0.4575 0.52125
2 0.26625 0.5425 0.26125 0.5425 0.26125 0.5549999999999999 0.26625 0.5549999999999999 0.26625 0.5425
2 0.255 0.54375 0.24874999999999997 0.54375 0.24874999999999997 0.55625 0.255 0.55625 0.255 0.54375
2 0.195 0.5287499999999999 0.19 0.5287499999999999 0.19 0.54 0.195 0.54 0.195 0.5287499999999999
2 0.375 0.57125 0.37 0.57125 0.37 0.58375 0.375 0.58375 0.375 0.57125
2 0.28375 0.57125 0.27875 0.57125 0.27875 0.58125 0.28375 0.58125 0.28375 0.57125
2 0.29 0.57125 0.28375 0.57125 0.28375 0.5825 0.29 0.5825 0.29 0.57125
2 0.29625 0.5700000000000001 0.29 0.5700000000000001 0.29 0.5825 0.29625 0.5825 0.29625 0.5700000000000001
2 0.3025 0.57125 0.29625 0.57125 0.29625 0.5825 0.3025 0.5825 0.3025 0.57125
2 0.30874999999999997 0.5700000000000001 0.3025 0.5700000000000001 0.3025 0.58375 0.30874999999999997 0.58375 0.30874999999999997 0.5700000000000001
2 0.31375000000000003 0.57125 0.30874999999999997 0.57125 0.30874999999999997 0.58375 0.31375000000000003 0.58375 0.31375000000000003 0.57125
2 0.33625 0.5625 0.3275 0.5625 0.3275 0.575 0.33625 0.575 0.33625 0.5625
2 0.42125 0.57125 0.41375 0.57125 0.41375 0.5825 0.42125 0.5825 0.42125 0.57125
2 0.41125 0.5700000000000001 0.40625 0.5700000000000001 0.40625 0.5825 0.41125 0.5825 0.41125 0.5700000000000001
2 0.40625 0.5725 0.4 0.5725 0.4 0.5825 0.40625 0.5825 0.40625 0.5725
2 0.40125 0.5700000000000001 0.39375 0.5700000000000001 0.39375 0.5825 0.40125 0.5825 0.40125 0.5700000000000001
2 0.395 0.57125 0.38875000000000004 0.57125 0.38875000000000004 0.5825 0.395 0.5825 0.395 0.57125
2 0.38375 0.57125 0.37875000000000003 0.57125 0.37875000000000003 0.58375 0.38375 0.58375 0.38375 0.57125
2 0.37875000000000003 0.5725 0.37374999999999997 0.5725 0.37374999999999997 0.58375 0.37875000000000003 0.58375 0.37875000000000003 0.5725
2 0.34249999999999997 0.57125 0.33625 0.57125 0.33625 0.58375 0.34249999999999997 0.58375 0.34249999999999997 0.57125
2 0.24375 0.54375 0.2375 0.54375 0.2375 0.5549999999999999 0.24375 0.5549999999999999 0.24375 0.54375
2 0.34750000000000003 0.57125 0.34125 0.57125 0.34125 0.58375 0.34750000000000003 0.58375 0.34750000000000003 0.57125
2 0.35375 0.57125 0.34750000000000003 0.57125 0.34750000000000003 0.585 0.35375 0.585 0.35375 0.57125
2 0.35750000000000004 0.57125 0.35375 0.57125 0.35375 0.5825 0.35750000000000004 0.5825 0.35750000000000004 0.57125
2 0.36875 0.57125 0.3625 0.57125 0.3625 0.5825 0.36875 0.5825 0.36875 0.57125
2 0.3625 0.5700000000000001 0.35750000000000004 0.5700000000000001 0.35750000000000004 0.58375 0.3625 0.58375 0.3625 0.5700000000000001
2 0.45499999999999996 0.5587500000000001 0.4425 0.5587500000000001 0.4425 0.5650000000000001 0.45499999999999996 0.5650000000000001 0.45499999999999996 0.5587500000000001
2 0.195 0.5425 0.19 0.5425 0.19 0.5525 0.195 0.5525 0.195 0.5425
2 0.20125 0.5425 0.195 0.5425 0.195 0.5525 0.20125 0.5525 0.20125 0.5425
2 0.20750000000000002 0.5425 0.20125 0.5425 0.20125 0.55375 0.20750000000000002 0.55375 0.20750000000000002 0.5425
2 0.2125 0.5425 0.20625 0.5425 0.20625 0.5549999999999999 0.2125 0.5549999999999999 0.2125 0.5425
2 0.21875 0.54375 0.2125 0.54375 0.2125 0.55375 0.21875 0.55375 0.21875 0.54375
2 0.225 0.54375 0.21875 0.54375 0.21875 0.55375 0.225 0.55375 0.225 0.54375
2 0.23125 0.54375 0.225 0.54375 0.225 0.5549999999999999 0.23125 0.5549999999999999 0.23125 0.54375
2 0.2375 0.54375 0.23125 0.54375 0.23125 0.55625 0.2375 0.55625 0.2375 0.54375
2 0.4575 0.5275000000000001 0.445 0.5275000000000001 0.445 0.5325 0.4575 0.5325 0.4575 0.5275000000000001
2 0.20125 0.5275000000000001 0.195 0.5275000000000001 0.195 0.54 0.20125 0.54 0.20125 0.5275000000000001
2 0.40625 0.505 0.4 0.505 0.4 0.5175 0.40625 0.5175 0.40625 0.505
2 0.29625 0.50125 0.29125 0.50125 0.29125 0.5125 0.29625 0.5125 0.29625 0.50125
2 0.20875 0.50125 0.20249999999999999 0.50125 0.20249999999999999 0.5125 0.20875 0.5125 0.20875 0.50125
2 0.215 0.5025000000000001 0.20875 0.5025000000000001 0.20875 0.5125 0.215 0.5125 0.215 0.5025000000000001
2 0.22000000000000003 0.50125 0.21375000000000002 0.50125 0.21375000000000002 0.51375 0.22000000000000003 0.51375 0.22000000000000003 0.50125
2 0.225 0.50125 0.22000000000000003 0.50125 0.22000000000000003 0.5125 0.225 0.5125 0.225 0.50125
2 0.23125 0.5 0.22625 0.5 0.22625 0.51125 0.23125 0.51125 0.23125 0.5
2 0.23625 0.50125 0.23125 0.50125 0.23125 0.5125 0.23625 0.5125 0.23625 0.50125
2 0.24625 0.50125 0.2375 0.50125 0.2375 0.5125 0.24625 0.5125 0.24625 0.50125
2 0.25375000000000003 0.50125 0.2475 0.50125 0.2475 0.51375 0.25375000000000003 0.51375 0.25375000000000003 0.50125
2 0.26125 0.50125 0.255 0.50125 0.255 0.515 0.26125 0.515 0.26125 0.50125
2 0.26749999999999996 0.5025000000000001 0.26125 0.5025000000000001 0.26125 0.515 0.26749999999999996 0.515 0.26749999999999996 0.5025000000000001
2 0.2725 0.5025000000000001 0.26749999999999996 0.5025000000000001 0.26749999999999996 0.515 0.2725 0.515 0.2725 0.5025000000000001
2 0.27999999999999997 0.5025000000000001 0.27375 0.5025000000000001 0.27375 0.5125 0.27999999999999997 0.5125 0.27999999999999997 0.5025000000000001
2 0.28500000000000003 0.50125 0.27875 0.50125 0.27875 0.51375 0.28500000000000003 0.51375 0.28500000000000003 0.50125
2 0.29125 0.50125 0.28625 0.50125 0.28625 0.5125 0.29125 0.5125 0.29125 0.50125
2 0.3025 0.50125 0.2975 0.50125 0.2975 0.5125 0.3025 0.5125 0.3025 0.50125
2 0.19624999999999998 0.5 0.19 0.5 0.19 0.5125 0.19624999999999998 0.5125 0.19624999999999998 0.5
2 0.3075 0.5025000000000001 0.3025 0.5025000000000001 0.3025 0.51375 0.3075 0.51375 0.3075 0.5025000000000001
2 0.31375000000000003 0.5025000000000001 0.3075 0.5025000000000001 0.3075 0.5125 0.31375000000000003 0.5125 0.31375000000000003 0.5025000000000001
2 0.32 0.5025000000000001 0.315 0.5025000000000001 0.315 0.5125 0.32 0.5125 0.32 0.5025000000000001
2 0.32625000000000004 0.50125 0.32125 0.50125 0.32125 0.51375 0.32625000000000004 0.51375 0.32625000000000004 0.50125
2 0.33375 0.5025000000000001 0.3275 0.5025000000000001 0.3275 0.51375 0.33375 0.51375 0.33375 0.5025000000000001
2 0.33875 0.5025000000000001 0.33375 0.5025000000000001 0.33375 0.515 0.33875 0.515 0.33875 0.5025000000000001
2 0.34500000000000003 0.5025000000000001 0.33875 0.5025000000000001 0.33875 0.515 0.34500000000000003 0.515 0.34500000000000003 0.5025000000000001
2 0.35750000000000004 0.5037499999999999 0.35125 0.5037499999999999 0.35125 0.515 0.35750000000000004 0.515 0.35750000000000004 0.5037499999999999
2 0.37374999999999997 0.505 0.36875 0.505 0.36875 0.515 0.37374999999999997 0.515 0.37374999999999997 0.505
2 0.36625 0.5037499999999999 0.36124999999999996 0.5037499999999999 0.36124999999999996 0.51375 0.36625 0.51375 0.36625 0.5037499999999999
2 0.38125 0.505 0.375 0.505 0.375 0.515 0.38125 0.515 0.38125 0.505
2 0.3875 0.505 0.38125 0.505 0.38125 0.515 0.3875 0.515 0.3875 0.505
2 0.395 0.5037499999999999 0.3875 0.5037499999999999 0.3875 0.51625 0.395 0.51625 0.395 0.5037499999999999
2 0.4 0.5037499999999999 0.395 0.5037499999999999 0.395 0.51625 0.4 0.51625 0.4 0.5037499999999999
2 0.20249999999999999 0.50125 0.19624999999999998 0.50125 0.19624999999999998 0.5125 0.20249999999999999 0.5125 0.20249999999999999 0.50125
2 0.40374999999999994 0.5325 0.3975 0.5325 0.3975 0.54375 0.40374999999999994 0.54375 0.40374999999999994 0.5325
2 0.20750000000000002 0.5275000000000001 0.20125 0.5275000000000001 0.20125 0.54 0.20750000000000002 0.54 0.20750000000000002 0.5275000000000001
2 0.3025 0.53125 0.2975 0.53125 0.2975 0.5425 0.3025 0.5425 0.3025 0.53125
2 0.21375000000000002 0.5275000000000001 0.20750000000000002 0.5275000000000001 0.20750000000000002 0.54 0.21375000000000002 0.54 0.21375000000000002 0.5275000000000001
2 0.21875 0.53 0.21375000000000002 0.53 0.21375000000000002 0.54 0.21875 0.54 0.21875 0.53
2 0.22625 0.53 0.22000000000000003 0.53 0.22000000000000003 0.54125 0.22625 0.54125 0.22625 0.53
2 0.2325 0.5287499999999999 0.22625 0.5287499999999999 0.22625 0.54 0.2325 0.54 0.2325 0.5287499999999999
2 0.23875000000000002 0.5275000000000001 0.2325 0.5275000000000001 0.2325 0.54 0.23875000000000002 0.54 0.23875000000000002 0.5275000000000001
2 0.24500000000000002 0.5287499999999999 0.23875000000000002 0.5287499999999999 0.23875000000000002 0.54 0.24500000000000002 0.54 0.24500000000000002 0.5287499999999999
2 0.25375000000000003 0.5287499999999999 0.2475 0.5287499999999999 0.2475 0.54 0.25375000000000003 0.54 0.25375000000000003 0.5287499999999999
2 0.26 0.5275000000000001 0.25375000000000003 0.5275000000000001 0.25375000000000003 0.54125 0.26 0.54125 0.26 0.5275000000000001
2 0.26749999999999996 0.5287499999999999 0.26125 0.5287499999999999 0.26125 0.54 0.26749999999999996 0.54 0.26749999999999996 0.5287499999999999
2 0.27375 0.53 0.26749999999999996 0.53 0.26749999999999996 0.54 0.27375 0.54 0.27375 0.53
2 0.27875 0.53 0.27375 0.53 0.27375 0.54125 0.27875 0.54125 0.27875 0.53
2 0.28500000000000003 0.5287499999999999 0.27999999999999997 0.5287499999999999 0.27999999999999997 0.54125 0.28500000000000003 0.54125 0.28500000000000003 0.5287499999999999
2 0.2925 0.5287499999999999 0.28625 0.5287499999999999 0.28625 0.54125 0.2925 0.54125 0.2925 0.5287499999999999
2 0.2975 0.53125 0.29125 0.53125 0.29125 0.5425 0.2975 0.5425 0.2975 0.53125
2 0.30874999999999997 0.53125 0.3025 0.53125 0.3025 0.5425 0.30874999999999997 0.5425 0.30874999999999997 0.53125
2 0.39875 0.5325 0.39375 0.5325 0.39375 0.54375 0.39875 0.54375 0.39875 0.5325
2 0.315 0.53125 0.30874999999999997 0.53125 0.30874999999999997 0.5425 0.315 0.5425 0.315 0.53125
2 0.32125 0.53125 0.315 0.53125 0.315 0.5425 0.32125 0.5425 0.32125 0.53125
2 0.32625000000000004 0.53 0.32125 0.53 0.32125 0.5425 0.32625000000000004 0.5425 0.32625000000000004 0.53
2 0.33375 0.53 0.3275 0.53 0.3275 0.54125 0.33375 0.54125 0.33375 0.53
2 0.33999999999999997 0.53125 0.33375 0.53125 0.33375 0.54125 0.33999999999999997 0.54125 0.33999999999999997 0.53125
2 0.34500000000000003 0.53 0.33875 0.53 0.33875 0.54 0.34500000000000003 0.54 0.34500000000000003 0.53
2 0.35 0.53 0.34625 0.53 0.34625 0.54125 0.35 0.54125 0.35 0.53
2 0.35625 0.53 0.35125 0.53 0.35125 0.54 0.35625 0.54 0.35625 0.53
2 0.36875 0.53 0.36124999999999996 0.53 0.36124999999999996 0.54125 0.36875 0.54125 0.36875 0.53
2 0.41 0.54375 0.40374999999999994 0.54375 0.40374999999999994 0.55625 0.41 0.55625 0.41 0.54375
2 0.375 0.53 0.3675 0.53 0.3675 0.5425 0.375 0.5425 0.375 0.53
2 0.38 0.53 0.375 0.53 0.375 0.54125 0.38 0.54125 0.38 0.53
2 0.38625 0.53125 0.38125 0.53125 0.38125 0.54125 0.38625 0.54125 0.38625 0.53125
2 0.39375 0.53 0.3875 0.53 0.3875 0.5425 0.39375 0.5425 0.39375 0.53