2 0.17124999999999999 0.9637499999999999 0.16 0.9637499999999999 0.16 0.96875 0.17124999999999999 0.96875 0.17124999999999999 0.9637499999999999
2 0.17250000000000001 0.93125 0.16125 0.93125 0.16125 0.93625 0.17250000000000001 0.93625 0.17250000000000001 0.93125
2 0.17375000000000002 0.93625 0.16125 0.93625 0.16125 0.9412499999999999 0.17375000000000002 0.9412499999999999 0.17375000000000002 0.93625
2 0.17250000000000001 0.9412499999999999 0.16125 0.9412499999999999 0.16125 0.9475 0.17250000000000001 0.9475 0.17250000000000001 0.9412499999999999
2 0.17375000000000002 0.94625 0.16125 0.94625 0.16125 0.9512499999999999 0.17375000000000002 0.9512499999999999 0.17375000000000002 0.94625
2 0.17250000000000001 0.9525 0.16125 0.9525 0.16125 0.95875 0.17250000000000001 0.95875 0.17250000000000001 0.9525
2 0.17250000000000001 0.9574999999999999 0.16 0.9574999999999999 0.16 0.9637499999999999 0.17250000000000001 0.9637499999999999 0.17250000000000001 0.9574999999999999
2 0.17124999999999999 0.9775 0.16 0.9775 0.16 0.985 0.17124999999999999 0.985 0.17124999999999999 0.9775
2 0.58125 0.82125 0.57125 0.82125 0.57125 0.8412499999999999 0.58125 0.8412499999999999 0.58125 0.82125
2 0.17250000000000001 0.98375 0.16125 0.98375 0.16125 0.99 0.17250000000000001 0.99 0.17250000000000001 0.98375
2 0.17124999999999999 0.99 0.15875 0.99 0.15875 0.9949999999999999 0.17124999999999999 0.9949999999999999 0.17124999999999999 0.99
2 0.17250000000000001 0.9262499999999999 0.16125 0.9262499999999999 0.16125 0.93125 0.17250000000000001 0.93125 0.17250000000000001 0.9262499999999999
2 0.17124999999999999 0.92125 0.16 0.92125 0.16 0.9262499999999999 0.17124999999999999 0.9262499999999999 0.17124999999999999 0.92125
2 0.17250000000000001 0.9099999999999999 0.16 0.9099999999999999 0.16 0.91625 0.17250000000000001 0.91625 0.17250000000000001 0.9099999999999999
2 0.17124999999999999 0.9037499999999999 0.16 0.9037499999999999 0.16 0.9099999999999999 0.17124999999999999 0.9099999999999999 0.17124999999999999 0.9037499999999999
2 0.17375000000000002 0.89875 0.16125 0.89875 0.16125 0.9037499999999999 0.17375000000000002 0.9037499999999999 0.17375000000000002 0.89875
2 0.17250000000000001 0.8925000000000001 0.16125 0.8925000000000001 0.16125 0.89875 0.17250000000000001 0.89875 0.17250000000000001 0.8925000000000001
2 0.17250000000000001 0.8887499999999999 0.16125 0.8887499999999999 0.16125 0.89375 0.17250000000000001 0.89375 0.17250000000000001 0.8887499999999999
2 0.17250000000000001 0.88375 0.16125 0.88375 0.16125 0.89 0.17250000000000001 0.89 0.17250000000000001 0.88375
2 0.17250000000000001 0.86625 0.16125 0.86625 0.16125 0.8724999999999999 0.17250000000000001 0.8724999999999999 0.17250000000000001 0.86625
2 0.17375000000000002 0.8775000000000001 0.16125 0.8775000000000001 0.16125 0.88375 0.17375000000000002 0.88375 0.17375000000000002 0.8775000000000001
2 0.3025 0.97625 0.29625 0.97625 0.29625 0.9887499999999999 0.3025 0.9887499999999999 0.3025 0.97625
2 0.29500000000000004 0.97625 0.28875 0.97625 0.28875 0.9887499999999999 0.29500000000000004 0.9887499999999999 0.29500000000000004 0.97625
2 0.28375 0.97625 0.27749999999999997 0.97625 0.27749999999999997 0.9875 0.28375 0.9875 0.28375 0.97625
2 0.2725 0.97625 0.265 0.97625 0.265 0.9862500000000001 0.2725 0.9862500000000001 0.2725 0.97625
2 0.2525 0.9775 0.24625 0.9775 0.24625 0.9887499999999999 0.2525 0.9887499999999999 0.2525 0.9775
2 0.2425 0.97625 0.23625 0.97625 0.23625 0.9862500000000001 0.2425 0.9862500000000001 0.2425 0.97625
2 0.22999999999999998 0.975 0.22374999999999998 0.975 0.22374999999999998 0.9875 0.22999999999999998 0.9875 0.22999999999999998 0.975
2 0.34125 0.9775 0.33125 0.9775 0.33125 0.9824999999999999 0.34125 0.9824999999999999 0.34125 0.9775
2 0.34125 0.98375 0.33125 0.98375 0.33125 0.9887499999999999 0.34125 0.9887499999999999 0.34125 0.98375
2 0.33875 1 0.33875 0.99875 0.32999999999999996 0.99875 0.32999999999999996 1 0.33875 1
2 0.34249999999999997 0.9887499999999999 0.32999999999999996 0.9887499999999999 0.32999999999999996 0.9949999999999999 0.34249999999999997 0.9949999999999999 0.34249999999999997 0.9887499999999999
2 0.2125 0.9737500000000001 0.20625 0.9737500000000001 0.20625 0.985 0.2125 0.985 0.2125 0.9737500000000001
2 0.19375 0.9737500000000001 0.18625 0.9737500000000001 0.18625 0.9875 0.19375 0.9875 0.19375 0.9737500000000001
2 0.315 0.9625 0.3075 0.9625 0.3075 0.9737500000000001 0.315 0.9737500000000001 0.315 0.9625
2 0.395 0.9349999999999999 0.38875000000000004 0.9349999999999999 0.38875000000000004 0.945 0.395 0.945 0.395 0.9349999999999999
2 0.27375 0.9337500000000001 0.265 0.9337500000000001 0.265 0.94625 0.27375 0.94625 0.27375 0.9337500000000001
2 0.27999999999999997 0.9349999999999999 0.27375 0.9349999999999999 0.27375 0.9475 0.27999999999999997 0.9475 0.27999999999999997 0.9349999999999999
2 0.29625 0.93625 0.28875 0.93625 0.28875 0.94625 0.29625 0.94625 0.29625 0.93625
2 0.3025 0.93625 0.29625 0.93625 0.29625 0.94625 0.3025 0.94625 0.3025 0.93625
2 0.3075 0.93625 0.3025 0.93625 0.3025 0.94625 0.3075 0.94625 0.3075 0.93625
2 0.31375000000000003 0.93625 0.3075 0.93625 0.3075 0.9475 0.31375000000000003 0.9475 0.31375000000000003 0.93625
2 0.34249999999999997 0.9337500000000001 0.33625 0.9337500000000001 0.33625 0.945 0.34249999999999997 0.945 0.34249999999999997 0.9337500000000001
2 0.34750000000000003 0.9349999999999999 0.34249999999999997 0.9349999999999999 0.34249999999999997 0.94625 0.34750000000000003 0.94625 0.34750000000000003 0.9349999999999999
2 0.3525 0.9349999999999999 0.34750000000000003 0.9349999999999999 0.34750000000000003 0.94625 0.3525 0.94625 0.3525 0.9349999999999999
2 0.35875 0.9349999999999999 0.3525 0.9349999999999999 0.3525 0.94625 0.35875 0.94625 0.35875 0.9349999999999999
2 0.36875 0.93625 0.36124999999999996 0.93625 0.36124999999999996 0.9475 0.36875 0.9475 0.36875 0.93625
2 0.37374999999999997 0.93625 0.3675 0.93625 0.3675 0.94625 0.37374999999999997 0.94625 0.37374999999999997 0.93625
2 0.38 0.9349999999999999 0.37374999999999997 0.9349999999999999 0.37374999999999997 0.9475 0.38 0.9475 0.38 0.9349999999999999
2 0.385 0.93625 0.38 0.93625 0.38 0.9475 0.385 0.9475 0.385 0.93625
2 0.4 0.9349999999999999 0.395 0.9349999999999999 0.395 0.945 0.4 0.945 0.4 0.9349999999999999
2 0.26 0.9337500000000001 0.25375000000000003 0.9337500000000001 0.25375000000000003 0.9475 0.26 0.9475 0.26 0.9337500000000001
2 0.40625 0.9337500000000001 0.39875 0.9337500000000001 0.39875 0.945 0.40625 0.945 0.40625 0.9337500000000001
2 0.43 0.93625 0.42000000000000004 0.93625 0.42000000000000004 0.9425000000000001 0.43 0.9425000000000001 0.43 0.93625
2 0.43 0.9425000000000001 0.42000000000000004 0.9425000000000001 0.42000000000000004 0.9487500000000001 0.43 0.9487500000000001 0.43 0.9425000000000001
2 0.45625 0.9425000000000001 0.4425 0.9425000000000001 0.4425 0.9475 0.45625 0.9475 0.45625 0.9425000000000001
2 0.45499999999999996 0.93625 0.4425 0.93625 0.4425 0.9412499999999999 0.45499999999999996 0.9412499999999999 0.45499999999999996 0.93625
2 0.42625 0.9225 0.42125 0.9225 0.42125 0.9337500000000001 0.42625 0.9337500000000001 0.42625 0.9225
2 0.44125 0.9175000000000001 0.43125 0.9175000000000001 0.43125 0.9262499999999999 0.44125 0.9262499999999999 0.44125 0.9175000000000001
2 0.20750000000000002 0.91875 0.20125 0.91875 0.20125 0.93 0.20750000000000002 0.93 0.20750000000000002 0.91875
2 0.21375000000000002 0.91875 0.20750000000000002 0.91875 0.20750000000000002 0.93 0.21375000000000002 0.93 0.21375000000000002 0.91875
2 0.21749999999999997 0.9199999999999999 0.2125 0.9199999999999999 0.2125 0.93125 0.21749999999999997 0.93125 0.21749999999999997 0.9199999999999999
2 0.22999999999999998 0.92125 0.22374999999999998 0.92125 0.22374999999999998 0.9324999999999999 0.22999999999999998 0.9324999999999999 0.22999999999999998 0.92125
2 0.23625 0.9199999999999999 0.23125 0.9199999999999999 0.23125 0.93125 0.23625 0.93125 0.23625 0.9199999999999999
2 0.24375 0.92125 0.2375 0.92125 0.2375 0.93125 0.24375 0.93125 0.24375 0.92125
2 0.25375000000000003 0.9199999999999999 0.2475 0.9199999999999999 0.2475 0.93125 0.25375000000000003 0.93125 0.25375000000000003 0.9199999999999999
2 0.26625 0.9337500000000001 0.26 0.9337500000000001 0.26 0.94625 0.26625 0.94625 0.26625 0.9337500000000001
2 0.25375000000000003 0.9337500000000001 0.24874999999999997 0.9337500000000001 0.24874999999999997 0.94625 0.25375000000000003 0.94625 0.25375000000000003 0.9337500000000001
2 0.3075 0.9637499999999999 0.3025 0.9637499999999999 0.3025 0.9737500000000001 0.3075 0.9737500000000001 0.3075 0.9637499999999999
2 0.2425 0.96 0.23625 0.96 0.23625 0.9724999999999999 0.2425 0.9724999999999999 0.2425 0.96
2 0.30125 0.9625 0.29625 0.9625 0.29625 0.9737500000000001 0.30125 0.9737500000000001 0.30125 0.9625
2 0.29500000000000004 0.96 0.29 0.96 0.29 0.9724999999999999 0.29500000000000004 0.9724999999999999 0.29500000000000004 0.96
2 0.29 0.96125 0.28375 0.96125 0.28375 0.9737500000000001 0.29 0.9737500000000001 0.29 0.96125
2 0.28375 0.9625 0.27875 0.9625 0.27875 0.9737500000000001 0.28375 0.9737500000000001 0.28375 0.9625
2 0.27875 0.96125 0.2725 0.96125 0.2725 0.9712500000000001 0.27875 0.9712500000000001 0.27875 0.96125
2 0.2725 0.96125 0.26625 0.96125 0.26625 0.9724999999999999 0.2725 0.9724999999999999 0.2725 0.96125
2 0.26625 0.96 0.26125 0.96 0.26125 0.9724999999999999 0.26625 0.9724999999999999 0.26625 0.96
2 0.33999999999999997 0.9574999999999999 0.33375 0.9574999999999999 0.33375 0.97 0.33999999999999997 0.97 0.33999999999999997 0.9574999999999999
2 0.35625 0.95875 0.35 0.95875 0.35 0.9724999999999999 0.35625 0.9724999999999999 0.35625 0.95875
2 0.3625 0.95875 0.35750000000000004 0.95875 0.35750000000000004 0.9724999999999999 0.3625 0.9724999999999999 0.3625 0.95875
2 0.36625 0.95875 0.3625 0.95875 0.3625 0.9712500000000001 0.36625 0.9712500000000001 0.36625 0.95875
2 0.3725 0.95875 0.3675 0.95875 0.3675 0.9712500000000001 0.3725 0.9712500000000001 0.3725 0.95875
2 0.26 0.96 0.255 0.96 0.255 0.9724999999999999 0.26 0.9724999999999999 0.26 0.96
2 0.25375000000000003 0.96125 0.2475 0.96125 0.2475 0.9737500000000001 0.25375000000000003 0.9737500000000001 0.25375000000000003 0.96125
2 0.23625 0.96125 0.23125 0.96125 0.23125 0.9737500000000001 0.23625 0.9737500000000001 0.23625 0.96125
2 0.2375 0.9349999999999999 0.22999999999999998 0.9349999999999999 0.22999999999999998 0.94625 0.2375 0.94625 0.2375 0.9349999999999999
2 0.22999999999999998 0.96 0.22374999999999998 0.96 0.22374999999999998 0.9724999999999999 0.22999999999999998 0.9724999999999999 0.22999999999999998 0.96
2 0.22374999999999998 0.96125 0.21749999999999997 0.96125 0.21749999999999997 0.9724999999999999 0.22374999999999998 0.9724999999999999 0.22374999999999998 0.96125
2 0.21375000000000002 0.96 0.20750000000000002 0.96 0.20750000000000002 0.9724999999999999 0.21375000000000002 0.9724999999999999 0.21375000000000002 0.96
2 0.20625 0.9625 0.2 0.9625 0.2 0.9712500000000001 0.20625 0.9712500000000001 0.20625 0.9625
2 0.2 0.96 0.195 0.96 0.195 0.9724999999999999 0.2 0.9724999999999999 0.2 0.96
2 0.19375 0.96 0.1875 0.96 0.1875 0.9724999999999999 0.19375 0.9724999999999999 0.19375 0.96
2 0.19375 0.9324999999999999 0.18875 0.9324999999999999 0.18875 0.94375 0.19375 0.94375 0.19375 0.9324999999999999
2 0.195 0.91875 0.18875 0.91875 0.18875 0.93 0.195 0.93 0.195 0.91875
2 0.20125 0.91875 0.195 0.91875 0.195 0.93125 0.20125 0.93125 0.20125 0.91875
2 0.19875 0.9324999999999999 0.195 0.9324999999999999 0.195 0.94375 0.19875 0.94375 0.19875 0.9324999999999999
2 0.2125 0.9337500000000001 0.20750000000000002 0.9337500000000001 0.20750000000000002 0.945 0.2125 0.945 0.2125 0.9337500000000001
2 0.21875 0.9349999999999999 0.2125 0.9349999999999999 0.2125 0.945 0.21875 0.945 0.21875 0.9349999999999999
2 0.22374999999999998 0.9349999999999999 0.21875 0.9349999999999999 0.21875 0.945 0.22374999999999998 0.945 0.22374999999999998 0.9349999999999999
2 0.23125 0.9337500000000001 0.22374999999999998 0.9337500000000001 0.22374999999999998 0.94625 0.23125 0.94625 0.23125 0.9337500000000001
2 0.21000000000000002 0.66875 0.19875 0.66875 0.19875 0.67625 0.21000000000000002 0.67625 0.21000000000000002 0.66875
2 0.18125 0.57125 0.1675 0.57125 0.1675 0.58 0.18125 0.58 0.18125 0.57125
2 0.18125 0.5775 0.16875 0.5775 0.16875 0.5862499999999999 0.18125 0.5862499999999999 0.18125 0.5775
2 0.1825 0.58375 0.17124999999999999 0.58375 0.17124999999999999 0.5912499999999999 0.1825 0.5912499999999999 0.1825 0.58375
2 0.185 0.58875 0.17250000000000001 0.58875 0.17250000000000001 0.5962500000000001 0.185 0.5962500000000001 0.185 0.58875
2 0.185 0.595 0.17375000000000002 0.595 0.17375000000000002 0.6025 0.185 0.6025 0.185 0.595
2 0.1875 0.6 0.1775 0.6 0.1775 0.6075 0.1875 0.6075 0.1875 0.6
2 0.19 0.605 0.17875000000000002 0.605 0.17875000000000002 0.6125 0.19 0.6125 0.19 0.605
2 0.19125 0.61125 0.18125 0.61125 0.18125 0.62 0.19125 0.62 0.19125 0.61125
2 0.19375 0.6174999999999999 0.1825 0.6174999999999999 0.1825 0.62625 0.19375 0.62625 0.19375 0.6174999999999999
2 0.195 0.6212500000000001 0.18625 0.6212500000000001 0.18625 0.63 0.195 0.63 0.195 0.6212500000000001
2 0.20125 0.63375 0.1875 0.63375 0.1875 0.6425 0.20125 0.6425 0.20125 0.63375
2 0.205 0.65125 0.19375 0.65125 0.19375 0.6587500000000001 0.205 0.6587500000000001 0.205 0.65125
2 0.20875 0.6625 0.19624999999999998 0.6625 0.19624999999999998 0.67 0.20875 0.67 0.20875 0.6625
2 0.20125 0.64625 0.19125 0.64625 0.19125 0.6537499999999999 0.20125 0.6537499999999999 0.20125 0.64625
2 0.21125 0.675 0.20125 0.675 0.20125 0.6825 0.21125 0.6825 0.21125 0.675
2 0.215 0.7275 0.21000000000000002 0.7275 0.21000000000000002 0.73875 0.215 0.73875 0.215 0.7275
2 0.2125 0.6799999999999999 0.20249999999999999 0.6799999999999999 0.20249999999999999 0.6875 0.2125 0.6875 0.2125 0.6799999999999999
2 0.22875 0.645 0.21875 0.645 0.21875 0.6525000000000001 0.22875 0.6525000000000001 0.22875 0.645
2 0.22749999999999998 0.63875 0.21625 0.63875 0.21625 0.6475 0.22749999999999998 0.6475 0.22749999999999998 0.63875
2 0.225 0.6325000000000001 0.21375000000000002 0.6325000000000001 0.21375000000000002 0.63875 0.225 0.63875 0.225 0.6325000000000001
2 0.225 0.62625 0.2125 0.62625 0.2125 0.63375 0.225 0.63375 0.225 0.62625
2 0.2225 0.6212500000000001 0.21125 0.6212500000000001 0.21125 0.6275000000000001 0.2225 0.6275000000000001 0.2225 0.6212500000000001
2 0.215 0.5912499999999999 0.20125 0.5912499999999999 0.20125 0.6012500000000001 0.215 0.6012500000000001 0.215 0.5912499999999999
2 0.2125 0.5862499999999999 0.1975 0.5862499999999999 0.1975 0.595 0.2125 0.595 0.2125 0.5862499999999999
2 0.21875 0.6012500000000001 0.205 0.6012500000000001 0.205 0.61125 0.21875 0.61125 0.21875 0.6012500000000001
2 0.21875 0.60875 0.20625 0.60875 0.20625 0.6174999999999999 0.21875 0.6174999999999999 0.21875 0.60875
2 0.29874999999999996 0.635 0.29125 0.635 0.29125 0.6475 0.29874999999999996 0.6475 0.29874999999999996 0.635
2 0.305 0.6375 0.2975 0.6375 0.2975 0.65 0.305 0.65 0.305 0.6375
2 0.2375 0.66625 0.225 0.66625 0.225 0.6725 0.2375 0.6725 0.2375 0.66625
2 0.215 0.6849999999999999 0.20375000000000001 0.6849999999999999 0.20375000000000001 0.6925 0.215 0.6925 0.215 0.6849999999999999
2 0.22125 0.7275 0.21625 0.7275 0.21625 0.73875 0.22125 0.73875 0.22125 0.7275
2 0.20875 0.7262500000000001 0.20249999999999999 0.7262500000000001 0.20249999999999999 0.73875 0.20875 0.73875 0.20875 0.7262500000000001
2 0.22125 0.6975 0.20875 0.6975 0.20875 0.705 0.22125 0.705 0.22125 0.6975
2 0.026250000000000002 0.7775000000000001 0.0125 0.7775000000000001 0.0125 0.7875 0.026250000000000002 0.7875 0.026250000000000002 0.7775000000000001
2 0.025 0.78625 0.008749999999999999 0.78625 0.008749999999999999 0.79875 0.025 0.79875 0.025 0.78625
2 0.10375000000000001 0.82125 0.08875 0.82125 0.08875 0.8324999999999999 0.10375000000000001 0.8324999999999999 0.10375000000000001 0.82125
2 0.19624999999999998 0.7262500000000001 0.19125 0.7262500000000001 0.19125 0.7375 0.19624999999999998 0.7375 0.19624999999999998 0.7262500000000001
2 0.1275 0.7537499999999999 0.11499999999999999 0.7537499999999999 0.11499999999999999 0.76125 0.1275 0.76125 0.1275 0.7537499999999999
2 0.1275 0.76125 0.11625 0.76125 0.11625 0.76625 0.1275 0.76625 0.1275 0.76125
2 0.1325 0.77125 0.11875 0.77125 0.11875 0.78 0.1325 0.78 0.1325 0.77125
2 0.13625 0.7775000000000001 0.12125 0.7775000000000001 0.12125 0.7875 0.13625 0.7875 0.13625 0.7775000000000001
2 0.1375 0.7837500000000001 0.12375 0.7837500000000001 0.12375 0.79125 0.1375 0.79125 0.1375 0.7837500000000001
2 0.14125000000000001 0.7887500000000001 0.12625 0.7887500000000001 0.12625 0.8 0.14125000000000001 0.8 0.14125000000000001 0.7887500000000001
2 0.14125000000000001 0.7975 0.12875 0.7975 0.12875 0.805 0.14125000000000001 0.805 0.14125000000000001 0.7975
2 0.14750000000000002 0.81125 0.13625 0.81125 0.13625 0.83125 0.14750000000000002 0.83125 0.14750000000000002 0.81125
2 0.14250000000000002 0.74 0.13625 0.74 0.13625 0.75 0.14250000000000002 0.75 0.14250000000000002 0.74
2 0.15 0.73875 0.14125000000000001 0.73875 0.14125000000000001 0.74875 0.15 0.74875 0.15 0.73875
2 0.16499999999999998 0.73125 0.15625 0.73125 0.15625 0.74375 0.16499999999999998 0.74375 0.16499999999999998 0.73125
2 0.16999999999999998 0.73 0.16375 0.73 0.16375 0.7424999999999999 0.16999999999999998 0.7424999999999999 0.16999999999999998 0.73
2 0.18375 0.7275 0.1775 0.7275 0.1775 0.7375 0.18375 0.7375 0.18375 0.7275
2 0.19 0.7275 0.185 0.7275 0.185 0.7375 0.19 0.7375 0.19 0.7275
2 0.21749999999999997 0.6912499999999999 0.20625 0.6912499999999999 0.20625 0.69875 0.21749999999999997 0.69875 0.21749999999999997 0.6912499999999999
2 0.22000000000000003 0.7025 0.20875 0.7025 0.20875 0.70875 0.22000000000000003 0.70875 0.22000000000000003 0.7025
2 0.19624999999999998 0.8087500000000001 0.19125 0.8087500000000001 0.19125 0.82125 0.19624999999999998 0.82125 0.19624999999999998 0.8087500000000001
2 0.2 0.7537499999999999 0.19375 0.7537499999999999 0.19375 0.7675 0.2 0.7675 0.2 0.7537499999999999
2 0.19375 0.755 0.1875 0.755 0.1875 0.76625 0.19375 0.76625 0.19375 0.755
2 0.16625 0.795 0.16125 0.795 0.16125 0.80625 0.16625 0.80625 0.16625 0.795
2 0.17875000000000002 0.79625 0.17250000000000001 0.79625 0.17250000000000001 0.80625 0.17875000000000002 0.80625 0.17875000000000002 0.79625
2 0.185 0.79625 0.17875000000000002 0.79625 0.17875000000000002 0.80625 0.185 0.80625 0.185 0.79625
2 0.195 0.79625 0.19 0.79625 0.19 0.8074999999999999 0.195 0.8074999999999999 0.195 0.79625
2 0.20249999999999999 0.7975 0.19624999999999998 0.7975 0.19624999999999998 0.80625 0.20249999999999999 0.80625 0.20249999999999999 0.7975
2 0.20750000000000002 0.795 0.20249999999999999 0.795 0.20249999999999999 0.80625 0.20750000000000002 0.80625 0.20750000000000002 0.795
2 0.215 0.795 0.20750000000000002 0.795 0.20750000000000002 0.80625 0.215 0.80625 0.215 0.795
2 0.22000000000000003 0.79625 0.215 0.79625 0.215 0.80625 0.22000000000000003 0.80625 0.22000000000000003 0.79625
2 0.2325 0.79625 0.22749999999999998 0.79625 0.22749999999999998 0.8087500000000001 0.2325 0.8087500000000001 0.2325 0.79625
2 0.17875000000000002 0.8087500000000001 0.17250000000000001 0.8087500000000001 0.17250000000000001 0.82125 0.17875000000000002 0.82125 0.17875000000000002 0.8087500000000001
2 0.185 0.8087500000000001 0.17875000000000002 0.8087500000000001 0.17875000000000002 0.82125 0.185 0.82125 0.185 0.8087500000000001
2 0.19 0.8087500000000001 0.185 0.8087500000000001 0.185 0.8225 0.19 0.8225 0.19 0.8087500000000001
2 0.20875 0.8074999999999999 0.20249999999999999 0.8074999999999999 0.20249999999999999 0.82125 0.20875 0.82125 0.20875 0.8074999999999999
2 0.2125 0.75625 0.20625 0.75625 0.20625 0.7675 0.2125 0.7675 0.2125 0.75625
2 0.215 0.80625 0.20750000000000002 0.80625 0.20750000000000002 0.82125 0.215 0.82125 0.215 0.80625
2 0.22000000000000003 0.8074999999999999 0.21375000000000002 0.8074999999999999 0.21375000000000002 0.8225 0.22000000000000003 0.8225 0.22000000000000003 0.8074999999999999
2 0.225 0.8087500000000001 0.22000000000000003 0.8087500000000001 0.22000000000000003 0.82125 0.225 0.82125 0.225 0.8087500000000001
2 0.23875000000000002 0.8099999999999999 0.2325 0.8099999999999999 0.2325 0.82125 0.23875000000000002 0.82125 0.23875000000000002 0.8099999999999999
2 0.24500000000000002 0.81125 0.23875000000000002 0.81125 0.23875000000000002 0.8225 0.24500000000000002 0.8225 0.24500000000000002 0.81125
2 0.20625 0.755 0.2 0.755 0.2 0.7675 0.20625 0.7675 0.20625 0.755
2 0.22000000000000003 0.75625 0.2125 0.75625 0.2125 0.7675 0.22000000000000003 0.7675 0.22000000000000003 0.75625
2 0.22125 0.70875 0.20875 0.70875 0.20875 0.7150000000000001 0.22125 0.7150000000000001 0.22125 0.70875
2 0.33125 0.7162499999999999 0.32625000000000004 0.7162499999999999 0.32625000000000004 0.7275 0.33125 0.7275 0.33125 0.7162499999999999
2 0.2225 0.7150000000000001 0.21000000000000002 0.7150000000000001 0.21000000000000002 0.72 0.2225 0.72 0.2225 0.7150000000000001
2 0.29125 0.70625 0.28375 0.70625 0.28375 0.7175 0.29125 0.7175 0.29125 0.70625
2 0.27875 0.66875 0.26625 0.66875 0.26625 0.6775 0.27875 0.6775 0.27875 0.66875
2 0.29874999999999996 0.6799999999999999 0.2925 0.6799999999999999 0.2925 0.6912499999999999 0.29874999999999996 0.6912499999999999 0.29874999999999996 0.6799999999999999
2 0.305 0.6837500000000001 0.2975 0.6837500000000001 0.2975 0.69375 0.305 0.69375 0.305 0.6837500000000001
2 0.31124999999999997 0.6849999999999999 0.30375 0.6849999999999999 0.30375 0.6950000000000001 0.31124999999999997 0.6950000000000001 0.31124999999999997 0.6849999999999999
2 0.3175 0.68625 0.30874999999999997 0.68625 0.30874999999999997 0.69625 0.3175 0.69625 0.3175 0.68625
2 0.33375 0.6900000000000001 0.32625000000000004 0.6900000000000001 0.32625000000000004 0.7025 0.33375 0.7025 0.33375 0.6900000000000001
2 0.34125 0.6912499999999999 0.33125 0.6912499999999999 0.33125 0.705 0.34125 0.705 0.34125 0.6912499999999999
2 0.3025 0.7075 0.29375 0.7075 0.29375 0.7212500000000001 0.3025 0.7212500000000001 0.3025 0.7075
2 0.30874999999999997 0.70875 0.3 0.70875 0.3 0.72 0.30874999999999997 0.72 0.30874999999999997 0.70875
2 0.31375000000000003 0.7112499999999999 0.30625 0.7112499999999999 0.30625 0.725 0.31375000000000003 0.725 0.31375000000000003 0.7112499999999999
2 0.31875 0.7125 0.31124999999999997 0.7125 0.31124999999999997 0.72375 0.31875 0.72375 0.31875 0.7125
2 0.325 0.7125 0.3175 0.7125 0.3175 0.7262500000000001 0.325 0.7262500000000001 0.325 0.7125
2 0.33875 0.7175 0.32999999999999996 0.7175 0.32999999999999996 0.73125 0.33875 0.73125 0.33875 0.7175
2 0.22374999999999998 0.755 0.21875 0.755 0.21875 0.76875 0.22374999999999998 0.76875 0.22374999999999998 0.755
2 0.34750000000000003 0.7224999999999999 0.34125 0.7224999999999999 0.34125 0.735 0.34750000000000003 0.735 0.34750000000000003 0.7224999999999999
2 0.35375 0.7224999999999999 0.34625 0.7224999999999999 0.34625 0.735 0.35375 0.735 0.35375 0.7224999999999999
2 0.36 0.72375 0.3525 0.72375 0.3525 0.7375 0.36 0.7375 0.36 0.72375
2 0.1575 0.76375 0.14750000000000002 0.76375 0.14750000000000002 0.77625 0.1575 0.77625 0.1575 0.76375
2 0.16375 0.7625 0.15375 0.7625 0.15375 0.7737499999999999 0.16375 0.7737499999999999 0.16375 0.7625
2 0.16875 0.76125 0.15875 0.76125 0.15875 0.7725 0.16875 0.7725 0.16875 0.76125
2 0.17250000000000001 0.75875 0.16499999999999998 0.75875 0.16499999999999998 0.77125 0.17250000000000001 0.77125 0.17250000000000001 0.75875
2 0.17375000000000002 0.77625 0.16125 0.77625 0.16125 0.7825 0.17375000000000002 0.7825 0.17375000000000002 0.77625
2 0.18125 0.7675 0.17625 0.7675 0.17625 0.78 0.18125 0.78 0.18125 0.7675
2 0.1875 0.76875 0.18125 0.76875 0.18125 0.78 0.1875 0.78 0.1875 0.76875
2 0.19375 0.7675 0.1875 0.7675 0.1875 0.78 0.19375 0.78 0.19375 0.7675
2 0.205 0.7675 0.19875 0.7675 0.19875 0.78125 0.205 0.78125 0.205 0.7675
2 0.21125 0.7675 0.205 0.7675 0.205 0.78125 0.21125 0.78125 0.21125 0.7675
2 0.21749999999999997 0.76625 0.2125 0.76625 0.2125 0.78 0.21749999999999997 0.78 0.21749999999999997 0.76625
2 0.26 0.9199999999999999 0.255 0.9199999999999999 0.255 0.93125 0.26 0.93125 0.26 0.9199999999999999
2 0.26625 0.9199999999999999 0.26125 0.9199999999999999 0.26125 0.93125 0.26625 0.93125 0.26625 0.9199999999999999
2 0.2725 0.9199999999999999 0.26625 0.9199999999999999 0.26625 0.9324999999999999 0.2725 0.9324999999999999 0.2725 0.9199999999999999
2 0.4575 0.82875 0.445 0.82875 0.445 0.835 0.4575 0.835 0.4575 0.82875
2 0.31 0.81125 0.305 0.81125 0.305 0.8237500000000001 0.31 0.8237500000000001 0.31 0.81125
2 0.3175 0.81125 0.31 0.81125 0.31 0.8237500000000001 0.3175 0.8237500000000001 0.3175 0.81125
2 0.3275 0.81125 0.3225 0.81125 0.3225 0.8237500000000001 0.3275 0.8237500000000001 0.3275 0.81125
2 0.33375 0.81125 0.32875 0.81125 0.32875 0.8225 0.33375 0.8225 0.33375 0.81125
2 0.35875 0.8125 0.35125 0.8125 0.35125 0.825 0.35875 0.825 0.35875 0.8125
2 0.36875 0.8125 0.36375 0.8125 0.36375 0.8237500000000001 0.36875 0.8237500000000001 0.36875 0.8125
2 0.375 0.81125 0.37 0.81125 0.37 0.8225 0.375 0.8225 0.375 0.81125
2 0.38625 0.81375 0.38 0.81375 0.38 0.825 0.38625 0.825 0.38625 0.81375
2 0.39375 0.81375 0.3875 0.81375 0.3875 0.8262499999999999 0.39375 0.8262499999999999 0.39375 0.81375
2 0.40625 0.81375 0.4 0.81375 0.4 0.8237500000000001 0.40625 0.8237500000000001 0.40625 0.81375
2 0.4175 0.8125 0.41125 0.8125 0.41125 0.8237500000000001 0.4175 0.8237500000000001 0.4175 0.8125
2 0.42374999999999996 0.8125 0.4175 0.8125 0.4175 0.8237500000000001 0.42374999999999996 0.8237500000000001 0.42374999999999996 0.8125
2 0.43 0.8125 0.42374999999999996 0.8125 0.42374999999999996 0.8237500000000001 0.43 0.8237500000000001 0.43 0.8125
2 0.45875000000000005 0.835 0.44625000000000004 0.835 0.44625000000000004 0.8412499999999999 0.45875000000000005 0.8412499999999999 0.45875000000000005 0.835
2 0.4575 0.8237500000000001 0.445 0.8237500000000001 0.445 0.8300000000000001 0.4575 0.8300000000000001 0.4575 0.8237500000000001
2 0.2925 0.81125 0.28625 0.81125 0.28625 0.8225 0.2925 0.8225 0.2925 0.81125
2 0.4575 0.81875 0.44625000000000004 0.81875 0.44625000000000004 0.8237500000000001 0.4575 0.8237500000000001 0.4575 0.81875
2 0.45875000000000005 0.81375 0.44625000000000004 0.81375 0.44625000000000004 0.81875 0.45875000000000005 0.81875 0.45875000000000005 0.81375
2 0.45875000000000005 0.8087500000000001 0.44625000000000004 0.8087500000000001 0.44625000000000004 0.81375 0.45875000000000005 0.81375 0.45875000000000005 0.8087500000000001
2 0.4575 0.80375 0.44625000000000004 0.80375 0.44625000000000004 0.8087500000000001 0.4575 0.8087500000000001 0.4575 0.80375
2 0.45875000000000005 0.7975 0.44625000000000004 0.7975 0.44625000000000004 0.80375 0.45875000000000005 0.80375 0.45875000000000005 0.7975
2 0.26749999999999996 0.7975 0.26125 0.7975 0.26125 0.8074999999999999 0.26749999999999996 0.8074999999999999 0.26749999999999996 0.7975
2 0.27625 0.7975 0.26875 0.7975 0.26875 0.8087500000000001 0.27625 0.8087500000000001 0.27625 0.7975
2 0.27999999999999997 0.79875 0.27625 0.79875 0.27625 0.8087500000000001 0.27999999999999997 0.8087500000000001 0.27999999999999997 0.79875
2 0.2875 0.7975 0.28125 0.7975 0.28125 0.8099999999999999 0.2875 0.8099999999999999 0.2875 0.7975
2 0.305 0.7975 0.2975 0.7975 0.2975 0.8087500000000001 0.305 0.8087500000000001 0.305 0.7975
2 0.31625000000000003 0.7975 0.31 0.7975 0.31 0.8099999999999999 0.31625000000000003 0.8099999999999999 0.31625000000000003 0.7975
2 0.3225 0.7975 0.31625000000000003 0.7975 0.31625000000000003 0.8099999999999999 0.3225 0.8099999999999999 0.3225 0.7975
2 0.3275 0.7975 0.3225 0.7975 0.3225 0.8099999999999999 0.3275 0.8099999999999999 0.3275 0.7975
2 0.33375 0.79875 0.3275 0.79875 0.3275 0.8087500000000001 0.33375 0.8087500000000001 0.33375 0.79875
2 0.29874999999999996 0.81125 0.29125 0.81125 0.29125 0.8225 0.29874999999999996 0.8225 0.29874999999999996 0.81125
2 0.28625 0.8099999999999999 0.28125 0.8099999999999999 0.28125 0.8225 0.28625 0.8225 0.28625 0.8099999999999999
2 0.34625 0.8 0.33999999999999997 0.8 0.33999999999999997 0.8099999999999999 0.34625 0.8099999999999999 0.34625 0.8
2 0.26125 0.8375 0.255 0.8375 0.255 0.85125 0.26125 0.85125 0.26125 0.8375
2 0.40875000000000006 0.8412499999999999 0.40374999999999994 0.8412499999999999 0.40374999999999994 0.8525 0.40875000000000006 0.8525 0.40875000000000006 0.8412499999999999
2 0.4025 0.8412499999999999 0.39625 0.8412499999999999 0.39625 0.8525 0.4025 0.8525 0.4025 0.8412499999999999
2 0.395 0.8400000000000001 0.38875000000000004 0.8400000000000001 0.38875000000000004 0.85125 0.395 0.85125 0.395 0.8400000000000001
2 0.37374999999999997 0.8400000000000001 0.36875 0.8400000000000001 0.36875 0.85125 0.37374999999999997 0.85125 0.37374999999999997 0.8400000000000001
2 0.3675 0.8387499999999999 0.36124999999999996 0.8387499999999999 0.36124999999999996 0.85 0.3675 0.85 0.3675 0.8387499999999999
2 0.19624999999999998 0.8375 0.19 0.8375 0.19 0.85 0.19624999999999998 0.85 0.19624999999999998 0.8375
2 0.20249999999999999 0.8375 0.195 0.8375 0.195 0.85 0.20249999999999999 0.85 0.20249999999999999 0.8375
2 0.20750000000000002 0.8387499999999999 0.20249999999999999 0.8387499999999999 0.20249999999999999 0.85125 0.20750000000000002 0.85125 0.20750000000000002 0.8387499999999999
2 0.215 0.83625 0.20750000000000002 0.83625 0.20750000000000002 0.85 0.215 0.85 0.215 0.83625
2 0.22625 0.8375 0.21875 0.8375 0.21875 0.8487500000000001 0.22625 0.8487500000000001 0.22625 0.8375
2 0.2325 0.8375 0.22625 0.8375 0.22625 0.85 0.2325 0.85 0.2325 0.8375
2 0.2375 0.8375 0.2325 0.8375 0.2325 0.85 0.2375 0.85 0.2375 0.8375
2 0.24500000000000002 0.8387499999999999 0.2375 0.8387499999999999 0.2375 0.85 0.24500000000000002 0.85 0.24500000000000002 0.8387499999999999
2 0.25375000000000003 0.8375 0.24874999999999997 0.8375 0.24874999999999997 0.85 0.25375000000000003 0.85 0.25375000000000003 0.8375
2 0.26749999999999996 0.8387499999999999 0.26125 0.8387499999999999 0.26125 0.85125 0.26749999999999996 0.85125 0.26749999999999996 0.8387499999999999
2 0.28125 0.8087500000000001 0.275 0.8087500000000001 0.275 0.8225 0.28125 0.8225 0.28125 0.8087500000000001
2 0.2725 0.8375 0.26625 0.8375 0.26625 0.85125 0.2725 0.85125 0.2725 0.8375
2 0.27999999999999997 0.8387499999999999 0.2725 0.8387499999999999 0.2725 0.85125 0.27999999999999997 0.85125 0.27999999999999997 0.8387499999999999
2 0.28625 0.8387499999999999 0.28125 0.8387499999999999 0.28125 0.85 0.28625 0.85 0.28625 0.8387499999999999
2 0.29375 0.8400000000000001 0.2875 0.8400000000000001 0.2875 0.85 0.29375 0.85 0.29375 0.8400000000000001
2 0.30125 0.8387499999999999 0.29500000000000004 0.8387499999999999 0.29500000000000004 0.85 0.30125 0.85 0.30125 0.8387499999999999
2 0.31375000000000003 0.8387499999999999 0.3075 0.8387499999999999 0.3075 0.85 0.31375000000000003 0.85 0.31375000000000003 0.8387499999999999
2 0.32125 0.8400000000000001 0.315 0.8400000000000001 0.315 0.85 0.32125 0.85 0.32125 0.8400000000000001
2 0.32875 0.8387499999999999 0.32125 0.8387499999999999 0.32125 0.85 0.32875 0.85 0.32875 0.8387499999999999
2 0.335 0.8400000000000001 0.32999999999999996 0.8400000000000001 0.32999999999999996 0.85 0.335 0.85 0.335 0.8400000000000001
2 0.34249999999999997 0.8400000000000001 0.3375 0.8400000000000001 0.3375 0.85125 0.34249999999999997 0.85125 0.34249999999999997 0.8400000000000001
2 0.35625 0.8400000000000001 0.35125 0.8400000000000001 0.35125 0.85125 0.35625 0.85125 0.35625 0.8400000000000001
2 0.2575 0.81125 0.25 0.81125 0.25 0.8225 0.2575 0.8225 0.2575 0.81125
2 0.26875 0.8099999999999999 0.26125 0.8099999999999999 0.26125 0.8225 0.26875 0.8225 0.26875 0.8099999999999999
2 0.275 0.8099999999999999 0.26875 0.8099999999999999 0.26875 0.8225 0.275 0.8225 0.275 0.8099999999999999
2 0.33999999999999997 0.8 0.33375 0.8 0.33375 0.8099999999999999 0.33999999999999997 0.8099999999999999 0.33999999999999997 0.8
2 0.3525 0.8 0.34625 0.8 0.34625 0.81125 0.3525 0.81125 0.3525 0.8
2 0.4175 0.8550000000000001 0.4125 0.8550000000000001 0.4125 0.86625 0.4175 0.86625 0.4175 0.8550000000000001
2 0.37 0.6975 0.35750000000000004 0.6975 0.35750000000000004 0.71 0.37 0.71 0.37 0.6975
2 0.55 0.85375 0.5425 0.85375 0.5425 0.8675 0.55 0.8675 0.55 0.85375
2 0.55 0.66625 0.53625 0.66625 0.53625 0.67625 0.55 0.67625 0.55 0.66625
2 0.5387500000000001 0.6625 0.53 0.6625 0.53 0.66875 0.5387500000000001 0.66875 0.5387500000000001 0.6625
2 0.5475 0.64 0.53125 0.64 0.53125 0.65125 0.5475 0.65125 0.5475 0.64
2 0.5900000000000001 0.62375 0.58 0.62375 0.58 0.63625 0.5900000000000001 0.63625 0.5900000000000001 0.62375
2 0.585 0.6375 0.575 0.6375 0.575 0.65 0.585 0.65 0.585 0.6375
2 0.55375 0.62625 0.5425 0.62625 0.5425 0.63625 0.55375 0.63625 0.55375 0.62625
2 0.5725 0.6075 0.55125 0.6075 0.55125 0.6224999999999999 0.5725 0.6224999999999999 0.5725 0.6075
2 0.56875 0.59875 0.55125 0.59875 0.55125 0.61375 0.56875 0.61375 0.56875 0.59875
2 0.6837500000000001 0.5287499999999999 0.67125 0.5287499999999999 0.67125 0.54125 0.6837500000000001 0.54125 0.6837500000000001 0.5287499999999999
2 0.7 0.5075000000000001 0.6875 0.5075000000000001 0.6875 0.52 0.7 0.52 0.7 0.5075000000000001
2 0.79375 0.42750000000000005 0.78 0.42750000000000005 0.78 0.44000000000000006 0.79375 0.44000000000000006 0.79375 0.42750000000000005
2 0.47000000000000003 0.7375 0.45999999999999996 0.7375 0.45999999999999996 0.7424999999999999 0.47000000000000003 0.7424999999999999 0.47000000000000003 0.7375
2 0.35875 0.79875 0.35125 0.79875 0.35125 0.8125 0.35875 0.8125 0.35875 0.79875
2 0.3225 0.77 0.3175 0.77 0.3175 0.78 0.3225 0.78 0.3225 0.77
2 0.375 0.8 0.36875 0.8 0.36875 0.81125 0.375 0.81125 0.375 0.8
2 0.38375 0.79875 0.37625000000000003 0.79875 0.37625000000000003 0.8125 0.38375 0.8125 0.38375 0.79875
2 0.395 0.8 0.3875 0.8 0.3875 0.8099999999999999 0.395 0.8099999999999999 0.395 0.8
2 0.4 0.8012499999999999 0.39375 0.8012499999999999 0.39375 0.81125 0.4 0.81125 0.4 0.8012499999999999
2 0.40625 0.8 0.39875 0.8 0.39875 0.81125 0.40625 0.81125 0.40625 0.8
2 0.42374999999999996 0.8012499999999999 0.41624999999999995 0.8012499999999999 0.41624999999999995 0.8125 0.42374999999999996 0.8125 0.42374999999999996 0.8012499999999999
2 0.25375000000000003 0.77 0.24874999999999997 0.77 0.24874999999999997 0.7825 0.25375000000000003 0.7825 0.25375000000000003 0.77
2 0.26749999999999996 0.77 0.26375000000000004 0.77 0.26375000000000004 0.7825 0.26749999999999996 0.7825 0.26749999999999996 0.77
2 0.275 0.76875 0.26749999999999996 0.76875 0.26749999999999996 0.7825 0.275 0.7825 0.275 0.76875
2 0.28125 0.76875 0.275 0.76875 0.275 0.78125 0.28125 0.78125 0.28125 0.76875
2 0.2875 0.76875 0.28125 0.76875 0.28125 0.7825 0.2875 0.7825 0.2875 0.76875
2 0.3 0.76875 0.2925 0.76875 0.2925 0.7825 0.3 0.7825 0.3 0.76875
2 0.31124999999999997 0.76875 0.30375 0.76875 0.30375 0.78125 0.31124999999999997 0.78125 0.31124999999999997 0.76875
2 0.3175 0.76875 0.31124999999999997 0.76875 0.31124999999999997 0.78125 0.3175 0.78125 0.3175 0.76875
2 0.3275 0.77 0.3225 0.77 0.3225 0.78125 0.3275 0.78125 0.3275 0.77
2 0.38375 0.7325 0.375 0.7325 0.375 0.74375 0.38375 0.74375 0.38375 0.7325
2 0.335 0.77 0.32875 0.77 0.32875 0.7825 0.335 0.7825 0.335 0.77
2 0.34125 0.77125 0.335 0.77125 0.335 0.7825 0.34125 0.7825 0.34125 0.77125
2 0.36 0.77125 0.3525 0.77125 0.3525 0.7825 0.36 0.7825 0.36 0.77125
2 0.37124999999999997 0.77125 0.36375 0.77125 0.36375 0.7837500000000001 0.37124999999999997 0.7837500000000001 0.37124999999999997 0.77125
2 0.38125 0.77 0.37625000000000003 0.77 0.37625000000000003 0.7825 0.38125 0.7825 0.38125 0.77
2 0.38875000000000004 0.77125 0.38125 0.77125 0.38125 0.7837500000000001 0.38875000000000004 0.7837500000000001 0.38875000000000004 0.77125
2 0.39375 0.7725 0.38875000000000004 0.7725 0.38875000000000004 0.7837500000000001 0.39375 0.7837500000000001 0.39375 0.7725
2 0.4 0.7725 0.39375 0.7725 0.39375 0.78625 0.4 0.78625 0.4 0.7725
2 0.40625 0.7737499999999999 0.4 0.7737499999999999 0.4 0.7849999999999999 0.40625 0.7849999999999999 0.40625 0.7737499999999999
2 0.41125 0.77125 0.40625 0.77125 0.40625 0.7849999999999999 0.41125 0.7849999999999999 0.41125 0.77125
2 0.41875 0.7737499999999999 0.4125 0.7737499999999999 0.4125 0.7849999999999999 0.41875 0.7849999999999999 0.41875 0.7737499999999999
2 0.425 0.7725 0.41875 0.7725 0.41875 0.7849999999999999 0.425 0.7849999999999999 0.425 0.7725
2 0.43125 0.7725 0.42374999999999996 0.7725 0.42374999999999996 0.7849999999999999 0.43125 0.7849999999999999 0.43125 0.7725
2 0.365 0.7262500000000001 0.35875 0.7262500000000001 0.35875 0.74 0.365 0.74 0.365 0.7262500000000001
2 0.42125 0.8400000000000001 0.41624999999999995 0.8400000000000001 0.41624999999999995 0.8525 0.42125 0.8525 0.42125 0.8400000000000001
2 0.4125 0.8550000000000001 0.40625 0.8550000000000001 0.40625 0.86625 0.4125 0.86625 0.4125 0.8550000000000001
2 0.27875 0.9199999999999999 0.2725 0.9199999999999999 0.2725 0.93125 0.27875 0.93125 0.27875 0.9199999999999999
2 0.35625 0.89625 0.35125 0.89625 0.35125 0.90625 0.35625 0.90625 0.35625 0.89625
2 0.2725 0.89375 0.26749999999999996 0.89375 0.26749999999999996 0.905 0.2725 0.905 0.2725 0.89375
2 0.27875 0.8925000000000001 0.2725 0.8925000000000001 0.2725 0.905 0.27875 0.905 0.27875 0.8925000000000001
2 0.28500000000000003 0.89375 0.27875 0.89375 0.27875 0.90625 0.28500000000000003 0.90625 0.28500000000000003 0.89375
2 0.29 0.8949999999999999 0.28500000000000003 0.8949999999999999 0.28500000000000003 0.90625 0.29 0.90625 0.29 0.8949999999999999
2 0.29625 0.89375 0.29 0.89375 0.29 0.90625 0.29625 0.90625 0.29625 0.89375
2 0.30375 0.8949999999999999 0.2975 0.8949999999999999 0.2975 0.90625 0.30375 0.90625 0.30375 0.8949999999999999
2 0.30874999999999997 0.89625 0.30375 0.89625 0.30375 0.905 0.30874999999999997 0.905 0.30874999999999997 0.89625
2 0.31375000000000003 0.8949999999999999 0.30874999999999997 0.8949999999999999 0.30874999999999997 0.905 0.31375000000000003 0.905 0.31375000000000003 0.8949999999999999
2 0.32 0.8949999999999999 0.315 0.8949999999999999 0.315 0.90625 0.32 0.90625 0.32 0.8949999999999999
2 0.32625000000000004 0.89375 0.32125 0.89375 0.32125 0.9075 0.32625000000000004 0.9075 0.32625000000000004 0.89375
2 0.3325 0.89625 0.32625000000000004 0.89625 0.32625000000000004 0.9075 0.3325 0.9075 0.3325 0.89625
2 0.3375 0.8949999999999999 0.3325 0.8949999999999999 0.3325 0.9075 0.3375 0.9075 0.3375 0.8949999999999999
2 0.34375 0.8949999999999999 0.3375 0.8949999999999999 0.3375 0.90625 0.34375 0.90625 0.34375 0.8949999999999999
2 0.35 0.8949999999999999 0.34375 0.8949999999999999 0.34375 0.90625 0.35 0.90625 0.35 0.8949999999999999
2 0.36625 0.8949999999999999 0.36124999999999996 0.8949999999999999 0.36124999999999996 0.9075 0.36625 0.9075 0.36625 0.8949999999999999
2 0.26125 0.89375 0.255 0.89375 0.255 0.90625 0.26125 0.90625 0.26125 0.89375
2 0.3725 0.8949999999999999 0.3675 0.8949999999999999 0.3675 0.90625 0.3725 0.90625 0.3725 0.8949999999999999
2 0.38 0.89625 0.3725 0.89625 0.3725 0.90625 0.38 0.90625 0.38 0.89625
2 0.38625 0.8949999999999999 0.38 0.8949999999999999 0.38 0.90625 0.38625 0.90625 0.38625 0.8949999999999999
2 0.39125 0.8949999999999999 0.385 0.8949999999999999 0.385 0.9075 0.39125 0.9075 0.39125 0.8949999999999999
2 0.3975 0.8949999999999999 0.39125 0.8949999999999999 0.39125 0.9075 0.3975 0.9075 0.3975 0.8949999999999999
2 0.4025 0.8949999999999999 0.39625 0.8949999999999999 0.39625 0.90625 0.4025 0.90625 0.4025 0.8949999999999999
2 0.41624999999999995 0.8949999999999999 0.41 0.8949999999999999 0.41 0.9087500000000001 0.41624999999999995 0.9087500000000001 0.41624999999999995 0.8949999999999999
2 0.4225 0.8949999999999999 0.41624999999999995 0.8949999999999999 0.41624999999999995 0.9075 0.4225 0.9075 0.4225 0.8949999999999999
2 0.42874999999999996 0.89625 0.4225 0.89625 0.4225 0.9075 0.42874999999999996 0.9075 0.42874999999999996 0.89625
2 0.41624999999999995 0.88125 0.41 0.88125 0.41 0.89375 0.41624999999999995 0.89375 0.41624999999999995 0.88125
2 0.40875000000000006 0.88125 0.40374999999999994 0.88125 0.40374999999999994 0.89375 0.40875000000000006 0.89375 0.40875000000000006 0.88125
2 0.45499999999999996 0.9037499999999999 0.44375 0.9037499999999999 0.44375 0.9087500000000001 0.45499999999999996 0.9087500000000001 0.45499999999999996 0.9037499999999999
2 0.45499999999999996 0.89875 0.44375 0.89875 0.44375 0.9025000000000001 0.45499999999999996 0.9025000000000001 0.45499999999999996 0.89875
2 0.4575 0.8712500000000001 0.445 0.8712500000000001 0.445 0.8775000000000001 0.4575 0.8775000000000001 0.4575 0.8712500000000001
2 0.26625 0.8925000000000001 0.26125 0.8925000000000001 0.26125 0.905 0.26625 0.905 0.26625 0.8925000000000001
2 0.255 0.89375 0.24874999999999997 0.89375 0.24874999999999997 0.90625 0.255 0.90625 0.255 0.89375
2 0.195 0.8787499999999999 0.19 0.8787499999999999 0.19 0.89 0.195 0.89 0.195 0.8787499999999999
2 0.375 0.92125 0.37 0.92125 0.37 0.9337500000000001 0.375 0.9337500000000001 0.375 0.92125
2 0.28375 0.92125 0.27875 0.92125 0.27875 0.93125 0.28375 0.93125 0.28375 0.92125
2 0.29 0.92125 0.28375 0.92125 0.28375 0.9324999999999999 0.29 0.9324999999999999 0.29 0.92125
2 0.29625 0.9199999999999999 0.29 0.9199999999999999 0.29 0.9324999999999999 0.29625 0.9324999999999999 0.29625 0.9199999999999999
2 0.3025 0.92125 0.29625 0.92125 0.29625 0.9324999999999999 0.3025 0.9324999999999999 0.3025 0.92125
2 0.30874999999999997 0.9199999999999999 0.3025 0.9199999999999999 0.3025 0.9337500000000001 0.30874999999999997 0.9337500000000001 0.30874999999999997 0.9199999999999999
2 0.31375000000000003 0.92125 0.30874999999999997 0.92125 0.30874999999999997 0.9337500000000001 0.31375000000000003 0.9337500000000001 0.31375000000000003 0.92125
2 0.33625 0.9125 0.3275 0.9125 0.3275 0.925 0.33625 0.925 0.33625 0.9125
2 0.42125 0.92125 0.41375 0.92125 0.41375 0.9324999999999999 0.42125 0.9324999999999999 0.42125 0.92125
2 0.41125 0.9199999999999999 0.40625 0.9199999999999999 0.40625 0.9324999999999999 0.41125 0.9324999999999999 0.41125 0.9199999999999999
2 0.40625 0.9225 0.4 0.9225 0.4 0.9324999999999999 0.40625 0.9324999999999999 0.40625 0.9225
2 0.40125 0.9199999999999999 0.39375 0.9199999999999999 0.39375 0.9324999999999999 0.40125 0.9324999999999999 0.40125 0.9199999999999999
2 0.395 0.92125 0.38875000000000004 0.92125 0.38875000000000004 0.9324999999999999 0.395 0.9324999999999999 0.395 0.92125
2 0.38375 0.92125 0.37875000000000003 0.92125 0.37875000000000003 0.9337500000000001 0.38375 0.9337500000000001 0.38375 0.92125
2 0.37875000000000003 0.9225 0.37374999999999997 0.9225 0.37374999999999997 0.9337500000000001 0.37875000000000003 0.9337500000000001 0.37875000000000003 0.9225
2 0.34249999999999997 0.92125 0.33625 0.92125 0.33625 0.9337500000000001 0.34249999999999997 0.9337500000000001 0.34249999999999997 0.92125
2 0.24375 0.89375 0.2375 0.89375 0.2375 0.905 0.24375 0.905 0.24375 0.89375
2 0.34750000000000003 0.92125 0.34125 0.92125 0.34125 0.9337500000000001 0.34750000000000003 0.9337500000000001 0.34750000000000003 0.92125
2 0.35375 0.92125 0.34750000000000003 0.92125 0.34750000000000003 0.9349999999999999 0.35375 0.9349999999999999 0.35375 0.92125
2 0.35750000000000004 0.92125 0.35375 0.92125 0.35375 0.9324999999999999 0.35750000000000004 0.9324999999999999 0.35750000000000004 0.92125
2 0.36875 0.92125 0.3625 0.92125 0.3625 0.9324999999999999 0.36875 0.9324999999999999 0.36875 0.92125
2 0.3625 0.9199999999999999 0.35750000000000004 0.9199999999999999 0.35750000000000004 0.9337500000000001 0.3625 0.9337500000000001 0.3625 0.9199999999999999
2 0.45499999999999996 0.9087500000000001 0.4425 0.9087500000000001 0.4425 0.915 0.45499999999999996 0.915 0.45499999999999996 0.9087500000000001
2 0.195 0.8925000000000001 0.19 0.8925000000000001 0.19 0.9025000000000001 0.195 0.9025000000000001 0.195 0.8925000000000001
2 0.20125 0.8925000000000001 0.195 0.8925000000000001 0.195 0.9025000000000001 0.20125 0.9025000000000001 0.20125 0.8925000000000001
2 0.20750000000000002 0.8925000000000001 0.20125 0.8925000000000001 0.20125 0.9037499999999999 0.20750000000000002 0.9037499999999999 0.20750000000000002 0.8925000000000001
2 0.2125 0.8925000000000001 0.20625 0.8925000000000001 0.20625 0.905 0.2125 0.905 0.2125 0.8925000000000001
2 0.21875 0.89375 0.2125 0.89375 0.2125 0.9037499999999999 0.21875 0.9037499999999999 0.21875 0.89375
2 0.225 0.89375 0.21875 0.89375 0.21875 0.9037499999999999 0.225 0.9037499999999999 0.225 0.89375
2 0.23125 0.89375 0.225 0.89375 0.225 0.905 0.23125 0.905 0.23125 0.89375
2 0.2375 0.89375 0.23125 0.89375 0.23125 0.90625 0.2375 0.90625 0.2375 0.89375
2 0.4575 0.8775000000000001 0.445 0.8775000000000001 0.445 0.8825 0.4575 0.8825 0.4575 0.8775000000000001
2 0.20125 0.8775000000000001 0.195 0.8775000000000001 0.195 0.89 0.20125 0.89 0.20125 0.8775000000000001
2 0.40625 0.8550000000000001 0.4 0.8550000000000001 0.4 0.8675 0.40625 0.8675 0.40625 0.8550000000000001
2 0.29625 0.85125 0.29125 0.85125 0.29125 0.8625 0.29625 0.8625 0.29625 0.85125
2 0.20875 0.85125 0.20249999999999999 0.85125 0.20249999999999999 0.8625 0.20875 0.8625 0.20875 0.85125
2 0.215 0.8525 0.20875 0.8525 0.20875 0.8625 0.215 0.8625 0.215 0.8525
2 0.22000000000000003 0.85125 0.21375000000000002 0.85125 0.21375000000000002 0.8637499999999999 0.22000000000000003 0.8637499999999999 0.22000000000000003 0.85125
2 0.225 0.85125 0.22000000000000003 0.85125 0.22000000000000003 0.8625 0.225 0.8625 0.225 0.85125
2 0.23125 0.85 0.22625 0.85 0.22625 0.8612500000000001 0.23125 0.8612500000000001 0.23125 0.85
2 0.23625 0.85125 0.23125 0.85125 0.23125 0.8625 0.23625 0.8625 0.23625 0.85125
2 0.24625 0.85125 0.2375 0.85125 0.2375 0.8625 0.24625 0.8625 0.24625 0.85125
2 0.25375000000000003 0.85125 0.2475 0.85125 0.2475 0.8637499999999999 0.25375000000000003 0.8637499999999999 0.25375000000000003 0.85125
2 0.26125 0.85125 0.255 0.85125 0.255 0.865 0.26125 0.865 0.26125 0.85125
2 0.26749999999999996 0.8525 0.26125 0.8525 0.26125 0.865 0.26749999999999996 0.865 0.26749999999999996 0.8525
2 0.2725 0.8525 0.26749999999999996 0.8525 0.26749999999999996 0.865 0.2725 0.865 0.2725 0.8525
2 0.27999999999999997 0.8525 0.27375 0.8525 0.27375 0.8625 0.27999999999999997 0.8625 0.27999999999999997 0.8525
2 0.28500000000000003 0.85125 0.27875 0.85125 0.27875 0.8637499999999999 0.28500000000000003 0.8637499999999999 0.28500000000000003 0.85125
2 0.29125 0.85125 0.28625 0.85125 0.28625 0.8625 0.29125 0.8625 0.29125 0.85125
2 0.3025 0.85125 0.2975 0.85125 0.2975 0.8625 0.3025 0.8625 0.3025 0.85125
2 0.19624999999999998 0.85 0.19 0.85 0.19 0.8625 0.19624999999999998 0.8625 0.19624999999999998 0.85
2 0.3075 0.8525 0.3025 0.8525 0.3025 0.8637499999999999 0.3075 0.8637499999999999 0.3075 0.8525
2 0.31375000000000003 0.8525 0.3075 0.8525 0.3075 0.8625 0.31375000000000003 0.8625 0.31375000000000003 0.8525
2 0.32 0.8525 0.315 0.8525 0.315 0.8625 0.32 0.8625 0.32 0.8525
2 0.32625000000000004 0.85125 0.32125 0.85125 0.32125 0.8637499999999999 0.32625000000000004 0.8637499999999999 0.32625000000000004 0.85125
2 0.33375 0.8525 0.3275 0.8525 0.3275 0.8637499999999999 0.33375 0.8637499999999999 0.33375 0.8525
2 0.33875 0.8525 0.33375 0.8525 0.33375 0.865 0.33875 0.865 0.33875 0.8525
2 0.34500000000000003 0.8525 0.33875 0.8525 0.33875 0.865 0.34500000000000003 0.865 0.34500000000000003 0.8525
2 0.35750000000000004 0.85375 0.35125 0.85375 0.35125 0.865 0.35750000000000004 0.865 0.35750000000000004 0.85375
2 0.37374999999999997 0.8550000000000001 0.36875 0.8550000000000001 0.36875 0.865 0.37374999999999997 0.865 0.37374999999999997 0.8550000000000001
2 0.36625 0.85375 0.36124999999999996 0.85375 0.36124999999999996 0.8637499999999999 0.36625 0.8637499999999999 0.36625 0.85375
2 0.38125 0.8550000000000001 0.375 0.8550000000000001 0.375 0.865 0.38125 0.865 0.38125 0.8550000000000001
2 0.3875 0.8550000000000001 0.38125 0.8550000000000001 0.38125 0.865 0.3875 0.865 0.3875 0.8550000000000001
2 0.395 0.85375 0.3875 0.85375 0.3875 0.86625 0.395 0.86625 0.395 0.85375
2 0.4 0.85375 0.395 0.85375 0.395 0.86625 0.4 0.86625 0.4 0.85375
2 0.20249999999999999 0.85125 0.19624999999999998 0.85125 0.19624999999999998 0.8625 0.20249999999999999 0.8625 0.20249999999999999 0.85125
2 0.40374999999999994 0.8825 0.3975 0.8825 0.3975 0.89375 0.40374999999999994 0.89375 0.40374999999999994 0.8825
2 0.20750000000000002 0.8775000000000001 0.20125 0.8775000000000001 0.20125 0.89 0.20750000000000002 0.89 0.20750000000000002 0.8775000000000001
2 0.3025 0.88125 0.2975 0.88125 0.2975 0.8925000000000001 0.3025 0.8925000000000001 0.3025 0.88125
2 0.21375000000000002 0.8775000000000001 0.20750000000000002 0.8775000000000001 0.20750000000000002 0.89 0.21375000000000002 0.89 0.21375000000000002 0.8775000000000001
2 0.21875 0.8800000000000001 0.21375000000000002 0.8800000000000001 0.21375000000000002 0.89 0.21875 0.89 0.21875 0.8800000000000001
2 0.22625 0.8800000000000001 0.22000000000000003 0.8800000000000001 0.22000000000000003 0.89125 0.22625 0.89125 0.22625 0.8800000000000001
2 0.2325 0.8787499999999999 0.22625 0.8787499999999999 0.22625 0.89 0.2325 0.89 0.2325 0.8787499999999999
2 0.23875000000000002 0.8775000000000001 0.2325 0.8775000000000001 0.2325 0.89 0.23875000000000002 0.89 0.23875000000000002 0.8775000000000001
2 0.24500000000000002 0.8787499999999999 0.23875000000000002 0.8787499999999999 0.23875000000000002 0.89 0.24500000000000002 0.89 0.24500000000000002 0.8787499999999999
2 0.25375000000000003 0.8787499999999999 0.2475 0.8787499999999999 0.2475 0.89 0.25375000000000003 0.89 0.25375000000000003 0.8787499999999999
2 0.26 0.8775000000000001 0.25375000000000003 0.8775000000000001 0.25375000000000003 0.89125 0.26 0.89125 0.26 0.8775000000000001
2 0.26749999999999996 0.8787499999999999 0.26125 0.8787499999999999 0.26125 0.89 0.26749999999999996 0.89 0.26749999999999996 0.8787499999999999
2 0.27375 0.8800000000000001 0.26749999999999996 0.8800000000000001 0.26749999999999996 0.89 0.27375 0.89 0.27375 0.8800000000000001
2 0.27875 0.8800000000000001 0.27375 0.8800000000000001 0.27375 0.89125 0.27875 0.89125 0.27875 0.8800000000000001
2 0.28500000000000003 0.8787499999999999 0.27999999999999997 0.8787499999999999 0.27999999999999997 0.89125 0.28500000000000003 0.89125 0.28500000000000003 0.8787499999999999
2 0.2925 0.8787499999999999 0.28625 0.8787499999999999 0.28625 0.89125 0.2925 0.89125 0.2925 0.8787499999999999
2 0.2975 0.88125 0.29125 0.88125 0.29125 0.8925000000000001 0.2975 0.8925000000000001 0.2975 0.88125
2 0.30874999999999997 0.88125 0.3025 0.88125 0.3025 0.8925000000000001 0.30874999999999997 0.8925000000000001 0.30874999999999997 0.88125
2 0.39875 0.8825 0.39375 0.8825 0.39375 0.89375 0.39875 0.89375 0.39875 0.8825
2 0.315 0.88125 0.30874999999999997 0.88125 0.30874999999999997 0.8925000000000001 0.315 0.8925000000000001 0.315 0.88125
2 0.32125 0.88125 0.315 0.88125 0.315 0.8925000000000001 0.32125 0.8925000000000001 0.32125 0.88125
2 0.32625000000000004 0.8800000000000001 0.32125 0.8800000000000001 0.32125 0.8925000000000001 0.32625000000000004 0.8925000000000001 0.32625000000000004 0.8800000000000001
2 0.33375 0.8800000000000001 0.3275 0.8800000000000001 0.3275 0.89125 0.33375 0.89125 0.33375 0.8800000000000001
2 0.33999999999999997 0.88125 0.33375 0.88125 0.33375 0.89125 0.33999999999999997 0.89125 0.33999999999999997 0.88125
2 0.34500000000000003 0.8800000000000001 0.33875 0.8800000000000001 0.33875 0.89 0.34500000000000003 0.89 0.34500000000000003 0.8800000000000001
2 0.35 0.8800000000000001 0.34625 0.8800000000000001 0.34625 0.89125 0.35 0.89125 0.35 0.8800000000000001
2 0.35625 0.8800000000000001 0.35125 0.8800000000000001 0.35125 0.89 0.35625 0.89 0.35625 0.8800000000000001
2 0.36875 0.8800000000000001 0.36124999999999996 0.8800000000000001 0.36124999999999996 0.89125 0.36875 0.89125 0.36875 0.8800000000000001
2 0.41 0.89375 0.40374999999999994 0.89375 0.40374999999999994 0.90625 0.41 0.90625 0.41 0.89375
2 0.375 0.8800000000000001 0.3675 0.8800000000000001 0.3675 0.8925000000000001 0.375 0.8925000000000001 0.375 0.8800000000000001
2 0.38 0.8800000000000001 0.375 0.8800000000000001 0.375 0.89125 0.38 0.89125 0.38 0.8800000000000001
2 0.38625 0.88125 0.38125 0.88125 0.38125 0.89125 0.38625 0.89125 0.38625 0.88125
2 0.39375 0.8800000000000001 0.3875 0.8800000000000001 0.3875 0.8925000000000001 0.39375 0.8925000000000001 0.39375 0.8800000000000001