2 0.13625 0.16125 0.11374999999999999 0.16125 0.11374999999999999 0.17625 0.13625 0.17625 0.13625 0.16125
2 0.013750000000000002 0.1975 0.00375 0.1975 0.00375 0.22374999999999998 0.013750000000000002 0.22374999999999998 0.013750000000000002 0.1975
2 0.29500000000000004 0.20750000000000002 0.28375 0.20750000000000002 0.28375 0.23374999999999999 0.29500000000000004 0.23374999999999999 0.29500000000000004 0.20750000000000002
2 0.28375 0.20625 0.2725 0.20625 0.2725 0.23500000000000001 0.28375 0.23500000000000001 0.28375 0.20625
2 0.028749999999999998 0.20249999999999999 0.017499999999999998 0.20249999999999999 0.017499999999999998 0.22749999999999998 0.028749999999999998 0.22749999999999998 0.028749999999999998 0.20249999999999999
2 0.2725 0.205 0.26 0.205 0.26 0.22875 0.2725 0.22875 0.2725 0.205
2 0.26 0.20375000000000001 0.2475 0.20375000000000001 0.2475 0.22999999999999998 0.26 0.22999999999999998 0.26 0.20375000000000001
2 0.24625 0.205 0.23374999999999999 0.205 0.23374999999999999 0.22749999999999998 0.24625 0.22749999999999998 0.24625 0.205
2 0.2325 0.20249999999999999 0.21875 0.20249999999999999 0.21875 0.22875 0.2325 0.22875 0.2325 0.20249999999999999
2 0.1775 0.40625 0.155 0.40625 0.155 0.41875 0.1775 0.41875 0.1775 0.40625
2 0.1775 0.4325 0.15625 0.4325 0.15625 0.445 0.1775 0.445 0.1775 0.4325
2 0.12125 0.08499999999999999 0.09375 0.08499999999999999 0.09375 0.10124999999999999 0.12125 0.10124999999999999 0.12125 0.08499999999999999
2 0.13374999999999998 0.20625 0.12250000000000001 0.20625 0.12250000000000001 0.2325 0.13374999999999998 0.2325 0.13374999999999998 0.20625
2 0.11875 0.2 0.1075 0.2 0.1075 0.22999999999999998 0.11875 0.22999999999999998 0.11875 0.2
2 0.1325 0.19125 0.11000000000000001 0.19125 0.11000000000000001 0.20125 0.1325 0.20125 0.1325 0.19125
2 0.065 0.18875 0.041249999999999995 0.18875 0.041249999999999995 0.20125 0.065 0.20125 0.065 0.18875
2 0.065 0.17875000000000002 0.041249999999999995 0.17875000000000002 0.041249999999999995 0.18875 0.065 0.18875 0.065 0.17875000000000002
2 0.05625 0.20375000000000001 0.042499999999999996 0.20375000000000001 0.042499999999999996 0.22625 0.05625 0.22625 0.05625 0.20375000000000001
2 0.041249999999999995 0.2 0.03 0.2 0.03 0.225 0.041249999999999995 0.225 0.041249999999999995 0.2