2 0.32625000000000004 0.9712500000000001 0.32 0.9712500000000001 0.32 0.9824999999999999 0.32625000000000004 0.9824999999999999 0.32625000000000004 0.9712500000000001
2 0.12375 0.765 0.1125 0.765 0.1125 0.7787499999999999 0.12375 0.7787499999999999 0.12375 0.765
2 0.25 0.8074999999999999 0.24375 0.8074999999999999 0.24375 0.8162499999999999 0.25 0.8162499999999999 0.25 0.8074999999999999
2 0.2525 0.8300000000000001 0.2475 0.8300000000000001 0.2475 0.8412499999999999 0.2525 0.8412499999999999 0.2525 0.8300000000000001
2 0.26875 0.8237500000000001 0.2575 0.8237500000000001 0.2575 0.83125 0.26875 0.83125 0.26875 0.8237500000000001
2 0.27125 0.8125 0.26 0.8125 0.26 0.81875 0.27125 0.81875 0.27125 0.8125
2 0.2725 0.80625 0.26 0.80625 0.26 0.81375 0.2725 0.81375 0.2725 0.80625
2 0.22749999999999998 0.7825 0.22374999999999998 0.7825 0.22374999999999998 0.795 0.22749999999999998 0.795 0.22749999999999998 0.7825
2 0.27749999999999997 0.74875 0.265 0.74875 0.265 0.755 0.27749999999999997 0.755 0.27749999999999997 0.74875
2 0.27625 0.74375 0.265 0.74375 0.265 0.74875 0.27625 0.74875 0.27625 0.74375
2 0.27625 0.73875 0.26375000000000004 0.73875 0.26375000000000004 0.74375 0.27625 0.74375 0.27625 0.73875
2 0.11750000000000001 0.68125 0.10500000000000001 0.68125 0.10500000000000001 0.6950000000000001 0.11750000000000001 0.6950000000000001 0.11750000000000001 0.68125
2 0.095 0.73125 0.08125 0.73125 0.08125 0.74375 0.095 0.74375 0.095 0.73125
2 0.10124999999999999 0.7275 0.0875 0.7275 0.0875 0.74125 0.10124999999999999 0.74125 0.10124999999999999 0.7275
2 0.13999999999999999 0.72375 0.12875 0.72375 0.12875 0.73625 0.13999999999999999 0.73625 0.13999999999999999 0.72375
2 0.13374999999999998 0.7262500000000001 0.12250000000000001 0.7262500000000001 0.12250000000000001 0.73875 0.13374999999999998 0.73875 0.13374999999999998 0.7262500000000001
2 0.14750000000000002 0.7462500000000001 0.13999999999999999 0.7462500000000001 0.13999999999999999 0.76 0.14750000000000002 0.76 0.14750000000000002 0.7462500000000001
2 0.14250000000000002 0.75125 0.1325 0.75125 0.1325 0.76375 0.14250000000000002 0.76375 0.14250000000000002 0.75125
2 0.13125 0.76 0.12250000000000001 0.76 0.12250000000000001 0.77125 0.13125 0.77125 0.13125 0.76
2 0.2225 0.7837500000000001 0.21625 0.7837500000000001 0.21625 0.79625 0.2225 0.79625 0.2225 0.7837500000000001
2 0.21875 0.7849999999999999 0.21125 0.7849999999999999 0.21125 0.79625 0.21875 0.79625 0.21875 0.7849999999999999
2 0.2125 0.7849999999999999 0.205 0.7849999999999999 0.205 0.79625 0.2125 0.79625 0.2125 0.7849999999999999
2 0.08125 0.8175000000000001 0.06875 0.8175000000000001 0.06875 0.8225 0.08125 0.8225 0.08125 0.8175000000000001
2 0.0875 0.8550000000000001 0.07375000000000001 0.8550000000000001 0.07375000000000001 0.8612500000000001 0.0875 0.8612500000000001 0.0875 0.8550000000000001
2 0.0875 0.85 0.07375000000000001 0.85 0.07375000000000001 0.8550000000000001 0.0875 0.8550000000000001 0.0875 0.85
2 0.08625000000000001 0.8425 0.07375000000000001 0.8425 0.07375000000000001 0.8487500000000001 0.08625000000000001 0.8487500000000001 0.08625000000000001 0.8425
2 0.08375 0.8375 0.07375000000000001 0.8375 0.07375000000000001 0.84375 0.08375 0.84375 0.08375 0.8375
2 0.08375 0.83125 0.07125000000000001 0.83125 0.07125000000000001 0.8387499999999999 0.08375 0.8387499999999999 0.08375 0.83125
2 0.08125 0.8275 0.06999999999999999 0.8275 0.06999999999999999 0.8324999999999999 0.08125 0.8324999999999999 0.08125 0.8275
2 0.08125 0.8225 0.06999999999999999 0.8225 0.06999999999999999 0.8275 0.08125 0.8275 0.08125 0.8225
2 0.052500000000000005 0.81875 0.041249999999999995 0.81875 0.041249999999999995 0.8262499999999999 0.052500000000000005 0.8262499999999999 0.052500000000000005 0.81875
2 0.20750000000000002 0.7875 0.20125 0.7875 0.20125 0.79875 0.20750000000000002 0.79875 0.20750000000000002 0.7875
2 0.057499999999999996 0.835 0.05 0.835 0.05 0.8462500000000001 0.057499999999999996 0.8462500000000001 0.057499999999999996 0.835
2 0.05500000000000001 0.825 0.04375 0.825 0.04375 0.83125 0.05500000000000001 0.83125 0.05500000000000001 0.825
2 0.20125 0.71 0.19125 0.71 0.19125 0.7224999999999999 0.20125 0.7224999999999999 0.20125 0.71
2 0.24874999999999997 0.8550000000000001 0.2425 0.8550000000000001 0.2425 0.86625 0.24874999999999997 0.86625 0.24874999999999997 0.8550000000000001
2 0.21000000000000002 0.8387499999999999 0.19875 0.8387499999999999 0.19875 0.8462500000000001 0.21000000000000002 0.8462500000000001 0.21000000000000002 0.8387499999999999
2 0.21000000000000002 0.8324999999999999 0.1975 0.8324999999999999 0.1975 0.8400000000000001 0.21000000000000002 0.8400000000000001 0.21000000000000002 0.8324999999999999
2 0.20249999999999999 0.7875 0.19375 0.7875 0.19375 0.8 0.20249999999999999 0.8 0.20249999999999999 0.7875
2 0.12875 0.7625 0.11750000000000001 0.7625 0.11750000000000001 0.775 0.12875 0.775 0.12875 0.7625
2 0.1 0.75125 0.0875 0.75125 0.0875 0.76375 0.1 0.76375 0.1 0.75125
2 0.10375000000000001 0.8074999999999999 0.0975 0.8074999999999999 0.0975 0.82 0.10375000000000001 0.82 0.10375000000000001 0.8074999999999999
2 0.10375000000000001 0.7474999999999999 0.09375 0.7474999999999999 0.09375 0.76 0.10375000000000001 0.76 0.10375000000000001 0.7474999999999999
2 0.23625 0.72 0.22125 0.72 0.22125 0.7262500000000001 0.23625 0.7262500000000001 0.23625 0.72
2 0.2625 0.7224999999999999 0.25 0.7224999999999999 0.25 0.7275 0.2625 0.7275 0.2625 0.7224999999999999
2 0.2575 0.6900000000000001 0.2475 0.6900000000000001 0.2475 0.69625 0.2575 0.69625 0.2575 0.6900000000000001
2 0.27 0.6825 0.2575 0.6825 0.2575 0.6900000000000001 0.27 0.6900000000000001 0.27 0.6825
2 0.25625 0.6837500000000001 0.24625 0.6837500000000001 0.24625 0.6912499999999999 0.25625 0.6912499999999999 0.25625 0.6837500000000001
2 0.22000000000000003 0.6675 0.20875 0.6675 0.20875 0.67875 0.22000000000000003 0.67875 0.22000000000000003 0.6675
2 0.2525 0.6775 0.2425 0.6775 0.2425 0.6849999999999999 0.2525 0.6849999999999999 0.2525 0.6775
2 0.15625 0.6837500000000001 0.14375 0.6837500000000001 0.14375 0.6975 0.15625 0.6975 0.15625 0.6837500000000001
2 0.21000000000000002 0.64625 0.19875 0.64625 0.19875 0.6599999999999999 0.21000000000000002 0.6599999999999999 0.21000000000000002 0.64625
2 0.25 0.61375 0.24375 0.61375 0.24375 0.62625 0.25 0.62625 0.25 0.61375
2 0.052500000000000005 0.5900000000000001 0.04 0.5900000000000001 0.04 0.59875 0.052500000000000005 0.59875 0.052500000000000005 0.5900000000000001
2 0.2975 0.55125 0.2875 0.55125 0.2875 0.56375 0.2975 0.56375 0.2975 0.55125
2 0.2625 0.53 0.25125000000000003 0.53 0.25125000000000003 0.5375 0.2625 0.5375 0.2625 0.53
2 0.26 0.5075000000000001 0.25 0.5075000000000001 0.25 0.52 0.26 0.52 0.26 0.5075000000000001
2 0.2375 0.73 0.22125 0.73 0.22125 0.73625 0.2375 0.73625 0.2375 0.73
2 0.23875000000000002 0.7375 0.22374999999999998 0.7375 0.22374999999999998 0.7424999999999999 0.23875000000000002 0.7424999999999999 0.23875000000000002 0.7375
2 0.2375 0.7424999999999999 0.22374999999999998 0.7424999999999999 0.22374999999999998 0.74875 0.2375 0.74875 0.2375 0.7424999999999999
2 0.16875 0.7625 0.1625 0.7625 0.1625 0.77625 0.16875 0.77625 0.16875 0.7625
2 0.065 0.775 0.05375 0.775 0.05375 0.7875 0.065 0.7875 0.065 0.775
2 0.07375000000000001 0.77 0.057499999999999996 0.77 0.057499999999999996 0.78625 0.07375000000000001 0.78625 0.07375000000000001 0.77
2 0.10874999999999999 0.7875 0.095 0.7875 0.095 0.79625 0.10874999999999999 0.79625 0.10874999999999999 0.7875
2 0.12250000000000001 0.7837500000000001 0.11000000000000001 0.7837500000000001 0.11000000000000001 0.7925 0.12250000000000001 0.7925 0.12250000000000001 0.7837500000000001
2 0.135 0.7825 0.12250000000000001 0.7825 0.12250000000000001 0.79 0.135 0.79 0.135 0.7825
2 0.14250000000000002 0.77125 0.13625 0.77125 0.13625 0.7837500000000001 0.14250000000000002 0.7837500000000001 0.14250000000000002 0.77125
2 0.14875 0.77125 0.14125000000000001 0.77125 0.14125000000000001 0.7837500000000001 0.14875 0.7837500000000001 0.14875 0.77125
2 0.19 0.76 0.1825 0.76 0.1825 0.7737499999999999 0.19 0.7737499999999999 0.19 0.76
2 0.23875000000000002 0.74875 0.22374999999999998 0.74875 0.22374999999999998 0.75625 0.23875000000000002 0.75625 0.23875000000000002 0.74875
2 0.195 0.7625 0.19 0.7625 0.19 0.7737499999999999 0.195 0.7737499999999999 0.195 0.7625
2 0.205 0.75625 0.19875 0.75625 0.19875 0.76875 0.205 0.76875 0.205 0.75625
2 0.21125 0.755 0.20375000000000001 0.755 0.20375000000000001 0.76875 0.21125 0.76875 0.21125 0.755
2 0.26375000000000004 0.7625 0.25125000000000003 0.7625 0.25125000000000003 0.77 0.26375000000000004 0.77 0.26375000000000004 0.7625
2 0.26375000000000004 0.76875 0.25375000000000003 0.76875 0.25375000000000003 0.7737499999999999 0.26375000000000004 0.7737499999999999 0.26375000000000004 0.76875
2 0.2625 0.7725 0.25 0.7725 0.25 0.78 0.2625 0.78 0.2625 0.7725
2 0.2625 0.7787499999999999 0.25 0.7787499999999999 0.25 0.7849999999999999 0.2625 0.7849999999999999 0.2625 0.7787499999999999
2 0.09875 0.8074999999999999 0.09125 0.8074999999999999 0.09125 0.82 0.09875 0.82 0.09875 0.8074999999999999
2 0.11000000000000001 0.805 0.10124999999999999 0.805 0.10124999999999999 0.8175000000000001 0.11000000000000001 0.8175000000000001 0.11000000000000001 0.805
2 0.4025 0.9475 0.39125 0.9475 0.39125 0.9550000000000001 0.4025 0.9550000000000001 0.4025 0.9475
2 0.1925 0.9550000000000001 0.18125 0.9550000000000001 0.18125 0.9625 0.1925 0.9625 0.1925 0.9550000000000001
2 0.23500000000000001 0.9487500000000001 0.22125 0.9487500000000001 0.22125 0.95625 0.23500000000000001 0.95625 0.23500000000000001 0.9487500000000001
2 0.2375 0.95875 0.225 0.95875 0.225 0.9650000000000001 0.2375 0.9650000000000001 0.2375 0.95875
2 0.23625 0.9637499999999999 0.22374999999999998 0.9637499999999999 0.22374999999999998 0.97 0.23625 0.97 0.23625 0.9637499999999999
2 0.2375 0.97 0.225 0.97 0.225 0.97625 0.2375 0.97625 0.2375 0.97
2 0.2375 0.97625 0.225 0.97625 0.225 0.98125 0.2375 0.98125 0.2375 0.97625
2 0.23875000000000002 0.98125 0.22749999999999998 0.98125 0.22749999999999998 0.9862500000000001 0.23875000000000002 0.9862500000000001 0.23875000000000002 0.98125
2 0.17375000000000002 0.98375 0.1625 0.98375 0.1625 0.99 0.17375000000000002 0.99 0.17375000000000002 0.98375
2 0.175 0.9887499999999999 0.1625 0.9887499999999999 0.1625 0.9949999999999999 0.175 0.9949999999999999 0.175 0.9887499999999999
2 0.17625 1 0.17625 0.9949999999999999 0.16375 0.9949999999999999 0.16375 1 0.17625 1
2 0.185 0.9637499999999999 0.17250000000000001 0.9637499999999999 0.17250000000000001 0.9712500000000001 0.185 0.9712500000000001 0.185 0.9637499999999999
2 0.1825 0.9574999999999999 0.16999999999999998 0.9574999999999999 0.16999999999999998 0.9650000000000001 0.1825 0.9650000000000001 0.1825 0.9574999999999999
2 0.16499999999999998 0.94375 0.1525 0.94375 0.1525 0.9525 0.16499999999999998 0.9525 0.16499999999999998 0.94375
2 0.1625 0.9275 0.15 0.9275 0.15 0.9349999999999999 0.1625 0.9349999999999999 0.1625 0.9275
2 0.16375 0.9324999999999999 0.15 0.9324999999999999 0.15 0.9412499999999999 0.16375 0.9412499999999999 0.16375 0.9324999999999999
2 0.1775 0.925 0.16625 0.925 0.16625 0.93125 0.1775 0.93125 0.1775 0.925
2 0.1775 0.93 0.16499999999999998 0.93 0.16499999999999998 0.9375 0.1775 0.9375 0.1775 0.93
2 0.19 0.92125 0.1775 0.92125 0.1775 0.93 0.19 0.93 0.19 0.92125
2 0.2325 0.94375 0.22000000000000003 0.94375 0.22000000000000003 0.9512499999999999 0.2325 0.9512499999999999 0.2325 0.94375
2 0.23125 0.9375 0.21875 0.9375 0.21875 0.94375 0.23125 0.94375 0.23125 0.9375
2 0.22999999999999998 0.93125 0.21875 0.93125 0.21875 0.93875 0.22999999999999998 0.93875 0.22999999999999998 0.93125
2 0.25625 0.9337500000000001 0.24375 0.9337500000000001 0.24375 0.93875 0.25625 0.93875 0.25625 0.9337500000000001
2 0.24874999999999997 0.9087500000000001 0.2375 0.9087500000000001 0.2375 0.91375 0.24874999999999997 0.91375 0.24874999999999997 0.9087500000000001
2 0.2525 0.91875 0.24 0.91875 0.24 0.9262499999999999 0.2525 0.9262499999999999 0.2525 0.91875
2 0.25375000000000003 0.9275 0.2425 0.9275 0.2425 0.93125 0.25375000000000003 0.93125 0.25375000000000003 0.9275
2 0.22875 0.9225 0.215 0.9225 0.215 0.92875 0.22875 0.92875 0.22875 0.9225
2 0.25875 0.9425000000000001 0.24625 0.9425000000000001 0.24625 0.9487500000000001 0.25875 0.9487500000000001 0.25875 0.9425000000000001
2 0.25875 0.95 0.2475 0.95 0.2475 0.95625 0.25875 0.95625 0.25875 0.95
2 0.26375000000000004 0.95875 0.25125000000000003 0.95875 0.25125000000000003 0.9662499999999999 0.26375000000000004 0.9662499999999999 0.26375000000000004 0.95875
2 0.22625 0.89875 0.21000000000000002 0.89875 0.21000000000000002 0.905 0.22625 0.905 0.22625 0.89875
2 0.22749999999999998 0.9037499999999999 0.21000000000000002 0.9037499999999999 0.21000000000000002 0.9099999999999999 0.22749999999999998 0.9099999999999999 0.22749999999999998 0.9037499999999999
2 0.22749999999999998 0.9112500000000001 0.21375000000000002 0.9112500000000001 0.21375000000000002 0.91625 0.22749999999999998 0.91625 0.22749999999999998 0.9112500000000001
2 0.22749999999999998 0.91625 0.215 0.91625 0.215 0.9225 0.22749999999999998 0.9225 0.22749999999999998 0.91625
2 0.19125 0.95 0.18125 0.95 0.18125 0.95625 0.19125 0.95625 0.19125 0.95
2 0.195 0.96125 0.18375 0.96125 0.18375 0.9675 0.195 0.9675 0.195 0.96125
2 0.13 0.8012499999999999 0.12375 0.8012499999999999 0.12375 0.81375 0.13 0.81375 0.13 0.8012499999999999
2 0.1975 0.9662499999999999 0.185 0.9662499999999999 0.185 0.9737500000000001 0.1975 0.9737500000000001 0.1975 0.9662499999999999
2 0.23500000000000001 0.8324999999999999 0.225 0.8324999999999999 0.225 0.8375 0.23500000000000001 0.8375 0.23500000000000001 0.8324999999999999
2 0.23500000000000001 0.82125 0.2225 0.82125 0.2225 0.82875 0.23500000000000001 0.82875 0.23500000000000001 0.82125
2 0.23374999999999999 0.8175000000000001 0.22125 0.8175000000000001 0.22125 0.8237500000000001 0.23374999999999999 0.8237500000000001 0.23374999999999999 0.8175000000000001
2 0.2325 0.81125 0.22000000000000003 0.81125 0.22000000000000003 0.8175000000000001 0.2325 0.8175000000000001 0.2325 0.81125
2 0.18125 0.8237500000000001 0.16875 0.8237500000000001 0.16875 0.82875 0.18125 0.82875 0.18125 0.8237500000000001
2 0.1825 0.83375 0.16999999999999998 0.83375 0.16999999999999998 0.8400000000000001 0.1825 0.8400000000000001 0.1825 0.83375
2 0.18375 0.8400000000000001 0.17124999999999999 0.8400000000000001 0.17124999999999999 0.84375 0.18375 0.84375 0.18375 0.8400000000000001
2 0.19 0.8625 0.1775 0.8625 0.1775 0.86875 0.19 0.86875 0.19 0.8625
2 0.16625 0.8699999999999999 0.15375 0.8699999999999999 0.15375 0.8775000000000001 0.16625 0.8775000000000001 0.16625 0.8699999999999999
2 0.16499999999999998 0.865 0.1525 0.865 0.1525 0.8724999999999999 0.16499999999999998 0.8724999999999999 0.16499999999999998 0.865
2 0.16499999999999998 0.85875 0.15125 0.85875 0.15125 0.86625 0.16499999999999998 0.86625 0.16499999999999998 0.85875
2 0.16 0.8525 0.14750000000000002 0.8525 0.14750000000000002 0.8612500000000001 0.16 0.8612500000000001 0.16 0.8525
2 0.1575 0.8425 0.14750000000000002 0.8425 0.14750000000000002 0.8487500000000001 0.1575 0.8487500000000001 0.1575 0.8425
2 0.1575 0.8300000000000001 0.14625 0.8300000000000001 0.14625 0.8375 0.1575 0.8375 0.1575 0.8300000000000001
2 0.15625 0.82 0.145 0.82 0.145 0.82875 0.15625 0.82875 0.15625 0.82
2 0.14250000000000002 0.8 0.13374999999999998 0.8 0.13374999999999998 0.81125 0.14250000000000002 0.81125 0.14250000000000002 0.8
2 0.135 0.8025 0.12875 0.8025 0.12875 0.8125 0.135 0.8125 0.135 0.8025
2 0.2125 0.845 0.20125 0.845 0.20125 0.8525 0.2125 0.8525 0.2125 0.845
2 0.21625 0.85625 0.205 0.85625 0.205 0.8612500000000001 0.21625 0.8612500000000001 0.21625 0.85625
2 0.21749999999999997 0.85875 0.205 0.85875 0.205 0.86625 0.21749999999999997 0.86625 0.21749999999999997 0.85875
2 0.1325 0.92125 0.11875 0.92125 0.11875 0.92875 0.1325 0.92875 0.1325 0.92125
2 0.13999999999999999 1 0.13999999999999999 0.9962500000000001 0.1275 0.9962500000000001 0.1275 1 0.13999999999999999 1
2 0.1375 0.985 0.12625 0.985 0.12625 0.9925 0.1375 0.9925 0.1375 0.985
2 0.145 0.9800000000000001 0.13374999999999998 0.9800000000000001 0.13374999999999998 0.9862500000000001 0.145 0.9862500000000001 0.145 0.9800000000000001
2 0.1375 0.9525 0.12625 0.9525 0.12625 0.95875 0.1375 0.95875 0.1375 0.9525
2 0.13 0.9475 0.11875 0.9475 0.11875 0.9550000000000001 0.13 0.9550000000000001 0.13 0.9475
2 0.1275 0.9375 0.11499999999999999 0.9375 0.11499999999999999 0.945 0.1275 0.945 0.1275 0.9375
2 0.12625 0.92875 0.11374999999999999 0.92875 0.11374999999999999 0.9349999999999999 0.12625 0.9349999999999999 0.12625 0.92875
2 0.125 0.91875 0.11000000000000001 0.91875 0.11000000000000001 0.9262499999999999 0.125 0.9262499999999999 0.125 0.91875
2 0.21625 0.86625 0.20625 0.86625 0.20625 0.8724999999999999 0.21625 0.8724999999999999 0.21625 0.86625
2 0.12375 0.9125 0.10874999999999999 0.9125 0.10874999999999999 0.92125 0.12375 0.92125 0.12375 0.9125
2 0.42750000000000005 0.8474999999999999 0.42125 0.8474999999999999 0.42125 0.85875 0.42750000000000005 0.85875 0.42750000000000005 0.8474999999999999
2 0.41500000000000004 0.845 0.40875000000000006 0.845 0.40875000000000006 0.85625 0.41500000000000004 0.85625 0.41500000000000004 0.845
2 0.19125 0.8712500000000001 0.17875000000000002 0.8712500000000001 0.17875000000000002 0.8787499999999999 0.19125 0.8787499999999999 0.19125 0.8712500000000001
2 0.24125000000000002 0.8625 0.22999999999999998 0.8625 0.22999999999999998 0.86875 0.24125000000000002 0.86875 0.24125000000000002 0.8625
2 0.2375 0.8425 0.225 0.8425 0.225 0.85125 0.2375 0.85125 0.2375 0.8425
2 0.24 0.85875 0.22875 0.85875 0.22875 0.8637499999999999 0.24 0.8637499999999999 0.24 0.85875
2 0.9925 0.8574999999999999 0.9800000000000001 0.8574999999999999 0.9800000000000001 0.8699999999999999 0.9925 0.8699999999999999 0.9925 0.8574999999999999
2 1 0.87375 0.9962500000000001 0.87375 0.9962500000000001 0.88375 1 0.88375 1 0.87375
2 0.97 0.78125 0.9574999999999999 0.78125 0.9574999999999999 0.7925 0.97 0.7925 0.97 0.78125
2 0.945 0.6825 0.9337500000000001 0.6825 0.9337500000000001 0.6875 0.945 0.6875 0.945 0.6825
2 0.9475 0.69875 0.9337500000000001 0.69875 0.9337500000000001 0.70375 0.9475 0.70375 0.9475 0.69875
2 0.95375 0.60625 0.9412499999999999 0.60625 0.9412499999999999 0.6174999999999999 0.95375 0.6174999999999999 0.95375 0.60625
2 0.95875 0.5962500000000001 0.9475 0.5962500000000001 0.9475 0.605 0.95875 0.605 0.95875 0.5962500000000001
2 0.93625 0.57625 0.93125 0.57625 0.93125 0.5875 0.93625 0.5875 0.93625 0.57625
2 0.9425000000000001 0.57625 0.93625 0.57625 0.93625 0.5875 0.9425000000000001 0.5875 0.9425000000000001 0.57625
2 1 0.5375 0.9875 0.5375 0.9875 0.54875 1 0.54875 1 0.5375
2 0.79625 0.57125 0.7837500000000001 0.57125 0.7837500000000001 0.58375 0.79625 0.58375 0.79625 0.57125
2 0.11374999999999999 0.7424999999999999 0.1025 0.7424999999999999 0.1025 0.7525000000000001 0.11374999999999999 0.7525000000000001 0.11374999999999999 0.7424999999999999
2 0.10874999999999999 0.745 0.0975 0.745 0.0975 0.7575000000000001 0.10874999999999999 0.7575000000000001 0.10874999999999999 0.745
2 0.2475 0.9012499999999999 0.23625 0.9012499999999999 0.23625 0.9075 0.2475 0.9075 0.2475 0.9012499999999999
2 0.8825 0.755 0.8712500000000001 0.755 0.8712500000000001 0.76375 0.8825 0.76375 0.8825 0.755
2 0.185 0.44875 0.17124999999999999 0.44875 0.17124999999999999 0.45875000000000005 0.185 0.45875000000000005 0.185 0.44875
2 0.2625 0.635 0.25375000000000003 0.635 0.25375000000000003 0.64625 0.2625 0.64625 0.2625 0.635
2 0.14125000000000001 0.9662499999999999 0.1275 0.9662499999999999 0.1275 0.9724999999999999 0.14125000000000001 0.9724999999999999 0.14125000000000001 0.9662499999999999