2 0.56125 0.78125 0.55 0.78125 0.55 0.795 0.56125 0.795 0.56125 0.78125
2 0.5912499999999999 0.8012499999999999 0.58125 0.8012499999999999 0.58125 0.8125 0.5912499999999999 0.8125 0.5912499999999999 0.8012499999999999
2 0.595 0.805 0.585 0.805 0.585 0.8175000000000001 0.595 0.8175000000000001 0.595 0.805
2 0.6 0.8087500000000001 0.5900000000000001 0.8087500000000001 0.5900000000000001 0.82125 0.6 0.82125 0.6 0.8087500000000001
2 0.605 0.81125 0.595 0.81125 0.595 0.825 0.605 0.825 0.605 0.81125
2 0.62 0.82125 0.61 0.82125 0.61 0.8375 0.62 0.8375 0.62 0.82125
2 0.5700000000000001 0.82 0.5599999999999999 0.82 0.5599999999999999 0.83375 0.5700000000000001 0.83375 0.5700000000000001 0.82
2 0.5650000000000001 0.8175000000000001 0.5549999999999999 0.8175000000000001 0.5549999999999999 0.83125 0.5650000000000001 0.83125 0.5650000000000001 0.8175000000000001
2 0.56125 0.81375 0.55 0.81375 0.55 0.8275 0.56125 0.8275 0.56125 0.81375
2 0.5549999999999999 0.8125 0.54625 0.8125 0.54625 0.8237500000000001 0.5549999999999999 0.8237500000000001 0.5549999999999999 0.8125
2 0.5525 0.8087500000000001 0.54 0.8087500000000001 0.54 0.8237500000000001 0.5525 0.8237500000000001 0.5525 0.8087500000000001
2 0.5475 0.805 0.5349999999999999 0.805 0.5349999999999999 0.82 0.5475 0.82 0.5475 0.805
2 0.5425 0.8025 0.53 0.8025 0.53 0.8162499999999999 0.5425 0.8162499999999999 0.5425 0.8025
2 0.5375 0.7975 0.525 0.7975 0.525 0.81125 0.5375 0.81125 0.5375 0.7975
2 0.5325 0.795 0.52 0.795 0.52 0.8087500000000001 0.5325 0.8087500000000001 0.5325 0.795
2 0.52625 0.7925 0.515 0.7925 0.515 0.80375 0.52625 0.80375 0.52625 0.7925
2 0.52125 0.7875 0.51 0.7875 0.51 0.8012499999999999 0.52125 0.8012499999999999 0.52125 0.7875
2 0.5175 0.7837500000000001 0.5037499999999999 0.7837500000000001 0.5037499999999999 0.79875 0.5175 0.79875 0.5175 0.7837500000000001
2 0.5862499999999999 0.7975 0.57375 0.7975 0.57375 0.81125 0.5862499999999999 0.81125 0.5862499999999999 0.7975
2 0.5575 0.7775000000000001 0.54625 0.7775000000000001 0.54625 0.79 0.5575 0.79 0.5575 0.7775000000000001
2 0.55375 0.775 0.5425 0.775 0.5425 0.7875 0.55375 0.7875 0.55375 0.775
2 0.5825 0.7424999999999999 0.5700000000000001 0.7424999999999999 0.5700000000000001 0.75625 0.5825 0.75625 0.5825 0.7424999999999999
2 0.625 0.7725 0.6125 0.7725 0.6125 0.78625 0.625 0.78625 0.625 0.7725
2 0.61875 0.76875 0.60625 0.76875 0.60625 0.7825 0.61875 0.7825 0.61875 0.76875
2 0.53625 0.7462500000000001 0.5237499999999999 0.7462500000000001 0.5237499999999999 0.75875 0.53625 0.75875 0.53625 0.7462500000000001
2 0.5287499999999999 0.7575000000000001 0.515 0.7575000000000001 0.515 0.77125 0.5287499999999999 0.77125 0.5287499999999999 0.7575000000000001
2 0.5325 0.76125 0.52125 0.76125 0.52125 0.7725 0.5325 0.7725 0.5325 0.76125
2 0.5375 0.76375 0.5237499999999999 0.76375 0.5237499999999999 0.77625 0.5375 0.77625 0.5375 0.76375
2 0.54625 0.7525000000000001 0.5325 0.7525000000000001 0.5325 0.765 0.54625 0.765 0.54625 0.7525000000000001
2 0.55 0.75625 0.5387500000000001 0.75625 0.5387500000000001 0.76875 0.55 0.76875 0.55 0.75625
2 0.55625 0.75875 0.54375 0.75875 0.54375 0.7725 0.55625 0.7725 0.55625 0.75875
2 0.56875 0.77 0.5549999999999999 0.77 0.5549999999999999 0.7825 0.56875 0.7825 0.56875 0.77
2 0.575 0.7725 0.5625 0.7725 0.5625 0.7875 0.575 0.7875 0.575 0.7725
2 0.5900000000000001 0.78125 0.57625 0.78125 0.57625 0.795 0.5900000000000001 0.795 0.5900000000000001 0.78125
2 0.595 0.7849999999999999 0.5825 0.7849999999999999 0.5825 0.79875 0.595 0.79875 0.595 0.7849999999999999
2 0.56125 0.76125 0.55 0.76125 0.55 0.775 0.56125 0.775 0.56125 0.76125
2 0.5425 0.7675 0.53125 0.7675 0.53125 0.78 0.5425 0.78 0.5425 0.7675
2 0.5475 0.77 0.53625 0.77 0.53625 0.7837500000000001 0.5475 0.7837500000000001 0.5475 0.77
2 0.5125 0.78125 0.5 0.78125 0.5 0.795 0.5125 0.795 0.5125 0.78125
2 0.51375 0.79875 0.5025000000000001 0.79875 0.5025000000000001 0.81375 0.51375 0.81375 0.51375 0.79875
2 0.52 0.805 0.50875 0.805 0.50875 0.8175000000000001 0.52 0.8175000000000001 0.52 0.805
2 0.5237499999999999 0.8074999999999999 0.5125 0.8074999999999999 0.5125 0.81875 0.5237499999999999 0.81875 0.5237499999999999 0.8074999999999999
2 0.47874999999999995 0.8099999999999999 0.46875 0.8099999999999999 0.46875 0.82125 0.47874999999999995 0.82125 0.47874999999999995 0.8099999999999999
2 0.485 0.81125 0.4725 0.81125 0.4725 0.825 0.485 0.825 0.485 0.81125
2 0.48875 0.8150000000000001 0.47625 0.8150000000000001 0.47625 0.8275 0.48875 0.8275 0.48875 0.8150000000000001
2 0.49375 0.82 0.48250000000000004 0.82 0.48250000000000004 0.83125 0.49375 0.83125 0.49375 0.82
2 0.49874999999999997 0.8225 0.4875 0.8225 0.4875 0.835 0.49874999999999997 0.835 0.49874999999999997 0.8225
2 0.5037499999999999 0.8275 0.4925 0.8275 0.4925 0.8400000000000001 0.5037499999999999 0.8400000000000001 0.5037499999999999 0.8275
2 0.56375 0.865 0.55 0.865 0.55 0.8787499999999999 0.56375 0.8787499999999999 0.56375 0.865
2 0.5775 0.8724999999999999 0.5650000000000001 0.8724999999999999 0.5650000000000001 0.8862500000000001 0.5775 0.8862500000000001 0.5775 0.8724999999999999
2 0.5825 0.8775000000000001 0.5725 0.8775000000000001 0.5725 0.89 0.5825 0.89 0.5825 0.8775000000000001
2 0.6775 0.8175000000000001 0.6637500000000001 0.8175000000000001 0.6637500000000001 0.8300000000000001 0.6775 0.8300000000000001 0.6775 0.8175000000000001
2 0.67375 0.8237500000000001 0.6587500000000001 0.8237500000000001 0.6587500000000001 0.83625 0.67375 0.83625 0.67375 0.8237500000000001
2 0.66625 0.83375 0.655 0.83375 0.655 0.8425 0.66625 0.8425 0.66625 0.83375
2 0.6625 0.84375 0.65 0.84375 0.65 0.8550000000000001 0.6625 0.8550000000000001 0.6625 0.84375
2 0.6487499999999999 0.85875 0.6325000000000001 0.85875 0.6325000000000001 0.87375 0.6487499999999999 0.87375 0.6487499999999999 0.85875
2 0.645 0.8675 0.62625 0.8675 0.62625 0.88375 0.645 0.88375 0.645 0.8675
2 0.64125 0.875 0.6212500000000001 0.875 0.6212500000000001 0.8925000000000001 0.64125 0.8925000000000001 0.64125 0.875
2 0.63625 0.8825 0.61875 0.8825 0.61875 0.89625 0.63625 0.89625 0.63625 0.8825
2 0.47375 0.8074999999999999 0.46749999999999997 0.8074999999999999 0.46749999999999997 0.81875 0.47375 0.81875 0.47375 0.8074999999999999
2 0.46875 0.8012499999999999 0.45875000000000005 0.8012499999999999 0.45875000000000005 0.81375 0.46875 0.81375 0.46875 0.8012499999999999
2 0.4625 0.79 0.45125000000000004 0.79 0.45125000000000004 0.8 0.4625 0.8 0.4625 0.79
2 0.6 0.8400000000000001 0.5900000000000001 0.8400000000000001 0.5900000000000001 0.8525 0.6 0.8525 0.6 0.8400000000000001
2 0.53 0.8099999999999999 0.51875 0.8099999999999999 0.51875 0.82125 0.53 0.82125 0.53 0.8099999999999999
2 0.5337500000000001 0.8125 0.5225 0.8125 0.5225 0.8237500000000001 0.5337500000000001 0.8237500000000001 0.5337500000000001 0.8125
2 0.57375 0.8237500000000001 0.5625 0.8237500000000001 0.5625 0.83625 0.57375 0.83625 0.57375 0.8237500000000001
2 0.58 0.8275 0.56875 0.8275 0.56875 0.8387499999999999 0.58 0.8387499999999999 0.58 0.8275
2 0.585 0.83125 0.57375 0.83125 0.57375 0.8412499999999999 0.585 0.8412499999999999 0.585 0.83125
2 0.5900000000000001 0.83375 0.57875 0.83375 0.57875 0.8462500000000001 0.5900000000000001 0.8462500000000001 0.5900000000000001 0.83375
2 0.5962500000000001 0.83625 0.585 0.83625 0.585 0.8487500000000001 0.5962500000000001 0.8487500000000001 0.5962500000000001 0.83625
2 0.615 0.85 0.60375 0.85 0.60375 0.8625 0.615 0.8625 0.615 0.85
2 0.465 0.7849999999999999 0.45375 0.7849999999999999 0.45375 0.79625 0.465 0.79625 0.465 0.7849999999999999
2 0.5425 0.82125 0.5337500000000001 0.82125 0.5337500000000001 0.8324999999999999 0.5425 0.8324999999999999 0.5425 0.82125
2 0.5387500000000001 0.8162499999999999 0.5275000000000001 0.8162499999999999 0.5275000000000001 0.82875 0.5387500000000001 0.82875 0.5387500000000001 0.8162499999999999
2 0.5349999999999999 0.8425 0.5225 0.8425 0.5225 0.8574999999999999 0.5349999999999999 0.8574999999999999 0.5349999999999999 0.8425
2 0.5625 0.83375 0.5525 0.83375 0.5525 0.8462500000000001 0.5625 0.8462500000000001 0.5625 0.83375
2 0.47625 0.77 0.46375 0.77 0.46375 0.7825 0.47625 0.7825 0.47625 0.77
2 0.47125000000000006 0.775 0.46125 0.775 0.46125 0.7875 0.47125000000000006 0.7875 0.47125000000000006 0.775
2 0.46749999999999997 0.78 0.4575 0.78 0.4575 0.79 0.46749999999999997 0.79 0.46749999999999997 0.78
2 0.575 0.74 0.5625 0.74 0.5625 0.7537499999999999 0.575 0.7537499999999999 0.575 0.74
2 0.56125 0.72875 0.55 0.72875 0.55 0.7424999999999999 0.56125 0.7424999999999999 0.56125 0.72875
2 0.5725 0.7375 0.5599999999999999 0.7375 0.5599999999999999 0.75 0.5725 0.75 0.5725 0.7375
2 0.64125 0.635 0.63125 0.635 0.63125 0.6475 0.64125 0.6475 0.64125 0.635
2 0.6375 0.45999999999999996 0.6275000000000001 0.45999999999999996 0.6275000000000001 0.4725 0.6375 0.4725 0.6375 0.45999999999999996
2 0.6587500000000001 0.4725 0.6487499999999999 0.4725 0.6487499999999999 0.485 0.6587500000000001 0.485 0.6587500000000001 0.4725
2 0.5387500000000001 0.39375 0.5275000000000001 0.39375 0.5275000000000001 0.40625 0.5387500000000001 0.40625 0.5387500000000001 0.39375
2 0.5349999999999999 0.42374999999999996 0.52625 0.42374999999999996 0.52625 0.43499999999999994 0.5349999999999999 0.43499999999999994 0.5349999999999999 0.42374999999999996
2 0.58125 0.42625 0.5700000000000001 0.42625 0.5700000000000001 0.43624999999999997 0.58125 0.43624999999999997 0.58125 0.42625
2 0.59875 0.5287499999999999 0.5862499999999999 0.5287499999999999 0.5862499999999999 0.5387500000000001 0.59875 0.5387500000000001 0.59875 0.5287499999999999
2 0.56875 0.50875 0.5549999999999999 0.50875 0.5549999999999999 0.52125 0.56875 0.52125 0.56875 0.50875
2 0.7162499999999999 0.665 0.7075 0.665 0.7075 0.67625 0.7162499999999999 0.67625 0.7162499999999999 0.665
2 0.66625 0.6325000000000001 0.655 0.6325000000000001 0.655 0.645 0.66625 0.645 0.66625 0.6325000000000001
2 0.61875 0.6174999999999999 0.6075 0.6174999999999999 0.6075 0.63125 0.61875 0.63125 0.61875 0.6174999999999999
2 0.6275000000000001 0.625 0.61625 0.625 0.61625 0.6375 0.6275000000000001 0.6375 0.6275000000000001 0.625
2 0.6325000000000001 0.6287499999999999 0.6212500000000001 0.6287499999999999 0.6212500000000001 0.64125 0.6325000000000001 0.64125 0.6325000000000001 0.6287499999999999
2 0.63625 0.6325000000000001 0.6275000000000001 0.6325000000000001 0.6275000000000001 0.64375 0.63625 0.64375 0.63625 0.6325000000000001
2 0.65 0.62375 0.64 0.62375 0.64 0.635 0.65 0.635 0.65 0.62375
2 0.5587500000000001 0.7262500000000001 0.545 0.7262500000000001 0.545 0.74 0.5587500000000001 0.74 0.5587500000000001 0.7262500000000001
2 0.645 0.62 0.635 0.62 0.635 0.63 0.645 0.63 0.645 0.62
2 0.61875 0.67375 0.60875 0.67375 0.60875 0.6837500000000001 0.61875 0.6837500000000001 0.61875 0.67375
2 0.525 0.68875 0.5125 0.68875 0.5125 0.70125 0.525 0.70125 0.525 0.68875
2 0.5275000000000001 0.6849999999999999 0.51625 0.6849999999999999 0.51625 0.69375 0.5275000000000001 0.69375 0.5275000000000001 0.6849999999999999
2 0.5325 0.6799999999999999 0.51875 0.6799999999999999 0.51875 0.6912499999999999 0.5325 0.6912499999999999 0.5325 0.6799999999999999
2 0.51625 0.70375 0.5025000000000001 0.70375 0.5025000000000001 0.7150000000000001 0.51625 0.7150000000000001 0.51625 0.70375
2 0.5125 0.70875 0.5 0.70875 0.5 0.7175 0.5125 0.7175 0.5125 0.70875
2 0.5075000000000001 0.71375 0.495 0.71375 0.495 0.72375 0.5075000000000001 0.72375 0.5075000000000001 0.71375
2 0.5037499999999999 0.71875 0.49124999999999996 0.71875 0.49124999999999996 0.72875 0.5037499999999999 0.72875 0.5037499999999999 0.71875
2 0.5037499999999999 0.725 0.49000000000000005 0.725 0.49000000000000005 0.735 0.5037499999999999 0.735 0.5037499999999999 0.725
2 0.49874999999999997 0.72875 0.48624999999999996 0.72875 0.48624999999999996 0.7424999999999999 0.49874999999999997 0.7424999999999999 0.49874999999999997 0.72875
2 0.495 0.73375 0.485 0.73375 0.485 0.74375 0.495 0.74375 0.495 0.73375
2 0.5974999999999999 0.68875 0.58875 0.68875 0.58875 0.7025 0.5974999999999999 0.7025 0.5974999999999999 0.68875
2 0.60375 0.69375 0.5925 0.69375 0.5925 0.705 0.60375 0.705 0.60375 0.69375
2 0.605 0.73875 0.5925 0.73875 0.5925 0.7537499999999999 0.605 0.7537499999999999 0.605 0.73875
2 0.59875 0.735 0.5862499999999999 0.735 0.5862499999999999 0.74875 0.59875 0.74875 0.59875 0.735
2 0.585 0.7275 0.5725 0.7275 0.5725 0.74 0.585 0.74 0.585 0.7275
2 0.55375 0.7212500000000001 0.54 0.7212500000000001 0.54 0.7375 0.55375 0.7375 0.55375 0.7212500000000001
2 0.6075 0.6637500000000001 0.59875 0.6637500000000001 0.59875 0.67625 0.6075 0.67625 0.6075 0.6637500000000001
2 0.6025 0.66125 0.59375 0.66125 0.59375 0.6725 0.6025 0.6725 0.6025 0.66125
2 0.59375 0.6537499999999999 0.58375 0.6537499999999999 0.58375 0.66625 0.59375 0.66625 0.59375 0.6537499999999999
2 0.58125 0.60375 0.56875 0.60375 0.56875 0.61375 0.58125 0.61375 0.58125 0.60375
2 0.64 0.61625 0.63 0.61625 0.63 0.6275000000000001 0.64 0.6275000000000001 0.64 0.61625
2 0.635 0.61375 0.62375 0.61375 0.62375 0.625 0.635 0.625 0.635 0.61375
2 0.6287499999999999 0.61125 0.61875 0.61125 0.61875 0.6212500000000001 0.6287499999999999 0.6212500000000001 0.6287499999999999 0.61125
2 0.62375 0.6075 0.61375 0.6075 0.61375 0.61875 0.62375 0.61875 0.62375 0.6075
2 0.5925 0.5900000000000001 0.57875 0.5900000000000001 0.57875 0.6 0.5925 0.6 0.5925 0.5900000000000001
2 0.58875 0.595 0.57625 0.595 0.57625 0.605 0.58875 0.605 0.58875 0.595
2 0.5825 0.59875 0.5700000000000001 0.59875 0.5700000000000001 0.6075 0.5825 0.6075 0.5825 0.59875
2 0.57875 0.61 0.5662499999999999 0.61 0.5662499999999999 0.61875 0.57875 0.61875 0.57875 0.61
2 0.5900000000000001 0.65 0.57875 0.65 0.57875 0.6625 0.5900000000000001 0.6625 0.5900000000000001 0.65
2 0.5725 0.62 0.5599999999999999 0.62 0.5599999999999999 0.6287499999999999 0.5725 0.6287499999999999 0.5725 0.62
2 0.56875 0.625 0.5575 0.625 0.5575 0.63375 0.56875 0.63375 0.56875 0.625
2 0.5650000000000001 0.63 0.55375 0.63 0.55375 0.63875 0.5650000000000001 0.63875 0.5650000000000001 0.63
2 0.6325000000000001 0.66125 0.62 0.66125 0.62 0.67625 0.6325000000000001 0.67625 0.6325000000000001 0.66125
2 0.62625 0.6587500000000001 0.61625 0.6587500000000001 0.61625 0.67 0.62625 0.67 0.62625 0.6587500000000001
2 0.6212500000000001 0.655 0.61125 0.655 0.61125 0.6675 0.6212500000000001 0.6675 0.6212500000000001 0.655
2 0.61625 0.65125 0.60625 0.65125 0.60625 0.6637500000000001 0.61625 0.6637500000000001 0.61625 0.65125
2 0.6287499999999999 0.8925000000000001 0.60625 0.8925000000000001 0.60625 0.9087500000000001 0.6287499999999999 0.9087500000000001 0.6287499999999999 0.8925000000000001
2 0.05500000000000001 0.64125 0.04375 0.64125 0.04375 0.65625 0.05500000000000001 0.65625 0.05500000000000001 0.64125
2 0.32625000000000004 0.22125 0.32 0.22125 0.32 0.2325 0.32625000000000004 0.2325 0.32625000000000004 0.22125
2 0.12375 0.015 0.1125 0.015 0.1125 0.028749999999999998 0.12375 0.028749999999999998 0.12375 0.015
2 0.25 0.057499999999999996 0.24375 0.057499999999999996 0.24375 0.06625 0.25 0.06625 0.25 0.057499999999999996
2 0.2525 0.08 0.2475 0.08 0.2475 0.09125 0.2525 0.09125 0.2525 0.08
2 0.26875 0.07375000000000001 0.2575 0.07375000000000001 0.2575 0.08125 0.26875 0.08125 0.26875 0.07375000000000001
2 0.27125 0.0625 0.26 0.0625 0.26 0.06875 0.27125 0.06875 0.27125 0.0625
2 0.2725 0.05625 0.26 0.05625 0.26 0.06375 0.2725 0.06375 0.2725 0.05625
2 0.22749999999999998 0.0325 0.22374999999999998 0.0325 0.22374999999999998 0.045 0.22749999999999998 0.045 0.22749999999999998 0.0325
2 0.27625 0.00125 0.265 0.00125 0.265 0.005 0.27625 0.005 0.27625 0.00125
2 0.14750000000000002 0.00125 0.13999999999999999 0.00125 0.13999999999999999 0.01 0.14750000000000002 0.01 0.14750000000000002 0.00125
2 0.14250000000000002 0.00125 0.1325 0.00125 0.1325 0.013750000000000002 0.14250000000000002 0.013750000000000002 0.14250000000000002 0.00125
2 0.13125 0.01 0.12250000000000001 0.01 0.12250000000000001 0.021249999999999998 0.13125 0.021249999999999998 0.13125 0.01
2 0.2225 0.03375 0.21625 0.03375 0.21625 0.04625 0.2225 0.04625 0.2225 0.03375
2 0.21875 0.034999999999999996 0.21125 0.034999999999999996 0.21125 0.04625 0.21875 0.04625 0.21875 0.034999999999999996
2 0.2125 0.034999999999999996 0.205 0.034999999999999996 0.205 0.04625 0.2125 0.04625 0.2125 0.034999999999999996
2 0.08125 0.0675 0.06875 0.0675 0.06875 0.0725 0.08125 0.0725 0.08125 0.0675
2 0.0875 0.10500000000000001 0.07375000000000001 0.10500000000000001 0.07375000000000001 0.11125 0.0875 0.11125 0.0875 0.10500000000000001
2 0.0875 0.1 0.07375000000000001 0.1 0.07375000000000001 0.10500000000000001 0.0875 0.10500000000000001 0.0875 0.1
2 0.08625000000000001 0.0925 0.07375000000000001 0.0925 0.07375000000000001 0.09875 0.08625000000000001 0.09875 0.08625000000000001 0.0925
2 0.08375 0.0875 0.07375000000000001 0.0875 0.07375000000000001 0.09375 0.08375 0.09375 0.08375 0.0875
2 0.08375 0.08125 0.07125000000000001 0.08125 0.07125000000000001 0.08875 0.08375 0.08875 0.08375 0.08125
2 0.08125 0.0775 0.06999999999999999 0.0775 0.06999999999999999 0.08249999999999999 0.08125 0.08249999999999999 0.08125 0.0775
2 0.08125 0.0725 0.06999999999999999 0.0725 0.06999999999999999 0.0775 0.08125 0.0775 0.08125 0.0725
2 0.052500000000000005 0.06875 0.041249999999999995 0.06875 0.041249999999999995 0.07625 0.052500000000000005 0.07625 0.052500000000000005 0.06875
2 0.20750000000000002 0.0375 0.20125 0.0375 0.20125 0.04875 0.20750000000000002 0.04875 0.20750000000000002 0.0375
2 0.057499999999999996 0.08499999999999999 0.05 0.08499999999999999 0.05 0.09625 0.057499999999999996 0.09625 0.057499999999999996 0.08499999999999999
2 0.05500000000000001 0.075 0.04375 0.075 0.04375 0.08125 0.05500000000000001 0.08125 0.05500000000000001 0.075
2 0.24874999999999997 0.10500000000000001 0.2425 0.10500000000000001 0.2425 0.11625 0.24874999999999997 0.11625 0.24874999999999997 0.10500000000000001
2 0.21000000000000002 0.08875 0.19875 0.08875 0.19875 0.09625 0.21000000000000002 0.09625 0.21000000000000002 0.08875
2 0.21000000000000002 0.08249999999999999 0.1975 0.08249999999999999 0.1975 0.09 0.21000000000000002 0.09 0.21000000000000002 0.08249999999999999
2 0.20249999999999999 0.0375 0.19375 0.0375 0.19375 0.05 0.20249999999999999 0.05 0.20249999999999999 0.0375
2 0.12875 0.0125 0.11750000000000001 0.0125 0.11750000000000001 0.025 0.12875 0.025 0.12875 0.0125
2 0.1 0.00125 0.0875 0.00125 0.0875 0.013750000000000002 0.1 0.013750000000000002 0.1 0.00125
2 0.10375000000000001 0.057499999999999996 0.0975 0.057499999999999996 0.0975 0.06999999999999999 0.10375000000000001 0.06999999999999999 0.10375000000000001 0.057499999999999996
2 0.10375000000000001 0.00125 0.09375 0.00125 0.09375 0.01 0.10375000000000001 0.01 0.10375000000000001 0.00125
2 0.16875 0.0125 0.1625 0.0125 0.1625 0.026250000000000002 0.16875 0.026250000000000002 0.16875 0.0125
2 0.065 0.025 0.05375 0.025 0.05375 0.0375 0.065 0.0375 0.065 0.025
2 0.07375000000000001 0.02 0.057499999999999996 0.02 0.057499999999999996 0.03625 0.07375000000000001 0.03625 0.07375000000000001 0.02
2 0.10874999999999999 0.0375 0.095 0.0375 0.095 0.04625 0.10874999999999999 0.04625 0.10874999999999999 0.0375
2 0.12250000000000001 0.03375 0.11000000000000001 0.03375 0.11000000000000001 0.042499999999999996 0.12250000000000001 0.042499999999999996 0.12250000000000001 0.03375
2 0.135 0.0325 0.12250000000000001 0.0325 0.12250000000000001 0.04 0.135 0.04 0.135 0.0325
2 0.14250000000000002 0.021249999999999998 0.13625 0.021249999999999998 0.13625 0.03375 0.14250000000000002 0.03375 0.14250000000000002 0.021249999999999998
2 0.14875 0.021249999999999998 0.14125000000000001 0.021249999999999998 0.14125000000000001 0.03375 0.14875 0.03375 0.14875 0.021249999999999998
2 0.19 0.01 0.1825 0.01 0.1825 0.02375 0.19 0.02375 0.19 0.01
2 0.23875000000000002 0.00125 0.22374999999999998 0.00125 0.22374999999999998 0.00625 0.23875000000000002 0.00625 0.23875000000000002 0.00125
2 0.195 0.0125 0.19 0.0125 0.19 0.02375 0.195 0.02375 0.195 0.0125
2 0.205 0.00625 0.19875 0.00625 0.19875 0.01875 0.205 0.01875 0.205 0.00625
2 0.21125 0.005 0.20375000000000001 0.005 0.20375000000000001 0.01875 0.21125 0.01875 0.21125 0.005
2 0.26375000000000004 0.0125 0.25125000000000003 0.0125 0.25125000000000003 0.02 0.26375000000000004 0.02 0.26375000000000004 0.0125
2 0.26375000000000004 0.01875 0.25375000000000003 0.01875 0.25375000000000003 0.02375 0.26375000000000004 0.02375 0.26375000000000004 0.01875
2 0.2625 0.0225 0.25 0.0225 0.25 0.03 0.2625 0.03 0.2625 0.0225
2 0.2625 0.028749999999999998 0.25 0.028749999999999998 0.25 0.034999999999999996 0.2625 0.034999999999999996 0.2625 0.028749999999999998
2 0.09875 0.057499999999999996 0.09125 0.057499999999999996 0.09125 0.06999999999999999 0.09875 0.06999999999999999 0.09875 0.057499999999999996
2 0.11000000000000001 0.05500000000000001 0.10124999999999999 0.05500000000000001 0.10124999999999999 0.0675 0.11000000000000001 0.0675 0.11000000000000001 0.05500000000000001
2 0.4025 0.1975 0.39125 0.1975 0.39125 0.205 0.4025 0.205 0.4025 0.1975
2 0.1925 0.205 0.18125 0.205 0.18125 0.2125 0.1925 0.2125 0.1925 0.205
2 0.23500000000000001 0.19875 0.22125 0.19875 0.22125 0.20625 0.23500000000000001 0.20625 0.23500000000000001 0.19875
2 0.2375 0.20875 0.225 0.20875 0.225 0.215 0.2375 0.215 0.2375 0.20875
2 0.23625 0.21375000000000002 0.22374999999999998 0.21375000000000002 0.22374999999999998 0.22000000000000003 0.23625 0.22000000000000003 0.23625 0.21375000000000002
2 0.2375 0.22000000000000003 0.225 0.22000000000000003 0.225 0.22625 0.2375 0.22625 0.2375 0.22000000000000003
2 0.2375 0.22625 0.225 0.22625 0.225 0.23125 0.2375 0.23125 0.2375 0.22625
2 0.23875000000000002 0.23125 0.22749999999999998 0.23125 0.22749999999999998 0.23625 0.23875000000000002 0.23625 0.23875000000000002 0.23125
2 0.17375000000000002 0.23374999999999999 0.1625 0.23374999999999999 0.1625 0.24 0.17375000000000002 0.24 0.17375000000000002 0.23374999999999999
2 0.175 0.23875000000000002 0.1625 0.23875000000000002 0.1625 0.24500000000000002 0.175 0.24500000000000002 0.175 0.23875000000000002
2 0.17625 0.24500000000000002 0.16375 0.24500000000000002 0.16375 0.25 0.17625 0.25 0.17625 0.24500000000000002
2 0.185 0.21375000000000002 0.17250000000000001 0.21375000000000002 0.17250000000000001 0.22125 0.185 0.22125 0.185 0.21375000000000002
2 0.1825 0.20750000000000002 0.16999999999999998 0.20750000000000002 0.16999999999999998 0.215 0.1825 0.215 0.1825 0.20750000000000002
2 0.16499999999999998 0.19375 0.1525 0.19375 0.1525 0.20249999999999999 0.16499999999999998 0.20249999999999999 0.16499999999999998 0.19375
2 0.1625 0.1775 0.15 0.1775 0.15 0.185 0.1625 0.185 0.1625 0.1775
2 0.16375 0.1825 0.15 0.1825 0.15 0.19125 0.16375 0.19125 0.16375 0.1825
2 0.1775 0.175 0.16625 0.175 0.16625 0.18125 0.1775 0.18125 0.1775 0.175
2 0.1775 0.18 0.16499999999999998 0.18 0.16499999999999998 0.1875 0.1775 0.1875 0.1775 0.18
2 0.19 0.17124999999999999 0.1775 0.17124999999999999 0.1775 0.18 0.19 0.18 0.19 0.17124999999999999
2 0.2325 0.19375 0.22000000000000003 0.19375 0.22000000000000003 0.20125 0.2325 0.20125 0.2325 0.19375
2 0.23125 0.1875 0.21875 0.1875 0.21875 0.19375 0.23125 0.19375 0.23125 0.1875
2 0.22999999999999998 0.18125 0.21875 0.18125 0.21875 0.18875 0.22999999999999998 0.18875 0.22999999999999998 0.18125
2 0.25625 0.18375 0.24375 0.18375 0.24375 0.18875 0.25625 0.18875 0.25625 0.18375
2 0.45625 0.2975 0.44000000000000006 0.2975 0.44000000000000006 0.31375000000000003 0.45625 0.31375000000000003 0.45625 0.2975
2 0.425 0.32375 0.41375 0.32375 0.41375 0.3325 0.425 0.3325 0.425 0.32375
2 0.365 0.3025 0.35375 0.3025 0.35375 0.315 0.365 0.315 0.365 0.3025
2 0.41875 0.26 0.40750000000000003 0.26 0.40750000000000003 0.26749999999999996 0.41875 0.26749999999999996 0.41875 0.26
2 0.41875 0.24625 0.4025 0.24625 0.4025 0.2575 0.41875 0.2575 0.41875 0.24625
2 0.24874999999999997 0.15875 0.2375 0.15875 0.2375 0.16375 0.24874999999999997 0.16375 0.24874999999999997 0.15875
2 0.2525 0.16875 0.24 0.16875 0.24 0.17625 0.2525 0.17625 0.2525 0.16875
2 0.25375000000000003 0.1775 0.2425 0.1775 0.2425 0.18125 0.25375000000000003 0.18125 0.25375000000000003 0.1775
2 0.22875 0.17250000000000001 0.215 0.17250000000000001 0.215 0.17875000000000002 0.22875 0.17875000000000002 0.22875 0.17250000000000001
2 0.25875 0.1925 0.24625 0.1925 0.24625 0.19875 0.25875 0.19875 0.25875 0.1925
2 0.25875 0.2 0.2475 0.2 0.2475 0.20625 0.25875 0.20625 0.25875 0.2
2 0.26375000000000004 0.20875 0.25125000000000003 0.20875 0.25125000000000003 0.21625 0.26375000000000004 0.21625 0.26375000000000004 0.20875
2 0.22625 0.14875 0.21000000000000002 0.14875 0.21000000000000002 0.155 0.22625 0.155 0.22625 0.14875
2 0.22749999999999998 0.15375 0.21000000000000002 0.15375 0.21000000000000002 0.16 0.22749999999999998 0.16 0.22749999999999998 0.15375
2 0.22749999999999998 0.16125 0.21375000000000002 0.16125 0.21375000000000002 0.16625 0.22749999999999998 0.16625 0.22749999999999998 0.16125
2 0.22749999999999998 0.16625 0.215 0.16625 0.215 0.17250000000000001 0.22749999999999998 0.17250000000000001 0.22749999999999998 0.16625
2 0.19125 0.2 0.18125 0.2 0.18125 0.20625 0.19125 0.20625 0.19125 0.2
2 0.195 0.21125 0.18375 0.21125 0.18375 0.21749999999999997 0.195 0.21749999999999997 0.195 0.21125
2 0.13 0.05125 0.12375 0.05125 0.12375 0.06375 0.13 0.06375 0.13 0.05125
2 0.1975 0.21625 0.185 0.21625 0.185 0.22374999999999998 0.1975 0.22374999999999998 0.1975 0.21625
2 0.23500000000000001 0.08249999999999999 0.225 0.08249999999999999 0.225 0.0875 0.23500000000000001 0.0875 0.23500000000000001 0.08249999999999999
2 0.23500000000000001 0.07125000000000001 0.2225 0.07125000000000001 0.2225 0.07875 0.23500000000000001 0.07875 0.23500000000000001 0.07125000000000001
2 0.23374999999999999 0.0675 0.22125 0.0675 0.22125 0.07375000000000001 0.23374999999999999 0.07375000000000001 0.23374999999999999 0.0675
2 0.2325 0.061250000000000006 0.22000000000000003 0.061250000000000006 0.22000000000000003 0.0675 0.2325 0.0675 0.2325 0.061250000000000006
2 0.18125 0.07375000000000001 0.16875 0.07375000000000001 0.16875 0.07875 0.18125 0.07875 0.18125 0.07375000000000001
2 0.1825 0.08375 0.16999999999999998 0.08375 0.16999999999999998 0.09 0.1825 0.09 0.1825 0.08375
2 0.18375 0.09 0.17124999999999999 0.09 0.17124999999999999 0.09375 0.18375 0.09375 0.18375 0.09
2 0.19 0.1125 0.1775 0.1125 0.1775 0.11875 0.19 0.11875 0.19 0.1125
2 0.16625 0.12 0.15375 0.12 0.15375 0.1275 0.16625 0.1275 0.16625 0.12
2 0.16499999999999998 0.11499999999999999 0.1525 0.11499999999999999 0.1525 0.12250000000000001 0.16499999999999998 0.12250000000000001 0.16499999999999998 0.11499999999999999
2 0.16499999999999998 0.10874999999999999 0.15125 0.10874999999999999 0.15125 0.11625 0.16499999999999998 0.11625 0.16499999999999998 0.10874999999999999
2 0.16 0.1025 0.14750000000000002 0.1025 0.14750000000000002 0.11125 0.16 0.11125 0.16 0.1025
2 0.1575 0.0925 0.14750000000000002 0.0925 0.14750000000000002 0.09875 0.1575 0.09875 0.1575 0.0925
2 0.1575 0.08 0.14625 0.08 0.14625 0.0875 0.1575 0.0875 0.1575 0.08
2 0.15625 0.06999999999999999 0.145 0.06999999999999999 0.145 0.07875 0.15625 0.07875 0.15625 0.06999999999999999
2 0.14250000000000002 0.05 0.13374999999999998 0.05 0.13374999999999998 0.061250000000000006 0.14250000000000002 0.061250000000000006 0.14250000000000002 0.05
2 0.135 0.052500000000000005 0.12875 0.052500000000000005 0.12875 0.0625 0.135 0.0625 0.135 0.052500000000000005
2 0.2125 0.095 0.20125 0.095 0.20125 0.1025 0.2125 0.1025 0.2125 0.095
2 0.21625 0.10625 0.205 0.10625 0.205 0.11125 0.21625 0.11125 0.21625 0.10625
2 0.21749999999999997 0.10874999999999999 0.205 0.10874999999999999 0.205 0.11625 0.21749999999999997 0.11625 0.21749999999999997 0.10874999999999999
2 0.1325 0.17124999999999999 0.11875 0.17124999999999999 0.11875 0.17875000000000002 0.1325 0.17875000000000002 0.1325 0.17124999999999999
2 0.13999999999999999 0.24625 0.1275 0.24625 0.1275 0.2525 0.13999999999999999 0.2525 0.13999999999999999 0.24625
2 0.1375 0.23500000000000001 0.12625 0.23500000000000001 0.12625 0.2425 0.1375 0.2425 0.1375 0.23500000000000001
2 0.145 0.22999999999999998 0.13374999999999998 0.22999999999999998 0.13374999999999998 0.23625 0.145 0.23625 0.145 0.22999999999999998
2 0.1375 0.20249999999999999 0.12625 0.20249999999999999 0.12625 0.20875 0.1375 0.20875 0.1375 0.20249999999999999
2 0.13 0.1975 0.11875 0.1975 0.11875 0.205 0.13 0.205 0.13 0.1975
2 0.1275 0.1875 0.11499999999999999 0.1875 0.11499999999999999 0.195 0.1275 0.195 0.1275 0.1875
2 0.12625 0.17875000000000002 0.11374999999999999 0.17875000000000002 0.11374999999999999 0.185 0.12625 0.185 0.12625 0.17875000000000002
2 0.125 0.16875 0.11000000000000001 0.16875 0.11000000000000001 0.17625 0.125 0.17625 0.125 0.16875
2 0.21625 0.11625 0.20625 0.11625 0.20625 0.12250000000000001 0.21625 0.12250000000000001 0.21625 0.11625
2 0.12375 0.1625 0.10874999999999999 0.1625 0.10874999999999999 0.17124999999999999 0.12375 0.17124999999999999 0.12375 0.1625
2 0.42750000000000005 0.0975 0.42125 0.0975 0.42125 0.10874999999999999 0.42750000000000005 0.10874999999999999 0.42750000000000005 0.0975
2 0.41500000000000004 0.095 0.40875000000000006 0.095 0.40875000000000006 0.10625 0.41500000000000004 0.10625 0.41500000000000004 0.095
2 0.19125 0.12125 0.17875000000000002 0.12125 0.17875000000000002 0.12875 0.19125 0.12875 0.19125 0.12125
2 0.24125000000000002 0.1125 0.22999999999999998 0.1125 0.22999999999999998 0.11875 0.24125000000000002 0.11875 0.24125000000000002 0.1125
2 0.2375 0.0925 0.225 0.0925 0.225 0.10124999999999999 0.2375 0.10124999999999999 0.2375 0.0925
2 0.24 0.10874999999999999 0.22875 0.10874999999999999 0.22875 0.11374999999999999 0.24 0.11374999999999999 0.24 0.10874999999999999
2 0.9949999999999999 0.8262499999999999 0.9875 0.8262499999999999 0.9875 0.8375 0.9949999999999999 0.8375 0.9949999999999999 0.8262499999999999
2 1 0.825 0.99375 0.825 0.99375 0.8375 1 0.8375 1 0.825
2 0.99375 0.7925 0.985 0.7925 0.985 0.80625 0.99375 0.80625 0.99375 0.7925
2 0.9887499999999999 0.79125 0.9800000000000001 0.79125 0.9800000000000001 0.805 0.9887499999999999 0.805 0.9887499999999999 0.79125
2 0.9824999999999999 0.79 0.975 0.79 0.975 0.80375 0.9824999999999999 0.80375 0.9824999999999999 0.79
2 0.97625 0.79125 0.96875 0.79125 0.96875 0.8025 0.97625 0.8025 0.97625 0.79125
2 0.97 0.7887500000000001 0.9625 0.7887500000000001 0.9625 0.8 0.97 0.8 0.97 0.7887500000000001
2 0.9662499999999999 0.7875 0.95625 0.7875 0.95625 0.8 0.9662499999999999 0.8 0.9662499999999999 0.7875
2 0.96 0.7837500000000001 0.9512499999999999 0.7837500000000001 0.9512499999999999 0.7975 0.96 0.7975 0.96 0.7837500000000001
2 0.95375 0.7837500000000001 0.945 0.7837500000000001 0.945 0.79625 0.95375 0.79625 0.95375 0.7837500000000001
2 0.9487500000000001 0.78125 0.93875 0.78125 0.93875 0.79375 0.9487500000000001 0.79375 0.9487500000000001 0.78125
2 0.91375 0.7325 0.9025000000000001 0.7325 0.9025000000000001 0.7462500000000001 0.91375 0.7462500000000001 0.91375 0.7325
2 0.91375 1 0.91375 0.99375 0.9037499999999999 0.99375 0.9037499999999999 1 0.91375 1
2 0.9075 1 0.9075 0.99 0.8975 0.99 0.8975 1 0.9075 1
2 0.9037499999999999 1 0.9037499999999999 0.985 0.8925000000000001 0.985 0.8925000000000001 1 0.9037499999999999 1
2 1 0.7975 0.9974999999999999 0.7975 0.9974999999999999 0.8099999999999999 1 0.8099999999999999 1 0.7975
2 0.9925 0.1075 0.9800000000000001 0.1075 0.9800000000000001 0.12 0.9925 0.12 0.9925 0.1075
2 1 0.12375 0.9962500000000001 0.12375 0.9962500000000001 0.13374999999999998 1 0.13374999999999998 1 0.12375
2 0.97 0.03125 0.9574999999999999 0.03125 0.9574999999999999 0.042499999999999996 0.97 0.042499999999999996 0.97 0.03125
2 0.48875 0.39 0.48 0.39 0.48 0.4 0.48875 0.4 0.48875 0.39
2 0.10874999999999999 0.00125 0.09875 0.00125 0.09875 0.0075 0.10874999999999999 0.0075 0.10874999999999999 0.00125
2 0.89875 0.9824999999999999 0.8875 0.9824999999999999 0.8875 0.9949999999999999 0.89875 0.9949999999999999 0.89875 0.9824999999999999
2 0.89375 0.9800000000000001 0.8825 0.9800000000000001 0.8825 0.99125 0.89375 0.99125 0.89375 0.9800000000000001
2 0.8875 0.9775 0.87625 0.9775 0.87625 0.99 0.8875 0.99 0.8875 0.9775
2 0.7925 0.7125 0.78125 0.7125 0.78125 0.7212500000000001 0.7925 0.7212500000000001 0.7925 0.7125
2 0.86625 0.69625 0.85375 0.69625 0.85375 0.70625 0.86625 0.70625 0.86625 0.69625
2 0.82875 0.6487499999999999 0.81875 0.6487499999999999 0.81875 0.6625 0.82875 0.6625 0.82875 0.6487499999999999
2 0.8087500000000001 0.66625 0.7975 0.66625 0.7975 0.67625 0.8087500000000001 0.67625 0.8087500000000001 0.66625
2 0.78 0.7375 0.76625 0.7375 0.76625 0.74875 0.78 0.74875 0.78 0.7375
2 0.2475 0.15125 0.23625 0.15125 0.23625 0.1575 0.2475 0.1575 0.2475 0.15125
2 0.74375 0.53625 0.73125 0.53625 0.73125 0.545 0.74375 0.545 0.74375 0.53625
2 0.7837500000000001 0.5 0.7737499999999999 0.5 0.7737499999999999 0.50625 0.7837500000000001 0.50625 0.7837500000000001 0.5
2 0.80625 0.46624999999999994 0.8 0.46624999999999994 0.8 0.47750000000000004 0.80625 0.47750000000000004 0.80625 0.46624999999999994
2 0.79625 0.46375 0.79 0.46375 0.79 0.475 0.79625 0.475 0.79625 0.46375
2 0.77125 0.485 0.76125 0.485 0.76125 0.49375 0.77125 0.49375 0.77125 0.485
2 0.75125 0.515 0.745 0.515 0.745 0.52625 0.75125 0.52625 0.75125 0.515
2 0.74 0.505 0.73375 0.505 0.73375 0.51625 0.74 0.51625 0.74 0.505
2 0.8125 0.9275 0.805 0.9275 0.805 0.93875 0.8125 0.93875 0.8125 0.9275
2 0.80625 0.9724999999999999 0.7925 0.9724999999999999 0.7925 0.98375 0.80625 0.98375 0.80625 0.9724999999999999
2 0.85875 1 0.85875 0.99125 0.8412499999999999 0.99125 0.8412499999999999 1 0.85875 1