2 0.8625 0.61625 0.85375 0.61625 0.85375 0.6287499999999999 0.8625 0.6287499999999999 0.8625 0.61625
2 0.24500000000000002 0.8262499999999999 0.2375 0.8262499999999999 0.2375 0.8375 0.24500000000000002 0.8375 0.24500000000000002 0.8262499999999999
2 0.36 0.81125 0.35375 0.81125 0.35375 0.825 0.36 0.825 0.36 0.81125
2 0.35375 0.81125 0.34875 0.81125 0.34875 0.8237500000000001 0.35375 0.8237500000000001 0.35375 0.81125
2 0.34875 0.8099999999999999 0.34249999999999997 0.8099999999999999 0.34249999999999997 0.8237500000000001 0.34875 0.8237500000000001 0.34875 0.8099999999999999
2 0.33625 0.8074999999999999 0.32999999999999996 0.8074999999999999 0.32999999999999996 0.82125 0.33625 0.82125 0.33625 0.8074999999999999
2 0.37374999999999997 0.81375 0.36625 0.81375 0.36625 0.8262499999999999 0.37374999999999997 0.8262499999999999 0.37374999999999997 0.81375
2 0.25125000000000003 0.825 0.24375 0.825 0.24375 0.8375 0.25125000000000003 0.8375 0.25125000000000003 0.825
2 0.26375000000000004 0.82875 0.25625 0.82875 0.25625 0.8412499999999999 0.26375000000000004 0.8412499999999999 0.26375000000000004 0.82875
2 0.385 0.5862499999999999 0.3775 0.5862499999999999 0.3775 0.6 0.385 0.6 0.385 0.5862499999999999
2 0.3775 0.58375 0.37124999999999997 0.58375 0.37124999999999997 0.59875 0.3775 0.59875 0.3775 0.58375
2 0.28125 0.64375 0.2725 0.64375 0.2725 0.655 0.28125 0.655 0.28125 0.64375
2 0.37124999999999997 0.8425 0.365 0.8425 0.365 0.8550000000000001 0.37124999999999997 0.8550000000000001 0.37124999999999997 0.8425
2 0.36625 0.8425 0.36 0.8425 0.36 0.8550000000000001 0.36625 0.8550000000000001 0.36625 0.8425
2 0.36 0.8412499999999999 0.35375 0.8412499999999999 0.35375 0.8525 0.36 0.8525 0.36 0.8412499999999999
2 0.35375 0.8400000000000001 0.34750000000000003 0.8400000000000001 0.34750000000000003 0.8525 0.35375 0.8525 0.35375 0.8400000000000001
2 0.34750000000000003 0.8400000000000001 0.34249999999999997 0.8400000000000001 0.34249999999999997 0.8525 0.34750000000000003 0.8525 0.34750000000000003 0.8400000000000001
2 0.34125 0.8400000000000001 0.33625 0.8400000000000001 0.33625 0.85125 0.34125 0.85125 0.34125 0.8400000000000001
2 0.33625 0.8400000000000001 0.33125 0.8400000000000001 0.33125 0.85125 0.33625 0.85125 0.33625 0.8400000000000001
2 0.33125 0.8400000000000001 0.32625000000000004 0.8400000000000001 0.32625000000000004 0.85 0.33125 0.85 0.33125 0.8400000000000001
2 0.325 0.835 0.31875 0.835 0.31875 0.8487500000000001 0.325 0.8487500000000001 0.325 0.835
2 0.30874999999999997 0.8375 0.3025 0.8375 0.3025 0.8474999999999999 0.30874999999999997 0.8474999999999999 0.30874999999999997 0.8375
2 0.31375000000000003 0.83625 0.30874999999999997 0.83625 0.30874999999999997 0.8474999999999999 0.31375000000000003 0.8474999999999999 0.31375000000000003 0.83625
2 0.3025 0.83375 0.29500000000000004 0.83375 0.29500000000000004 0.8462500000000001 0.3025 0.8462500000000001 0.3025 0.83375
2 0.28125 0.8300000000000001 0.27375 0.8300000000000001 0.27375 0.8425 0.28125 0.8425 0.28125 0.8300000000000001
2 0.2875 0.83125 0.28125 0.83125 0.28125 0.845 0.2875 0.845 0.2875 0.83125
2 0.32999999999999996 0.8074999999999999 0.325 0.8074999999999999 0.325 0.82 0.32999999999999996 0.82 0.32999999999999996 0.8074999999999999
2 0.32375 0.8074999999999999 0.31875 0.8074999999999999 0.31875 0.82 0.32375 0.82 0.32375 0.8074999999999999
2 0.31875 0.80625 0.31375000000000003 0.80625 0.31375000000000003 0.81875 0.31875 0.81875 0.31875 0.80625
2 0.315 0.80625 0.30874999999999997 0.80625 0.30874999999999997 0.81875 0.315 0.81875 0.315 0.80625
2 0.24375 0.7925 0.23500000000000001 0.7925 0.23500000000000001 0.80625 0.24375 0.80625 0.24375 0.7925
2 0.23875000000000002 0.79125 0.22999999999999998 0.79125 0.22999999999999998 0.805 0.23875000000000002 0.805 0.23875000000000002 0.79125
2 0.2325 0.79 0.225 0.79 0.225 0.80375 0.2325 0.80375 0.2325 0.79
2 0.22625 0.79125 0.21875 0.79125 0.21875 0.8025 0.22625 0.8025 0.22625 0.79125
2 0.22000000000000003 0.7887500000000001 0.2125 0.7887500000000001 0.2125 0.8 0.22000000000000003 0.8 0.22000000000000003 0.7887500000000001
2 0.21625 0.7875 0.20625 0.7875 0.20625 0.8 0.21625 0.8 0.21625 0.7875
2 0.21000000000000002 0.7837500000000001 0.20125 0.7837500000000001 0.20125 0.7975 0.21000000000000002 0.7975 0.21000000000000002 0.7837500000000001
2 0.20375000000000001 0.7837500000000001 0.195 0.7837500000000001 0.195 0.79625 0.20375000000000001 0.79625 0.20375000000000001 0.7837500000000001
2 0.19875 0.78125 0.18875 0.78125 0.18875 0.79375 0.19875 0.79375 0.19875 0.78125
2 0.16375 0.7325 0.1525 0.7325 0.1525 0.7462500000000001 0.16375 0.7462500000000001 0.16375 0.7325
2 0.16375 1 0.16375 0.99375 0.15375 0.99375 0.15375 1 0.16375 1
2 0.1575 1 0.1575 0.99 0.14750000000000002 0.99 0.14750000000000002 1 0.1575 1
2 0.15375 1 0.15375 0.985 0.14250000000000002 0.985 0.14250000000000002 1 0.15375 1
2 0.255 0.7975 0.2475 0.7975 0.2475 0.8099999999999999 0.255 0.8099999999999999 0.255 0.7975
2 0.26 0.7975 0.25375000000000003 0.7975 0.25375000000000003 0.8087500000000001 0.26 0.8087500000000001 0.26 0.7975
2 0.26625 0.8 0.26 0.8 0.26 0.8099999999999999 0.26625 0.8099999999999999 0.26625 0.8
2 0.2625 0.12625 0.24874999999999997 0.12625 0.24874999999999997 0.13999999999999999 0.2625 0.13999999999999999 0.2625 0.12625
2 0.30625 0.805 0.30125 0.805 0.30125 0.8175000000000001 0.30625 0.8175000000000001 0.30625 0.805
2 0.29500000000000004 0.80375 0.28875 0.80375 0.28875 0.8162499999999999 0.29500000000000004 0.8162499999999999 0.29500000000000004 0.80375
2 0.28500000000000003 0.8012499999999999 0.27749999999999997 0.8012499999999999 0.27749999999999997 0.81375 0.28500000000000003 0.81375 0.28500000000000003 0.8012499999999999
2 0.34500000000000003 0.7375 0.32875 0.7375 0.32875 0.74375 0.34500000000000003 0.74375 0.34500000000000003 0.7375
2 0.33125 0.6012500000000001 0.32 0.6012500000000001 0.32 0.615 0.33125 0.615 0.33125 0.6012500000000001
2 0.2425 0.1075 0.22999999999999998 0.1075 0.22999999999999998 0.12 0.2425 0.12 0.2425 0.1075
2 0.2575 0.12125 0.24625 0.12125 0.24625 0.13374999999999998 0.2575 0.13374999999999998 0.2575 0.12125
2 0.22000000000000003 0.03125 0.20750000000000002 0.03125 0.20750000000000002 0.042499999999999996 0.22000000000000003 0.042499999999999996 0.22000000000000003 0.03125
2 0.27749999999999997 0.79875 0.2725 0.79875 0.2725 0.8125 0.27749999999999997 0.8125 0.27749999999999997 0.79875
2 0.39375 0.5875 0.38875000000000004 0.5875 0.38875000000000004 0.6012500000000001 0.39375 0.6012500000000001 0.39375 0.5875
2 0.40125 0.5900000000000001 0.395 0.5900000000000001 0.395 0.6025 0.40125 0.6025 0.40125 0.5900000000000001
2 0.40499999999999997 0.5900000000000001 0.40125 0.5900000000000001 0.40125 0.6025 0.40499999999999997 0.6025 0.40499999999999997 0.5900000000000001
2 0.51625 0.8400000000000001 0.5125 0.8400000000000001 0.5125 0.85375 0.51625 0.85375 0.51625 0.8400000000000001
2 0.8425 0.5974999999999999 0.83125 0.5974999999999999 0.83125 0.60875 0.8425 0.60875 0.8425 0.5974999999999999
2 0.83125 0.8375 0.81875 0.8375 0.81875 0.8462500000000001 0.83125 0.8462500000000001 0.83125 0.8375
2 0.7224999999999999 0.76875 0.7075 0.76875 0.7075 0.78 0.7224999999999999 0.78 0.7224999999999999 0.76875
2 0.70375 0.76375 0.68875 0.76375 0.68875 0.7737499999999999 0.70375 0.7737499999999999 0.70375 0.76375
2 0.5775 0.8462500000000001 0.5725 0.8462500000000001 0.5725 0.85875 0.5775 0.85875 0.5775 0.8462500000000001
2 0.5725 0.845 0.5662499999999999 0.845 0.5662499999999999 0.8574999999999999 0.5725 0.8574999999999999 0.5725 0.845
2 0.5549999999999999 0.8412499999999999 0.5475 0.8412499999999999 0.5475 0.85625 0.5549999999999999 0.85625 0.5549999999999999 0.8412499999999999
2 0.53625 0.8412499999999999 0.53 0.8412499999999999 0.53 0.85375 0.53625 0.85375 0.53625 0.8412499999999999
2 0.9737500000000001 0.5325 0.9637499999999999 0.5325 0.9637499999999999 0.545 0.9737500000000001 0.545 0.9737500000000001 0.5325
2 0.9075 0.57375 0.8949999999999999 0.57375 0.8949999999999999 0.58125 0.9075 0.58125 0.9075 0.57375
2 0.98375 0.5287499999999999 0.975 0.5287499999999999 0.975 0.54125 0.98375 0.54125 0.98375 0.5287499999999999
2 0.8862500000000001 0.5662499999999999 0.875 0.5662499999999999 0.875 0.58 0.8862500000000001 0.58 0.8862500000000001 0.5662499999999999
2 0.5225 0.8425 0.5175 0.8425 0.5175 0.85375 0.5225 0.85375 0.5225 0.8425
2 0.505 0.8425 0.49874999999999997 0.8425 0.49874999999999997 0.85375 0.505 0.85375 0.505 0.8425
2 0.4125 0.5900000000000001 0.40499999999999997 0.5900000000000001 0.40499999999999997 0.6025 0.4125 0.6025 0.4125 0.5900000000000001
2 0.49749999999999994 0.8412499999999999 0.49124999999999996 0.8412499999999999 0.49124999999999996 0.8525 0.49749999999999994 0.8525 0.49749999999999994 0.8412499999999999
2 0.5175 0.8125 0.51375 0.8125 0.51375 0.8237500000000001 0.5175 0.8237500000000001 0.5175 0.8125
2 0.50125 0.81125 0.495 0.81125 0.495 0.825 0.50125 0.825 0.50125 0.81125
2 0.495 0.8125 0.48875 0.8125 0.48875 0.8237500000000001 0.495 0.8237500000000001 0.495 0.8125
2 0.48875 0.8125 0.48375 0.8125 0.48375 0.8237500000000001 0.48875 0.8237500000000001 0.48875 0.8125
2 0.48375 0.8125 0.47750000000000004 0.8125 0.47750000000000004 0.8237500000000001 0.48375 0.8237500000000001 0.48375 0.8125
2 0.47750000000000004 0.8125 0.4725 0.8125 0.4725 0.8225 0.47750000000000004 0.8225 0.47750000000000004 0.8125
2 0.4725 0.8125 0.46624999999999994 0.8125 0.46624999999999994 0.8225 0.4725 0.8225 0.4725 0.8125
2 0.465 0.8125 0.45999999999999996 0.8125 0.45999999999999996 0.8225 0.465 0.8225 0.465 0.8125
2 0.45999999999999996 0.8125 0.45375 0.8125 0.45375 0.8237500000000001 0.45999999999999996 0.8237500000000001 0.45999999999999996 0.8125
2 0.45499999999999996 0.8125 0.44749999999999995 0.8125 0.44749999999999995 0.825 0.45499999999999996 0.825 0.45499999999999996 0.8125
2 0.44749999999999995 0.81125 0.4425 0.81125 0.4425 0.825 0.44749999999999995 0.825 0.44749999999999995 0.81125
2 0.4425 0.8125 0.43624999999999997 0.8125 0.43624999999999997 0.825 0.4425 0.825 0.4425 0.8125
2 0.43624999999999997 0.8125 0.43125 0.8125 0.43125 0.825 0.43624999999999997 0.825 0.43624999999999997 0.8125
2 0.43 0.8125 0.425 0.8125 0.425 0.825 0.43 0.825 0.43 0.8125
2 0.46749999999999997 0.75625 0.45 0.75625 0.45 0.7625 0.46749999999999997 0.7625 0.46749999999999997 0.75625
2 0.28625 0.64125 0.27749999999999997 0.64125 0.27749999999999997 0.6537499999999999 0.28625 0.6537499999999999 0.28625 0.64125
2 0.43 0.5650000000000001 0.4225 0.5650000000000001 0.4225 0.57625 0.43 0.57625 0.43 0.5650000000000001
2 0.5237499999999999 0.8125 0.5175 0.8125 0.5175 0.8237500000000001 0.5237499999999999 0.8237500000000001 0.5237499999999999 0.8125
2 0.54 0.82875 0.5275000000000001 0.82875 0.5275000000000001 0.835 0.54 0.835 0.54 0.82875
2 0.5662499999999999 0.81375 0.5599999999999999 0.81375 0.5599999999999999 0.82875 0.5662499999999999 0.82875 0.5662499999999999 0.81375
2 0.445 0.8425 0.43875000000000003 0.8425 0.43875000000000003 0.8550000000000001 0.445 0.8550000000000001 0.445 0.8425
2 0.48624999999999996 0.84375 0.48 0.84375 0.48 0.8550000000000001 0.48624999999999996 0.8550000000000001 0.48624999999999996 0.84375
2 0.48125 0.84375 0.47375 0.84375 0.47375 0.8550000000000001 0.48125 0.8550000000000001 0.48125 0.84375
2 0.475 0.84375 0.46875 0.84375 0.46875 0.85625 0.475 0.85625 0.475 0.84375
2 0.46875 0.8412499999999999 0.4625 0.8412499999999999 0.4625 0.8550000000000001 0.46875 0.8550000000000001 0.46875 0.8412499999999999
2 0.46125 0.8425 0.45625 0.8425 0.45625 0.8550000000000001 0.46125 0.8550000000000001 0.46125 0.8425
2 0.45625 0.8425 0.45 0.8425 0.45 0.85375 0.45625 0.85375 0.45625 0.8425
2 0.45 0.8425 0.445 0.8425 0.445 0.8550000000000001 0.45 0.8550000000000001 0.45 0.8425
2 0.43875000000000003 0.8425 0.43375 0.8425 0.43375 0.8550000000000001 0.43875000000000003 0.8550000000000001 0.43875000000000003 0.8425
2 0.58875 0.82 0.5825 0.82 0.5825 0.8300000000000001 0.58875 0.8300000000000001 0.58875 0.82
2 0.6799999999999999 0.76875 0.66875 0.76875 0.66875 0.775 0.6799999999999999 0.775 0.6799999999999999 0.76875
2 0.6212500000000001 0.645 0.61125 0.645 0.61125 0.6599999999999999 0.6212500000000001 0.6599999999999999 0.6212500000000001 0.645
2 0.6125 0.6375 0.6012500000000001 0.6375 0.6012500000000001 0.6525000000000001 0.6125 0.6525000000000001 0.6125 0.6375
2 0.57625 0.5875 0.5675 0.5875 0.5675 0.6 0.57625 0.6 0.57625 0.5875
2 0.5700000000000001 0.585 0.56125 0.585 0.56125 0.5974999999999999 0.5700000000000001 0.5974999999999999 0.5700000000000001 0.585
2 0.6025 0.81875 0.59375 0.81875 0.59375 0.8324999999999999 0.6025 0.8324999999999999 0.6025 0.81875
2 0.5962500000000001 0.81875 0.5875 0.81875 0.5875 0.83125 0.5962500000000001 0.83125 0.5962500000000001 0.81875
2 0.14875 0.9824999999999999 0.1375 0.9824999999999999 0.1375 0.9949999999999999 0.14875 0.9949999999999999 0.14875 0.9824999999999999
2 0.14375 0.9800000000000001 0.1325 0.9800000000000001 0.1325 0.99125 0.14375 0.99125 0.14375 0.9800000000000001
2 0.1375 0.9775 0.12625 0.9775 0.12625 0.99 0.1375 0.99 0.1375 0.9775
2 0.042499999999999996 0.7125 0.03125 0.7125 0.03125 0.7212500000000001 0.042499999999999996 0.7212500000000001 0.042499999999999996 0.7125
2 0.11625 0.69625 0.10375000000000001 0.69625 0.10375000000000001 0.70625 0.11625 0.70625 0.11625 0.69625
2 0.07875 0.6487499999999999 0.06875 0.6487499999999999 0.06875 0.6625 0.07875 0.6625 0.07875 0.6487499999999999
2 0.058750000000000004 0.66625 0.0475 0.66625 0.0475 0.67625 0.058750000000000004 0.67625 0.058750000000000004 0.66625
2 0.03 0.7375 0.01625 0.7375 0.01625 0.74875 0.03 0.74875 0.03 0.7375
2 0.03375 0.5 0.02375 0.5 0.02375 0.50625 0.03375 0.50625 0.03375 0.5
2 0.05625 0.46624999999999994 0.05 0.46624999999999994 0.05 0.47750000000000004 0.05625 0.47750000000000004 0.05625 0.46624999999999994
2 0.04625 0.46375 0.04 0.46375 0.04 0.475 0.04625 0.475 0.04625 0.46375
2 0.021249999999999998 0.485 0.01125 0.485 0.01125 0.49375 0.021249999999999998 0.49375 0.021249999999999998 0.485
2 0.0625 0.9275 0.05500000000000001 0.9275 0.05500000000000001 0.93875 0.0625 0.93875 0.0625 0.9275
2 0.05625 0.9724999999999999 0.042499999999999996 0.9724999999999999 0.042499999999999996 0.98375 0.05625 0.98375 0.05625 0.9724999999999999
2 0.11000000000000001 1 0.11000000000000001 0.99 0.0925 0.99 0.0925 1 0.11000000000000001 1