2 0.017499999999999998 0.23500000000000001 0.00375 0.23500000000000001 0.00375 0.24874999999999997 0.017499999999999998 0.24874999999999997 0.017499999999999998 0.23500000000000001
2 0.05 0.37124999999999997 0.03875 0.37124999999999997 0.03875 0.38125 0.05 0.38125 0.05 0.37124999999999997
2 0.025 0.45375 0.013750000000000002 0.45375 0.013750000000000002 0.465 0.025 0.465 0.025 0.45375
2 0.0325 0.44625000000000004 0.02 0.44625000000000004 0.02 0.45499999999999996 0.0325 0.45499999999999996 0.0325 0.44625000000000004
2 0.0025 0.45125000000000004 0.00125 0.45125000000000004 0.00125 0.4575 0.0025 0.4575 0.0025 0.45125000000000004
2 0.06 0.40125 0.04875 0.40125 0.04875 0.41125 0.06 0.41125 0.06 0.40125
2 0.042499999999999996 0.38125 0.0325 0.38125 0.0325 0.39125 0.042499999999999996 0.39125 0.042499999999999996 0.38125
2 0.04 0.38625 0.03 0.38625 0.03 0.39625 0.04 0.39625 0.04 0.38625
2 0.03625 0.39125 0.025 0.39125 0.025 0.4 0.03625 0.4 0.03625 0.39125
2 0.08 0.37 0.0675 0.37 0.0675 0.38 0.08 0.38 0.08 0.37
2 0.07375000000000001 0.38 0.061250000000000006 0.38 0.061250000000000006 0.39125 0.07375000000000001 0.39125 0.07375000000000001 0.38
2 0.06999999999999999 0.38875000000000004 0.05375 0.38875000000000004 0.05375 0.40125 0.06999999999999999 0.40125 0.06999999999999999 0.38875000000000004
2 0.065 0.395 0.05125 0.395 0.05125 0.40625 0.065 0.40625 0.065 0.395
2 0.00375 0.44375 0.00125 0.44375 0.00125 0.45 0.00375 0.45 0.00375 0.44375
2 0.057499999999999996 0.40499999999999997 0.042499999999999996 0.40499999999999997 0.042499999999999996 0.41624999999999995 0.057499999999999996 0.41624999999999995 0.057499999999999996 0.40499999999999997
2 0.034999999999999996 0.44000000000000006 0.02375 0.44000000000000006 0.02375 0.44875 0.034999999999999996 0.44875 0.034999999999999996 0.44000000000000006
2 0.017499999999999998 0.42000000000000004 0.005 0.42000000000000004 0.005 0.43125 0.017499999999999998 0.43125 0.017499999999999998 0.42000000000000004
2 0.0125 0.43125 0.00125 0.43125 0.00125 0.4425 0.0125 0.4425 0.0125 0.43125
2 0.0075 0.4375 0.00125 0.4375 0.00125 0.44749999999999995 0.0075 0.44749999999999995 0.0075 0.4375
2 0.04625 0.375 0.03375 0.375 0.03375 0.38625 0.04625 0.38625 0.04625 0.375
2 0.06 0.35625 0.04875 0.35625 0.04875 0.36625 0.06 0.36625 0.06 0.35625
2 0.2325 0.20750000000000002 0.22125 0.20750000000000002 0.22125 0.21875 0.2325 0.21875 0.2325 0.20750000000000002
2 0.27 0.215 0.2575 0.215 0.2575 0.22374999999999998 0.27 0.22374999999999998 0.27 0.215
2 0.28875 0.225 0.275 0.225 0.275 0.2325 0.28875 0.2325 0.28875 0.225
2 0.3175 0.2425 0.30625 0.2425 0.30625 0.25125000000000003 0.3175 0.25125000000000003 0.3175 0.2425
2 0.31 0.24 0.2975 0.24 0.2975 0.25 0.31 0.25 0.31 0.24
2 0.3075 0.2575 0.29375 0.2575 0.29375 0.26875 0.3075 0.26875 0.3075 0.2575
2 0.29625 0.27875 0.28875 0.27875 0.28875 0.2925 0.29625 0.2925 0.29625 0.27875
2 0.27999999999999997 0.3375 0.26625 0.3375 0.26625 0.34875 0.27999999999999997 0.34875 0.27999999999999997 0.3375
2 0.0225 0.3825 0.013750000000000002 0.3825 0.013750000000000002 0.39249999999999996 0.0225 0.39249999999999996 0.0225 0.3825
2 0.11625 0.27375 0.10375000000000001 0.27375 0.10375000000000001 0.28375 0.11625 0.28375 0.11625 0.27375
2 0.07625 0.22625 0.061250000000000006 0.22625 0.061250000000000006 0.23500000000000001 0.07625 0.23500000000000001 0.07625 0.22625
2 0.10625 0.21125 0.09375 0.21125 0.09375 0.22125 0.10625 0.22125 0.10625 0.21125
2 0.017499999999999998 0.1025 0.00625 0.1025 0.00625 0.11374999999999999 0.017499999999999998 0.11374999999999999 0.017499999999999998 0.1025
2 0.01125 0.09875 0.00125 0.09875 0.00125 0.11000000000000001 0.01125 0.11000000000000001 0.01125 0.09875
2 0.0075 0.09375 0.00125 0.09375 0.00125 0.1075 0.0075 0.1075 0.0075 0.09375
2 0.37625000000000003 0.28375 0.365 0.28375 0.365 0.29625 0.37625000000000003 0.29625 0.37625000000000003 0.28375
2 0.34125 0.22749999999999998 0.33375 0.22749999999999998 0.33375 0.24125000000000002 0.34125 0.24125000000000002 0.34125 0.22749999999999998
2 0.9625 0.065 0.95 0.065 0.95 0.075 0.9625 0.075 0.9625 0.065
2 0.9275 0.05625 0.91375 0.05625 0.91375 0.0675 0.9275 0.0675 0.9275 0.05625
2 0.065 0.26875 0.05375 0.26875 0.05375 0.27875 0.065 0.27875 0.065 0.26875
2 0.01625 0.34750000000000003 0.00375 0.34750000000000003 0.00375 0.35750000000000004 0.01625 0.35750000000000004 0.01625 0.34750000000000003
2 0.0375 0.20625 0.02375 0.20625 0.02375 0.21749999999999997 0.0375 0.21749999999999997 0.0375 0.20625
2 0.09 0.2 0.0775 0.2 0.0775 0.21000000000000002 0.09 0.21000000000000002 0.09 0.2
2 0.1075 0.25375000000000003 0.09625 0.25375000000000003 0.09625 0.2625 0.1075 0.2625 0.1075 0.25375000000000003
2 0.0875 0.24125000000000002 0.07625 0.24125000000000002 0.07625 0.25125000000000003 0.0875 0.25125000000000003 0.0875 0.24125000000000002
2 0.09375 0.22999999999999998 0.08125 0.22999999999999998 0.08125 0.24 0.09375 0.24 0.09375 0.22999999999999998
2 0.0675 0.1925 0.05500000000000001 0.1925 0.05500000000000001 0.20375000000000001 0.0675 0.20375000000000001 0.0675 0.1925
2 0.065 0.19875 0.05125 0.19875 0.05125 0.20875 0.065 0.20875 0.065 0.19875
2 0.05 0.21625 0.0375 0.21625 0.0375 0.22625 0.05 0.22625 0.05 0.21625
2 0.03 0.16875 0.01875 0.16875 0.01875 0.17875000000000002 0.03 0.17875000000000002 0.03 0.16875
2 0.21375000000000002 0.19624999999999998 0.20125 0.19624999999999998 0.20125 0.20625 0.21375000000000002 0.20625 0.21375000000000002 0.19624999999999998
2 0.0975 0.145 0.08375 0.145 0.08375 0.16125 0.0975 0.16125 0.0975 0.145