2 0.47750000000000004 0.00125 0.46875 0.00125 0.46875 0.0075 0.47750000000000004 0.0075 0.47750000000000004 0.00125
2 0.5599999999999999 0.8787499999999999 0.54625 0.8787499999999999 0.54625 0.885 0.5599999999999999 0.885 0.5599999999999999 0.8787499999999999
2 0.61125 0.9087500000000001 0.59875 0.9087500000000001 0.59875 0.92125 0.61125 0.92125 0.61125 0.9087500000000001
2 0.53125 0.79125 0.5175 0.79125 0.5175 0.80375 0.53125 0.80375 0.53125 0.79125
2 0.71 0.03375 0.69625 0.03375 0.69625 0.03875 0.71 0.03875 0.71 0.03375
2 0.745 0.034999999999999996 0.735 0.034999999999999996 0.735 0.04 0.745 0.04 0.745 0.034999999999999996
2 0.79375 0.89375 0.7837500000000001 0.89375 0.7837500000000001 0.9075 0.79375 0.9075 0.79375 0.89375
2 0.7975 0.9075 0.79 0.9075 0.79 0.9175000000000001 0.7975 0.9175000000000001 0.7975 0.9075
2 0.80375 0.9199999999999999 0.79625 0.9199999999999999 0.79625 0.93125 0.80375 0.93125 0.80375 0.9199999999999999
2 0.54125 0.45625 0.5287499999999999 0.45625 0.5287499999999999 0.46875 0.54125 0.46875 0.54125 0.45625
2 0.79875 0.835 0.7875 0.835 0.7875 0.845 0.79875 0.845 0.79875 0.835
2 0.805 0.8262499999999999 0.79125 0.8262499999999999 0.79125 0.8387499999999999 0.805 0.8387499999999999 0.805 0.8262499999999999
2 0.02375 0.5625 0.008749999999999999 0.5625 0.008749999999999999 0.57625 0.02375 0.57625 0.02375 0.5625