2 0.1975 0.11499999999999999 0.18375 0.11499999999999999 0.18375 0.14250000000000002 0.1975 0.14250000000000002 0.1975 0.11499999999999999
2 0.17375000000000002 0.11374999999999999 0.15625 0.11374999999999999 0.15625 0.14250000000000002 0.17375000000000002 0.14250000000000002 0.17375000000000002 0.11374999999999999
2 0.185 0.11374999999999999 0.17124999999999999 0.11374999999999999 0.17124999999999999 0.14125000000000001 0.185 0.14125000000000001 0.185 0.11374999999999999
2 0.23500000000000001 0.11625 0.22125 0.11625 0.22125 0.14375 0.23500000000000001 0.14375 0.23500000000000001 0.11625
2 0.25 0.11499999999999999 0.2375 0.11499999999999999 0.2375 0.14250000000000002 0.25 0.14250000000000002 0.25 0.11499999999999999
2 0.3125 0.42625 0.3 0.42625 0.3 0.45375 0.3125 0.45375 0.3125 0.42625
2 0.8775000000000001 0.49625 0.8462500000000001 0.49625 0.8462500000000001 0.50875 0.8775000000000001 0.50875 0.8775000000000001 0.49625
2 0.93125 0.3025 0.915 0.3025 0.915 0.32999999999999996 0.93125 0.32999999999999996 0.93125 0.3025
2 0.9425000000000001 0.30375 0.93 0.30375 0.93 0.32625000000000004 0.9425000000000001 0.32625000000000004 0.9425000000000001 0.30375
2 0.87625 0.45499999999999996 0.8474999999999999 0.45499999999999996 0.8474999999999999 0.46875 0.87625 0.46875 0.87625 0.45499999999999996
2 0.87625 0.46875 0.8474999999999999 0.46875 0.8474999999999999 0.48 0.87625 0.48 0.87625 0.46875
2 0.27625 0.11499999999999999 0.26375000000000004 0.11499999999999999 0.26375000000000004 0.13999999999999999 0.27625 0.13999999999999999 0.27625 0.11499999999999999
2 0.28375 0.22875 0.26875 0.22875 0.26875 0.25375000000000003 0.28375 0.25375000000000003 0.28375 0.22875
2 0.34125 0.67625 0.32625000000000004 0.67625 0.32625000000000004 0.7075 0.34125 0.7075 0.34125 0.67625
2 0.3275 0.67875 0.31375000000000003 0.67875 0.31375000000000003 0.7025 0.3275 0.7025 0.3275 0.67875
2 0.31 0.6775 0.2975 0.6775 0.2975 0.70125 0.31 0.70125 0.31 0.6775
2 0.28125 0.67875 0.26749999999999996 0.67875 0.26749999999999996 0.70375 0.28125 0.70375 0.28125 0.67875
2 0.26749999999999996 0.6799999999999999 0.255 0.6799999999999999 0.255 0.70375 0.26749999999999996 0.70375 0.26749999999999996 0.6799999999999999
2 0.2525 0.6799999999999999 0.2425 0.6799999999999999 0.2425 0.70125 0.2525 0.70125 0.2525 0.6799999999999999
2 0.24 0.6775 0.22625 0.6775 0.22625 0.7 0.24 0.7 0.24 0.6775
2 0.17375000000000002 0.67625 0.16 0.67625 0.16 0.70375 0.17375000000000002 0.70375 0.17375000000000002 0.67625
2 0.16 0.675 0.14625 0.675 0.14625 0.70375 0.16 0.70375 0.16 0.675
2 0.1025 0.67625 0.0875 0.67625 0.0875 0.7 0.1025 0.7 0.1025 0.67625
2 0.11499999999999999 0.67625 0.1025 0.67625 0.1025 0.69875 0.11499999999999999 0.69875 0.11499999999999999 0.67625
2 0.87625 0.48250000000000004 0.845 0.48250000000000004 0.845 0.49625 0.87625 0.49625 0.87625 0.48250000000000004
2 0.6537499999999999 0.78625 0.625 0.78625 0.625 0.8012499999999999 0.6537499999999999 0.8012499999999999 0.6537499999999999 0.78625
2 0.6425 0.7625 0.61875 0.7625 0.61875 0.77625 0.6425 0.77625 0.6425 0.7625
2 0.97875 0.755 0.9675 0.755 0.9675 0.7775000000000001 0.97875 0.7775000000000001 0.97875 0.755
2 0.9637499999999999 0.75125 0.9475 0.75125 0.9475 0.77625 0.9637499999999999 0.77625 0.9637499999999999 0.75125
2 0.95 0.75125 0.9349999999999999 0.75125 0.9349999999999999 0.7737499999999999 0.95 0.7737499999999999 0.95 0.75125
2 0.92125 0.75125 0.90625 0.75125 0.90625 0.77625 0.92125 0.77625 0.92125 0.75125
2 0.92125 0.66625 0.9075 0.66625 0.9075 0.6900000000000001 0.92125 0.6900000000000001 0.92125 0.66625
2 0.86875 0.6599999999999999 0.8550000000000001 0.6599999999999999 0.8550000000000001 0.6849999999999999 0.86875 0.6849999999999999 0.86875 0.6599999999999999
2 0.2975 0.6775 0.28250000000000003 0.6775 0.28250000000000003 0.7 0.2975 0.7 0.2975 0.6775
2 0.99375 0.755 0.9824999999999999 0.755 0.9824999999999999 0.775 0.99375 0.775 0.99375 0.755