2 0.735 0.7325 0.70875 0.7325 0.70875 0.7525000000000001 0.735 0.7525000000000001 0.735 0.7325
2 0.7325 0.7224999999999999 0.70625 0.7224999999999999 0.70625 0.73875 0.7325 0.73875 0.7325 0.7224999999999999
2 0.73125 0.9025000000000001 0.705 0.9025000000000001 0.705 0.91625 0.73125 0.91625 0.73125 0.9025000000000001
2 0.985 0.7474999999999999 0.9625 0.7474999999999999 0.9625 0.7825 0.985 0.7825 0.985 0.7474999999999999
2 0.915 0.76375 0.8825 0.76375 0.8825 0.77625 0.915 0.77625 0.915 0.76375
2 0.95 0.765 0.92125 0.765 0.92125 0.7787499999999999 0.95 0.7787499999999999 0.95 0.765
2 0.735 0.7474999999999999 0.7025 0.7474999999999999 0.7025 0.76875 0.735 0.76875 0.735 0.7474999999999999
2 0.7325 0.76 0.69875 0.76 0.69875 0.7849999999999999 0.7325 0.7849999999999999 0.7325 0.76
2 0.7325 0.77625 0.70125 0.77625 0.70125 0.79875 0.7325 0.79875 0.7325 0.77625
2 0.1275 0.5925 0.09625 0.5925 0.09625 0.605 0.1275 0.605 0.1275 0.5925
2 0.20625 0.00125 0.185 0.00125 0.185 0.02 0.20625 0.02 0.20625 0.00125
2 0.18125 0.39875 0.16499999999999998 0.39875 0.16499999999999998 0.42625 0.18125 0.42625 0.18125 0.39875
2 0.1925 0.4 0.18 0.4 0.18 0.4225 0.1925 0.4225 0.1925 0.4
2 0.12625 0.55125 0.0975 0.55125 0.0975 0.5650000000000001 0.12625 0.5650000000000001 0.12625 0.55125
2 0.12625 0.5650000000000001 0.0975 0.5650000000000001 0.0975 0.57625 0.12625 0.57625 0.12625 0.5650000000000001
2 0.12625 0.57875 0.095 0.57875 0.095 0.5925 0.12625 0.5925 0.12625 0.57875
2 0.73 0.79 0.7 0.79 0.7 0.8150000000000001 0.73 0.8150000000000001 0.73 0.79
2 0.3875 0.78 0.375 0.78 0.375 0.8074999999999999 0.3875 0.8074999999999999 0.3875 0.78
2 0.9225 0.2125 0.9037499999999999 0.2125 0.9037499999999999 0.24 0.9225 0.24 0.9225 0.2125
2 0.9487500000000001 0.215 0.9324999999999999 0.215 0.9324999999999999 0.2375 0.9487500000000001 0.2375 0.9487500000000001 0.215
2 0.86625 0.5575 0.8400000000000001 0.5575 0.8400000000000001 0.57375 0.86625 0.57375 0.86625 0.5575
2 0.3125 0.7837500000000001 0.29625 0.7837500000000001 0.29625 0.8074999999999999 0.3125 0.8074999999999999 0.3125 0.7837500000000001
2 0.32375 0.78125 0.3125 0.78125 0.3125 0.8087500000000001 0.32375 0.8087500000000001 0.32375 0.78125
2 0.33875 0.78625 0.3275 0.78625 0.3275 0.8087500000000001 0.33875 0.8087500000000001 0.33875 0.78625
2 0.42125 0.78 0.41 0.78 0.41 0.80375 0.42125 0.80375 0.42125 0.78
2 0.3125 0.85125 0.2975 0.85125 0.2975 0.87625 0.3125 0.87625 0.3125 0.85125
2 0.33125 0.8525 0.31875 0.8525 0.31875 0.87375 0.33125 0.87375 0.33125 0.8525
2 0.73375 0.8625 0.70375 0.8625 0.70375 0.8875 0.73375 0.8875 0.73375 0.8625
2 0.73125 0.8487500000000001 0.7 0.8487500000000001 0.7 0.8712500000000001 0.73125 0.8712500000000001 0.73125 0.8487500000000001
2 0.7325 0.83125 0.70375 0.83125 0.70375 0.8525 0.7325 0.8525 0.7325 0.83125
2 0.73125 0.80375 0.7 0.80375 0.7 0.8237500000000001 0.73125 0.8237500000000001 0.73125 0.80375
2 0.5650000000000001 0.24 0.54875 0.24 0.54875 0.26375000000000004 0.5650000000000001 0.26375000000000004 0.5650000000000001 0.24
2 0.5075000000000001 0.24 0.49375 0.24 0.49375 0.26375000000000004 0.5075000000000001 0.26375000000000004 0.5075000000000001 0.24
2 0.4925 0.24 0.47625 0.24 0.47625 0.26749999999999996 0.4925 0.26749999999999996 0.4925 0.24
2 0.45625 0.2375 0.44125 0.2375 0.44125 0.265 0.45625 0.265 0.45625 0.2375
2 0.44125 0.24 0.42750000000000005 0.24 0.42750000000000005 0.265 0.44125 0.265 0.44125 0.24
2 0.41 0.23374999999999999 0.39625 0.23374999999999999 0.39625 0.26 0.41 0.26 0.41 0.23374999999999999
2 0.3825 0.23625 0.3675 0.23625 0.3675 0.265 0.3825 0.265 0.3825 0.23625
2 0.32625000000000004 0.23500000000000001 0.31 0.23500000000000001 0.31 0.25875 0.32625000000000004 0.25875 0.32625000000000004 0.23500000000000001
2 0.28125 0.23625 0.26749999999999996 0.23625 0.26749999999999996 0.2575 0.28125 0.2575 0.28125 0.23625
2 0.8012499999999999 0.04625 0.76875 0.04625 0.76875 0.06 0.8012499999999999 0.06 0.8012499999999999 0.04625
2 0.7474999999999999 0.03625 0.7325 0.03625 0.7325 0.065 0.7474999999999999 0.065 0.7474999999999999 0.03625
2 0.22875 0.85125 0.21749999999999997 0.85125 0.21749999999999997 0.87375 0.22875 0.87375 0.22875 0.85125
2 0.21375000000000002 0.8474999999999999 0.1975 0.8474999999999999 0.1975 0.8724999999999999 0.21375000000000002 0.8724999999999999 0.21375000000000002 0.8474999999999999
2 0.2 0.8474999999999999 0.185 0.8474999999999999 0.185 0.8699999999999999 0.2 0.8699999999999999 0.2 0.8474999999999999
2 0.17124999999999999 0.8474999999999999 0.15625 0.8474999999999999 0.15625 0.8724999999999999 0.17124999999999999 0.8724999999999999 0.17124999999999999 0.8474999999999999
2 0.17124999999999999 0.7625 0.1575 0.7625 0.1575 0.78625 0.17124999999999999 0.78625 0.17124999999999999 0.7625
2 0.11875 0.75625 0.10500000000000001 0.75625 0.10500000000000001 0.78125 0.11875 0.78125 0.11875 0.75625
2 0.24625 0.85 0.23125 0.85 0.23125 0.87375 0.24625 0.87375 0.24625 0.85