2 0.64 0.40625 0.61375 0.40625 0.61375 0.42125 0.64 0.42125 0.64 0.40625
2 0.49625 0.6174999999999999 0.47125000000000006 0.6174999999999999 0.47125000000000006 0.63 0.49625 0.63 0.49625 0.6174999999999999
2 0.49375 0.605 0.46875 0.605 0.46875 0.61625 0.49375 0.61625 0.49375 0.605
2 0.49625 0.5912499999999999 0.47000000000000003 0.5912499999999999 0.47000000000000003 0.605 0.49625 0.605 0.49625 0.5912499999999999
2 0.5287499999999999 0.57125 0.51375 0.57125 0.51375 0.595 0.5287499999999999 0.595 0.5287499999999999 0.57125
2 0.49749999999999994 0.5775 0.47125000000000006 0.5775 0.47125000000000006 0.5900000000000001 0.49749999999999994 0.5900000000000001 0.49749999999999994 0.5775
2 0.4925 0.56125 0.46875 0.56125 0.46875 0.5725 0.4925 0.5725 0.4925 0.56125
2 0.4325 0.59375 0.40750000000000003 0.59375 0.40750000000000003 0.60625 0.4325 0.60625 0.4325 0.59375
2 0.43499999999999994 0.5725 0.41 0.5725 0.41 0.5875 0.43499999999999994 0.5875 0.43499999999999994 0.5725
2 0.43375 0.5599999999999999 0.41 0.5599999999999999 0.41 0.57375 0.43375 0.57375 0.43375 0.5599999999999999
2 0.49375 0.5037499999999999 0.48 0.5037499999999999 0.48 0.52625 0.49375 0.52625 0.49375 0.5037499999999999
2 0.50625 0.505 0.49375 0.505 0.49375 0.525 0.50625 0.525 0.50625 0.505
2 0.5225 0.5037499999999999 0.50875 0.5037499999999999 0.50875 0.5275000000000001 0.5225 0.5275000000000001 0.5225 0.5037499999999999
2 0.54 0.5675 0.53 0.5675 0.53 0.5900000000000001 0.54 0.5900000000000001 0.54 0.5675
2 0.49749999999999994 0.63 0.47125000000000006 0.63 0.47125000000000006 0.6425 0.49749999999999994 0.6425 0.49749999999999994 0.63