2 0.89 0.17250000000000001 0.8625 0.17250000000000001 0.8625 0.18375 0.89 0.18375 0.89 0.17250000000000001
2 0.9125 0.2375 0.8862500000000001 0.2375 0.8862500000000001 0.25 0.9125 0.25 0.9125 0.2375
2 0.83375 0.17124999999999999 0.80625 0.17124999999999999 0.80625 0.18375 0.83375 0.18375 0.83375 0.17124999999999999
2 0.8012499999999999 0.22625 0.7775000000000001 0.22625 0.7775000000000001 0.2375 0.8012499999999999 0.2375 0.8012499999999999 0.22625
2 0.80375 0.17124999999999999 0.78 0.17124999999999999 0.78 0.18375 0.80375 0.18375 0.80375 0.17124999999999999
2 0.80375 0.155 0.78125 0.155 0.78125 0.1675 0.80375 0.1675 0.80375 0.155
2 0.8012499999999999 0.14250000000000002 0.78 0.14250000000000002 0.78 0.15375 0.8012499999999999 0.15375 0.8012499999999999 0.14250000000000002
2 0.8300000000000001 0.155 0.805 0.155 0.805 0.16875 0.8300000000000001 0.16875 0.8300000000000001 0.155
2 0.79875 0.27999999999999997 0.775 0.27999999999999997 0.775 0.29125 0.79875 0.29125 0.79875 0.27999999999999997
2 0.9724999999999999 0.2525 0.95 0.2525 0.95 0.265 0.9724999999999999 0.265 0.9724999999999999 0.2525
2 0.9737500000000001 0.2125 0.94375 0.2125 0.94375 0.225 0.9737500000000001 0.225 0.9737500000000001 0.2125