2 0.43499999999999994 0.24375 0.39249999999999996 0.24375 0.39249999999999996 0.26 0.43499999999999994 0.26 0.43499999999999994 0.24375
2 0.61125 0.25625 0.5825 0.25625 0.5825 0.27 0.61125 0.27 0.61125 0.25625
2 0.31375000000000003 0.8400000000000001 0.2875 0.8400000000000001 0.2875 0.8525 0.31375000000000003 0.8525 0.31375000000000003 0.8400000000000001
2 0.58875 0.18875 0.575 0.18875 0.575 0.21125 0.58875 0.21125 0.58875 0.18875
2 0.025 0.8175000000000001 0.008749999999999999 0.8175000000000001 0.008749999999999999 0.8462500000000001 0.025 0.8462500000000001 0.025 0.8175000000000001
2 0.39625 0.1875 0.3825 0.1875 0.3825 0.2125 0.39625 0.2125 0.39625 0.1875
2 0.42625 0.19624999999999998 0.40374999999999994 0.19624999999999998 0.40374999999999994 0.21875 0.42625 0.21875 0.42625 0.19624999999999998
2 0.4525 0.18625 0.43875000000000003 0.18625 0.43875000000000003 0.21000000000000002 0.4525 0.21000000000000002 0.4525 0.18625
2 0.46624999999999994 0.1825 0.45375 0.1825 0.45375 0.20625 0.46624999999999994 0.20625 0.46624999999999994 0.1825
2 0.48624999999999996 0.17875000000000002 0.475 0.17875000000000002 0.475 0.2 0.48624999999999996 0.2 0.48624999999999996 0.17875000000000002
2 0.5 0.18 0.4875 0.18 0.4875 0.20875 0.5 0.20875 0.5 0.18
2 0.5325 0.18625 0.51875 0.18625 0.51875 0.21125 0.5325 0.21125 0.5325 0.18625
2 0.5549999999999999 0.185 0.5425 0.185 0.5425 0.21125 0.5549999999999999 0.21125 0.5549999999999999 0.185
2 0.57125 0.19624999999999998 0.5599999999999999 0.19624999999999998 0.5599999999999999 0.21875 0.57125 0.21875 0.57125 0.19624999999999998
2 0.605 0.18875 0.5900000000000001 0.18875 0.5900000000000001 0.21875 0.605 0.21875 0.605 0.18875
2 0.62375 0.19 0.60875 0.19 0.60875 0.215 0.62375 0.215 0.62375 0.19
2 0.6537499999999999 0.19125 0.63875 0.19125 0.63875 0.215 0.6537499999999999 0.215 0.6537499999999999 0.19125
2 0.67125 0.19 0.6575 0.19 0.6575 0.21625 0.67125 0.21625 0.67125 0.19
2 0.68625 0.18875 0.67375 0.18875 0.67375 0.215 0.68625 0.215 0.68625 0.18875
2 0.7 0.18875 0.6875 0.18875 0.6875 0.2125 0.7 0.2125 0.7 0.18875
2 0.71375 0.19375 0.7025 0.19375 0.7025 0.21749999999999997 0.71375 0.21749999999999997 0.71375 0.19375
2 0.73625 0.19 0.7212500000000001 0.19 0.7212500000000001 0.215 0.73625 0.215 0.73625 0.19
2 0.595 0.14625 0.57125 0.14625 0.57125 0.1775 0.595 0.1775 0.595 0.14625
2 0.615 0.14625 0.5900000000000001 0.14625 0.5900000000000001 0.17875000000000002 0.615 0.17875000000000002 0.615 0.14625
2 0.6275000000000001 0.14875 0.61375 0.14875 0.61375 0.17875000000000002 0.6275000000000001 0.17875000000000002 0.6275000000000001 0.14875
2 0.645 0.1525 0.6275000000000001 0.1525 0.6275000000000001 0.18 0.645 0.18 0.645 0.1525
2 0.41375 0.26125 0.39 0.26125 0.39 0.27375 0.41375 0.27375 0.41375 0.26125
2 0.01125 0.44875 0.00125 0.44875 0.00125 0.475 0.01125 0.475 0.01125 0.44875
2 0.36124999999999996 0.29625 0.32999999999999996 0.29625 0.32999999999999996 0.30874999999999997 0.36124999999999996 0.30874999999999997 0.36124999999999996 0.29625
2 0.034999999999999996 0.44625000000000004 0.021249999999999998 0.44625000000000004 0.021249999999999998 0.47375 0.034999999999999996 0.47375 0.034999999999999996 0.44625000000000004
2 0.03375 0.50125 0.017499999999999998 0.50125 0.017499999999999998 0.5349999999999999 0.03375 0.5349999999999999 0.03375 0.50125
2 0.01 0.5825 0.00125 0.5825 0.00125 0.61 0.01 0.61 0.01 0.5825
2 0.08 0.50625 0.0675 0.50625 0.0675 0.53125 0.08 0.53125 0.08 0.50625
2 0.12625 0.50625 0.11374999999999999 0.50625 0.11374999999999999 0.53 0.12625 0.53 0.12625 0.50625
2 0.1975 0.55375 0.18125 0.55375 0.18125 0.57625 0.1975 0.57625 0.1975 0.55375
2 0.13874999999999998 0.5075000000000001 0.12625 0.5075000000000001 0.12625 0.53125 0.13874999999999998 0.53125 0.13874999999999998 0.5075000000000001
2 0.14750000000000002 0.4375 0.13374999999999998 0.4375 0.13374999999999998 0.46624999999999994 0.14750000000000002 0.46624999999999994 0.14750000000000002 0.4375
2 0.12875 0.43875000000000003 0.11374999999999999 0.43875000000000003 0.11374999999999999 0.465 0.12875 0.465 0.12875 0.43875000000000003
2 0.11374999999999999 0.4425 0.1 0.4425 0.1 0.46749999999999997 0.11374999999999999 0.46749999999999997 0.11374999999999999 0.4425
2 0.08499999999999999 0.445 0.06875 0.445 0.06875 0.47375 0.08499999999999999 0.47375 0.08499999999999999 0.445
2 0.06875 0.44625000000000004 0.05500000000000001 0.44625000000000004 0.05500000000000001 0.47625 0.06875 0.47625 0.06875 0.44625000000000004
2 0.04625 0.44875 0.03375 0.44875 0.03375 0.47125000000000006 0.04625 0.47125000000000006 0.04625 0.44875
2 0.41500000000000004 0.27375 0.3875 0.27375 0.3875 0.28625 0.41500000000000004 0.28625 0.41500000000000004 0.27375
2 0.35625 0.33875 0.32375 0.33875 0.32375 0.3525 0.35625 0.3525 0.35625 0.33875
2 0.95375 0.5575 0.93875 0.5575 0.93875 0.58875 0.95375 0.58875 0.95375 0.5575
2 0.35125 0.35375 0.32999999999999996 0.35375 0.32999999999999996 0.3625 0.35125 0.3625 0.35125 0.35375
2 0.40499999999999997 0.2925 0.385 0.2925 0.385 0.305 0.40499999999999997 0.305 0.40499999999999997 0.2925
2 0.3525 0.365 0.33125 0.365 0.33125 0.37625000000000003 0.3525 0.37625000000000003 0.3525 0.365
2 0.40750000000000003 0.34249999999999997 0.3825 0.34249999999999997 0.3825 0.35750000000000004 0.40750000000000003 0.35750000000000004 0.40750000000000003 0.34249999999999997
2 0.3825 0.37625000000000003 0.36 0.37625000000000003 0.36 0.38875000000000004 0.3825 0.38875000000000004 0.3825 0.37625000000000003
2 0.43624999999999997 0.35750000000000004 0.40875000000000006 0.35750000000000004 0.40875000000000006 0.37124999999999997 0.43624999999999997 0.37124999999999997 0.43624999999999997 0.35750000000000004
2 0.43375 0.37374999999999997 0.41 0.37374999999999997 0.41 0.38625 0.43375 0.38625 0.43375 0.37374999999999997
2 0.4375 0.34249999999999997 0.4125 0.34249999999999997 0.4125 0.35375 0.4375 0.35375 0.4375 0.34249999999999997
2 0.40625 0.32999999999999996 0.38375 0.32999999999999996 0.38375 0.34125 0.40625 0.34125 0.40625 0.32999999999999996
2 0.4325 0.32875 0.40875000000000006 0.32875 0.40875000000000006 0.34249999999999997 0.4325 0.34249999999999997 0.4325 0.32875
2 0.40625 0.3175 0.38375 0.3175 0.38375 0.32999999999999996 0.40625 0.32999999999999996 0.40625 0.3175
2 0.43125 0.3175 0.40625 0.3175 0.40625 0.32875 0.43125 0.32875 0.43125 0.3175
2 0.43375 0.305 0.40499999999999997 0.305 0.40499999999999997 0.31625000000000003 0.43375 0.31625000000000003 0.43375 0.305
2 0.40499999999999997 0.30625 0.3825 0.30625 0.3825 0.3175 0.40499999999999997 0.3175 0.40499999999999997 0.30625
2 0.49375 0.31124999999999997 0.46875 0.31124999999999997 0.46875 0.325 0.49375 0.325 0.49375 0.31124999999999997
2 1 0.2425 0.97875 0.2425 0.97875 0.255 1 0.255 1 0.2425
2 0.49749999999999994 0.32375 0.47000000000000003 0.32375 0.47000000000000003 0.33625 0.49749999999999994 0.33625 0.49749999999999994 0.32375
2 0.495 0.335 0.47125000000000006 0.335 0.47125000000000006 0.34875 0.495 0.34875 0.495 0.335
2 0.49625 0.35 0.47125000000000006 0.35 0.47125000000000006 0.36 0.49625 0.36 0.49625 0.35
2 0.49625 0.36124999999999996 0.47125000000000006 0.36124999999999996 0.47125000000000006 0.37374999999999997 0.49625 0.37374999999999997 0.49625 0.36124999999999996
2 0.4925 0.3725 0.47000000000000003 0.3725 0.47000000000000003 0.38625 0.4925 0.38625 0.4925 0.3725
2 0.4925 0.3875 0.465 0.3875 0.465 0.4 0.4925 0.4 0.4925 0.3875
2 0.62625 0.43875000000000003 0.6125 0.43875000000000003 0.6125 0.46749999999999997 0.62625 0.46749999999999997 0.62625 0.43875000000000003
2 0.63 0.59375 0.6174999999999999 0.59375 0.6174999999999999 0.62 0.63 0.62 0.63 0.59375
2 0.72 0.525 0.6900000000000001 0.525 0.6900000000000001 0.5375 0.72 0.5375 0.72 0.525
2 0.42125 0.75 0.39375 0.75 0.39375 0.7625 0.42125 0.7625 0.42125 0.75
2 0.5075000000000001 0.7675 0.49375 0.7675 0.49375 0.7887500000000001 0.5075000000000001 0.7887500000000001 0.5075000000000001 0.7675
2 0.43375 0.2925 0.41125 0.2925 0.41125 0.30375 0.43375 0.30375 0.43375 0.2925