2 0.89625 0.06999999999999999 0.8825 0.06999999999999999 0.8825 0.1 0.89625 0.1 0.89625 0.06999999999999999
2 0.4225 0.93875 0.39625 0.93875 0.39625 0.9512499999999999 0.4225 0.9512499999999999 0.4225 0.93875
2 0.67625 0.19125 0.6637500000000001 0.19125 0.6637500000000001 0.2125 0.67625 0.2125 0.67625 0.19125
2 0.8724999999999999 0.04875 0.85625 0.04875 0.85625 0.07875 0.8724999999999999 0.07875 0.8724999999999999 0.04875
2 0.7675 0.40750000000000003 0.745 0.40750000000000003 0.745 0.41875 0.7675 0.41875 0.7675 0.40750000000000003
2 0.76625 0.39249999999999996 0.74 0.39249999999999996 0.74 0.40374999999999994 0.76625 0.40374999999999994 0.76625 0.39249999999999996
2 0.7625 0.35625 0.7375 0.35625 0.7375 0.36875 0.7625 0.36875 0.7625 0.35625
2 0.76125 0.34500000000000003 0.74 0.34500000000000003 0.74 0.35625 0.76125 0.35625 0.76125 0.34500000000000003
2 0.76375 0.30874999999999997 0.73875 0.30874999999999997 0.73875 0.32125 0.76375 0.32125 0.76375 0.30874999999999997
2 0.76 0.28625 0.7375 0.28625 0.7375 0.29625 0.76 0.29625 0.76 0.28625
2 0.8300000000000001 0.315 0.8175000000000001 0.315 0.8175000000000001 0.335 0.8300000000000001 0.335 0.8300000000000001 0.315
2 0.85625 0.375 0.8425 0.375 0.8425 0.39875 0.85625 0.39875 0.85625 0.375
2 0.865 0.29375 0.85125 0.29375 0.85125 0.31875 0.865 0.31875 0.865 0.29375
2 0.88125 0.37374999999999997 0.8712500000000001 0.37374999999999997 0.8712500000000001 0.39625 0.88125 0.39625 0.88125 0.37374999999999997
2 0.8675 0.37625000000000003 0.8550000000000001 0.37625000000000003 0.8550000000000001 0.39625 0.8675 0.39625 0.8675 0.37625000000000003
2 0.81375 0.1375 0.79875 0.1375 0.79875 0.16375 0.81375 0.16375 0.81375 0.1375
2 0.017499999999999998 0.5912499999999999 0.00625 0.5912499999999999 0.00625 0.615 0.017499999999999998 0.615 0.017499999999999998 0.5912499999999999