2 0.8300000000000001 0.26 0.8025 0.26 0.8025 0.2875 0.8300000000000001 0.2875 0.8300000000000001 0.26
2 0.63625 0.6925 0.61 0.6925 0.61 0.7125 0.63625 0.7125 0.63625 0.6925
2 0.64375 0.68125 0.6174999999999999 0.68125 0.6174999999999999 0.705 0.64375 0.705 0.64375 0.68125
2 0.6537499999999999 0.6675 0.62625 0.6675 0.62625 0.6925 0.6537499999999999 0.6925 0.6537499999999999 0.6675
2 0.6587500000000001 0.6587500000000001 0.635 0.6587500000000001 0.635 0.6825 0.6587500000000001 0.6825 0.6587500000000001 0.6587500000000001
2 0.625 0.70125 0.6012500000000001 0.70125 0.6012500000000001 0.7212500000000001 0.625 0.7212500000000001 0.625 0.70125
2 0.66625 0.65 0.64375 0.65 0.64375 0.6725 0.66625 0.6725 0.66625 0.65
2 0.675 0.64 0.65 0.64 0.65 0.6637500000000001 0.675 0.6637500000000001 0.675 0.64
2 0.6837500000000001 0.63 0.6587500000000001 0.63 0.6587500000000001 0.65125 0.6837500000000001 0.65125 0.6837500000000001 0.63
2 0.68875 0.6212500000000001 0.66625 0.6212500000000001 0.66625 0.64125 0.68875 0.64125 0.68875 0.6212500000000001
2 0.69875 0.60375 0.67625 0.60375 0.67625 0.6287499999999999 0.69875 0.6287499999999999 0.69875 0.60375
2 0.71 0.595 0.6875 0.595 0.6875 0.61625 0.71 0.61625 0.71 0.595
2 0.71875 0.5900000000000001 0.70125 0.5900000000000001 0.70125 0.6125 0.71875 0.6125 0.71875 0.5900000000000001
2 0.7325 0.58375 0.7150000000000001 0.58375 0.7150000000000001 0.60625 0.7325 0.60625 0.7325 0.58375
2 0.745 0.57875 0.7275 0.57875 0.7275 0.6025 0.745 0.6025 0.745 0.57875
2 0.75875 0.57375 0.74 0.57375 0.74 0.59875 0.75875 0.59875 0.75875 0.57375
2 0.7849999999999999 0.5700000000000001 0.76125 0.5700000000000001 0.76125 0.5962500000000001 0.7849999999999999 0.5962500000000001 0.7849999999999999 0.5700000000000001
2 0.8099999999999999 0.585 0.78625 0.585 0.78625 0.5962500000000001 0.8099999999999999 0.5962500000000001 0.8099999999999999 0.585
2 0.71375 0.6425 0.7 0.6425 0.7 0.66875 0.71375 0.66875 0.71375 0.6425
2 0.72375 0.64375 0.7125 0.64375 0.7125 0.6675 0.72375 0.6675 0.72375 0.64375
2 0.75125 0.64625 0.7375 0.64625 0.7375 0.66875 0.75125 0.66875 0.75125 0.64625
2 0.7462500000000001 0.61875 0.73 0.61875 0.73 0.645 0.7462500000000001 0.645 0.7462500000000001 0.61875
2 0.75625 0.6212500000000001 0.74375 0.6212500000000001 0.74375 0.64375 0.75625 0.64375 0.75625 0.6212500000000001
2 0.9824999999999999 0.735 0.96875 0.735 0.96875 0.76 0.9824999999999999 0.76 0.9824999999999999 0.735
2 0.9962500000000001 0.735 0.98375 0.735 0.98375 0.76 0.9962500000000001 0.76 0.9962500000000001 0.735
2 1 0.735 0.9962500000000001 0.735 0.9962500000000001 0.76125 1 0.76125 1 0.735
2 1 0.6075 0.9887499999999999 0.6075 0.9887499999999999 0.635 1 0.635 1 0.6075
2 0.765 0.645 0.75125 0.645 0.75125 0.67 0.765 0.67 0.765 0.645
2 0.79875 0.6174999999999999 0.78625 0.6174999999999999 0.78625 0.64375 0.79875 0.64375 0.79875 0.6174999999999999
2 0.7787499999999999 0.64375 0.7675 0.64375 0.7675 0.6675 0.7787499999999999 0.6675 0.7787499999999999 0.64375
2 0.77125 0.6212500000000001 0.7575000000000001 0.6212500000000001 0.7575000000000001 0.64375 0.77125 0.64375 0.77125 0.6212500000000001
2 0.795 0.64375 0.78125 0.64375 0.78125 0.6675 0.795 0.6675 0.795 0.64375
2 0.8099999999999999 0.6425 0.795 0.6425 0.795 0.66625 0.8099999999999999 0.66625 0.8099999999999999 0.6425
2 0.8237500000000001 0.63875 0.8125 0.63875 0.8125 0.6637500000000001 0.8237500000000001 0.6637500000000001 0.8237500000000001 0.63875
2 0.85125 0.6325000000000001 0.83625 0.6325000000000001 0.83625 0.6575 0.85125 0.6575 0.85125 0.6325000000000001
2 0.8637499999999999 0.63375 0.8525 0.63375 0.8525 0.66125 0.8637499999999999 0.66125 0.8637499999999999 0.63375
2 0.8625 0.6025 0.8487500000000001 0.6025 0.8487500000000001 0.63125 0.8625 0.63125 0.8625 0.6025
2 0.85 0.60875 0.8387499999999999 0.60875 0.8387499999999999 0.6325000000000001 0.85 0.6325000000000001 0.85 0.60875
2 0.8400000000000001 0.60625 0.8262499999999999 0.60625 0.8262499999999999 0.635 0.8400000000000001 0.635 0.8400000000000001 0.60625
2 0.825 0.615 0.8125 0.615 0.8125 0.6375 0.825 0.6375 0.825 0.615
2 0.81375 0.61625 0.79875 0.61625 0.79875 0.64 0.81375 0.64 0.81375 0.61625
2 0.78625 0.6174999999999999 0.77125 0.6174999999999999 0.77125 0.6425 0.78625 0.6425 0.78625 0.6174999999999999
2 0.9962500000000001 0.605 0.97875 0.605 0.97875 0.63125 0.9962500000000001 0.63125 0.9962500000000001 0.605
2 0.7 0.73875 0.67375 0.73875 0.67375 0.7525000000000001 0.7 0.7525000000000001 0.7 0.73875
2 0.6675 0.765 0.64375 0.765 0.64375 0.78 0.6675 0.78 0.6675 0.765
2 0.6675 0.7775000000000001 0.6425 0.7775000000000001 0.6425 0.7925 0.6675 0.7925 0.6675 0.7775000000000001
2 0.6799999999999999 0.70375 0.6675 0.70375 0.6675 0.7262500000000001 0.6799999999999999 0.7262500000000001 0.6799999999999999 0.70375
2 0.6900000000000001 0.70375 0.67875 0.70375 0.67875 0.7275 0.6900000000000001 0.7275 0.6900000000000001 0.70375
2 0.7 0.705 0.6900000000000001 0.705 0.6900000000000001 0.72875 0.7 0.72875 0.7 0.705
2 0.7112499999999999 0.7025 0.7 0.7025 0.7 0.7275 0.7112499999999999 0.7275 0.7112499999999999 0.7025
2 0.6975 0.725 0.675 0.725 0.675 0.73875 0.6975 0.73875 0.6975 0.725
2 0.9262499999999999 0.49625 0.9012499999999999 0.49625 0.9012499999999999 0.5075000000000001 0.9262499999999999 0.5075000000000001 0.9262499999999999 0.49625
2 0.95875 0.5912499999999999 0.9412499999999999 0.5912499999999999 0.9412499999999999 0.61625 0.95875 0.61625 0.95875 0.5912499999999999
2 0.9712500000000001 0.5974999999999999 0.9525 0.5974999999999999 0.9525 0.62375 0.9712500000000001 0.62375 0.9712500000000001 0.5974999999999999
2 0.98375 0.6 0.9675 0.6 0.9675 0.62625 0.98375 0.62625 0.98375 0.6
2 0.70625 0.9650000000000001 0.6912499999999999 0.9650000000000001 0.6912499999999999 0.99 0.70625 0.99 0.70625 0.9650000000000001
2 0.7375 0.6425 0.72375 0.6425 0.72375 0.67 0.7375 0.67 0.7375 0.6425