2 0.8375 0.3175 0.8237500000000001 0.3175 0.8237500000000001 0.33875 0.8375 0.33875 0.8375 0.3175
2 0.8237500000000001 0.3175 0.8125 0.3175 0.8125 0.33875 0.8237500000000001 0.33875 0.8237500000000001 0.3175
2 0.7975 0.3175 0.7849999999999999 0.3175 0.7849999999999999 0.3375 0.7975 0.3375 0.7975 0.3175
2 0.7737499999999999 0.3175 0.76125 0.3175 0.76125 0.3375 0.7737499999999999 0.3375 0.7737499999999999 0.3175
2 0.7849999999999999 0.3175 0.775 0.3175 0.775 0.33625 0.7849999999999999 0.33625 0.7849999999999999 0.3175
2 0.7150000000000001 0.3275 0.70375 0.3275 0.70375 0.34875 0.7150000000000001 0.34875 0.7150000000000001 0.3275
2 0.54375 0.21375000000000002 0.51 0.21375000000000002 0.51 0.22749999999999998 0.54375 0.22749999999999998 0.54375 0.21375000000000002
2 0.465 0.2575 0.4425 0.2575 0.4425 0.26875 0.465 0.26875 0.465 0.2575
2 0.475 0.19624999999999998 0.44625000000000004 0.19624999999999998 0.44625000000000004 0.21000000000000002 0.475 0.21000000000000002 0.475 0.19624999999999998
2 0.8487500000000001 0.31875 0.8375 0.31875 0.8375 0.33999999999999997 0.8487500000000001 0.33999999999999997 0.8487500000000001 0.31875
2 0.82 0.37625000000000003 0.8074999999999999 0.37625000000000003 0.8074999999999999 0.39625 0.82 0.39625 0.82 0.37625000000000003
2 0.83625 0.37374999999999997 0.8237500000000001 0.37374999999999997 0.8237500000000001 0.39625 0.83625 0.39625 0.83625 0.37374999999999997
2 0.875 0.3775 0.865 0.3775 0.865 0.39625 0.875 0.39625 0.875 0.3775
2 0.76 0.98125 0.73375 0.98125 0.73375 0.9974999999999999 0.76 0.9974999999999999 0.76 0.98125
2 0.755 0.97 0.7325 0.97 0.7325 0.98125 0.755 0.98125 0.755 0.97
2 0.7575000000000001 0.95625 0.73375 0.95625 0.73375 0.96875 0.7575000000000001 0.96875 0.7575000000000001 0.95625
2 0.75875 0.9412499999999999 0.735 0.9412499999999999 0.735 0.9550000000000001 0.75875 0.9550000000000001 0.75875 0.9412499999999999
2 0.75875 0.93 0.735 0.93 0.735 0.94375 0.75875 0.94375 0.75875 0.93
2 0.76 0.9175000000000001 0.735 0.9175000000000001 0.735 0.92875 0.76 0.92875 0.76 0.9175000000000001
2 0.76 0.9037499999999999 0.73625 0.9037499999999999 0.73625 0.915 0.76 0.915 0.76 0.9037499999999999
2 0.75875 0.89 0.73375 0.89 0.73375 0.9025000000000001 0.75875 0.9025000000000001 0.75875 0.89
2 0.8949999999999999 0.825 0.88375 0.825 0.88375 0.85125 0.8949999999999999 0.85125 0.8949999999999999 0.825
2 0.775 0.825 0.7625 0.825 0.7625 0.8474999999999999 0.775 0.8474999999999999 0.775 0.825
2 0.7737499999999999 0.73375 0.76 0.73375 0.76 0.7537499999999999 0.7737499999999999 0.7537499999999999 0.7737499999999999 0.73375
2 0.8025 0.5775 0.79 0.5775 0.79 0.60625 0.8025 0.60625 0.8025 0.5775
2 0.7112499999999999 0.54125 0.6975 0.54125 0.6975 0.5662499999999999 0.7112499999999999 0.5662499999999999 0.7112499999999999 0.54125
2 0.7112499999999999 0.49874999999999997 0.69625 0.49874999999999997 0.69625 0.52 0.7112499999999999 0.52 0.7112499999999999 0.49874999999999997
2 0.7075 0.44625000000000004 0.6950000000000001 0.44625000000000004 0.6950000000000001 0.46749999999999997 0.7075 0.46749999999999997 0.7075 0.44625000000000004
2 0.9275 0.37625000000000003 0.91375 0.37625000000000003 0.91375 0.39875 0.9275 0.39875 0.9275 0.37625000000000003
2 0.9400000000000001 0.375 0.9275 0.375 0.9275 0.3975 0.9400000000000001 0.3975 0.9400000000000001 0.375
2 0.9 0.37625000000000003 0.8875 0.37625000000000003 0.8875 0.3975 0.9 0.3975 0.9 0.37625000000000003
2 0.8862500000000001 0.37625000000000003 0.875 0.37625000000000003 0.875 0.39625 0.8862500000000001 0.39625 0.8862500000000001 0.37625000000000003
2 0.98125 0.93625 0.95625 0.93625 0.95625 0.9487500000000001 0.98125 0.9487500000000001 0.98125 0.93625
2 0.47000000000000003 0.66125 0.45499999999999996 0.66125 0.45499999999999996 0.68875 0.47000000000000003 0.68875 0.47000000000000003 0.66125
2 0.33999999999999997 0.27 0.3175 0.27 0.3175 0.27999999999999997 0.33999999999999997 0.27999999999999997 0.33999999999999997 0.27
2 0.7537499999999999 1 0.7537499999999999 0.9962500000000001 0.73125 0.9962500000000001 0.73125 1 0.7537499999999999 1
2 0.8675 0.94625 0.8462500000000001 0.94625 0.8462500000000001 0.95875 0.8675 0.95875 0.8675 0.94625
2 0.87375 0.9324999999999999 0.845 0.9324999999999999 0.845 0.9475 0.87375 0.9475 0.87375 0.9324999999999999
2 0.8699999999999999 0.9199999999999999 0.8474999999999999 0.9199999999999999 0.8474999999999999 0.9324999999999999 0.8699999999999999 0.9324999999999999 0.8699999999999999 0.9199999999999999
2 0.8699999999999999 0.9075 0.8474999999999999 0.9075 0.8474999999999999 0.9199999999999999 0.8699999999999999 0.9199999999999999 0.8699999999999999 0.9075
2 0.9237500000000001 0.9887499999999999 0.9012499999999999 0.9887499999999999 0.9012499999999999 0.99875 0.9237500000000001 0.99875 0.9237500000000001 0.9887499999999999
2 0.9237500000000001 0.95 0.9012499999999999 0.95 0.9012499999999999 0.95875 0.9237500000000001 0.95875 0.9237500000000001 0.95
2 0.9262499999999999 0.9337500000000001 0.9025000000000001 0.9337500000000001 0.9025000000000001 0.9425000000000001 0.9262499999999999 0.9425000000000001 0.9262499999999999 0.9337500000000001
2 0.985 0.9512499999999999 0.9574999999999999 0.9512499999999999 0.9574999999999999 0.96125 0.985 0.96125 0.985 0.9512499999999999
2 0.98375 0.975 0.96 0.975 0.96 0.99 0.98375 0.99 0.98375 0.975
2 0.8487500000000001 0.37374999999999997 0.83625 0.37374999999999997 0.83625 0.3975 0.8487500000000001 0.3975 0.8487500000000001 0.37374999999999997
2 0.9675 0.32 0.9574999999999999 0.32 0.9574999999999999 0.34249999999999997 0.9675 0.34249999999999997 0.9675 0.32
2 0.8875 0.32125 0.8775000000000001 0.32125 0.8775000000000001 0.33999999999999997 0.8875 0.33999999999999997 0.8875 0.32125
2 0.97875 1 0.97875 0.9887499999999999 0.9574999999999999 0.9887499999999999 0.9574999999999999 1 0.97875 1
2 0.92875 0.89625 0.9075 0.89625 0.9075 0.9075 0.92875 0.9075 0.92875 0.89625
2 0.9262499999999999 0.9075 0.90625 0.9075 0.90625 0.91875 0.9262499999999999 0.91875 0.9262499999999999 0.9075
2 0.9237500000000001 0.92125 0.9025000000000001 0.92125 0.9025000000000001 0.9324999999999999 0.9237500000000001 0.9324999999999999 0.9237500000000001 0.92125
2 0.8125 0.9275 0.79 0.9275 0.79 0.9400000000000001 0.8125 0.9400000000000001 0.8125 0.9275
2 0.8699999999999999 0.9574999999999999 0.84375 0.9574999999999999 0.84375 0.9712500000000001 0.8699999999999999 0.9712500000000001 0.8699999999999999 0.9574999999999999
2 0.86625 0.9712500000000001 0.8425 0.9712500000000001 0.8425 0.98375 0.86625 0.98375 0.86625 0.9712500000000001
2 0.81375 1 0.81375 0.9949999999999999 0.79 0.9949999999999999 0.79 1 0.81375 1
2 0.81375 0.98125 0.79125 0.98125 0.79125 0.99125 0.81375 0.99125 0.81375 0.98125
2 0.86875 0.985 0.84375 0.985 0.84375 0.9974999999999999 0.86875 0.9974999999999999 0.86875 0.985
2 0.81375 0.96875 0.79125 0.96875 0.79125 0.97875 0.81375 0.97875 0.81375 0.96875
2 0.81375 0.9425000000000001 0.7925 0.9425000000000001 0.7925 0.9525 0.81375 0.9525 0.81375 0.9425000000000001