2 0.30874999999999997 0.02375 0.29375 0.02375 0.29375 0.04 0.30874999999999997 0.04 0.30874999999999997 0.02375
2 0.3 0.017499999999999998 0.29 0.017499999999999998 0.29 0.026250000000000002 0.3 0.026250000000000002 0.3 0.017499999999999998
2 0.29375 0.0025 0.28125 0.0025 0.28125 0.01125 0.29375 0.01125 0.29375 0.0025
2 0.23875000000000002 0.00125 0.22999999999999998 0.00125 0.22999999999999998 0.00625 0.23875000000000002 0.00625 0.23875000000000002 0.00125
2 0.2525 0.01875 0.24125000000000002 0.01875 0.24125000000000002 0.027500000000000004 0.2525 0.027500000000000004 0.2525 0.01875
2 0.2575 0.0225 0.24375 0.0225 0.24375 0.03375 0.2575 0.03375 0.2575 0.0225
2 0.25875 0.028749999999999998 0.24625 0.028749999999999998 0.24625 0.04 0.25875 0.04 0.25875 0.028749999999999998
2 0.27125 0.0225 0.2575 0.0225 0.2575 0.0325 0.27125 0.0325 0.27125 0.0225
2 0.27625 0.03375 0.26375000000000004 0.03375 0.26375000000000004 0.04375 0.27625 0.04375 0.27625 0.03375
2 0.26875 0.04375 0.25625 0.04375 0.25625 0.05375 0.26875 0.05375 0.26875 0.04375
2 0.24500000000000002 0.061250000000000006 0.23125 0.061250000000000006 0.23125 0.07125000000000001 0.24500000000000002 0.07125000000000001 0.24500000000000002 0.061250000000000006
2 0.23500000000000001 0.04625 0.2225 0.04625 0.2225 0.05625 0.23500000000000001 0.05625 0.23500000000000001 0.04625
2 0.23125 0.041249999999999995 0.21875 0.041249999999999995 0.21875 0.05125 0.23125 0.05125 0.23125 0.041249999999999995
2 0.21875 0.021249999999999998 0.20625 0.021249999999999998 0.20625 0.03125 0.21875 0.03125 0.21875 0.021249999999999998
2 0.21125 0.0025 0.1975 0.0025 0.1975 0.013750000000000002 0.21125 0.013750000000000002 0.21125 0.0025
2 0.16375 0.6925 0.1575 0.6925 0.1575 0.7075 0.16375 0.7075 0.16375 0.6925
2 0.8637499999999999 0.01125 0.8525 0.01125 0.8525 0.026250000000000002 0.8637499999999999 0.026250000000000002 0.8637499999999999 0.01125
2 0.8712500000000001 0.02375 0.86 0.02375 0.86 0.04 0.8712500000000001 0.04 0.8712500000000001 0.02375
2 0.49749999999999994 0.18 0.48375 0.18 0.48375 0.1925 0.49749999999999994 0.1925 0.49749999999999994 0.18
2 0.94625 0.14875 0.93625 0.14875 0.93625 0.16125 0.94625 0.16125 0.94625 0.14875
2 0.925 0.11374999999999999 0.91375 0.11374999999999999 0.91375 0.12625 0.925 0.12625 0.925 0.11374999999999999
2 0.9650000000000001 0.1825 0.95375 0.1825 0.95375 0.195 0.9650000000000001 0.195 0.9650000000000001 0.1825
2 0.5075000000000001 0.95 0.49625 0.95 0.49625 0.95625 0.5075000000000001 0.95625 0.5075000000000001 0.95
2 0.9099999999999999 0.76625 0.89875 0.76625 0.89875 0.77625 0.9099999999999999 0.77625 0.9099999999999999 0.76625
2 0.9512499999999999 0.7537499999999999 0.93875 0.7537499999999999 0.93875 0.76 0.9512499999999999 0.76 0.9512499999999999 0.7537499999999999
2 0.9712500000000001 0.7675 0.9574999999999999 0.7675 0.9574999999999999 0.7737499999999999 0.9712500000000001 0.7737499999999999 0.9712500000000001 0.7675
2 0.97875 0.755 0.9662499999999999 0.755 0.9662499999999999 0.76375 0.97875 0.76375 0.97875 0.755
2 0.91375 0.9775 0.9087500000000001 0.9775 0.9087500000000001 0.99125 0.91375 0.99125 0.91375 0.9775
2 0.48250000000000004 0.9887499999999999 0.46875 0.9887499999999999 0.46875 0.99375 0.48250000000000004 0.99375 0.48250000000000004 0.9887499999999999
2 0.48125 0.98125 0.46875 0.98125 0.46875 0.9875 0.48125 0.9875 0.48125 0.98125
2 0.50875 0.9875 0.49749999999999994 0.9875 0.49749999999999994 0.99375 0.50875 0.99375 0.50875 0.9875
2 0.50875 0.975 0.49625 0.975 0.49625 0.9800000000000001 0.50875 0.9800000000000001 0.50875 0.975
2 0.50875 0.96875 0.49749999999999994 0.96875 0.49749999999999994 0.9737500000000001 0.50875 0.9737500000000001 0.50875 0.96875
2 0.50875 0.9625 0.49625 0.9625 0.49625 0.96875 0.50875 0.96875 0.50875 0.9625
2 0.47750000000000004 0.94625 0.47125000000000006 0.94625 0.47125000000000006 0.96125 0.47750000000000004 0.96125 0.47750000000000004 0.94625
2 0.50875 0.95625 0.49625 0.95625 0.49625 0.9625 0.50875 0.9625 0.50875 0.95625
2 0.45875000000000005 0.98125 0.44749999999999995 0.98125 0.44749999999999995 0.9862500000000001 0.45875000000000005 0.9862500000000001 0.45875000000000005 0.98125
2 0.7537499999999999 0.825 0.74125 0.825 0.74125 0.82875 0.7537499999999999 0.82875 0.7537499999999999 0.825
2 0.45875000000000005 0.9875 0.44625000000000004 0.9875 0.44625000000000004 0.9925 0.45875000000000005 0.9925 0.45875000000000005 0.9875
2 0.45499999999999996 0.9475 0.44875 0.9475 0.44875 0.9625 0.45499999999999996 0.9625 0.45499999999999996 0.9475
2 0.45 0.9487500000000001 0.44125 0.9487500000000001 0.44125 0.9625 0.45 0.9625 0.45 0.9487500000000001
2 0.44375 0.9512499999999999 0.43624999999999997 0.9512499999999999 0.43624999999999997 0.9637499999999999 0.44375 0.9637499999999999 0.44375 0.9512499999999999
2 0.4375 0.9550000000000001 0.43 0.9550000000000001 0.43 0.9662499999999999 0.4375 0.9662499999999999 0.4375 0.9550000000000001
2 0.43125 0.95625 0.42374999999999996 0.95625 0.42374999999999996 0.96875 0.43125 0.96875 0.43125 0.95625
2 0.42625 0.9574999999999999 0.4175 0.9574999999999999 0.4175 0.9712500000000001 0.42625 0.9712500000000001 0.42625 0.9574999999999999
2 0.4225 0.96 0.41125 0.96 0.41125 0.9737500000000001 0.4225 0.9737500000000001 0.4225 0.96
2 0.41624999999999995 0.9662499999999999 0.40374999999999994 0.9662499999999999 0.40374999999999994 0.9775 0.41624999999999995 0.9775 0.41624999999999995 0.9662499999999999
2 0.41125 0.97 0.4 0.97 0.4 0.98375 0.41125 0.98375 0.41125 0.97
2 0.40499999999999997 0.975 0.395 0.975 0.395 0.9862500000000001 0.40499999999999997 0.9862500000000001 0.40499999999999997 0.975
2 0.4 0.97625 0.38625 0.97625 0.38625 0.9887499999999999 0.4 0.9887499999999999 0.4 0.97625
2 0.89125 0.8150000000000001 0.8862500000000001 0.8150000000000001 0.8862500000000001 0.8262499999999999 0.89125 0.8262499999999999 0.89125 0.8150000000000001
2 0.7575000000000001 0.8125 0.745 0.8125 0.745 0.8162499999999999 0.7575000000000001 0.8162499999999999 0.7575000000000001 0.8125
2 0.95375 0.20249999999999999 0.94375 0.20249999999999999 0.94375 0.21375000000000002 0.95375 0.21375000000000002 0.95375 0.20249999999999999
2 0.60625 0.795 0.6 0.795 0.6 0.8087500000000001 0.60625 0.8087500000000001 0.60625 0.795
2 0.9037499999999999 0.17375000000000002 0.89375 0.17375000000000002 0.89375 0.18125 0.9037499999999999 0.18125 0.9037499999999999 0.17375000000000002
2 0.86875 0.2 0.85625 0.2 0.85625 0.21125 0.86875 0.21125 0.86875 0.2
2 0.87375 0.19875 0.8637499999999999 0.19875 0.8637499999999999 0.20625 0.87375 0.20625 0.87375 0.19875
2 0.8712500000000001 0.1875 0.86625 0.1875 0.86625 0.1975 0.8712500000000001 0.1975 0.8712500000000001 0.1875
2 0.9025000000000001 0.23374999999999999 0.8887499999999999 0.23374999999999999 0.8887499999999999 0.24874999999999997 0.9025000000000001 0.24874999999999997 0.9025000000000001 0.23374999999999999
2 0.9025000000000001 0.25 0.8925000000000001 0.25 0.8925000000000001 0.2625 0.9025000000000001 0.2625 0.9025000000000001 0.25
2 0.9275 0.26625 0.9175000000000001 0.26625 0.9175000000000001 0.27875 0.9275 0.27875 0.9275 0.26625
2 0.9349999999999999 0.26625 0.9237500000000001 0.26625 0.9237500000000001 0.27875 0.9349999999999999 0.27875 0.9349999999999999 0.26625
2 0.5912499999999999 0.76375 0.58375 0.76375 0.58375 0.77625 0.5912499999999999 0.77625 0.5912499999999999 0.76375
2 0.6025 0.7625 0.5962500000000001 0.7625 0.5962500000000001 0.775 0.6025 0.775 0.6025 0.7625
2 0.60875 0.76125 0.6025 0.76125 0.6025 0.7737499999999999 0.60875 0.7737499999999999 0.60875 0.76125
2 0.615 0.76 0.60875 0.76 0.60875 0.7737499999999999 0.615 0.7737499999999999 0.615 0.76
2 0.6275000000000001 0.75875 0.6224999999999999 0.75875 0.6224999999999999 0.7725 0.6275000000000001 0.7725 0.6275000000000001 0.75875
2 0.6174999999999999 0.795 0.61125 0.795 0.61125 0.8087500000000001 0.6174999999999999 0.8087500000000001 0.6174999999999999 0.795
2 0.7887500000000001 0.8150000000000001 0.775 0.8150000000000001 0.775 0.81875 0.7887500000000001 0.81875 0.7887500000000001 0.8150000000000001
2 0.635 0.7849999999999999 0.6224999999999999 0.7849999999999999 0.6224999999999999 0.79375 0.635 0.79375 0.635 0.7849999999999999
2 0.65625 0.79 0.645 0.79 0.645 0.8012499999999999 0.65625 0.8012499999999999 0.65625 0.79
2 0.665 0.76 0.65125 0.76 0.65125 0.7675 0.665 0.7675 0.665 0.76
2 0.72 0.78125 0.7075 0.78125 0.7075 0.7887500000000001 0.72 0.7887500000000001 0.72 0.78125
2 0.7125 0.7675 0.70125 0.7675 0.70125 0.7737499999999999 0.7125 0.7737499999999999 0.7125 0.7675
2 0.74125 0.7787499999999999 0.72875 0.7787499999999999 0.72875 0.7849999999999999 0.74125 0.7849999999999999 0.74125 0.7787499999999999
2 0.745 0.76625 0.7325 0.76625 0.7325 0.77125 0.745 0.77125 0.745 0.76625
2 0.76 0.7474999999999999 0.74875 0.7474999999999999 0.74875 0.75125 0.76 0.75125 0.76 0.7474999999999999
2 0.75875 0.7275 0.7462500000000001 0.7275 0.7462500000000001 0.73375 0.75875 0.73375 0.75875 0.7275
2 0.8225 0.76 0.81125 0.76 0.81125 0.76625 0.8225 0.76625 0.8225 0.76
2 0.79375 0.725 0.78125 0.725 0.78125 0.73125 0.79375 0.73125 0.79375 0.725
2 0.8462500000000001 0.76 0.8324999999999999 0.76 0.8324999999999999 0.76625 0.8462500000000001 0.76625 0.8462500000000001 0.76
2 0.79125 0.8025 0.77625 0.8025 0.77625 0.8087500000000001 0.79125 0.8087500000000001 0.79125 0.8025