2 0.97625 0.3725 0.9512499999999999 0.3725 0.9512499999999999 0.3825 0.97625 0.3825 0.97625 0.3725
2 0.021249999999999998 0.85625 0.00125 0.85625 0.00125 0.86875 0.021249999999999998 0.86875 0.021249999999999998 0.85625
2 0.01875 0.8787499999999999 0.00125 0.8787499999999999 0.00125 0.89 0.01875 0.89 0.01875 0.8787499999999999
2 0.015 0.9574999999999999 0.00125 0.9574999999999999 0.00125 0.96875 0.015 0.96875 0.015 0.9574999999999999
2 0.76 0.23125 0.73375 0.23125 0.73375 0.2475 0.76 0.2475 0.76 0.23125
2 0.755 0.22000000000000003 0.7325 0.22000000000000003 0.7325 0.23125 0.755 0.23125 0.755 0.22000000000000003
2 0.7575000000000001 0.20625 0.73375 0.20625 0.73375 0.21875 0.7575000000000001 0.21875 0.7575000000000001 0.20625
2 0.75875 0.19125 0.735 0.19125 0.735 0.205 0.75875 0.205 0.75875 0.19125
2 0.75875 0.18 0.735 0.18 0.735 0.19375 0.75875 0.19375 0.75875 0.18
2 0.76 0.1675 0.735 0.1675 0.735 0.17875000000000002 0.76 0.17875000000000002 0.76 0.1675
2 0.76 0.15375 0.73625 0.15375 0.73625 0.16499999999999998 0.76 0.16499999999999998 0.76 0.15375
2 0.75875 0.13999999999999999 0.73375 0.13999999999999999 0.73375 0.1525 0.75875 0.1525 0.75875 0.13999999999999999
2 0.8949999999999999 0.075 0.88375 0.075 0.88375 0.10124999999999999 0.8949999999999999 0.10124999999999999 0.8949999999999999 0.075
2 0.775 0.075 0.7625 0.075 0.7625 0.0975 0.775 0.0975 0.775 0.075
2 0.015 0.9475 0.00125 0.9475 0.00125 0.9574999999999999 0.015 0.9574999999999999 0.015 0.9475
2 0.98125 0.18625 0.95625 0.18625 0.95625 0.19875 0.98125 0.19875 0.98125 0.18625
2 0.08249999999999999 0.67625 0.057499999999999996 0.67625 0.057499999999999996 0.6875 0.08249999999999999 0.6875 0.08249999999999999 0.67625
2 0.0875 0.6325000000000001 0.06375 0.6325000000000001 0.06375 0.64375 0.0875 0.64375 0.0875 0.6325000000000001
2 0.027500000000000004 0.6224999999999999 0.0025 0.6224999999999999 0.0025 0.635 0.027500000000000004 0.635 0.027500000000000004 0.6224999999999999
2 0.08375 0.6575 0.058750000000000004 0.6575 0.058750000000000004 0.67 0.08375 0.67 0.08375 0.6575
2 0.025 0.75625 0.0025 0.75625 0.0025 0.76625 0.025 0.76625 0.025 0.75625
2 0.021249999999999998 0.97875 0.00125 0.97875 0.00125 0.99125 0.021249999999999998 0.99125 0.021249999999999998 0.97875
2 0.0775 1 0.0775 0.99 0.05125 0.99 0.05125 1 0.0775 1
2 0.075 0.9800000000000001 0.05375 0.9800000000000001 0.05375 0.99125 0.075 0.99125 0.075 0.9800000000000001
2 0.075 0.96875 0.05375 0.96875 0.05375 0.9800000000000001 0.075 0.9800000000000001 0.075 0.96875
2 0.0725 0.9475 0.05500000000000001 0.9475 0.05500000000000001 0.96 0.0725 0.96 0.0725 0.9475
2 0.07375000000000001 0.9237500000000001 0.052500000000000005 0.9237500000000001 0.052500000000000005 0.9375 0.07375000000000001 0.9375 0.07375000000000001 0.9237500000000001
2 0.075 0.91375 0.05125 0.91375 0.05125 0.9225 0.075 0.9225 0.075 0.91375
2 0.07625 0.89125 0.05 0.89125 0.05 0.905 0.07625 0.905 0.07625 0.89125
2 0.0775 0.8800000000000001 0.05125 0.8800000000000001 0.05125 0.89375 0.0775 0.89375 0.0775 0.8800000000000001
2 0.0775 0.8462500000000001 0.05125 0.8462500000000001 0.05125 0.85625 0.0775 0.85625 0.0775 0.8462500000000001
2 0.07625 0.83375 0.052500000000000005 0.83375 0.052500000000000005 0.8462500000000001 0.07625 0.8462500000000001 0.07625 0.83375
2 0.08 0.82125 0.05375 0.82125 0.05375 0.8324999999999999 0.08 0.8324999999999999 0.08 0.82125
2 0.08 0.8012499999999999 0.05625 0.8012499999999999 0.05625 0.8125 0.08 0.8125 0.08 0.8012499999999999
2 0.08375 0.7787499999999999 0.05625 0.7787499999999999 0.05625 0.79 0.08375 0.79 0.08375 0.7787499999999999
2 0.08 0.7675 0.05500000000000001 0.7675 0.05500000000000001 0.7775000000000001 0.08 0.7775000000000001 0.08 0.7675
2 0.08125 0.7575000000000001 0.058750000000000004 0.7575000000000001 0.058750000000000004 0.7675 0.08125 0.7675 0.08125 0.7575000000000001
2 0.755 0.24625 0.73125 0.24625 0.73125 0.25875 0.755 0.25875 0.755 0.24625
2 0.75625 0.28625 0.73 0.28625 0.73 0.3 0.75625 0.3 0.75625 0.28625
2 0.75625 0.3 0.73 0.3 0.73 0.31 0.75625 0.31 0.75625 0.3
2 0.9199999999999999 0.39625 0.89625 0.39625 0.89625 0.40875000000000006 0.9199999999999999 0.40875000000000006 0.9199999999999999 0.39625
2 0.9237500000000001 0.26375000000000004 0.9012499999999999 0.26375000000000004 0.9012499999999999 0.27375 0.9237500000000001 0.27375 0.9237500000000001 0.26375000000000004
2 0.9237500000000001 0.27749999999999997 0.9 0.27749999999999997 0.9 0.2875 0.9237500000000001 0.2875 0.9237500000000001 0.27749999999999997
2 0.9225 0.29 0.9 0.29 0.9 0.3 0.9225 0.3 0.9225 0.29
2 0.9225 0.30375 0.9012499999999999 0.30375 0.9012499999999999 0.315 0.9225 0.315 0.9225 0.30375
2 0.925 0.31625000000000003 0.9025000000000001 0.31625000000000003 0.9025000000000001 0.3275 0.925 0.3275 0.925 0.31625000000000003
2 0.9237500000000001 0.32875 0.9012499999999999 0.32875 0.9012499999999999 0.34125 0.9237500000000001 0.34125 0.9237500000000001 0.32875
2 0.9225 0.34375 0.89625 0.34375 0.89625 0.35750000000000004 0.9225 0.35750000000000004 0.9225 0.34375
2 0.9262499999999999 0.37124999999999997 0.8975 0.37124999999999997 0.8975 0.38125 0.9262499999999999 0.38125 0.9262499999999999 0.37124999999999997
2 0.9199999999999999 0.3825 0.89375 0.3825 0.89375 0.395 0.9199999999999999 0.395 0.9199999999999999 0.3825
2 0.9199999999999999 0.4225 0.89875 0.4225 0.89875 0.4325 0.9199999999999999 0.4325 0.9199999999999999 0.4225
2 0.755 0.3225 0.73125 0.3225 0.73125 0.3375 0.755 0.3375 0.755 0.3225
2 0.9199999999999999 0.43624999999999997 0.8975 0.43624999999999997 0.8975 0.44625000000000004 0.9199999999999999 0.44625000000000004 0.9199999999999999 0.43624999999999997
2 0.91875 0.45 0.8949999999999999 0.45 0.8949999999999999 0.46125 0.91875 0.46125 0.91875 0.45
2 0.9199999999999999 0.46125 0.8949999999999999 0.46125 0.8949999999999999 0.47375 0.9199999999999999 0.47375 0.9199999999999999 0.46125
2 0.9199999999999999 0.47375 0.8949999999999999 0.47375 0.8949999999999999 0.48624999999999996 0.9199999999999999 0.48624999999999996 0.9199999999999999 0.47375
2 0.9199999999999999 0.48624999999999996 0.89625 0.48624999999999996 0.89625 0.5 0.9199999999999999 0.5 0.9199999999999999 0.48624999999999996
2 0.8675 0.19624999999999998 0.8462500000000001 0.19624999999999998 0.8462500000000001 0.20875 0.8675 0.20875 0.8675 0.19624999999999998
2 0.87375 0.1825 0.845 0.1825 0.845 0.1975 0.87375 0.1975 0.87375 0.1825
2 0.8699999999999999 0.16999999999999998 0.8474999999999999 0.16999999999999998 0.8474999999999999 0.1825 0.8699999999999999 0.1825 0.8699999999999999 0.16999999999999998
2 0.8699999999999999 0.1575 0.8474999999999999 0.1575 0.8474999999999999 0.16999999999999998 0.8699999999999999 0.16999999999999998 0.8699999999999999 0.1575
2 0.925 0.24874999999999997 0.9012499999999999 0.24874999999999997 0.9012499999999999 0.26125 0.925 0.26125 0.925 0.24874999999999997
2 0.9237500000000001 0.23875000000000002 0.9012499999999999 0.23875000000000002 0.9012499999999999 0.24874999999999997 0.9237500000000001 0.24874999999999997 0.9237500000000001 0.23875000000000002
2 0.9237500000000001 0.2 0.9012499999999999 0.2 0.9012499999999999 0.20875 0.9237500000000001 0.20875 0.9237500000000001 0.2
2 0.9262499999999999 0.18375 0.9025000000000001 0.18375 0.9025000000000001 0.1925 0.9262499999999999 0.1925 0.9262499999999999 0.18375
2 0.985 0.20125 0.9574999999999999 0.20125 0.9574999999999999 0.21125 0.985 0.21125 0.985 0.20125
2 0.98375 0.225 0.96 0.225 0.96 0.24 0.98375 0.24 0.98375 0.225
2 0.9800000000000001 0.23875000000000002 0.9574999999999999 0.23875000000000002 0.9574999999999999 0.2525 0.9800000000000001 0.2525 0.9800000000000001 0.23875000000000002
2 0.9824999999999999 0.2525 0.95375 0.2525 0.95375 0.26625 0.9824999999999999 0.26625 0.9824999999999999 0.2525
2 0.9824999999999999 0.26625 0.95625 0.26625 0.95625 0.27875 0.9824999999999999 0.27875 0.9824999999999999 0.26625
2 0.9824999999999999 0.27875 0.9574999999999999 0.27875 0.9574999999999999 0.29125 0.9824999999999999 0.29125 0.9824999999999999 0.27875
2 0.97875 0.29125 0.95625 0.29125 0.95625 0.305 0.97875 0.305 0.97875 0.29125
2 0.97875 0.30375 0.9550000000000001 0.30375 0.9550000000000001 0.3175 0.97875 0.3175 0.97875 0.30375
2 0.98125 0.31625000000000003 0.9574999999999999 0.31625000000000003 0.9574999999999999 0.33125 0.98125 0.33125 0.98125 0.31625000000000003
2 0.9800000000000001 0.3325 0.9550000000000001 0.3325 0.9550000000000001 0.34625 0.9800000000000001 0.34625 0.9800000000000001 0.3325
2 0.9800000000000001 0.34375 0.95625 0.34375 0.95625 0.35875 0.9800000000000001 0.35875 0.9800000000000001 0.34375
2 0.97875 0.39875 0.95375 0.39875 0.95375 0.41125 0.97875 0.41125 0.97875 0.39875
2 0.97625 0.4375 0.95375 0.4375 0.95375 0.44875 0.97625 0.44875 0.97625 0.4375
2 0.92875 0.14625 0.9075 0.14625 0.9075 0.1575 0.92875 0.1575 0.92875 0.14625
2 0.9262499999999999 0.1575 0.90625 0.1575 0.90625 0.16875 0.9262499999999999 0.16875 0.9262499999999999 0.1575
2 0.9237500000000001 0.17124999999999999 0.9025000000000001 0.17124999999999999 0.9025000000000001 0.1825 0.9237500000000001 0.1825 0.9237500000000001 0.17124999999999999
2 0.8125 0.1775 0.79 0.1775 0.79 0.19 0.8125 0.19 0.8125 0.1775
2 0.8699999999999999 0.20750000000000002 0.84375 0.20750000000000002 0.84375 0.22125 0.8699999999999999 0.22125 0.8699999999999999 0.20750000000000002
2 0.86625 0.22125 0.8425 0.22125 0.8425 0.23374999999999999 0.86625 0.23374999999999999 0.86625 0.22125
2 0.81375 0.24500000000000002 0.79 0.24500000000000002 0.79 0.25625 0.81375 0.25625 0.81375 0.24500000000000002
2 0.81375 0.26 0.7925 0.26 0.7925 0.26875 0.81375 0.26875 0.81375 0.26
2 0.8074999999999999 0.2725 0.7875 0.2725 0.7875 0.28375 0.8074999999999999 0.28375 0.8074999999999999 0.2725
2 0.81375 0.28375 0.79 0.28375 0.79 0.29500000000000004 0.81375 0.29500000000000004 0.81375 0.28375
2 0.8087500000000001 0.30874999999999997 0.7887500000000001 0.30874999999999997 0.7887500000000001 0.32125 0.8087500000000001 0.32125 0.8087500000000001 0.30874999999999997
2 0.80625 0.32375 0.7837500000000001 0.32375 0.7837500000000001 0.33625 0.80625 0.33625 0.80625 0.32375
2 0.8125 0.36375 0.79 0.36375 0.79 0.3725 0.8125 0.3725 0.8125 0.36375
2 0.8087500000000001 0.39 0.78625 0.39 0.78625 0.4025 0.8087500000000001 0.4025 0.8087500000000001 0.39
2 0.8087500000000001 0.40499999999999997 0.7849999999999999 0.40499999999999997 0.7849999999999999 0.41500000000000004 0.8087500000000001 0.41500000000000004 0.8087500000000001 0.40499999999999997
2 0.8074999999999999 0.41500000000000004 0.7875 0.41500000000000004 0.7875 0.42750000000000005 0.8074999999999999 0.42750000000000005 0.8074999999999999 0.41500000000000004
2 0.80625 0.4425 0.7837500000000001 0.4425 0.7837500000000001 0.45375 0.80625 0.45375 0.80625 0.4425
2 0.74875 0.43125 0.7275 0.43125 0.7275 0.44000000000000006 0.74875 0.44000000000000006 0.74875 0.43125
2 0.96875 0.55 0.9525 0.55 0.9525 0.57375 0.96875 0.57375 0.96875 0.55
2 0.9400000000000001 0.545 0.9262499999999999 0.545 0.9262499999999999 0.5675 0.9400000000000001 0.5675 0.9400000000000001 0.545
2 0.91375 0.5475 0.9012499999999999 0.5475 0.9012499999999999 0.5700000000000001 0.91375 0.5700000000000001 0.91375 0.5475
2 0.75125 0.48250000000000004 0.7262500000000001 0.48250000000000004 0.7262500000000001 0.495 0.75125 0.495 0.75125 0.48250000000000004
2 0.7537499999999999 0.3775 0.73125 0.3775 0.73125 0.39 0.7537499999999999 0.39 0.7537499999999999 0.3775
2 0.755 0.3625 0.7275 0.3625 0.7275 0.3775 0.755 0.3775 0.755 0.3625
2 0.7525000000000001 0.35125 0.73 0.35125 0.73 0.3625 0.7525000000000001 0.3625 0.7525000000000001 0.35125
2 0.7537499999999999 0.33625 0.73125 0.33625 0.73125 0.35125 0.7537499999999999 0.35125 0.7537499999999999 0.33625
2 0.7825 0.2575 0.77125 0.2575 0.77125 0.27875 0.7825 0.27875 0.7825 0.2575
2 0.81375 0.23125 0.79125 0.23125 0.79125 0.24125000000000002 0.81375 0.24125000000000002 0.81375 0.23125
2 0.86875 0.23500000000000001 0.84375 0.23500000000000001 0.84375 0.2475 0.86875 0.2475 0.86875 0.23500000000000001
2 0.81375 0.21875 0.79125 0.21875 0.79125 0.22875 0.81375 0.22875 0.81375 0.21875
2 0.8699999999999999 0.24874999999999997 0.8474999999999999 0.24874999999999997 0.8474999999999999 0.26 0.8699999999999999 0.26 0.8699999999999999 0.24874999999999997
2 0.86875 0.26375000000000004 0.8425 0.26375000000000004 0.8425 0.27625 0.86875 0.27625 0.86875 0.26375000000000004
2 0.8675 0.28875 0.84375 0.28875 0.84375 0.3 0.8675 0.3 0.8675 0.28875
2 0.86625 0.30125 0.8425 0.30125 0.8425 0.3125 0.86625 0.3125 0.86625 0.30125
2 0.86625 0.315 0.8387499999999999 0.315 0.8387499999999999 0.32875 0.86625 0.32875 0.86625 0.315
2 0.865 0.32875 0.8387499999999999 0.32875 0.8387499999999999 0.34125 0.865 0.34125 0.865 0.32875
2 0.8637499999999999 0.34249999999999997 0.8412499999999999 0.34249999999999997 0.8412499999999999 0.35625 0.8637499999999999 0.35625 0.8637499999999999 0.34249999999999997
2 0.8675 0.35375 0.8425 0.35375 0.8425 0.3675 0.8675 0.3675 0.8675 0.35375
2 0.8675 0.3675 0.845 0.3675 0.845 0.37875000000000003 0.8675 0.37875000000000003 0.8675 0.3675
2 0.8675 0.38125 0.8400000000000001 0.38125 0.8400000000000001 0.395 0.8675 0.395 0.8675 0.38125
2 0.8625 0.3975 0.8387499999999999 0.3975 0.8387499999999999 0.40625 0.8625 0.40625 0.8625 0.3975
2 0.86625 0.40750000000000003 0.8387499999999999 0.40750000000000003 0.8387499999999999 0.42125 0.86625 0.42125 0.86625 0.40750000000000003
2 0.8637499999999999 0.43375 0.8412499999999999 0.43375 0.8412499999999999 0.44375 0.8637499999999999 0.44375 0.8637499999999999 0.43375
2 0.8625 0.44749999999999995 0.83625 0.44749999999999995 0.83625 0.45999999999999996 0.8625 0.45999999999999996 0.8625 0.44749999999999995
2 0.86625 0.46375 0.8425 0.46375 0.8425 0.47375 0.86625 0.47375 0.86625 0.46375
2 0.8612500000000001 0.49000000000000005 0.8375 0.49000000000000005 0.8375 0.50125 0.8612500000000001 0.50125 0.8612500000000001 0.49000000000000005
2 0.865 0.475 0.8425 0.475 0.8425 0.48624999999999996 0.865 0.48624999999999996 0.865 0.475
2 0.78125 0.30375 0.76625 0.30375 0.76625 0.33875 0.78125 0.33875 0.78125 0.30375
2 0.81375 0.1925 0.7925 0.1925 0.7925 0.20249999999999999 0.81375 0.20249999999999999 0.81375 0.1925
2 0.9775 0.55 0.96875 0.55 0.96875 0.57375 0.9775 0.57375 0.9775 0.55