2 0.01 0.06 0.00125 0.06 0.00125 0.06875 0.01 0.06875 0.01 0.06
2 0.03375 0.008749999999999999 0.025 0.008749999999999999 0.025 0.03 0.03375 0.03 0.03375 0.008749999999999999
2 0.0475 0.0125 0.03875 0.0125 0.03875 0.028749999999999998 0.0475 0.028749999999999998 0.0475 0.0125
2 0.061250000000000006 0.015 0.05125 0.015 0.05125 0.0325 0.061250000000000006 0.0325 0.061250000000000006 0.015
2 0.0725 0.01125 0.0625 0.01125 0.0625 0.03375 0.0725 0.03375 0.0725 0.01125
2 0.09375 0.06 0.0675 0.06 0.0675 0.0775 0.09375 0.0775 0.09375 0.06
2 0.027500000000000004 0.1875 0.015 0.1875 0.015 0.2125 0.027500000000000004 0.2125 0.027500000000000004 0.1875
2 0.041249999999999995 0.19 0.03125 0.19 0.03125 0.21000000000000002 0.041249999999999995 0.21000000000000002 0.041249999999999995 0.19
2 0.145 0.205 0.1375 0.205 0.1375 0.2225 0.145 0.2225 0.145 0.205
2 0.07625 0.19375 0.065 0.19375 0.065 0.215 0.07625 0.215 0.07625 0.19375
2 0.08625000000000001 0.19624999999999998 0.07625 0.19624999999999998 0.07625 0.21625 0.08625000000000001 0.21625 0.08625000000000001 0.19624999999999998
2 0.013750000000000002 0.25125000000000003 0.00375 0.25125000000000003 0.00375 0.26625 0.013750000000000002 0.26625 0.013750000000000002 0.25125000000000003
2 0.026250000000000002 0.25125000000000003 0.01625 0.25125000000000003 0.01625 0.26749999999999996 0.026250000000000002 0.26749999999999996 0.026250000000000002 0.25125000000000003
2 0.22875 0.4725 0.21875 0.4725 0.21875 0.49625 0.22875 0.49625 0.22875 0.4725
2 0.205 0.4725 0.195 0.4725 0.195 0.495 0.205 0.495 0.205 0.4725
2 0.195 0.4725 0.185 0.4725 0.185 0.49625 0.195 0.49625 0.195 0.4725
2 0.18375 0.45499999999999996 0.175 0.45499999999999996 0.175 0.47375 0.18375 0.47375 0.18375 0.45499999999999996
2 0.22875 0.44749999999999995 0.205 0.44749999999999995 0.205 0.47000000000000003 0.22875 0.47000000000000003 0.22875 0.44749999999999995
2 0.22625 0.32125 0.20875 0.32125 0.20875 0.34500000000000003 0.22625 0.34500000000000003 0.22625 0.32125
2 0.215 0.32625000000000004 0.20125 0.32625000000000004 0.20125 0.35 0.215 0.35 0.215 0.32625000000000004
2 0.19125 0.33875 0.1775 0.33875 0.1775 0.35875 0.19125 0.35875 0.19125 0.33875
2 0.1825 0.34500000000000003 0.1675 0.34500000000000003 0.1675 0.36625 0.1825 0.36625 0.1825 0.34500000000000003
2 0.16875 0.34750000000000003 0.155 0.34750000000000003 0.155 0.37 0.16875 0.37 0.16875 0.34750000000000003
2 0.1575 0.355 0.14375 0.355 0.14375 0.37374999999999997 0.1575 0.37374999999999997 0.1575 0.355
2 0.14750000000000002 0.36124999999999996 0.1325 0.36124999999999996 0.1325 0.3825 0.14750000000000002 0.3825 0.14750000000000002 0.36124999999999996
2 0.135 0.36625 0.11875 0.36625 0.11875 0.38875000000000004 0.135 0.38875000000000004 0.135 0.36625
2 0.11875 0.37124999999999997 0.10375000000000001 0.37124999999999997 0.10375000000000001 0.39375 0.11875 0.39375 0.11875 0.37124999999999997
2 0.10500000000000001 0.3775 0.09125 0.3775 0.09125 0.3975 0.10500000000000001 0.3975 0.10500000000000001 0.3775
2 0.0975 0.3825 0.08249999999999999 0.3825 0.08249999999999999 0.40499999999999997 0.0975 0.40499999999999997 0.0975 0.3825
2 0.0875 0.38875000000000004 0.07125000000000001 0.38875000000000004 0.07125000000000001 0.40875000000000006 0.0875 0.40875000000000006 0.0875 0.38875000000000004
2 0.07375000000000001 0.395 0.057499999999999996 0.395 0.057499999999999996 0.4175 0.07375000000000001 0.4175 0.07375000000000001 0.395
2 0.04375 0.44125 0.0225 0.44125 0.0225 0.4525 0.04375 0.4525 0.04375 0.44125
2 0.042499999999999996 0.45499999999999996 0.01875 0.45499999999999996 0.01875 0.46624999999999994 0.042499999999999996 0.46624999999999994 0.042499999999999996 0.45499999999999996
2 0.04625 0.465 0.02 0.465 0.02 0.47750000000000004 0.04625 0.47750000000000004 0.04625 0.465
2 0.03875 0.48 0.01625 0.48 0.01625 0.49124999999999996 0.03875 0.49124999999999996 0.03875 0.48
2 0.03 0.495 0.01 0.495 0.01 0.5025000000000001 0.03 0.5025000000000001 0.03 0.495
2 0.034999999999999996 0.505 0.008749999999999999 0.505 0.008749999999999999 0.51625 0.034999999999999996 0.51625 0.034999999999999996 0.505
2 0.03375 0.53125 0.0075 0.53125 0.0075 0.54 0.03375 0.54 0.03375 0.53125
2 0.028749999999999998 0.54625 0.0075 0.54625 0.0075 0.55625 0.028749999999999998 0.55625 0.028749999999999998 0.54625
2 0.025 0.5575 0.00375 0.5575 0.00375 0.5675 0.025 0.5675 0.025 0.5575
2 0.025 0.57125 0.00375 0.57125 0.00375 0.58 0.025 0.58 0.025 0.57125
2 0.025 0.5825 0.00125 0.5825 0.00125 0.5925 0.025 0.5925 0.025 0.5825
2 0.2425 0.47874999999999995 0.22999999999999998 0.47874999999999995 0.22999999999999998 0.5 0.2425 0.5 0.2425 0.47874999999999995
2 0.19 0.49874999999999997 0.18125 0.49874999999999997 0.18125 0.525 0.19 0.525 0.19 0.49874999999999997
2 0.20375000000000001 0.49874999999999997 0.1925 0.49874999999999997 0.1925 0.5237499999999999 0.20375000000000001 0.5237499999999999 0.20375000000000001 0.49874999999999997
2 0.16499999999999998 0.3125 0.14875 0.3125 0.14875 0.3325 0.16499999999999998 0.3325 0.16499999999999998 0.3125
2 0.12125 0.26 0.11125 0.26 0.11125 0.27875 0.12125 0.27875 0.12125 0.26
2 0.01 0.27125 0.00125 0.27125 0.00125 0.29 0.01 0.29 0.01 0.27125
2 0.025 0.27 0.0125 0.27 0.0125 0.29625 0.025 0.29625 0.025 0.27
2 0.03375 0.275 0.025 0.275 0.025 0.29500000000000004 0.03375 0.29500000000000004 0.03375 0.275
2 0.04625 0.27125 0.03625 0.27125 0.03625 0.29625 0.04625 0.29625 0.04625 0.27125
2 0.058750000000000004 0.27375 0.0475 0.27375 0.0475 0.2975 0.058750000000000004 0.2975 0.058750000000000004 0.27375
2 0.07125000000000001 0.27375 0.06 0.27375 0.06 0.29625 0.07125000000000001 0.29625 0.07125000000000001 0.27375
2 0.08249999999999999 0.27625 0.0725 0.27625 0.0725 0.3 0.08249999999999999 0.3 0.08249999999999999 0.27625
2 0.10500000000000001 0.28375 0.09625 0.28375 0.09625 0.30375 0.10500000000000001 0.30375 0.10500000000000001 0.28375
2 0.11750000000000001 0.33625 0.1025 0.33625 0.1025 0.35625 0.11750000000000001 0.35625 0.11750000000000001 0.33625
2 0.1275 0.3275 0.11125 0.3275 0.11125 0.35125 0.1275 0.35125 0.1275 0.3275
2 0.14125000000000001 0.325 0.125 0.325 0.125 0.34875 0.14125000000000001 0.34875 0.14125000000000001 0.325
2 0.175 0.30874999999999997 0.16 0.30874999999999997 0.16 0.32999999999999996 0.175 0.32999999999999996 0.175 0.30874999999999997
2 0.215 0.5 0.20375000000000001 0.5 0.20375000000000001 0.5225 0.215 0.5225 0.215 0.5
2 0.18625 0.30125 0.1675 0.30125 0.1675 0.325 0.18625 0.325 0.18625 0.30125
2 0.19875 0.29500000000000004 0.1825 0.29500000000000004 0.1825 0.32 0.19875 0.32 0.19875 0.29500000000000004
2 0.36 0.1675 0.34249999999999997 0.1675 0.34249999999999997 0.195 0.36 0.195 0.36 0.1675
2 0.24500000000000002 0.14375 0.225 0.14375 0.225 0.15875 0.24500000000000002 0.15875 0.24500000000000002 0.14375
2 0.26 0.18875 0.23875000000000002 0.18875 0.23875000000000002 0.20375000000000001 0.26 0.20375000000000001 0.26 0.18875
2 0.265 0.20125 0.24375 0.20125 0.24375 0.21375000000000002 0.265 0.21375000000000002 0.265 0.20125
2 0.275 0.20750000000000002 0.255 0.20750000000000002 0.255 0.22125 0.275 0.22125 0.275 0.20750000000000002
2 0.27999999999999997 0.23125 0.255 0.23125 0.255 0.2475 0.27999999999999997 0.2475 0.27999999999999997 0.23125
2 0.28625 0.24625 0.265 0.24625 0.265 0.2625 0.28625 0.2625 0.28625 0.24625
2 0.28625 0.2625 0.26625 0.2625 0.26625 0.275 0.28625 0.275 0.28625 0.2625
2 0.29500000000000004 0.28125 0.27375 0.28125 0.27375 0.29500000000000004 0.29500000000000004 0.29500000000000004 0.29500000000000004 0.28125
2 0.38125 0.43125 0.36 0.43125 0.36 0.4425 0.38125 0.4425 0.38125 0.43125
2 0.23125 0.50125 0.21875 0.50125 0.21875 0.5237499999999999 0.23125 0.5237499999999999 0.23125 0.50125
2 0.49625 0.545 0.47375 0.545 0.47375 0.5599999999999999 0.49625 0.5599999999999999 0.49625 0.545
2 0.095 0.5287499999999999 0.07625 0.5287499999999999 0.07625 0.54125 0.095 0.54125 0.095 0.5287499999999999
2 0.09 0.6 0.06625 0.6 0.06625 0.61125 0.09 0.61125 0.09 0.6
2 0.08499999999999999 0.62375 0.058750000000000004 0.62375 0.058750000000000004 0.63625 0.08499999999999999 0.63625 0.08499999999999999 0.62375
2 0.021249999999999998 0.6487499999999999 0.00125 0.6487499999999999 0.00125 0.6625 0.021249999999999998 0.6625 0.021249999999999998 0.6487499999999999
2 0.0875 0.7224999999999999 0.06625 0.7224999999999999 0.06625 0.74125 0.0875 0.74125 0.0875 0.7224999999999999
2 0.058750000000000004 0.77125 0.04 0.77125 0.04 0.79 0.058750000000000004 0.79 0.058750000000000004 0.77125
2 0.013750000000000002 0.18625 0.00375 0.18625 0.00375 0.20875 0.013750000000000002 0.20875 0.013750000000000002 0.18625
2 0.034999999999999996 0.24874999999999997 0.026250000000000002 0.24874999999999997 0.026250000000000002 0.26875 0.034999999999999996 0.26875 0.034999999999999996 0.24874999999999997
2 0.05 0.24874999999999997 0.0375 0.24874999999999997 0.0375 0.27125 0.05 0.27125 0.05 0.24874999999999997
2 0.06 0.24874999999999997 0.05125 0.24874999999999997 0.05125 0.27125 0.06 0.27125 0.06 0.24874999999999997
2 0.0725 0.25 0.0625 0.25 0.0625 0.2725 0.0725 0.2725 0.0725 0.25
2 0.08499999999999999 0.2525 0.0775 0.2525 0.0775 0.275 0.08499999999999999 0.275 0.08499999999999999 0.2525
2 0.0975 0.2525 0.08875 0.2525 0.08875 0.27749999999999997 0.0975 0.27749999999999997 0.0975 0.2525
2 0.1075 0.25375000000000003 0.09875 0.25375000000000003 0.09875 0.27749999999999997 0.1075 0.27749999999999997 0.1075 0.25375000000000003