2 0.5175 0.54375 0.5075000000000001 0.54375 0.5075000000000001 0.55375 0.5175 0.55375 0.5175 0.54375
2 0.5175 0.39625 0.5125 0.39625 0.5125 0.40625 0.5175 0.40625 0.5175 0.39625
2 0.5125 0.4 0.50625 0.4 0.50625 0.40875000000000006 0.5125 0.40875000000000006 0.5125 0.4
2 0.50625 0.40374999999999994 0.49874999999999997 0.40374999999999994 0.49874999999999997 0.41375 0.50625 0.41375 0.50625 0.40374999999999994
2 0.5 0.40750000000000003 0.4925 0.40750000000000003 0.4925 0.4175 0.5 0.4175 0.5 0.40750000000000003
2 0.495 0.4125 0.485 0.4125 0.485 0.42125 0.495 0.42125 0.495 0.4125
2 0.48250000000000004 0.42125 0.47375 0.42125 0.47375 0.42625 0.48250000000000004 0.42625 0.48250000000000004 0.42125
2 0.3825 0.5 0.3725 0.5 0.3725 0.51 0.3825 0.51 0.3825 0.5
2 0.4175 0.51875 0.40499999999999997 0.51875 0.40499999999999997 0.5275000000000001 0.4175 0.5275000000000001 0.4175 0.51875
2 0.445 0.51125 0.43624999999999997 0.51125 0.43624999999999997 0.52125 0.445 0.52125 0.445 0.51125
2 0.44125 0.50625 0.43125 0.50625 0.43125 0.5175 0.44125 0.5175 0.44125 0.50625
2 0.43624999999999997 0.5025000000000001 0.42625 0.5025000000000001 0.42625 0.5125 0.43624999999999997 0.5125 0.43624999999999997 0.5025000000000001
2 0.43375 0.49124999999999996 0.4225 0.49124999999999996 0.4225 0.50125 0.43375 0.50125 0.43375 0.49124999999999996
2 0.42874999999999996 0.48624999999999996 0.42000000000000004 0.48624999999999996 0.42000000000000004 0.49375 0.42874999999999996 0.49375 0.42874999999999996 0.48624999999999996
2 0.43875000000000003 0.46624999999999994 0.42750000000000005 0.46624999999999994 0.42750000000000005 0.47625 0.43875000000000003 0.47625 0.43875000000000003 0.46624999999999994
2 0.4425 0.47750000000000004 0.4325 0.47750000000000004 0.4325 0.4875 0.4425 0.4875 0.4425 0.47750000000000004
2 0.44625000000000004 0.48250000000000004 0.43499999999999994 0.48250000000000004 0.43499999999999994 0.49124999999999996 0.44625000000000004 0.49124999999999996 0.44625000000000004 0.48250000000000004
2 0.45 0.48624999999999996 0.44000000000000006 0.48624999999999996 0.44000000000000006 0.49625 0.45 0.49625 0.45 0.48624999999999996
2 0.4525 0.49124999999999996 0.44000000000000006 0.49124999999999996 0.44000000000000006 0.50125 0.4525 0.50125 0.4525 0.49124999999999996
2 0.465 0.50875 0.4525 0.50875 0.4525 0.51625 0.465 0.51625 0.465 0.50875
2 0.475 0.52125 0.45999999999999996 0.52125 0.45999999999999996 0.5325 0.475 0.5325 0.475 0.52125
2 0.47874999999999995 0.5325 0.46624999999999994 0.5325 0.46624999999999994 0.54125 0.47874999999999995 0.54125 0.47874999999999995 0.5325
2 0.49874999999999997 0.56125 0.48875 0.56125 0.48875 0.57125 0.49874999999999997 0.57125 0.49874999999999997 0.56125
2 0.5025000000000001 0.5662499999999999 0.49124999999999996 0.5662499999999999 0.49124999999999996 0.575 0.5025000000000001 0.575 0.5025000000000001 0.5662499999999999
2 0.5275000000000001 0.6012500000000001 0.51375 0.6012500000000001 0.51375 0.61125 0.5275000000000001 0.61125 0.5275000000000001 0.6012500000000001
2 0.5287499999999999 0.6075 0.515 0.6075 0.515 0.6174999999999999 0.5287499999999999 0.6174999999999999 0.5287499999999999 0.6075
2 0.53625 0.61625 0.5225 0.61625 0.5225 0.62625 0.53625 0.62625 0.53625 0.61625
2 0.5349999999999999 0.62375 0.525 0.62375 0.525 0.63375 0.5349999999999999 0.63375 0.5349999999999999 0.62375
2 0.5375 0.5725 0.52625 0.5725 0.52625 0.58375 0.5375 0.58375 0.5375 0.5725
2 0.53 0.5650000000000001 0.51875 0.5650000000000001 0.51875 0.57375 0.53 0.57375 0.53 0.5650000000000001
2 0.44375 0.43 0.43499999999999994 0.43 0.43499999999999994 0.4425 0.44375 0.4425 0.44375 0.43
2 0.42125 0.40750000000000003 0.41375 0.40750000000000003 0.41375 0.4175 0.42125 0.4175 0.42125 0.40750000000000003
2 0.37374999999999997 0.45 0.3625 0.45 0.3625 0.45875000000000005 0.37374999999999997 0.45875000000000005 0.37374999999999997 0.45
2 0.36625 0.44000000000000006 0.35375 0.44000000000000006 0.35375 0.45 0.36625 0.45 0.36625 0.44000000000000006
2 0.5575 0.9800000000000001 0.54875 0.9800000000000001 0.54875 0.99125 0.5575 0.99125 0.5575 0.9800000000000001
2 0.52625 0.9400000000000001 0.51875 0.9400000000000001 0.51875 0.9512499999999999 0.52625 0.9512499999999999 0.52625 0.9400000000000001
2 0.47625 0.8825 0.46375 0.8825 0.46375 0.8975 0.47625 0.8975 0.47625 0.8825
2 0.47750000000000004 0.8712500000000001 0.46749999999999997 0.8712500000000001 0.46749999999999997 0.885 0.47750000000000004 0.885 0.47750000000000004 0.8712500000000001
2 0.43 0.8087500000000001 0.4175 0.8087500000000001 0.4175 0.8237500000000001 0.43 0.8237500000000001 0.43 0.8087500000000001
2 0.3775 0.735 0.36625 0.735 0.36625 0.74875 0.3775 0.74875 0.3775 0.735
2 0.28500000000000003 0.58 0.27375 0.58 0.27375 0.5925 0.28500000000000003 0.5925 0.28500000000000003 0.58
2 0.2225 0.5025000000000001 0.21000000000000002 0.5025000000000001 0.21000000000000002 0.5175 0.2225 0.5175 0.2225 0.5025000000000001
2 0.385 0.41125 0.375 0.41125 0.375 0.4225 0.385 0.4225 0.385 0.41125
2 0.39125 0.4225 0.38 0.4225 0.38 0.4325 0.39125 0.4325 0.39125 0.4225
2 0.395 0.42874999999999996 0.38375 0.42874999999999996 0.38375 0.43875000000000003 0.395 0.43875000000000003 0.395 0.42874999999999996
2 0.5237499999999999 0.55375 0.51375 0.55375 0.51375 0.5625 0.5237499999999999 0.5625 0.5237499999999999 0.55375
2 0.515 0.5387500000000001 0.5025000000000001 0.5387500000000001 0.5025000000000001 0.54875 0.515 0.54875 0.515 0.5387500000000001
2 0.51 0.5337500000000001 0.49749999999999994 0.5337500000000001 0.49749999999999994 0.54375 0.51 0.54375 0.51 0.5337500000000001
2 0.85875 0.79125 0.845 0.79125 0.845 0.8012499999999999 0.85875 0.8012499999999999 0.85875 0.79125
2 0.67625 0.41500000000000004 0.66625 0.41500000000000004 0.66625 0.42374999999999996 0.67625 0.42374999999999996 0.67625 0.41500000000000004
2 0.6837500000000001 0.425 0.67375 0.425 0.67375 0.43375 0.6837500000000001 0.43375 0.6837500000000001 0.425
2 0.6900000000000001 0.43624999999999997 0.6799999999999999 0.43624999999999997 0.6799999999999999 0.4425 0.6900000000000001 0.4425 0.6900000000000001 0.43624999999999997
2 0.7462500000000001 0.5275000000000001 0.735 0.5275000000000001 0.735 0.53625 0.7462500000000001 0.53625 0.7462500000000001 0.5275000000000001
2 0.705 0.45999999999999996 0.69375 0.45999999999999996 0.69375 0.47000000000000003 0.705 0.47000000000000003 0.705 0.45999999999999996
2 0.67125 0.46125 0.66125 0.46125 0.66125 0.47125000000000006 0.67125 0.47125000000000006 0.67125 0.46125
2 0.40499999999999997 0.50875 0.395 0.50875 0.395 0.5175 0.40499999999999997 0.5175 0.40499999999999997 0.50875
2 0.71875 0.3975 0.70625 0.3975 0.70625 0.40750000000000003 0.71875 0.40750000000000003 0.71875 0.3975
2 0.9662499999999999 0.7125 0.95625 0.7125 0.95625 0.7262500000000001 0.9662499999999999 0.7262500000000001 0.9662499999999999 0.7125
2 0.8574999999999999 0.62625 0.8474999999999999 0.62625 0.8474999999999999 0.63375 0.8574999999999999 0.63375 0.8574999999999999 0.62625
2 0.8525 0.615 0.8425 0.615 0.8425 0.62625 0.8525 0.62625 0.8525 0.615
2 0.8 0.57375 0.79 0.57375 0.79 0.5825 0.8 0.5825 0.8 0.57375
2 0.80375 0.56875 0.795 0.56875 0.795 0.57625 0.80375 0.57625 0.80375 0.56875
2 0.66875 0.39875 0.655 0.39875 0.655 0.41 0.66875 0.41 0.66875 0.39875
2 0.505 0.53125 0.49625 0.53125 0.49625 0.54 0.505 0.54 0.505 0.53125
2 0.49000000000000005 0.49000000000000005 0.47625 0.49000000000000005 0.47625 0.50125 0.49000000000000005 0.50125 0.49000000000000005 0.49000000000000005
2 0.48125 0.47750000000000004 0.46749999999999997 0.47750000000000004 0.46749999999999997 0.48875 0.48125 0.48875 0.48125 0.47750000000000004
2 0.7849999999999999 0.495 0.7737499999999999 0.495 0.7737499999999999 0.505 0.7849999999999999 0.505 0.7849999999999999 0.495
2 0.7625 0.45999999999999996 0.74875 0.45999999999999996 0.74875 0.47125000000000006 0.7625 0.47125000000000006 0.7625 0.45999999999999996
2 0.7537499999999999 0.45 0.7424999999999999 0.45 0.7424999999999999 0.45999999999999996 0.7537499999999999 0.45999999999999996 0.7537499999999999 0.45
2 0.74875 0.44125 0.735 0.44125 0.735 0.44875 0.74875 0.44875 0.74875 0.44125
2 0.74375 0.43499999999999994 0.73375 0.43499999999999994 0.73375 0.44375 0.74375 0.44375 0.74375 0.43499999999999994
2 0.73625 0.41875 0.72375 0.41875 0.72375 0.43 0.73625 0.43 0.73625 0.41875
2 0.73125 0.41375 0.72 0.41375 0.72 0.42625 0.73125 0.42625 0.73125 0.41375
2 0.69625 0.43875000000000003 0.6825 0.43875000000000003 0.6825 0.45125000000000004 0.69625 0.45125000000000004 0.69625 0.43875000000000003
2 0.7112499999999999 0.44000000000000006 0.7025 0.44000000000000006 0.7025 0.45125000000000004 0.7112499999999999 0.45125000000000004 0.7112499999999999 0.44000000000000006
2 0.71875 0.45125000000000004 0.71 0.45125000000000004 0.71 0.45999999999999996 0.71875 0.45999999999999996 0.71875 0.45125000000000004
2 0.6875 0.34875 0.675 0.34875 0.675 0.35750000000000004 0.6875 0.35750000000000004 0.6875 0.34875
2 0.6325000000000001 0.39875 0.6212500000000001 0.39875 0.6212500000000001 0.40875000000000006 0.6325000000000001 0.40875000000000006 0.6325000000000001 0.39875
2 0.64125 0.41500000000000004 0.63125 0.41500000000000004 0.63125 0.42625 0.64125 0.42625 0.64125 0.41500000000000004
2 0.74 0.5175 0.73 0.5175 0.73 0.52625 0.74 0.52625 0.74 0.5175
2 0.655 0.43499999999999994 0.64375 0.43499999999999994 0.64375 0.44625000000000004 0.655 0.44625000000000004 0.655 0.43499999999999994
2 0.845 0.63375 0.835 0.63375 0.835 0.6475 0.845 0.6475 0.845 0.63375
2 0.8387499999999999 0.6375 0.82875 0.6375 0.82875 0.65125 0.8387499999999999 0.65125 0.8387499999999999 0.6375
2 0.8324999999999999 0.645 0.82125 0.645 0.82125 0.655 0.8324999999999999 0.655 0.8324999999999999 0.645
2 0.79625 0.64 0.7837500000000001 0.64 0.7837500000000001 0.65 0.79625 0.65 0.79625 0.64
2 0.9199999999999999 0.7025 0.90625 0.7025 0.90625 0.71375 0.9199999999999999 0.71375 0.9199999999999999 0.7025
2 0.8525 0.81375 0.8425 0.81375 0.8425 0.825 0.8525 0.825 0.8525 0.81375
2 0.81875 0.65125 0.81125 0.65125 0.81125 0.6637500000000001 0.81875 0.6637500000000001 0.81875 0.65125