2 0.7737499999999999 0.08499999999999999 0.76375 0.08499999999999999 0.76375 0.09875 0.7737499999999999 0.09875 0.7737499999999999 0.08499999999999999
2 0.19624999999999998 0.875 0.18375 0.875 0.18375 0.8875 0.19624999999999998 0.8875 0.19624999999999998 0.875
2 0.10874999999999999 0.7849999999999999 0.0975 0.7849999999999999 0.0975 0.7975 0.10874999999999999 0.7975 0.10874999999999999 0.7849999999999999
2 0.08125 0.75625 0.06999999999999999 0.75625 0.06999999999999999 0.7675 0.08125 0.7675 0.08125 0.75625
2 0.74375 0.03875 0.73625 0.03875 0.73625 0.0475 0.74375 0.0475 0.74375 0.03875
2 0.27 0.44125 0.25625 0.44125 0.25625 0.45125000000000004 0.27 0.45125000000000004 0.27 0.44125
2 0.5775 0.44625000000000004 0.56875 0.44625000000000004 0.56875 0.4575 0.5775 0.4575 0.5775 0.44625000000000004
2 0.585 0.45625 0.57625 0.45625 0.57625 0.46749999999999997 0.585 0.46749999999999997 0.585 0.45625
2 0.43875000000000003 0.45999999999999996 0.42874999999999996 0.45999999999999996 0.42874999999999996 0.47000000000000003 0.43875000000000003 0.47000000000000003 0.43875000000000003 0.45999999999999996
2 0.0875 0.065 0.0775 0.065 0.0775 0.07375000000000001 0.0875 0.07375000000000001 0.0875 0.065
2 0.095 0.075 0.08499999999999999 0.075 0.08499999999999999 0.08375 0.095 0.08375 0.095 0.075
2 0.10124999999999999 0.08625000000000001 0.09125 0.08625000000000001 0.09125 0.0925 0.10124999999999999 0.0925 0.10124999999999999 0.08625000000000001
2 0.1575 0.1775 0.14625 0.1775 0.14625 0.18625 0.1575 0.18625 0.1575 0.1775
2 0.11625 0.11000000000000001 0.10500000000000001 0.11000000000000001 0.10500000000000001 0.12 0.11625 0.12 0.11625 0.11000000000000001
2 0.08249999999999999 0.11125 0.0725 0.11125 0.0725 0.12125 0.08249999999999999 0.12125 0.08249999999999999 0.11125
2 0.13 0.0475 0.11750000000000001 0.0475 0.11750000000000001 0.057499999999999996 0.13 0.057499999999999996 0.13 0.0475
2 0.47125000000000006 0.3975 0.4625 0.3975 0.4625 0.41 0.47125000000000006 0.41 0.47125000000000006 0.3975
2 0.3775 0.3625 0.3675 0.3625 0.3675 0.37625000000000003 0.3775 0.37625000000000003 0.3775 0.3625
2 0.26875 0.27625 0.25875 0.27625 0.25875 0.28375 0.26875 0.28375 0.26875 0.27625
2 0.26375000000000004 0.265 0.25375000000000003 0.265 0.25375000000000003 0.27625 0.26375000000000004 0.27625 0.26375000000000004 0.265
2 0.21125 0.22374999999999998 0.20125 0.22374999999999998 0.20125 0.2325 0.21125 0.2325 0.21125 0.22374999999999998
2 0.215 0.21875 0.20625 0.21875 0.20625 0.22625 0.215 0.22625 0.215 0.21875
2 0.5825 0.28875 0.5725 0.28875 0.5725 0.3 0.5825 0.3 0.5825 0.28875
2 0.5775 0.47000000000000003 0.5675 0.47000000000000003 0.5675 0.47750000000000004 0.5775 0.47750000000000004 0.5775 0.47000000000000003
2 0.58 0.475 0.5725 0.475 0.5725 0.48250000000000004 0.58 0.48250000000000004 0.58 0.475
2 0.08 0.04875 0.06625 0.04875 0.06625 0.06 0.08 0.06 0.08 0.04875
2 0.19624999999999998 0.145 0.185 0.145 0.185 0.155 0.19624999999999998 0.155 0.19624999999999998 0.145
2 0.17375000000000002 0.11000000000000001 0.16 0.11000000000000001 0.16 0.12125 0.17375000000000002 0.12125 0.17375000000000002 0.11000000000000001
2 0.16499999999999998 0.1 0.15375 0.1 0.15375 0.11000000000000001 0.16499999999999998 0.11000000000000001 0.16499999999999998 0.1
2 0.16 0.09125 0.14625 0.09125 0.14625 0.09875 0.16 0.09875 0.16 0.09125
2 0.155 0.08499999999999999 0.145 0.08499999999999999 0.145 0.09375 0.155 0.09375 0.155 0.08499999999999999
2 0.14750000000000002 0.06875 0.135 0.06875 0.135 0.08 0.14750000000000002 0.08 0.14750000000000002 0.06875
2 0.14250000000000002 0.06375 0.13125 0.06375 0.13125 0.07625 0.14250000000000002 0.07625 0.14250000000000002 0.06375
2 0.1075 0.08875 0.09375 0.08875 0.09375 0.10124999999999999 0.1075 0.10124999999999999 0.1075 0.08875
2 0.12250000000000001 0.09 0.11374999999999999 0.09 0.11374999999999999 0.10124999999999999 0.12250000000000001 0.10124999999999999 0.12250000000000001 0.09
2 0.13 0.10124999999999999 0.12125 0.10124999999999999 0.12125 0.11000000000000001 0.13 0.11000000000000001 0.13 0.10124999999999999
2 0.09875 0.00125 0.08625000000000001 0.00125 0.08625000000000001 0.0075 0.09875 0.0075 0.09875 0.00125
2 0.61375 0.46875 0.60375 0.46875 0.60375 0.47750000000000004 0.61375 0.47750000000000004 0.61375 0.46875
2 0.04375 0.04875 0.0325 0.04875 0.0325 0.058750000000000004 0.04375 0.058750000000000004 0.04375 0.04875
2 0.052500000000000005 0.065 0.042499999999999996 0.065 0.042499999999999996 0.07625 0.052500000000000005 0.07625 0.052500000000000005 0.065
2 0.15125 0.1675 0.14125000000000001 0.1675 0.14125000000000001 0.17625 0.15125 0.17625 0.15125 0.1675
2 0.06625 0.08499999999999999 0.05500000000000001 0.08499999999999999 0.05500000000000001 0.09625 0.06625 0.09625 0.06625 0.08499999999999999
2 0.25625 0.28375 0.24625 0.28375 0.24625 0.2975 0.25625 0.2975 0.25625 0.28375
2 0.25 0.2875 0.24 0.2875 0.24 0.30125 0.25 0.30125 0.25 0.2875
2 0.24375 0.29500000000000004 0.2325 0.29500000000000004 0.2325 0.305 0.24375 0.305 0.24375 0.29500000000000004
2 0.20750000000000002 0.29 0.195 0.29 0.195 0.3 0.20750000000000002 0.3 0.20750000000000002 0.29
2 0.33125 0.3525 0.3175 0.3525 0.3175 0.36375 0.33125 0.36375 0.33125 0.3525
2 0.26375000000000004 0.46375 0.25375000000000003 0.46375 0.25375000000000003 0.475 0.26375000000000004 0.475 0.26375000000000004 0.46375
2 0.61 0.51875 0.6012500000000001 0.51875 0.6012500000000001 0.5275000000000001 0.61 0.5275000000000001 0.61 0.51875
2 0.60375 0.50875 0.595 0.50875 0.595 0.51875 0.60375 0.51875 0.60375 0.50875
2 0.5862499999999999 0.48375 0.57625 0.48375 0.57625 0.49124999999999996 0.5862499999999999 0.49124999999999996 0.5862499999999999 0.48375
2 0.6224999999999999 0.5037499999999999 0.61375 0.5037499999999999 0.61375 0.51375 0.6224999999999999 0.51375 0.6224999999999999 0.5037499999999999
2 0.62 0.48 0.61125 0.48 0.61125 0.48875 0.62 0.48875 0.62 0.48
2 0.595 0.49124999999999996 0.5825 0.49124999999999996 0.5825 0.49874999999999997 0.595 0.49874999999999997 0.595 0.49124999999999996
2 0.07375000000000001 0.64625 0.05500000000000001 0.64625 0.05500000000000001 0.65625 0.07375000000000001 0.65625 0.07375000000000001 0.64625
2 0.22999999999999998 0.30125 0.2225 0.30125 0.2225 0.3125 0.22999999999999998 0.3125 0.22999999999999998 0.30125
2 0.21875 0.31124999999999997 0.2125 0.31124999999999997 0.2125 0.3225 0.21875 0.3225 0.21875 0.31124999999999997
2 0.13625 0.11125 0.125 0.11125 0.125 0.12 0.13625 0.12 0.13625 0.11125
2 0.18375 0.13 0.17250000000000001 0.13 0.17250000000000001 0.13874999999999998 0.18375 0.13874999999999998 0.18375 0.13
2 0.18875 0.1375 0.1775 0.1375 0.1775 0.14625 0.18875 0.14625 0.18875 0.1375
2 0.21375000000000002 0.095 0.20375000000000001 0.095 0.20375000000000001 0.10625 0.21375000000000002 0.10625 0.21375000000000002 0.095
2 0.20625 0.08249999999999999 0.19875 0.08249999999999999 0.19875 0.095 0.20625 0.095 0.20625 0.08249999999999999