2 0.1525 0.23125 0.13125 0.23125 0.13125 0.2425 0.1525 0.2425 0.1525 0.23125
2 0.17875000000000002 0.225 0.16875 0.225 0.16875 0.24874999999999997 0.17875000000000002 0.24874999999999997 0.17875000000000002 0.225
2 0.06999999999999999 0.18375 0.0475 0.18375 0.0475 0.19624999999999998 0.06999999999999999 0.19624999999999998 0.06999999999999999 0.18375
2 0.16499999999999998 0.14375 0.14125000000000001 0.14375 0.14125000000000001 0.1575 0.16499999999999998 0.1575 0.16499999999999998 0.14375
2 0.17250000000000001 0.12625 0.14375 0.12625 0.14375 0.13999999999999999 0.17250000000000001 0.13999999999999999 0.17250000000000001 0.12625
2 0.20375000000000001 0.1375 0.185 0.1375 0.185 0.14750000000000002 0.20375000000000001 0.14750000000000002 0.20375000000000001 0.1375
2 0.19 0.155 0.18 0.155 0.18 0.17625 0.19 0.17625 0.19 0.155
2 0.20375000000000001 0.15875 0.19375 0.15875 0.19375 0.18 0.20375000000000001 0.18 0.20375000000000001 0.15875
2 0.2125 0.1625 0.20249999999999999 0.1625 0.20249999999999999 0.1825 0.2125 0.1825 0.2125 0.1625
2 0.22625 0.16375 0.21875 0.16375 0.21875 0.18375 0.22625 0.18375 0.22625 0.16375
2 0.24 0.16 0.22999999999999998 0.16 0.22999999999999998 0.18375 0.24 0.18375 0.24 0.16
2 0.26625 0.0925 0.25625 0.0925 0.25625 0.12125 0.26625 0.12125 0.26625 0.0925
2 0.18125 0.045 0.15625 0.045 0.15625 0.058750000000000004 0.18125 0.058750000000000004 0.18125 0.045
2 0.14625 0.00125 0.12125 0.00125 0.12125 0.00625 0.14625 0.00625 0.14625 0.00125
2 0.15625 0.24625 0.1375 0.24625 0.1375 0.25625 0.15625 0.25625 0.15625 0.24625
2 0.15 0.255 0.125 0.255 0.125 0.26875 0.15 0.26875 0.15 0.255
2 0.15 0.2725 0.1275 0.2725 0.1275 0.28250000000000003 0.15 0.28250000000000003 0.15 0.2725
2 0.15 0.28375 0.12625 0.28375 0.12625 0.29500000000000004 0.15 0.29500000000000004 0.15 0.28375
2 0.06375 0.20375000000000001 0.04875 0.20375000000000001 0.04875 0.2125 0.06375 0.2125 0.06375 0.20375000000000001
2 0.0625 0.21749999999999997 0.045 0.21749999999999997 0.045 0.225 0.0625 0.225 0.0625 0.21749999999999997
2 0.061250000000000006 0.22749999999999998 0.04375 0.22749999999999998 0.04375 0.23625 0.061250000000000006 0.23625 0.061250000000000006 0.22749999999999998
2 0.06625 0.23625 0.042499999999999996 0.23625 0.042499999999999996 0.25 0.06625 0.25 0.06625 0.23625
2 0.057499999999999996 0.2525 0.041249999999999995 0.2525 0.041249999999999995 0.26125 0.057499999999999996 0.26125 0.057499999999999996 0.2525
2 0.057499999999999996 0.26625 0.04 0.26625 0.04 0.27625 0.057499999999999996 0.27625 0.057499999999999996 0.26625
2 0.057499999999999996 0.27875 0.03625 0.27875 0.03625 0.28875 0.057499999999999996 0.28875 0.057499999999999996 0.27875
2 0.06 0.29 0.0375 0.29 0.0375 0.3 0.06 0.3 0.06 0.29
2 0.06375 0.31875 0.05500000000000001 0.31875 0.05500000000000001 0.33875 0.06375 0.33875 0.06375 0.31875
2 0.08 0.3125 0.06999999999999999 0.3125 0.06999999999999999 0.33625 0.08 0.33625 0.08 0.3125
2 0.095 0.31375000000000003 0.0875 0.31375000000000003 0.0875 0.33125 0.095 0.33125 0.095 0.31375000000000003
2 0.12125 0.29625 0.10375000000000001 0.29625 0.10375000000000001 0.30375 0.12125 0.30375 0.12125 0.29625
2 0.14875 0.3 0.13 0.3 0.13 0.3075 0.14875 0.3075 0.14875 0.3
2 0.49749999999999994 0.00125 0.48624999999999996 0.00125 0.48624999999999996 0.02375 0.49749999999999994 0.02375 0.49749999999999994 0.00125
2 0.50875 0.00375 0.5 0.00375 0.5 0.02375 0.50875 0.02375 0.50875 0.00375
2 0.52125 0.00125 0.51 0.00125 0.51 0.021249999999999998 0.52125 0.021249999999999998 0.52125 0.00125
2 0.53 0.0025 0.5225 0.0025 0.5225 0.02 0.53 0.02 0.53 0.0025
2 0.54375 0.00125 0.5349999999999999 0.00125 0.5349999999999999 0.01875 0.54375 0.01875 0.54375 0.00125
2 0.5575 0.00125 0.54625 0.00125 0.54625 0.02375 0.5575 0.02375 0.5575 0.00125
2 0.58375 0.00625 0.57125 0.00625 0.57125 0.026250000000000002 0.58375 0.026250000000000002 0.58375 0.00625
2 0.5912499999999999 0.057499999999999996 0.56875 0.057499999999999996 0.56875 0.06875 0.5912499999999999 0.06875 0.5912499999999999 0.057499999999999996
2 0.615 0.008749999999999999 0.60625 0.008749999999999999 0.60625 0.03 0.615 0.03 0.615 0.008749999999999999
2 0.6287499999999999 0.008749999999999999 0.62 0.008749999999999999 0.62 0.03 0.6287499999999999 0.03 0.6287499999999999 0.008749999999999999
2 0.6425 0.015 0.6325000000000001 0.015 0.6325000000000001 0.0325 0.6425 0.0325 0.6425 0.015
2 0.6537499999999999 0.01125 0.64375 0.01125 0.64375 0.03375 0.6537499999999999 0.03375 0.6537499999999999 0.01125
2 0.675 0.06 0.6487499999999999 0.06 0.6487499999999999 0.0775 0.675 0.0775 0.675 0.06
2 0.4325 0.0125 0.42374999999999996 0.0125 0.42374999999999996 0.03625 0.4325 0.03625 0.4325 0.0125
2 0.4575 0.08375 0.43125 0.08375 0.43125 0.10625 0.4575 0.10625 0.4575 0.08375
2 0.425 0.12250000000000001 0.41375 0.12250000000000001 0.41375 0.14250000000000002 0.425 0.14250000000000002 0.425 0.12250000000000001
2 0.45125000000000004 0.12 0.44000000000000006 0.12 0.44000000000000006 0.14375 0.45125000000000004 0.14375 0.45125000000000004 0.12
2 0.5475 0.20249999999999999 0.525 0.20249999999999999 0.525 0.21125 0.5475 0.21125 0.5475 0.20249999999999999
2 0.5587500000000001 0.1825 0.55 0.1825 0.55 0.2 0.5587500000000001 0.2 0.5587500000000001 0.1825
2 0.5425 0.215 0.525 0.215 0.525 0.22374999999999998 0.5425 0.22374999999999998 0.5425 0.215
2 0.54875 0.225 0.5225 0.225 0.5225 0.2375 0.54875 0.2375 0.54875 0.225
2 0.6224999999999999 0.19 0.6125 0.19 0.6125 0.21000000000000002 0.6224999999999999 0.21000000000000002 0.6224999999999999 0.19
2 0.7262500000000001 0.2 0.7175 0.2 0.7175 0.2225 0.7262500000000001 0.2225 0.7262500000000001 0.2
2 0.6575 0.1925 0.64625 0.1925 0.64625 0.215 0.6575 0.215 0.6575 0.1925
2 0.6675 0.19624999999999998 0.6575 0.19624999999999998 0.6575 0.21625 0.6675 0.21625 0.6675 0.19624999999999998
2 0.595 0.24500000000000002 0.58375 0.24500000000000002 0.58375 0.26625 0.595 0.26625 0.595 0.24500000000000002
2 0.6075 0.24625 0.5974999999999999 0.24625 0.5974999999999999 0.26749999999999996 0.6075 0.26749999999999996 0.6075 0.24625
2 0.375 0.27125 0.3525 0.27125 0.3525 0.27749999999999997 0.375 0.27749999999999997 0.375 0.27125
2 0.36124999999999996 0.3525 0.33999999999999997 0.3525 0.33999999999999997 0.36375 0.36124999999999996 0.36375 0.36124999999999996 0.3525
2 0.3625 0.34125 0.34125 0.34125 0.34125 0.35 0.3625 0.35 0.3625 0.34125
2 0.3625 0.32999999999999996 0.34375 0.32999999999999996 0.34375 0.33999999999999997 0.3625 0.33999999999999997 0.3625 0.32999999999999996
2 0.36 0.3175 0.34375 0.3175 0.34375 0.325 0.36 0.325 0.36 0.3175
2 0.3675 0.28125 0.34625 0.28125 0.34625 0.2925 0.3675 0.2925 0.3675 0.28125
2 0.3725 0.25375000000000003 0.35375 0.25375000000000003 0.35375 0.265 0.3725 0.265 0.3725 0.25375000000000003
2 0.3725 0.24 0.34875 0.24 0.34875 0.25375000000000003 0.3725 0.25375000000000003 0.3725 0.24
2 0.34125 0.21875 0.31875 0.21875 0.31875 0.23374999999999999 0.34125 0.23374999999999999 0.34125 0.21875
2 0.34625 0.2 0.3225 0.2 0.3225 0.215 0.34625 0.215 0.34625 0.2
2 0.37875000000000003 0.19875 0.35625 0.19875 0.35625 0.20875 0.37875000000000003 0.20875 0.37875000000000003 0.19875
2 0.38625 0.18875 0.3625 0.18875 0.3625 0.20125 0.38625 0.20125 0.38625 0.18875
2 0.395 0.00125 0.38875000000000004 0.00125 0.38875000000000004 0.005 0.395 0.005 0.395 0.00125
2 0.01125 0.26625 0.0025 0.26625 0.0025 0.29125 0.01125 0.29125 0.01125 0.26625
2 0.17124999999999999 0.07375000000000001 0.14875 0.07375000000000001 0.14875 0.08249999999999999 0.17124999999999999 0.08249999999999999 0.17124999999999999 0.07375000000000001
2 0.16999999999999998 0.0925 0.14625 0.0925 0.14625 0.1025 0.16999999999999998 0.1025 0.16999999999999998 0.0925
2 0.66625 0.25625 0.6575 0.25625 0.6575 0.275 0.66625 0.275 0.66625 0.25625
2 0.67875 0.25625 0.67 0.25625 0.67 0.27749999999999997 0.67875 0.27749999999999997 0.67875 0.25625
2 0.8099999999999999 0.4725 0.8 0.4725 0.8 0.49625 0.8099999999999999 0.49625 0.8099999999999999 0.4725
2 0.78625 0.4725 0.77625 0.4725 0.77625 0.495 0.78625 0.495 0.78625 0.4725
2 0.77625 0.4725 0.76625 0.4725 0.76625 0.49625 0.77625 0.49625 0.77625 0.4725
2 0.765 0.45499999999999996 0.75625 0.45499999999999996 0.75625 0.47375 0.765 0.47375 0.765 0.45499999999999996
2 0.8099999999999999 0.44749999999999995 0.78625 0.44749999999999995 0.78625 0.47000000000000003 0.8099999999999999 0.47000000000000003 0.8099999999999999 0.44749999999999995
2 0.8074999999999999 0.32125 0.79 0.32125 0.79 0.34500000000000003 0.8074999999999999 0.34500000000000003 0.8074999999999999 0.32125
2 0.79625 0.32625000000000004 0.7825 0.32625000000000004 0.7825 0.35 0.79625 0.35 0.79625 0.32625000000000004
2 0.7725 0.33875 0.75875 0.33875 0.75875 0.35875 0.7725 0.35875 0.7725 0.33875
2 0.76375 0.34500000000000003 0.74875 0.34500000000000003 0.74875 0.36625 0.76375 0.36625 0.76375 0.34500000000000003
2 0.75 0.34750000000000003 0.73625 0.34750000000000003 0.73625 0.37 0.75 0.37 0.75 0.34750000000000003
2 0.73875 0.355 0.725 0.355 0.725 0.37374999999999997 0.73875 0.37374999999999997 0.73875 0.355
2 0.72875 0.36124999999999996 0.71375 0.36124999999999996 0.71375 0.3825 0.72875 0.3825 0.72875 0.36124999999999996
2 0.7162499999999999 0.36625 0.7 0.36625 0.7 0.38875000000000004 0.7162499999999999 0.38875000000000004 0.7162499999999999 0.36625
2 0.7 0.37124999999999997 0.6849999999999999 0.37124999999999997 0.6849999999999999 0.39375 0.7 0.39375 0.7 0.37124999999999997
2 0.68625 0.3775 0.6725 0.3775 0.6725 0.3975 0.68625 0.3975 0.68625 0.3775
2 0.67875 0.3825 0.6637500000000001 0.3825 0.6637500000000001 0.40499999999999997 0.67875 0.40499999999999997 0.67875 0.3825
2 0.66875 0.38875000000000004 0.6525000000000001 0.38875000000000004 0.6525000000000001 0.40875000000000006 0.66875 0.40875000000000006 0.66875 0.38875000000000004
2 0.655 0.395 0.63875 0.395 0.63875 0.4175 0.655 0.4175 0.655 0.395
2 0.625 0.44125 0.60375 0.44125 0.60375 0.4525 0.625 0.4525 0.625 0.44125
2 0.62375 0.45499999999999996 0.6 0.45499999999999996 0.6 0.46624999999999994 0.62375 0.46624999999999994 0.62375 0.45499999999999996
2 0.6275000000000001 0.465 0.6012500000000001 0.465 0.6012500000000001 0.47750000000000004 0.6275000000000001 0.47750000000000004 0.6275000000000001 0.465
2 0.62 0.48 0.5974999999999999 0.48 0.5974999999999999 0.49124999999999996 0.62 0.49124999999999996 0.62 0.48
2 0.61125 0.495 0.5912499999999999 0.495 0.5912499999999999 0.5025000000000001 0.61125 0.5025000000000001 0.61125 0.495
2 0.61625 0.505 0.5900000000000001 0.505 0.5900000000000001 0.51625 0.61625 0.51625 0.61625 0.505
2 0.615 0.53125 0.58875 0.53125 0.58875 0.54 0.615 0.54 0.615 0.53125
2 0.61 0.54625 0.58875 0.54625 0.58875 0.55625 0.61 0.55625 0.61 0.54625
2 0.60625 0.5575 0.585 0.5575 0.585 0.5675 0.60625 0.5675 0.60625 0.5575
2 0.60625 0.57125 0.585 0.57125 0.585 0.58 0.60625 0.58 0.60625 0.57125
2 0.60625 0.5825 0.58 0.5825 0.58 0.5925 0.60625 0.5925 0.60625 0.5825
2 0.8237500000000001 0.47874999999999995 0.81125 0.47874999999999995 0.81125 0.5 0.8237500000000001 0.5 0.8237500000000001 0.47874999999999995
2 0.7725 0.49874999999999997 0.7625 0.49874999999999997 0.7625 0.52125 0.7725 0.52125 0.7725 0.49874999999999997
2 0.7849999999999999 0.49874999999999997 0.775 0.49874999999999997 0.775 0.52 0.7849999999999999 0.52 0.7849999999999999 0.49874999999999997
2 0.7462500000000001 0.3125 0.73 0.3125 0.73 0.3325 0.7462500000000001 0.3325 0.7462500000000001 0.3125
2 0.68875 0.25875 0.67875 0.25875 0.67875 0.27749999999999997 0.68875 0.27749999999999997 0.68875 0.25875
2 0.70125 0.26 0.6912499999999999 0.26 0.6912499999999999 0.27875 0.70125 0.27875 0.70125 0.26
2 0.5912499999999999 0.27125 0.58 0.27125 0.58 0.29 0.5912499999999999 0.29 0.5912499999999999 0.27125
2 0.60625 0.27 0.59375 0.27 0.59375 0.29625 0.60625 0.29625 0.60625 0.27
2 0.615 0.275 0.60625 0.275 0.60625 0.29500000000000004 0.615 0.29500000000000004 0.615 0.275
2 0.6275000000000001 0.27125 0.6174999999999999 0.27125 0.6174999999999999 0.29625 0.6275000000000001 0.29625 0.6275000000000001 0.27125
2 0.63875 0.27749999999999997 0.63125 0.27749999999999997 0.63125 0.2975 0.63875 0.2975 0.63875 0.27749999999999997
2 0.6525000000000001 0.27999999999999997 0.6425 0.27999999999999997 0.6425 0.29625 0.6525000000000001 0.29625 0.6525000000000001 0.27999999999999997
2 0.6637500000000001 0.275 0.6537499999999999 0.275 0.6537499999999999 0.3 0.6637500000000001 0.3 0.6637500000000001 0.275
2 0.68625 0.28375 0.6775 0.28375 0.6775 0.30375 0.68625 0.30375 0.68625 0.28375
2 0.69875 0.33625 0.6837500000000001 0.33625 0.6837500000000001 0.35625 0.69875 0.35625 0.69875 0.33625
2 0.70875 0.3275 0.6925 0.3275 0.6925 0.35125 0.70875 0.35125 0.70875 0.3275
2 0.7224999999999999 0.325 0.70625 0.325 0.70625 0.34875 0.7224999999999999 0.34875 0.7224999999999999 0.325
2 0.75625 0.30874999999999997 0.74125 0.30874999999999997 0.74125 0.32999999999999996 0.75625 0.32999999999999996 0.75625 0.30874999999999997
2 0.79625 0.5 0.7849999999999999 0.5 0.7849999999999999 0.5225 0.79625 0.5225 0.79625 0.5
2 0.7675 0.30125 0.74875 0.30125 0.74875 0.325 0.7675 0.325 0.7675 0.30125
2 0.78 0.29500000000000004 0.76375 0.29500000000000004 0.76375 0.32 0.78 0.32 0.78 0.29500000000000004
2 0.9412499999999999 0.1675 0.9237500000000001 0.1675 0.9237500000000001 0.195 0.9412499999999999 0.195 0.9412499999999999 0.1675
2 0.8262499999999999 0.14375 0.80625 0.14375 0.80625 0.15875 0.8262499999999999 0.15875 0.8262499999999999 0.14375
2 0.8412499999999999 0.18875 0.82 0.18875 0.82 0.20375000000000001 0.8412499999999999 0.20375000000000001 0.8412499999999999 0.18875
2 0.8462500000000001 0.20125 0.825 0.20125 0.825 0.21375000000000002 0.8462500000000001 0.21375000000000002 0.8462500000000001 0.20125
2 0.85625 0.20750000000000002 0.83625 0.20750000000000002 0.83625 0.22125 0.85625 0.22125 0.85625 0.20750000000000002
2 0.8612500000000001 0.23125 0.83625 0.23125 0.83625 0.2475 0.8612500000000001 0.2475 0.8612500000000001 0.23125
2 0.8675 0.24625 0.8462500000000001 0.24625 0.8462500000000001 0.2625 0.8675 0.2625 0.8675 0.24625
2 0.8675 0.2625 0.8474999999999999 0.2625 0.8474999999999999 0.275 0.8675 0.275 0.8675 0.2625
2 0.87625 0.28125 0.8550000000000001 0.28125 0.8550000000000001 0.29500000000000004 0.87625 0.29500000000000004 0.87625 0.28125
2 0.9625 0.43125 0.9412499999999999 0.43125 0.9412499999999999 0.4425 0.9625 0.4425 0.9625 0.43125
2 0.8125 0.50125 0.8 0.50125 0.8 0.5237499999999999 0.8125 0.5237499999999999 0.8125 0.50125
2 0.67625 0.5287499999999999 0.6575 0.5287499999999999 0.6575 0.54125 0.67625 0.54125 0.67625 0.5287499999999999
2 0.67125 0.6 0.6475 0.6 0.6475 0.61125 0.67125 0.61125 0.67125 0.6
2 0.155 0.9574999999999999 0.14125000000000001 0.9574999999999999 0.14125000000000001 0.985 0.155 0.985 0.155 0.9574999999999999
2 0.1375 0.9550000000000001 0.13 0.9550000000000001 0.13 0.9724999999999999 0.1375 0.9724999999999999 0.1375 0.9550000000000001
2 0.12 0.9525 0.10874999999999999 0.9525 0.10874999999999999 0.9737500000000001 0.12 0.9737500000000001 0.12 0.9525
2 0.08 0.9475 0.06875 0.9475 0.06875 0.9724999999999999 0.08 0.9724999999999999 0.08 0.9475
2 0.03875 0.905 0.027500000000000004 0.905 0.027500000000000004 0.93 0.03875 0.93 0.03875 0.905
2 0.00625 0.9412499999999999 0.00125 0.9412499999999999 0.00125 0.9525 0.00625 0.9525 0.00625 0.9412499999999999
2 0.195 0.95375 0.18375 0.95375 0.18375 0.97625 0.195 0.97625 0.195 0.95375
2 0.22125 0.96125 0.21125 0.96125 0.21125 0.9800000000000001 0.22125 0.9800000000000001 0.22125 0.96125
2 0.66625 0.62375 0.64 0.62375 0.64 0.63625 0.66625 0.63625 0.66625 0.62375
2 0.6025 0.6487499999999999 0.57625 0.6487499999999999 0.57625 0.6637500000000001 0.6025 0.6637500000000001 0.6025 0.6487499999999999
2 0.66875 0.7224999999999999 0.6475 0.7224999999999999 0.6475 0.74125 0.66875 0.74125 0.66875 0.7224999999999999
2 0.64 0.77125 0.6212500000000001 0.77125 0.6212500000000001 0.79 0.64 0.79 0.64 0.77125
2 0.5725 0.82 0.5525 0.82 0.5525 0.8375 0.5725 0.8375 0.5725 0.82
2 0.2475 0.975 0.2375 0.975 0.2375 0.99375 0.2475 0.99375 0.2475 0.975
2 0.027500000000000004 0.8787499999999999 0.01875 0.8787499999999999 0.01875 0.8975 0.027500000000000004 0.8975 0.027500000000000004 0.8787499999999999
2 0.05625 0.87625 0.045 0.87625 0.045 0.9 0.05625 0.9 0.05625 0.87625
2 0.08125 0.8787499999999999 0.07125000000000001 0.8787499999999999 0.07125000000000001 0.9012499999999999 0.08125 0.9012499999999999 0.08125 0.8787499999999999
2 0.10625 0.8825 0.09625 0.8825 0.09625 0.9 0.10625 0.9 0.10625 0.8825
2 0.12250000000000001 0.8800000000000001 0.1125 0.8800000000000001 0.1125 0.905 0.12250000000000001 0.905 0.12250000000000001 0.8800000000000001
2 0.13999999999999999 0.8800000000000001 0.12875 0.8800000000000001 0.12875 0.9025000000000001 0.13999999999999999 0.9025000000000001 0.13999999999999999 0.8800000000000001
2 0.15375 0.8825 0.14250000000000002 0.8825 0.14250000000000002 0.90625 0.15375 0.90625 0.15375 0.8825
2 0.185 0.89125 0.17375000000000002 0.89125 0.17375000000000002 0.91375 0.185 0.91375 0.185 0.89125
2 0.20875 0.89375 0.2 0.89375 0.2 0.9112500000000001 0.20875 0.9112500000000001 0.20875 0.89375
2 0.24 0.89375 0.22999999999999998 0.89375 0.22999999999999998 0.91625 0.24 0.91625 0.24 0.89375
2 0.25125000000000003 0.89625 0.24375 0.89625 0.24375 0.91625 0.25125000000000003 0.91625 0.25125000000000003 0.89625
2 0.27999999999999997 0.9025000000000001 0.27125 0.9025000000000001 0.27125 0.9237500000000001 0.27999999999999997 0.9237500000000001 0.27999999999999997 0.9025000000000001
2 0.29500000000000004 0.905 0.28500000000000003 0.905 0.28500000000000003 0.9237500000000001 0.29500000000000004 0.9237500000000001 0.29500000000000004 0.905
2 0.20625 0.9574999999999999 0.19624999999999998 0.9574999999999999 0.19624999999999998 0.98125 0.20625 0.98125 0.20625 0.9574999999999999
2 0.6075 0.1875 0.5974999999999999 0.1875 0.5974999999999999 0.2125 0.6075 0.2125 0.6075 0.1875
2 0.6174999999999999 0.24625 0.60875 0.24625 0.60875 0.27 0.6174999999999999 0.27 0.6174999999999999 0.24625
2 0.63125 0.25 0.62 0.25 0.62 0.27125 0.63125 0.27125 0.63125 0.25
2 0.64125 0.2525 0.6325000000000001 0.2525 0.6325000000000001 0.27375 0.64125 0.27375 0.64125 0.2525
2 0.6537499999999999 0.24874999999999997 0.64375 0.24874999999999997 0.64375 0.27125 0.6537499999999999 0.27125 0.6537499999999999 0.24874999999999997