2 0.15125 0.745 0.12875 0.745 0.12875 0.7575000000000001 0.15125 0.7575000000000001 0.15125 0.745
2 0.18625 0.69625 0.16499999999999998 0.69625 0.16499999999999998 0.70625 0.18625 0.70625 0.18625 0.69625
2 0.25625 0.9775 0.23625 0.9775 0.23625 0.99125 0.25625 0.99125 0.25625 0.9775
2 0.23875000000000002 0.9637499999999999 0.22125 0.9637499999999999 0.22125 0.9724999999999999 0.23875000000000002 0.9724999999999999 0.23875000000000002 0.9637499999999999
2 0.21875 0.88375 0.20750000000000002 0.88375 0.20750000000000002 0.905 0.21875 0.905 0.21875 0.88375
2 0.1575 0.77125 0.13125 0.77125 0.13125 0.78125 0.1575 0.78125 0.1575 0.77125
2 0.145 0.7325 0.125 0.7325 0.125 0.74375 0.145 0.74375 0.145 0.7325
2 0.15625 0.7212500000000001 0.1325 0.7212500000000001 0.1325 0.73125 0.15625 0.73125 0.15625 0.7212500000000001
2 0.22125 0.54125 0.205 0.54125 0.205 0.5700000000000001 0.22125 0.5700000000000001 0.22125 0.54125
2 0.24 0.54875 0.23125 0.54875 0.23125 0.5725 0.24 0.5725 0.24 0.54875
2 0.16375 0.8699999999999999 0.13999999999999999 0.8699999999999999 0.13999999999999999 0.8800000000000001 0.16375 0.8800000000000001 0.16375 0.8699999999999999
2 0.975 0.5587500000000001 0.9525 0.5587500000000001 0.9525 0.56875 0.975 0.56875 0.975 0.5587500000000001
2 0.9712500000000001 0.57375 0.9512499999999999 0.57375 0.9512499999999999 0.585 0.9712500000000001 0.585 0.9712500000000001 0.57375
2 0.85375 0.875 0.835 0.875 0.835 0.88375 0.85375 0.88375 0.85375 0.875
2 0.8474999999999999 0.8612500000000001 0.82875 0.8612500000000001 0.82875 0.87375 0.8474999999999999 0.87375 0.8474999999999999 0.8612500000000001
2 0.8474999999999999 0.85125 0.8275 0.85125 0.8275 0.86 0.8474999999999999 0.86 0.8474999999999999 0.85125
2 0.845 0.8387499999999999 0.825 0.8387499999999999 0.825 0.8487500000000001 0.845 0.8487500000000001 0.845 0.8387499999999999
2 0.845 0.825 0.825 0.825 0.825 0.83375 0.845 0.83375 0.845 0.825
2 0.8425 0.80375 0.82 0.80375 0.82 0.8175000000000001 0.8425 0.8175000000000001 0.8425 0.80375
2 0.8400000000000001 0.79375 0.81875 0.79375 0.81875 0.8025 0.8400000000000001 0.8025 0.8400000000000001 0.79375
2 0.85 0.78125 0.82875 0.78125 0.82875 0.79 0.85 0.79 0.85 0.78125
2 0.9175000000000001 0.7325 0.9012499999999999 0.7325 0.9012499999999999 0.76375 0.9175000000000001 0.76375 0.9175000000000001 0.7325
2 0.8800000000000001 0.7224999999999999 0.8699999999999999 0.7224999999999999 0.8699999999999999 0.75 0.8800000000000001 0.75 0.8800000000000001 0.7224999999999999
2 0.8612500000000001 0.7262500000000001 0.8462500000000001 0.7262500000000001 0.8462500000000001 0.745 0.8612500000000001 0.745 0.8612500000000001 0.7262500000000001
2 0.8800000000000001 0.6775 0.86875 0.6775 0.86875 0.70375 0.8800000000000001 0.70375 0.8800000000000001 0.6775
2 0.925 0.6587500000000001 0.90625 0.6587500000000001 0.90625 0.66875 0.925 0.66875 0.925 0.6587500000000001
2 0.925 0.64625 0.9075 0.64625 0.9075 0.65625 0.925 0.65625 0.925 0.64625
2 0.92125 0.63375 0.905 0.63375 0.905 0.64375 0.92125 0.64375 0.92125 0.63375
2 0.92125 0.61125 0.9 0.61125 0.9 0.6224999999999999 0.92125 0.6224999999999999 0.92125 0.61125
2 0.825 0.5912499999999999 0.8162499999999999 0.5912499999999999 0.8162499999999999 0.6075 0.825 0.6075 0.825 0.5912499999999999
2 0.8675 0.57875 0.8462500000000001 0.57875 0.8462500000000001 0.6 0.8675 0.6 0.8675 0.57875
2 0.63875 0.93875 0.6224999999999999 0.93875 0.6224999999999999 0.9625 0.63875 0.9625 0.63875 0.93875
2 0.655 0.9225 0.64375 0.9225 0.64375 0.94625 0.655 0.94625 0.655 0.9225
2 0.6637500000000001 0.95 0.65125 0.95 0.65125 0.97 0.6637500000000001 0.97 0.6637500000000001 0.95
2 0.91875 1 0.91875 0.9875 0.9099999999999999 0.9875 0.9099999999999999 1 0.91875 1
2 0.9275 0.7787499999999999 0.9075 0.7787499999999999 0.9075 0.79125 0.9275 0.79125 0.9275 0.7787499999999999
2 0.9375 0.8012499999999999 0.92875 0.8012499999999999 0.92875 0.825 0.9375 0.825 0.9375 0.8012499999999999
2 0.9075 0.79125 0.8862500000000001 0.79125 0.8862500000000001 0.8012499999999999 0.9075 0.8012499999999999 0.9075 0.79125
2 0.9550000000000001 0.6275000000000001 0.945 0.6275000000000001 0.945 0.645 0.9550000000000001 0.645 0.9550000000000001 0.6275000000000001
2 0.905 0.8025 0.8875 0.8025 0.8875 0.81125 0.905 0.81125 0.905 0.8025
2 1 0.8012499999999999 0.985 0.8012499999999999 0.985 0.8099999999999999 1 0.8099999999999999 1 0.8012499999999999
2 1 0.8237500000000001 0.99125 0.8237500000000001 0.99125 0.835 1 0.835 1 0.8237500000000001
2 1 0.8474999999999999 0.9862500000000001 0.8474999999999999 0.9862500000000001 0.86 1 0.86 1 0.8474999999999999
2 0.75125 0.9175000000000001 0.7275 0.9175000000000001 0.7275 0.9375 0.75125 0.9375 0.75125 0.9175000000000001
2 0.91875 0.8712500000000001 0.89375 0.8712500000000001 0.89375 0.88125 0.91875 0.88125 0.91875 0.8712500000000001
2 0.91625 0.8550000000000001 0.8949999999999999 0.8550000000000001 0.8949999999999999 0.86625 0.91625 0.86625 0.91625 0.8550000000000001
2 0.91625 0.83625 0.89625 0.83625 0.89625 0.8474999999999999 0.91625 0.8474999999999999 0.91625 0.83625
2 0.9125 0.8237500000000001 0.8925000000000001 0.8237500000000001 0.8925000000000001 0.835 0.9125 0.835 0.9125 0.8237500000000001
2 0.9099999999999999 0.8125 0.89 0.8125 0.89 0.8225 0.9099999999999999 0.8225 0.9099999999999999 0.8125