2 0.9025000000000001 0.98125 0.88125 0.98125 0.88125 0.9925 0.9025000000000001 0.9925 0.9025000000000001 0.98125
2 0.92875 0.975 0.91875 0.975 0.91875 0.99875 0.92875 0.99875 0.92875 0.975
2 0.82 0.9337500000000001 0.7975 0.9337500000000001 0.7975 0.94625 0.82 0.94625 0.82 0.9337500000000001
2 0.915 0.89375 0.89125 0.89375 0.89125 0.9075 0.915 0.9075 0.915 0.89375
2 0.9225 0.87625 0.89375 0.87625 0.89375 0.89 0.9225 0.89 0.9225 0.87625
2 0.95375 0.8875 0.9349999999999999 0.8875 0.9349999999999999 0.8975 0.95375 0.8975 0.95375 0.8875
2 0.9400000000000001 0.905 0.93 0.905 0.93 0.9262499999999999 0.9400000000000001 0.9262499999999999 0.9400000000000001 0.905
2 0.95375 0.9087500000000001 0.94375 0.9087500000000001 0.94375 0.93 0.95375 0.93 0.95375 0.9087500000000001
2 0.9625 0.9125 0.95625 0.9125 0.95625 0.9324999999999999 0.9625 0.9324999999999999 0.9625 0.9125
2 0.97625 0.91375 0.96875 0.91375 0.96875 0.9337500000000001 0.97625 0.9337500000000001 0.97625 0.91375
2 0.99 0.9099999999999999 0.9800000000000001 0.9099999999999999 0.9800000000000001 0.9337500000000001 0.99 0.9337500000000001 0.99 0.9099999999999999
2 0.93125 0.795 0.90625 0.795 0.90625 0.8087500000000001 0.93125 0.8087500000000001 0.93125 0.795
2 0.8975 0.745 0.8712500000000001 0.745 0.8712500000000001 0.75625 0.8975 0.75625 0.8975 0.745
2 0.765 0.6625 0.75625 0.6625 0.75625 0.6837500000000001 0.765 0.6837500000000001 0.765 0.6625
2 0.78625 0.6637500000000001 0.7737499999999999 0.6637500000000001 0.7737499999999999 0.6912499999999999 0.78625 0.6912499999999999 0.78625 0.6637500000000001
2 0.93875 0.7125 0.915 0.7125 0.915 0.7262500000000001 0.93875 0.7262500000000001 0.93875 0.7125
2 0.89875 0.68875 0.88125 0.68875 0.88125 0.7 0.89875 0.7 0.89875 0.68875
2 0.945 0.66125 0.92125 0.66125 0.92125 0.67625 0.945 0.67625 0.945 0.66125
2 0.9 0.64 0.8800000000000001 0.64 0.8800000000000001 0.6525000000000001 0.9 0.6525000000000001 0.9 0.64
2 0.9512499999999999 0.59875 0.92875 0.59875 0.92875 0.61375 0.9512499999999999 0.61375 0.9512499999999999 0.59875
2 0.96125 0.5075000000000001 0.9375 0.5075000000000001 0.9375 0.5225 0.96125 0.5225 0.96125 0.5075000000000001
2 0.9087500000000001 0.53 0.8862500000000001 0.53 0.8862500000000001 0.54125 0.9087500000000001 0.54125 0.9087500000000001 0.53
2 0.90625 1 0.90625 0.9962500000000001 0.8875 0.9962500000000001 0.8875 1 0.90625 1
2 0.79 0.445 0.78 0.445 0.78 0.47000000000000003 0.79 0.47000000000000003 0.79 0.445
2 0.655 0.6425 0.645 0.6425 0.645 0.665 0.655 0.665 0.655 0.6425
2 0.67125 0.6475 0.6625 0.6475 0.6625 0.665 0.67125 0.665 0.67125 0.6475
2 0.7462500000000001 0.66125 0.73375 0.66125 0.73375 0.68875 0.7462500000000001 0.68875 0.7462500000000001 0.66125
2 0.6875 0.61625 0.6799999999999999 0.61625 0.6799999999999999 0.6375 0.6875 0.6375 0.6875 0.61625
2 0.575 0.5475 0.5675 0.5475 0.5675 0.5662499999999999 0.575 0.5662499999999999 0.575 0.5475
2 0.60875 0.5475 0.59875 0.5475 0.59875 0.57375 0.60875 0.57375 0.60875 0.5475
2 0.625 0.545 0.615 0.545 0.615 0.57125 0.625 0.57125 0.625 0.545
2 0.64125 0.54875 0.6325000000000001 0.54875 0.6325000000000001 0.56875 0.64125 0.56875 0.64125 0.54875
2 0.5775 0.465 0.5650000000000001 0.465 0.5650000000000001 0.4925 0.5775 0.4925 0.5775 0.465
2 0.6537499999999999 0.45 0.645 0.45 0.645 0.475 0.6537499999999999 0.475 0.6537499999999999 0.45
2 0.68125 0.4525 0.67 0.4525 0.67 0.48250000000000004 0.68125 0.48250000000000004 0.68125 0.4525
2 0.735 0.44875 0.7224999999999999 0.44875 0.7224999999999999 0.48 0.735 0.48 0.735 0.44875
2 0.76 0.44625000000000004 0.75 0.44625000000000004 0.75 0.47125000000000006 0.76 0.47125000000000006 0.76 0.44625000000000004
2 0.80625 0.445 0.79625 0.445 0.79625 0.4725 0.80625 0.4725 0.80625 0.445
2 0.81375 0.95375 0.79875 0.95375 0.79875 0.9625 0.81375 0.9625 0.81375 0.95375
2 0.8125 0.9675 0.795 0.9675 0.795 0.975 0.8125 0.975 0.8125 0.9675
2 0.81125 0.9775 0.79375 0.9775 0.79375 0.9862500000000001 0.81125 0.9862500000000001 0.81125 0.9775
2 0.8162499999999999 1 0.8162499999999999 0.9862500000000001 0.7925 0.9862500000000001 0.7925 1 0.8162499999999999 1
2 0.6125 0.64625 0.60375 0.64625 0.60375 0.6637500000000001 0.6125 0.6637500000000001 0.6125 0.64625
2 0.87375 0.37875000000000003 0.85 0.37875000000000003 0.85 0.39 0.87375 0.39 0.87375 0.37875000000000003
2 0.9574999999999999 0.32999999999999996 0.94625 0.32999999999999996 0.94625 0.34750000000000003 0.9574999999999999 0.34750000000000003 0.9574999999999999 0.32999999999999996
2 0.97 0.33375 0.9574999999999999 0.33375 0.9574999999999999 0.355 0.97 0.355 0.97 0.33375
2 0.98375 0.33625 0.97 0.33625 0.97 0.35875 0.98375 0.35875 0.98375 0.33625
2 0.9949999999999999 0.34125 0.98125 0.34125 0.98125 0.36124999999999996 0.9949999999999999 0.36124999999999996 0.9949999999999999 0.34125
2 0.62625 0.645 0.62 0.645 0.62 0.6625 0.62625 0.6625 0.62625 0.645
2 0.5974999999999999 0.6425 0.5900000000000001 0.6425 0.5900000000000001 0.6599999999999999 0.5974999999999999 0.6599999999999999 0.5974999999999999 0.6425
2 0.31124999999999997 0.42625 0.3025 0.42625 0.3025 0.44375 0.31124999999999997 0.44375 0.31124999999999997 0.42625
2 0.09875 0.8087500000000001 0.07375000000000001 0.8087500000000001 0.07375000000000001 0.81875 0.09875 0.81875 0.09875 0.8087500000000001
2 0.10625 0.79 0.08125 0.79 0.08125 0.8012499999999999 0.10625 0.8012499999999999 0.10625 0.79
2 0.10500000000000001 0.75125 0.08249999999999999 0.75125 0.08249999999999999 0.76125 0.10500000000000001 0.76125 0.10500000000000001 0.75125
2 0.25875 0.66625 0.24874999999999997 0.66625 0.24874999999999997 0.68625 0.25875 0.68625 0.25875 0.66625
2 0.2525 0.51 0.23374999999999999 0.51 0.23374999999999999 0.53 0.2525 0.53 0.2525 0.51
2 0.265 0.50125 0.24874999999999997 0.50125 0.24874999999999997 0.52125 0.265 0.52125 0.265 0.50125
2 0.27625 0.495 0.2625 0.495 0.2625 0.5175 0.27625 0.5175 0.27625 0.495
2 0.28875 0.48875 0.27375 0.48875 0.27375 0.51 0.28875 0.51 0.28875 0.48875
2 0.305 0.48375 0.28625 0.48375 0.28625 0.50625 0.305 0.50625 0.305 0.48375
2 0.2375 0.5349999999999999 0.21875 0.5349999999999999 0.21875 0.54375 0.2375 0.54375 0.2375 0.5349999999999999
2 0.3375 0.5 0.3125 0.5 0.3125 0.50875 0.3375 0.50875 0.3375 0.5
2 0.2125 0.4225 0.20625 0.4225 0.20625 0.44000000000000006 0.2125 0.44000000000000006 0.2125 0.4225
2 0.225 0.42125 0.21625 0.42125 0.21625 0.43624999999999997 0.225 0.43624999999999997 0.225 0.42125
2 0.24 0.42000000000000004 0.22875 0.42000000000000004 0.22875 0.44000000000000006 0.24 0.44000000000000006 0.24 0.42000000000000004
2 0.2525 0.4225 0.24375 0.4225 0.24375 0.44125 0.2525 0.44125 0.2525 0.4225
2 0.27 0.42125 0.26 0.42125 0.26 0.44000000000000006 0.27 0.44000000000000006 0.27 0.42125
2 0.28125 0.4225 0.27375 0.4225 0.27375 0.4425 0.28125 0.4425 0.28125 0.4225
2 0.29874999999999996 0.4225 0.2875 0.4225 0.2875 0.44375 0.29874999999999996 0.44375 0.29874999999999996 0.4225
2 0.3525 0.42374999999999996 0.34125 0.42374999999999996 0.34125 0.44375 0.3525 0.44375 0.3525 0.42374999999999996
2 0.5875 0.64125 0.57875 0.64125 0.57875 0.66125 0.5875 0.66125 0.5875 0.64125
2 0.39 0.42874999999999996 0.37875000000000003 0.42874999999999996 0.37875000000000003 0.44625000000000004 0.39 0.44625000000000004 0.39 0.42874999999999996
2 0.63375 0.9400000000000001 0.62625 0.9400000000000001 0.62625 0.9650000000000001 0.63375 0.9650000000000001 0.63375 0.9400000000000001
2 0.6537499999999999 0.865 0.6425 0.865 0.6425 0.885 0.6537499999999999 0.885 0.6537499999999999 0.865
2 0.6487499999999999 0.93875 0.64 0.93875 0.64 0.96125 0.6487499999999999 0.96125 0.6487499999999999 0.93875
2 0.71 0.925 0.7 0.925 0.7 0.945 0.71 0.945 0.71 0.925
2 0.44125 0.7025 0.4325 0.7025 0.4325 0.7262500000000001 0.44125 0.7262500000000001 0.44125 0.7025
2 0.49000000000000005 0.70625 0.47874999999999995 0.70625 0.47874999999999995 0.72875 0.49000000000000005 0.72875 0.49000000000000005 0.70625
2 0.56375 0.6825 0.5525 0.6825 0.5525 0.70375 0.56375 0.70375 0.56375 0.6825
2 0.5962500000000001 0.6825 0.585 0.6825 0.585 0.7075 0.5962500000000001 0.7075 0.5962500000000001 0.6825
2 0.61875 0.6837500000000001 0.6075 0.6837500000000001 0.6075 0.70875 0.61875 0.70875 0.61875 0.6837500000000001
2 0.63875 0.68625 0.63 0.68625 0.63 0.7075 0.63875 0.7075 0.63875 0.68625
2 0.43 0.62625 0.42000000000000004 0.62625 0.42000000000000004 0.65 0.43 0.65 0.43 0.62625
2 0.44625000000000004 0.62 0.43499999999999994 0.62 0.43499999999999994 0.645 0.44625000000000004 0.645 0.44625000000000004 0.62
2 0.45999999999999996 0.62625 0.45125000000000004 0.62625 0.45125000000000004 0.6487499999999999 0.45999999999999996 0.6487499999999999 0.45999999999999996 0.62625
2 0.475 0.6275000000000001 0.465 0.6275000000000001 0.465 0.65125 0.475 0.65125 0.475 0.6275000000000001
2 0.48875 0.63 0.47874999999999995 0.63 0.47874999999999995 0.6537499999999999 0.48875 0.6537499999999999 0.48875 0.63
2 0.50125 0.63625 0.4925 0.63625 0.4925 0.65625 0.50125 0.65625 0.50125 0.63625
2 0.515 0.63 0.50875 0.63 0.50875 0.65125 0.515 0.65125 0.515 0.63
2 0.5349999999999999 0.635 0.5237499999999999 0.635 0.5237499999999999 0.655 0.5349999999999999 0.655 0.5349999999999999 0.635
2 0.56125 0.6375 0.55375 0.6375 0.55375 0.655 0.56125 0.655 0.56125 0.6375
2 0.5725 0.64125 0.5662499999999999 0.64125 0.5662499999999999 0.6587500000000001 0.5725 0.6587500000000001 0.5725 0.64125
2 0.5587500000000001 1 0.5587500000000001 0.9974999999999999 0.55125 0.9974999999999999 0.55125 1 0.5587500000000001 1
2 0.54625 1 0.54625 0.99375 0.54 0.99375 0.54 1 0.54625 1
2 0.51875 1 0.51875 0.99125 0.51125 0.99125 0.51125 1 0.51875 1
2 0.34875 0.885 0.33999999999999997 0.885 0.33999999999999997 0.9025000000000001 0.34875 0.9025000000000001 0.34875 0.885
2 0.3025 0.33999999999999997 0.28500000000000003 0.33999999999999997 0.28500000000000003 0.3525 0.3025 0.3525 0.3025 0.33999999999999997
2 0.34249999999999997 0.34125 0.32125 0.34125 0.32125 0.35 0.34249999999999997 0.35 0.34249999999999997 0.34125
2 0.01 0.975 0.00125 0.975 0.00125 0.9962500000000001 0.01 0.9962500000000001 0.01 0.975
2 0.057499999999999996 0.9737500000000001 0.0475 0.9737500000000001 0.0475 0.9974999999999999 0.057499999999999996 0.9974999999999999 0.057499999999999996 0.9737500000000001
2 0.0925 0.975 0.08 0.975 0.08 0.99875 0.0925 0.99875 0.0925 0.975
2 0.21875 0.8412499999999999 0.19875 0.8412499999999999 0.19875 0.85125 0.21875 0.85125 0.21875 0.8412499999999999
2 0.215 0.8574999999999999 0.19375 0.8574999999999999 0.19375 0.8699999999999999 0.215 0.8699999999999999 0.215 0.8574999999999999
2 0.44875 0.8462500000000001 0.4375 0.8462500000000001 0.4375 0.8675 0.44875 0.8675 0.44875 0.8462500000000001
2 0.4325 0.8275 0.425 0.8275 0.425 0.8474999999999999 0.4325 0.8474999999999999 0.4325 0.8275
2 0.41375 0.83375 0.4025 0.83375 0.4025 0.8612500000000001 0.41375 0.8612500000000001 0.41375 0.83375
2 0.37374999999999997 0.835 0.365 0.835 0.365 0.8574999999999999 0.37374999999999997 0.8574999999999999 0.37374999999999997 0.835
2 0.34875 0.9087500000000001 0.33875 0.9087500000000001 0.33875 0.9275 0.34875 0.9275 0.34875 0.9087500000000001
2 0.49375 1 0.49375 0.99 0.4875 0.99 0.4875 1 0.49375 1
2 0.3975 0.9112500000000001 0.39 0.9112500000000001 0.39 0.93 0.3975 0.93 0.3975 0.9112500000000001
2 0.39125 0.975 0.3825 0.975 0.3825 0.9949999999999999 0.39125 0.9949999999999999 0.39125 0.975
2 0.41624999999999995 1 0.41624999999999995 0.97875 0.40499999999999997 0.97875 0.40499999999999997 1 0.41624999999999995 1
2 0.43875000000000003 0.92125 0.42750000000000005 0.92125 0.42750000000000005 0.9400000000000001 0.43875000000000003 0.9400000000000001 0.43875000000000003 0.92125
2 0.46375 0.91875 0.45499999999999996 0.91875 0.45499999999999996 0.9412499999999999 0.46375 0.9412499999999999 0.46375 0.91875
2 0.5662499999999999 0.9324999999999999 0.55625 0.9324999999999999 0.55625 0.9550000000000001 0.5662499999999999 0.9550000000000001 0.5662499999999999 0.9324999999999999
2 0.51125 0.85125 0.50125 0.85125 0.50125 0.875 0.51125 0.875 0.51125 0.85125
2 0.5962500000000001 0.8975 0.5875 0.8975 0.5875 0.9199999999999999 0.5962500000000001 0.9199999999999999 0.5962500000000001 0.8975
2 0.5900000000000001 0.9337500000000001 0.5825 0.9337500000000001 0.5825 0.9512499999999999 0.5900000000000001 0.9512499999999999 0.5900000000000001 0.9337500000000001
2 0.92125 0.8237500000000001 0.89875 0.8237500000000001 0.89875 0.8324999999999999 0.92125 0.8324999999999999 0.92125 0.8237500000000001
2 0.9199999999999999 0.8425 0.89625 0.8425 0.89625 0.8525 0.9199999999999999 0.8525 0.9199999999999999 0.8425
2 0.48125 1 0.48125 0.985 0.4725 0.985 0.4725 1 0.48125 1
2 0.39249999999999996 0.88125 0.38 0.88125 0.38 0.9075 0.39249999999999996 0.9075 0.39249999999999996 0.88125
2 0.40374999999999994 0.62375 0.39249999999999996 0.62375 0.39249999999999996 0.64625 0.40374999999999994 0.64625 0.40374999999999994 0.62375
2 0.41500000000000004 0.62625 0.40625 0.62625 0.40625 0.6487499999999999 0.41500000000000004 0.6487499999999999 0.41500000000000004 0.62625
2 0.6950000000000001 0.6537499999999999 0.6849999999999999 0.6537499999999999 0.6849999999999999 0.6775 0.6950000000000001 0.6775 0.6950000000000001 0.6537499999999999