2 0.6487499999999999 0.14125000000000001 0.64125 0.14125000000000001 0.64125 0.1625 0.6487499999999999 0.1625 0.6487499999999999 0.14125000000000001
2 0.675 0.13625 0.66125 0.13625 0.66125 0.16375 0.675 0.16375 0.675 0.13625
2 0.6950000000000001 0.16499999999999998 0.6837500000000001 0.16499999999999998 0.6837500000000001 0.18625 0.6950000000000001 0.18625 0.6950000000000001 0.16499999999999998
2 0.6912499999999999 0.13874999999999998 0.68125 0.13874999999999998 0.68125 0.16 0.6912499999999999 0.16 0.6912499999999999 0.13874999999999998
2 0.6912499999999999 0.10124999999999999 0.6637500000000001 0.10124999999999999 0.6637500000000001 0.1125 0.6912499999999999 0.1125 0.6912499999999999 0.10124999999999999
2 0.6475 0.06999999999999999 0.63875 0.06999999999999999 0.63875 0.09 0.6475 0.09 0.6475 0.06999999999999999
2 0.70625 0.06875 0.6950000000000001 0.06875 0.6950000000000001 0.08875 0.70625 0.08875 0.70625 0.06875
2 0.60625 0.26125 0.59375 0.26125 0.59375 0.28625 0.60625 0.28625 0.60625 0.26125
2 0.67625 0.23125 0.6625 0.23125 0.6625 0.25625 0.67625 0.25625 0.67625 0.23125
2 0.71 0.23625 0.6900000000000001 0.23625 0.6900000000000001 0.25 0.71 0.25 0.71 0.23625
2 0.7075 0.1375 0.6975 0.1375 0.6975 0.1575 0.7075 0.1575 0.7075 0.1375
2 0.73875 0.12625 0.72875 0.12625 0.72875 0.14625 0.73875 0.14625 0.73875 0.12625
2 0.8487500000000001 0.058750000000000004 0.8237500000000001 0.058750000000000004 0.8237500000000001 0.06875 0.8487500000000001 0.06875 0.8487500000000001 0.058750000000000004
2 0.85625 0.04 0.83125 0.04 0.83125 0.05125 0.85625 0.05125 0.85625 0.04
2 0.8550000000000001 0.00125 0.8324999999999999 0.00125 0.8324999999999999 0.01125 0.8550000000000001 0.01125 0.8550000000000001 0.00125
2 0.67125 0.17375000000000002 0.6637500000000001 0.17375000000000002 0.6637500000000001 0.19375 0.67125 0.19375 0.67125 0.17375000000000002
2 0.6599999999999999 0.17375000000000002 0.65125 0.17375000000000002 0.65125 0.1925 0.6599999999999999 0.1925 0.6599999999999999 0.17375000000000002
2 0.60625 0.18 0.5974999999999999 0.18 0.5974999999999999 0.19875 0.60625 0.19875 0.60625 0.18
2 0.5925 0.185 0.585 0.185 0.585 0.20125 0.5925 0.20125 0.5925 0.185
2 0.61125 0.07875 0.6 0.07875 0.6 0.1 0.61125 0.1 0.61125 0.07875
2 0.51375 0.205 0.5037499999999999 0.205 0.5037499999999999 0.22875 0.51375 0.22875 0.51375 0.205
2 0.53 0.19375 0.51625 0.19375 0.51625 0.21625 0.53 0.21625 0.53 0.19375
2 0.5525 0.18625 0.54125 0.18625 0.54125 0.20625 0.5525 0.20625 0.5525 0.18625
2 0.5662499999999999 0.185 0.5587500000000001 0.185 0.5587500000000001 0.20750000000000002 0.5662499999999999 0.20750000000000002 0.5662499999999999 0.185
2 0.5825 0.18375 0.5700000000000001 0.18375 0.5700000000000001 0.20375000000000001 0.5825 0.20375000000000001 0.5825 0.18375
2 0.735 0.2225 0.725 0.2225 0.725 0.24625 0.735 0.24625 0.735 0.2225
2 0.74875 0.22125 0.735 0.22125 0.735 0.24625 0.74875 0.24625 0.74875 0.22125
2 0.76 0.225 0.7474999999999999 0.225 0.7474999999999999 0.2475 0.76 0.2475 0.76 0.225
2 0.8074999999999999 0.22374999999999998 0.7975 0.22374999999999998 0.7975 0.2475 0.8074999999999999 0.2475 0.8074999999999999 0.22374999999999998
2 0.8425 0.225 0.8300000000000001 0.225 0.8300000000000001 0.24874999999999997 0.8425 0.24874999999999997 0.8425 0.225
2 0.96875 0.09125 0.9487500000000001 0.09125 0.9487500000000001 0.10124999999999999 0.96875 0.10124999999999999 0.96875 0.09125
2 0.9650000000000001 0.1075 0.94375 0.1075 0.94375 0.12 0.9650000000000001 0.12 0.9650000000000001 0.1075
2 0.29874999999999996 0.54125 0.27625 0.54125 0.27625 0.5549999999999999 0.29874999999999996 0.5549999999999999 0.29874999999999996 0.54125
2 0.9075 0.8862500000000001 0.89375 0.8862500000000001 0.89375 0.91375 0.9075 0.91375 0.9075 0.8862500000000001
2 0.8699999999999999 0.8875 0.85875 0.8875 0.85875 0.9125 0.8699999999999999 0.9125 0.8699999999999999 0.8875
2 0.85125 0.8875 0.8412499999999999 0.8875 0.8412499999999999 0.9125 0.85125 0.9125 0.85125 0.8875
2 0.83375 0.89375 0.8262499999999999 0.89375 0.8262499999999999 0.91625 0.83375 0.91625 0.83375 0.89375
2 0.8225 0.8925000000000001 0.8125 0.8925000000000001 0.8125 0.91625 0.8225 0.91625 0.8225 0.8925000000000001
2 0.805 0.8925000000000001 0.7925 0.8925000000000001 0.7925 0.915 0.805 0.915 0.805 0.8925000000000001
2 0.7887500000000001 0.89625 0.7775000000000001 0.89625 0.7775000000000001 0.91875 0.7887500000000001 0.91875 0.7887500000000001 0.89625
2 0.7737499999999999 0.8975 0.76 0.8975 0.76 0.9199999999999999 0.7737499999999999 0.9199999999999999 0.7737499999999999 0.8975
2 0.76 0.8975 0.74875 0.8975 0.74875 0.9199999999999999 0.76 0.9199999999999999 0.76 0.8975
2 0.74875 0.89875 0.73625 0.89875 0.73625 0.92125 0.74875 0.92125 0.74875 0.89875
2 0.72875 0.905 0.71875 0.905 0.71875 0.9237500000000001 0.72875 0.9237500000000001 0.72875 0.905
2 0.8625 0.9550000000000001 0.8525 0.9550000000000001 0.8525 0.9800000000000001 0.8625 0.9800000000000001 0.8625 0.9550000000000001
2 0.8462500000000001 0.96125 0.83625 0.96125 0.83625 0.9824999999999999 0.8462500000000001 0.9824999999999999 0.8462500000000001 0.96125
2 0.8324999999999999 0.9625 0.8237500000000001 0.9625 0.8237500000000001 0.98375 0.8324999999999999 0.98375 0.8324999999999999 0.9625
2 0.82 0.9637499999999999 0.81125 0.9637499999999999 0.81125 0.9862500000000001 0.82 0.9862500000000001 0.82 0.9637499999999999
2 0.8087500000000001 0.9650000000000001 0.7975 0.9650000000000001 0.7975 0.985 0.8087500000000001 0.985 0.8087500000000001 0.9650000000000001
2 0.79375 0.9662499999999999 0.7825 0.9662499999999999 0.7825 0.99125 0.79375 0.99125 0.79375 0.9662499999999999
2 0.7787499999999999 0.9662499999999999 0.76875 0.9662499999999999 0.76875 0.99 0.7787499999999999 0.99 0.7787499999999999 0.9662499999999999
2 0.74375 1 0.74375 0.97875 0.735 0.97875 0.735 1 0.74375 1
2 0.73125 1 0.73125 0.97625 0.7212500000000001 0.97625 0.7212500000000001 1 0.73125 1
2 0.67625 1 0.67625 0.9824999999999999 0.6637500000000001 0.9824999999999999 0.6637500000000001 1 0.67625 1
2 0.6575 1 0.6575 0.98375 0.6475 0.98375 0.6475 1 0.6575 1
2 0.4925 0.93875 0.48 0.93875 0.48 0.9662499999999999 0.4925 0.9662499999999999 0.4925 0.93875
2 0.48 0.9412499999999999 0.47125000000000006 0.9412499999999999 0.47125000000000006 0.9637499999999999 0.48 0.9637499999999999 0.48 0.9412499999999999
2 0.45875000000000005 0.94375 0.44625000000000004 0.94375 0.44625000000000004 0.9662499999999999 0.45875000000000005 0.9662499999999999 0.45875000000000005 0.94375
2 0.41624999999999995 0.94625 0.40625 0.94625 0.40625 0.97 0.41624999999999995 0.97 0.41624999999999995 0.94625
2 0.3625 0.6287499999999999 0.3525 0.6287499999999999 0.3525 0.6487499999999999 0.3625 0.6487499999999999 0.3625 0.6287499999999999
2 0.36375 0.65625 0.355 0.65625 0.355 0.6775 0.36375 0.6775 0.36375 0.65625
2 0.87625 0.8074999999999999 0.8525 0.8074999999999999 0.8525 0.82 0.87625 0.82 0.87625 0.8074999999999999
2 0.87375 0.7837500000000001 0.8550000000000001 0.7837500000000001 0.8550000000000001 0.79375 0.87375 0.79375 0.87375 0.7837500000000001
2 0.9349999999999999 0.795 0.915 0.795 0.915 0.80625 0.9349999999999999 0.80625 0.9349999999999999 0.795
2 0.9349999999999999 0.95375 0.9237500000000001 0.95375 0.9237500000000001 0.9712500000000001 0.9349999999999999 0.9712500000000001 0.9349999999999999 0.95375
2 0.95 0.9425000000000001 0.9375 0.9425000000000001 0.9375 0.97 0.95 0.97 0.95 0.9425000000000001
2 0.9662499999999999 0.94625 0.95375 0.94625 0.95375 0.96875 0.9662499999999999 0.96875 0.9662499999999999 0.94625
2 0.9875 0.9425000000000001 0.9775 0.9425000000000001 0.9775 0.96125 0.9875 0.96125 0.9875 0.9425000000000001
2 1 0.94375 0.99375 0.94375 0.99375 0.96125 1 0.96125 1 0.94375
2 0.9574999999999999 0.8625 0.93875 0.8625 0.93875 0.8825 0.9574999999999999 0.8825 0.9574999999999999 0.8625
2 0.9925 0.85875 0.98375 0.85875 0.98375 0.8775000000000001 0.9925 0.8775000000000001 0.9925 0.85875
2 0.98125 0.86 0.9724999999999999 0.86 0.9724999999999999 0.8800000000000001 0.98125 0.8800000000000001 0.98125 0.86
2 0.9675 0.8487500000000001 0.9550000000000001 0.8487500000000001 0.9550000000000001 0.8724999999999999 0.9675 0.8724999999999999 0.9675 0.8487500000000001
2 0.3125 0.5700000000000001 0.29125 0.5700000000000001 0.29125 0.58125 0.3125 0.58125 0.3125 0.5700000000000001
2 0.225 0.5587500000000001 0.20249999999999999 0.5587500000000001 0.20249999999999999 0.56875 0.225 0.56875 0.225 0.5587500000000001
2 0.22125 0.57375 0.20125 0.57375 0.20125 0.585 0.22125 0.585 0.22125 0.57375
2 0.10375000000000001 0.875 0.08499999999999999 0.875 0.08499999999999999 0.88375 0.10375000000000001 0.88375 0.10375000000000001 0.875
2 0.0975 0.8612500000000001 0.07875 0.8612500000000001 0.07875 0.87375 0.0975 0.87375 0.0975 0.8612500000000001
2 0.0975 0.85125 0.0775 0.85125 0.0775 0.86 0.0975 0.86 0.0975 0.85125
2 0.095 0.8387499999999999 0.075 0.8387499999999999 0.075 0.8487500000000001 0.095 0.8487500000000001 0.095 0.8387499999999999
2 0.095 0.825 0.075 0.825 0.075 0.83375 0.095 0.83375 0.095 0.825
2 0.0925 0.80375 0.06999999999999999 0.80375 0.06999999999999999 0.8175000000000001 0.0925 0.8175000000000001 0.0925 0.80375
2 0.09 0.79375 0.06875 0.79375 0.06875 0.8025 0.09 0.8025 0.09 0.79375
2 0.1 0.78125 0.07875 0.78125 0.07875 0.79 0.1 0.79 0.1 0.78125
2 0.1675 0.7325 0.15125 0.7325 0.15125 0.76375 0.1675 0.76375 0.1675 0.7325
2 0.13 0.7224999999999999 0.12 0.7224999999999999 0.12 0.74875 0.13 0.74875 0.13 0.7224999999999999
2 0.11125 0.7262500000000001 0.09625 0.7262500000000001 0.09625 0.745 0.11125 0.745 0.11125 0.7262500000000001
2 0.13 0.6775 0.11875 0.6775 0.11875 0.70375 0.13 0.70375 0.13 0.6775
2 0.175 0.6587500000000001 0.15625 0.6587500000000001 0.15625 0.66875 0.175 0.66875 0.175 0.6587500000000001
2 0.175 0.64625 0.1575 0.64625 0.1575 0.65625 0.175 0.65625 0.175 0.64625
2 0.17124999999999999 0.63375 0.155 0.63375 0.155 0.64375 0.17124999999999999 0.64375 0.17124999999999999 0.63375
2 0.17124999999999999 0.61125 0.15 0.61125 0.15 0.6224999999999999 0.17124999999999999 0.6224999999999999 0.17124999999999999 0.61125
2 0.075 0.5912499999999999 0.06625 0.5912499999999999 0.06625 0.6075 0.075 0.6075 0.075 0.5912499999999999
2 0.11750000000000001 0.57875 0.09625 0.57875 0.09625 0.6 0.11750000000000001 0.6 0.11750000000000001 0.57875
2 0.16875 1 0.16875 0.9875 0.16 0.9875 0.16 1 0.16875 1
2 0.1775 0.7787499999999999 0.1575 0.7787499999999999 0.1575 0.79125 0.1775 0.79125 0.1775 0.7787499999999999
2 0.1875 0.8012499999999999 0.17875000000000002 0.8012499999999999 0.17875000000000002 0.825 0.1875 0.825 0.1875 0.8012499999999999
2 0.1575 0.79125 0.13625 0.79125 0.13625 0.8012499999999999 0.1575 0.8012499999999999 0.1575 0.79125
2 0.30625 0.8875 0.28125 0.8875 0.28125 0.9012499999999999 0.30625 0.9012499999999999 0.30625 0.8875
2 0.205 0.6275000000000001 0.195 0.6275000000000001 0.195 0.645 0.205 0.645 0.205 0.6275000000000001
2 0.2575 0.62625 0.24874999999999997 0.62625 0.24874999999999997 0.64625 0.2575 0.64625 0.2575 0.62625
2 0.30375 0.70875 0.29125 0.70875 0.29125 0.73 0.30375 0.73 0.30375 0.70875
2 0.37124999999999997 0.8262499999999999 0.35625 0.8262499999999999 0.35625 0.84375 0.37124999999999997 0.84375 0.37124999999999997 0.8262499999999999
2 0.3525 0.8125 0.32999999999999996 0.8125 0.32999999999999996 0.8237500000000001 0.3525 0.8237500000000001 0.3525 0.8125
2 0.34875 0.8025 0.32999999999999996 0.8025 0.32999999999999996 0.81125 0.34875 0.81125 0.34875 0.8025
2 0.35 0.7887500000000001 0.32875 0.7887500000000001 0.32875 0.8012499999999999 0.35 0.8012499999999999 0.35 0.7887500000000001
2 0.34249999999999997 0.77625 0.32 0.77625 0.32 0.78625 0.34249999999999997 0.78625 0.34249999999999997 0.77625
2 0.35375 0.825 0.33375 0.825 0.33375 0.83625 0.35375 0.83625 0.35375 0.825
2 0.355 0.8375 0.335 0.8375 0.335 0.8487500000000001 0.355 0.8487500000000001 0.355 0.8375
2 0.35625 0.8474999999999999 0.33625 0.8474999999999999 0.33625 0.85875 0.35625 0.85875 0.35625 0.8474999999999999
2 0.36875 0.89375 0.34875 0.89375 0.34875 0.9199999999999999 0.36875 0.9199999999999999 0.36875 0.89375
2 0.32375 0.8949999999999999 0.30874999999999997 0.8949999999999999 0.30874999999999997 0.91625 0.32375 0.91625 0.32375 0.8949999999999999
2 0.2975 0.83125 0.275 0.83125 0.275 0.8412499999999999 0.2975 0.8412499999999999 0.2975 0.83125
2 0.155 0.8025 0.1375 0.8025 0.1375 0.81125 0.155 0.81125 0.155 0.8025
2 0.29500000000000004 0.81875 0.2725 0.81875 0.2725 0.8300000000000001 0.29500000000000004 0.8300000000000001 0.29500000000000004 0.81875
2 0.29 0.79375 0.26875 0.79375 0.26875 0.805 0.29 0.805 0.29 0.79375
2 0.28875 0.7787499999999999 0.26749999999999996 0.7787499999999999 0.26749999999999996 0.79125 0.28875 0.79125 0.28875 0.7787499999999999
2 0.25625 0.8012499999999999 0.23500000000000001 0.8012499999999999 0.23500000000000001 0.8099999999999999 0.25625 0.8099999999999999 0.25625 0.8012499999999999
2 0.265 0.82125 0.24125000000000002 0.82125 0.24125000000000002 0.835 0.265 0.835 0.265 0.82125
2 0.26 0.8462500000000001 0.23625 0.8462500000000001 0.23625 0.86 0.26 0.86 0.26 0.8462500000000001
2 0.26625 0.8925000000000001 0.24500000000000002 0.8925000000000001 0.24500000000000002 0.90625 0.26625 0.90625 0.26625 0.8925000000000001
2 0.16875 0.8712500000000001 0.14375 0.8712500000000001 0.14375 0.88125 0.16875 0.88125 0.16875 0.8712500000000001
2 0.16625 0.8550000000000001 0.145 0.8550000000000001 0.145 0.86625 0.16625 0.86625 0.16625 0.8550000000000001
2 0.16625 0.83625 0.14625 0.83625 0.14625 0.8474999999999999 0.16625 0.8474999999999999 0.16625 0.83625
2 0.1625 0.8237500000000001 0.14250000000000002 0.8237500000000001 0.14250000000000002 0.835 0.1625 0.835 0.1625 0.8237500000000001
2 0.16 0.8125 0.13999999999999999 0.8125 0.13999999999999999 0.8225 0.16 0.8225 0.16 0.8125
2 0.3725 0.6075 0.365 0.6075 0.365 0.6224999999999999 0.3725 0.6224999999999999 0.3725 0.6075