2 0.11625 0.80375 0.10500000000000001 0.80375 0.10500000000000001 0.8300000000000001 0.11625 0.8300000000000001 0.11625 0.80375
2 0.88375 0.058750000000000004 0.8637499999999999 0.058750000000000004 0.8637499999999999 0.06875 0.88375 0.06875 0.88375 0.058750000000000004
2 0.8825 0.08249999999999999 0.8612500000000001 0.08249999999999999 0.8612500000000001 0.0925 0.8825 0.0925 0.8825 0.08249999999999999
2 0.8862500000000001 0.1 0.86625 0.1 0.86625 0.11125 0.8862500000000001 0.11125 0.8862500000000001 0.1
2 0.81125 0.057499999999999996 0.7875 0.057499999999999996 0.7875 0.0675 0.81125 0.0675 0.81125 0.057499999999999996
2 0.07125000000000001 0.31124999999999997 0.06375 0.31124999999999997 0.06375 0.3325 0.07125000000000001 0.3325 0.07125000000000001 0.31124999999999997
2 0.89 0.0225 0.86875 0.0225 0.86875 0.03125 0.89 0.03125 0.89 0.0225
2 0.8875 0.7875 0.8775000000000001 0.7875 0.8775000000000001 0.8074999999999999 0.8875 0.8074999999999999 0.8875 0.7875
2 0.39249999999999996 0.805 0.36875 0.805 0.36875 0.82125 0.39249999999999996 0.82125 0.39249999999999996 0.805
2 0.41500000000000004 0.79875 0.39375 0.79875 0.39375 0.82 0.41500000000000004 0.82 0.41500000000000004 0.79875
2 0.54 0.7925 0.53125 0.7925 0.53125 0.81375 0.54 0.81375 0.54 0.7925
2 0.5525 0.7875 0.5425 0.7875 0.5425 0.81375 0.5525 0.81375 0.5525 0.7875
2 0.7462500000000001 0.7849999999999999 0.73625 0.7849999999999999 0.73625 0.805 0.7462500000000001 0.805 0.7462500000000001 0.7849999999999999
2 0.79125 0.82125 0.77125 0.82125 0.77125 0.8324999999999999 0.79125 0.8324999999999999 0.79125 0.82125
2 0.79375 0.9324999999999999 0.7737499999999999 0.9324999999999999 0.7737499999999999 0.945 0.79375 0.945 0.79375 0.9324999999999999
2 0.8637499999999999 0.8875 0.8412499999999999 0.8875 0.8412499999999999 0.89875 0.8637499999999999 0.89875 0.8637499999999999 0.8875
2 0.8612500000000001 0.8775000000000001 0.8412499999999999 0.8775000000000001 0.8412499999999999 0.885 0.8612500000000001 0.885 0.8612500000000001 0.8775000000000001
2 0.8775000000000001 0.48125 0.85375 0.48125 0.85375 0.49375 0.8775000000000001 0.49375 0.8775000000000001 0.48125
2 0.8775000000000001 0.465 0.8525 0.465 0.8525 0.47750000000000004 0.8775000000000001 0.47750000000000004 0.8775000000000001 0.465
2 0.145 0.59875 0.11875 0.59875 0.11875 0.60875 0.145 0.60875 0.145 0.59875
2 0.11000000000000001 0.41125 0.09625 0.41125 0.09625 0.43375 0.11000000000000001 0.43375 0.11000000000000001 0.41125
2 0.041249999999999995 0.31375000000000003 0.0325 0.31375000000000003 0.0325 0.32999999999999996 0.041249999999999995 0.32999999999999996 0.041249999999999995 0.31375000000000003
2 0.05625 0.3125 0.045 0.3125 0.045 0.335 0.05625 0.335 0.05625 0.3125
2 0.22000000000000003 0.34249999999999997 0.20249999999999999 0.34249999999999997 0.20249999999999999 0.36124999999999996 0.22000000000000003 0.36124999999999996 0.22000000000000003 0.34249999999999997
2 0.27375 0.215 0.2625 0.215 0.2625 0.23875000000000002 0.27375 0.23875000000000002 0.27375 0.215
2 0.05500000000000001 0.0075 0.04375 0.0075 0.04375 0.0325 0.05500000000000001 0.0325 0.05500000000000001 0.0075
2 0.8099999999999999 0.29625 0.7849999999999999 0.29625 0.7849999999999999 0.30625 0.8099999999999999 0.30625 0.8099999999999999 0.29625
2 0.8099999999999999 0.25625 0.7875 0.25625 0.7875 0.26749999999999996 0.8099999999999999 0.26749999999999996 0.8099999999999999 0.25625
2 0.8125 0.06999999999999999 0.7887500000000001 0.06999999999999999 0.7887500000000001 0.08249999999999999 0.8125 0.08249999999999999 0.8125 0.06999999999999999