2 0.74 0.5425 0.71 0.5425 0.71 0.55375 0.74 0.55375 0.74 0.5425
2 0.30874999999999997 0.655 0.3 0.655 0.3 0.675 0.30874999999999997 0.675 0.30874999999999997 0.655
2 0.7262500000000001 0.9375 0.7 0.9375 0.7 0.95375 0.7262500000000001 0.95375 0.7262500000000001 0.9375
2 0.32 0.65125 0.31124999999999997 0.65125 0.31124999999999997 0.67625 0.32 0.67625 0.32 0.65125
2 0.79 0.53125 0.78125 0.53125 0.78125 0.5549999999999999 0.79 0.5549999999999999 0.79 0.53125
2 0.26749999999999996 0.8225 0.24375 0.8225 0.24375 0.83375 0.26749999999999996 0.83375 0.26749999999999996 0.8225
2 0.26749999999999996 0.8474999999999999 0.2425 0.8474999999999999 0.2425 0.85625 0.26749999999999996 0.85625 0.26749999999999996 0.8474999999999999
2 0.35 1 0.35 0.9887499999999999 0.34125 0.9887499999999999 0.34125 1 0.35 1
2 0.6599999999999999 0.9349999999999999 0.6375 0.9349999999999999 0.6375 0.9475 0.6599999999999999 0.9475 0.6599999999999999 0.9349999999999999
2 0.6925 0.9375 0.67 0.9375 0.67 0.95 0.6925 0.95 0.6925 0.9375
2 0.3075 0.585 0.29625 0.585 0.29625 0.60875 0.3075 0.60875 0.3075 0.585
2 0.32 0.58875 0.30874999999999997 0.58875 0.30874999999999997 0.61375 0.32 0.61375 0.32 0.58875
2 0.5575 0.87625 0.53625 0.87625 0.53625 0.89375 0.5575 0.89375 0.5575 0.87625