2 0.24625 0.135 0.24125000000000002 0.135 0.24125000000000002 0.14250000000000002 0.24625 0.14250000000000002 0.24625 0.135
2 0.325 0.13374999999999998 0.31875 0.13374999999999998 0.31875 0.14375 0.325 0.14375 0.325 0.13374999999999998
2 0.31875 0.1325 0.31375000000000003 0.1325 0.31375000000000003 0.145 0.31875 0.145 0.31875 0.1325
2 0.3125 0.1325 0.3075 0.1325 0.3075 0.14250000000000002 0.3125 0.14250000000000002 0.3125 0.1325
2 0.30625 0.1325 0.30125 0.1325 0.30125 0.14375 0.30625 0.14375 0.30625 0.1325
2 0.3 0.135 0.29625 0.135 0.29625 0.14375 0.3 0.14375 0.3 0.135
2 0.29500000000000004 0.135 0.29 0.135 0.29 0.14250000000000002 0.29500000000000004 0.14250000000000002 0.29500000000000004 0.135
2 0.28875 0.13374999999999998 0.28375 0.13374999999999998 0.28375 0.14375 0.28875 0.14375 0.28875 0.13374999999999998
2 0.28375 0.13625 0.27749999999999997 0.13625 0.27749999999999997 0.14375 0.28375 0.14375 0.28375 0.13625
2 0.27 0.13625 0.265 0.13625 0.265 0.14625 0.27 0.14625 0.27 0.13625
2 0.26375000000000004 0.135 0.26 0.135 0.26 0.145 0.26375000000000004 0.145 0.26375000000000004 0.135
2 0.25875 0.135 0.25375000000000003 0.135 0.25375000000000003 0.14375 0.25875 0.14375 0.25875 0.135
2 0.2525 0.13625 0.24874999999999997 0.13625 0.24874999999999997 0.14375 0.2525 0.14375 0.2525 0.13625
2 0.24 0.135 0.23374999999999999 0.135 0.23374999999999999 0.14250000000000002 0.24 0.14250000000000002 0.24 0.135
2 0.23500000000000001 0.135 0.22875 0.135 0.22875 0.14250000000000002 0.23500000000000001 0.14250000000000002 0.23500000000000001 0.135
2 0.22749999999999998 0.135 0.22374999999999998 0.135 0.22374999999999998 0.145 0.22749999999999998 0.145 0.22749999999999998 0.135
2 0.22125 0.13374999999999998 0.21625 0.13374999999999998 0.21625 0.14375 0.22125 0.14375 0.22125 0.13374999999999998
2 0.25125000000000003 0.14750000000000002 0.24125000000000002 0.14750000000000002 0.24125000000000002 0.15125 0.25125000000000003 0.15125 0.25125000000000003 0.14750000000000002
2 0.2 0.13374999999999998 0.195 0.13374999999999998 0.195 0.14250000000000002 0.2 0.14250000000000002 0.2 0.13374999999999998
2 0.1925 0.1325 0.1875 0.1325 0.1875 0.14250000000000002 0.1925 0.14250000000000002 0.1925 0.1325
2 0.18375 0.13125 0.1775 0.13125 0.1775 0.14250000000000002 0.18375 0.14250000000000002 0.18375 0.13125
2 0.1675 0.145 0.1575 0.145 0.1575 0.15 0.1675 0.15 0.1675 0.145
2 0.175 0.13125 0.16999999999999998 0.13125 0.16999999999999998 0.145 0.175 0.145 0.175 0.13125
2 0.16875 0.1325 0.16375 0.1325 0.16375 0.14375 0.16875 0.14375 0.16875 0.1325
2 0.16375 0.13374999999999998 0.1575 0.13374999999999998 0.1575 0.14250000000000002 0.16375 0.14250000000000002 0.16375 0.13374999999999998
2 0.155 0.13125 0.15 0.13125 0.15 0.14250000000000002 0.155 0.14250000000000002 0.155 0.13125
2 0.33125 0.13374999999999998 0.325 0.13374999999999998 0.325 0.14375 0.33125 0.14375 0.33125 0.13374999999999998
2 0.33875 0.13374999999999998 0.3325 0.13374999999999998 0.3325 0.14375 0.33875 0.14375 0.33875 0.13374999999999998
2 0.34500000000000003 0.13374999999999998 0.33999999999999997 0.13374999999999998 0.33999999999999997 0.145 0.34500000000000003 0.145 0.34500000000000003 0.13374999999999998
2 0.3525 0.135 0.34750000000000003 0.135 0.34750000000000003 0.14625 0.3525 0.14625 0.3525 0.135
2 0.35875 0.175 0.35375 0.175 0.35375 0.185 0.35875 0.185 0.35875 0.175
2 0.32875 0.17875000000000002 0.31875 0.17875000000000002 0.31875 0.18375 0.32875 0.18375 0.32875 0.17875000000000002
2 0.25375000000000003 0.17124999999999999 0.24874999999999997 0.17124999999999999 0.24874999999999997 0.1825 0.25375000000000003 0.1825 0.25375000000000003 0.17124999999999999
2 0.22000000000000003 0.17375000000000002 0.215 0.17375000000000002 0.215 0.185 0.22000000000000003 0.185 0.22000000000000003 0.17375000000000002
2 0.2125 0.175 0.20750000000000002 0.175 0.20750000000000002 0.18375 0.2125 0.18375 0.2125 0.175
2 0.20375000000000001 0.175 0.19875 0.175 0.19875 0.18375 0.20375000000000001 0.18375 0.20375000000000001 0.175
2 0.175 0.17375000000000002 0.16999999999999998 0.17375000000000002 0.16999999999999998 0.18625 0.175 0.18625 0.175 0.17375000000000002
2 0.14875 0.17375000000000002 0.14250000000000002 0.17375000000000002 0.14250000000000002 0.185 0.14875 0.185 0.14875 0.17375000000000002
2 0.12875 0.17250000000000001 0.12375 0.17250000000000001 0.12375 0.18375 0.12875 0.18375 0.12875 0.17250000000000001
2 0.12 0.17250000000000001 0.11625 0.17250000000000001 0.11625 0.185 0.12 0.185 0.12 0.17250000000000001
2 0.11499999999999999 0.17250000000000001 0.10874999999999999 0.17250000000000001 0.10874999999999999 0.18125 0.11499999999999999 0.18125 0.11499999999999999 0.17250000000000001
2 0.0725 0.14375 0.0625 0.14375 0.0625 0.14750000000000002 0.0725 0.14750000000000002 0.0725 0.14375
2 0.08875 0.135 0.08499999999999999 0.135 0.08499999999999999 0.14875 0.08875 0.14875 0.08875 0.135
2 0.095 0.135 0.09125 0.135 0.09125 0.14750000000000002 0.095 0.14750000000000002 0.095 0.135
2 0.10500000000000001 0.1375 0.10124999999999999 0.1375 0.10124999999999999 0.14875 0.10500000000000001 0.14875 0.10500000000000001 0.1375
2 0.11000000000000001 0.1375 0.1075 0.1375 0.1075 0.14875 0.11000000000000001 0.14875 0.11000000000000001 0.1375
2 0.11750000000000001 0.13625 0.1125 0.13625 0.1125 0.14750000000000002 0.11750000000000001 0.14750000000000002 0.11750000000000001 0.13625
2 0.125 0.135 0.11875 0.135 0.11875 0.14875 0.125 0.14875 0.125 0.135
2 0.18375 0.08125 0.1775 0.08125 0.1775 0.0925 0.18375 0.0925 0.18375 0.08125
2 0.1775 0.08249999999999999 0.17124999999999999 0.08249999999999999 0.17124999999999999 0.0925 0.1775 0.0925 0.1775 0.08249999999999999
2 0.20375000000000001 0.09375 0.1925 0.09375 0.1925 0.10500000000000001 0.20375000000000001 0.10500000000000001 0.20375000000000001 0.09375
2 0.385 0.10124999999999999 0.38125 0.10124999999999999 0.38125 0.11374999999999999 0.385 0.11374999999999999 0.385 0.10124999999999999
2 0.37124999999999997 0.13374999999999998 0.365 0.13374999999999998 0.365 0.14625 0.37124999999999997 0.14625 0.37124999999999997 0.13374999999999998
2 0.365 0.13374999999999998 0.36 0.13374999999999998 0.36 0.145 0.365 0.145 0.365 0.13374999999999998
2 0.35875 0.13374999999999998 0.3525 0.13374999999999998 0.3525 0.14625 0.35875 0.14625 0.35875 0.13374999999999998
2 0.15 0.1325 0.145 0.1325 0.145 0.14250000000000002 0.15 0.14250000000000002 0.15 0.1325
2 0.40374999999999994 0.14875 0.39375 0.14875 0.39375 0.15375 0.40374999999999994 0.15375 0.40374999999999994 0.14875
2 0.4 0.13874999999999998 0.39125 0.13874999999999998 0.39125 0.14375 0.4 0.14375 0.4 0.13874999999999998
2 0.39625 0.10124999999999999 0.39 0.10124999999999999 0.39 0.11499999999999999 0.39625 0.11499999999999999 0.39625 0.10124999999999999
2 0.42125 0.12375 0.4 0.12375 0.4 0.13125 0.42125 0.13125 0.42125 0.12375
2 0.4425 0.0925 0.42000000000000004 0.0925 0.42000000000000004 0.10124999999999999 0.4425 0.10124999999999999 0.4425 0.0925
2 0.135 0.065 0.12875 0.065 0.12875 0.09125 0.135 0.09125 0.135 0.065
2 0.028749999999999998 0.021249999999999998 0.01875 0.021249999999999998 0.01875 0.03375 0.028749999999999998 0.03375 0.028749999999999998 0.021249999999999998
2 0.017499999999999998 0.03125 0.0075 0.03125 0.0075 0.04 0.017499999999999998 0.04 0.017499999999999998 0.03125
2 0.0075 0.0375 0.00125 0.0375 0.00125 0.04875 0.0075 0.04875 0.0075 0.0375
2 0.465 0.92125 0.45625 0.92125 0.45625 0.92875 0.465 0.92875 0.465 0.92125
2 0.45999999999999996 0.91375 0.45125000000000004 0.91375 0.45125000000000004 0.92125 0.45999999999999996 0.92125 0.45999999999999996 0.91375
2 0.34125 0.9037499999999999 0.32999999999999996 0.9037499999999999 0.32999999999999996 0.915 0.34125 0.915 0.34125 0.9037499999999999
2 0.34875 0.90625 0.33999999999999997 0.90625 0.33999999999999997 0.91625 0.34875 0.91625 0.34875 0.90625