2 0.07875 0.135 0.0725 0.135 0.0725 0.14875 0.07875 0.14875 0.07875 0.135
2 0.0675 0.14750000000000002 0.05625 0.14750000000000002 0.05625 0.15375 0.0675 0.15375 0.0675 0.14750000000000002
2 0.0675 0.155 0.05625 0.155 0.05625 0.1625 0.0675 0.1625 0.0675 0.155
2 0.06625 0.16125 0.05625 0.16125 0.05625 0.16625 0.06625 0.16625 0.06625 0.16125
2 0.08375 0.17625 0.0775 0.17625 0.0775 0.1875 0.08375 0.1875 0.08375 0.17625
2 0.0775 0.17625 0.0725 0.17625 0.0725 0.18875 0.0775 0.18875 0.0775 0.17625
2 0.39875 0.205 0.385 0.205 0.385 0.21375000000000002 0.39875 0.21375000000000002 0.39875 0.205
2 0.4325 0.22749999999999998 0.42000000000000004 0.22749999999999998 0.42000000000000004 0.2425 0.4325 0.2425 0.4325 0.22749999999999998
2 0.43375 0.23625 0.4225 0.23625 0.4225 0.25 0.43375 0.25 0.43375 0.23625
2 0.43875000000000003 0.25125000000000003 0.425 0.25125000000000003 0.425 0.26625 0.43875000000000003 0.26625 0.43875000000000003 0.25125000000000003
2 0.44000000000000006 0.26 0.42874999999999996 0.26 0.42874999999999996 0.27125 0.44000000000000006 0.27125 0.44000000000000006 0.26
2 0.42750000000000005 0.28125 0.41500000000000004 0.28125 0.41500000000000004 0.2875 0.42750000000000005 0.2875 0.42750000000000005 0.28125
2 0.40499999999999997 0.29874999999999996 0.39125 0.29874999999999996 0.39125 0.31375000000000003 0.40499999999999997 0.31375000000000003 0.40499999999999997 0.29874999999999996
2 0.25625 0.325 0.25 0.325 0.25 0.33875 0.25625 0.33875 0.25625 0.325
2 0.27999999999999997 0.22125 0.27375 0.22125 0.27375 0.2325 0.27999999999999997 0.2325 0.27999999999999997 0.22125
2 0.21000000000000002 0.26875 0.205 0.26875 0.205 0.27875 0.21000000000000002 0.27875 0.21000000000000002 0.26875
2 0.2225 0.44625000000000004 0.21749999999999997 0.44625000000000004 0.21749999999999997 0.45875000000000005 0.2225 0.45875000000000005 0.2225 0.44625000000000004
2 0.22374999999999998 0.46749999999999997 0.21875 0.46749999999999997 0.21875 0.48250000000000004 0.22374999999999998 0.48250000000000004 0.22374999999999998 0.46749999999999997
2 0.23125 0.47874999999999995 0.225 0.47874999999999995 0.225 0.49124999999999996 0.23125 0.49124999999999996 0.23125 0.47874999999999995
2 0.20750000000000002 0.45125000000000004 0.20125 0.45125000000000004 0.20125 0.465 0.20750000000000002 0.465 0.20750000000000002 0.45125000000000004
2 0.215 0.44125 0.21000000000000002 0.44125 0.21000000000000002 0.4525 0.215 0.4525 0.215 0.44125
2 0.215 0.4525 0.21000000000000002 0.4525 0.21000000000000002 0.4625 0.215 0.4625 0.215 0.4525
2 0.20625 0.47375 0.20249999999999999 0.47375 0.20249999999999999 0.485 0.20625 0.485 0.20625 0.47375
2 0.20625 0.4875 0.20125 0.4875 0.20125 0.49874999999999997 0.20625 0.49874999999999997 0.20625 0.4875
2 0.06875 0.13625 0.057499999999999996 0.13625 0.057499999999999996 0.14125000000000001 0.06875 0.14125000000000001 0.06875 0.13625
2 0.095 0.15875 0.08499999999999999 0.15875 0.08499999999999999 0.16375 0.095 0.16375 0.095 0.15875
2 0.21375000000000002 0.48624999999999996 0.21000000000000002 0.48624999999999996 0.21000000000000002 0.49625 0.21375000000000002 0.49625 0.21375000000000002 0.48624999999999996
2 0.09625 0.15375 0.08499999999999999 0.15375 0.08499999999999999 0.15875 0.09625 0.15875 0.09625 0.15375
2 0.29625 0.008749999999999999 0.28250000000000003 0.008749999999999999 0.28250000000000003 0.015 0.29625 0.015 0.29625 0.008749999999999999
2 0.3 0.0025 0.2875 0.0025 0.2875 0.008749999999999999 0.3 0.008749999999999999 0.3 0.0025
2 0.26 0.021249999999999998 0.255 0.021249999999999998 0.255 0.0325 0.26 0.0325 0.26 0.021249999999999998
2 0.18875 0.08375 0.1775 0.08375 0.1775 0.08875 0.18875 0.08875 0.18875 0.08375
2 0.16499999999999998 0.09375 0.15375 0.09375 0.15375 0.1 0.16499999999999998 0.1 0.16499999999999998 0.09375
2 0.16375 0.10625 0.1525 0.10625 0.1525 0.1125 0.16375 0.1125 0.16375 0.10625
2 0.17625 0.12375 0.16499999999999998 0.12375 0.16499999999999998 0.13625 0.17625 0.13625 0.17625 0.12375
2 0.1625 0.20750000000000002 0.15 0.20750000000000002 0.15 0.21375000000000002 0.1625 0.21375000000000002 0.1625 0.20750000000000002
2 0.16125 0.22000000000000003 0.14875 0.22000000000000003 0.14875 0.22625 0.16125 0.22625 0.16125 0.22000000000000003
2 0.19125 0.21375000000000002 0.17875000000000002 0.21375000000000002 0.17875000000000002 0.22000000000000003 0.19125 0.22000000000000003 0.19125 0.21375000000000002
2 0.19 0.22125 0.18 0.22125 0.18 0.22625 0.19 0.22625 0.19 0.22125
2 0.19 0.22625 0.18 0.22625 0.18 0.23125 0.19 0.23125 0.19 0.22625
2 0.19125 0.23374999999999999 0.18 0.23374999999999999 0.18 0.24 0.19125 0.24 0.19125 0.23374999999999999
2 0.11499999999999999 0.17124999999999999 0.10375000000000001 0.17124999999999999 0.10375000000000001 0.17625 0.11499999999999999 0.17625 0.11499999999999999 0.17124999999999999
2 0.1125 0.1775 0.10375000000000001 0.1775 0.10375000000000001 0.18125 0.1125 0.18125 0.1125 0.1775
2 0.09625 0.13999999999999999 0.08375 0.13999999999999999 0.08375 0.14625 0.09625 0.14625 0.09625 0.13999999999999999
2 0.09625 0.14750000000000002 0.08499999999999999 0.14750000000000002 0.08499999999999999 0.1525 0.09625 0.1525 0.09625 0.14750000000000002
2 0.23125 0.525 0.21875 0.525 0.21875 0.5337500000000001 0.23125 0.5337500000000001 0.23125 0.525
2 0.2225 0.4875 0.21875 0.4875 0.21875 0.49749999999999994 0.2225 0.49749999999999994 0.2225 0.4875
2 0.23500000000000001 0.825 0.22875 0.825 0.22875 0.83625 0.23500000000000001 0.83625 0.23500000000000001 0.825
2 0.2375 0.8675 0.23125 0.8675 0.23125 0.8825 0.2375 0.8825 0.2375 0.8675
2 0.2475 0.88125 0.24375 0.88125 0.24375 0.89125 0.2475 0.89125 0.2475 0.88125
2 0.24 0.91875 0.23374999999999999 0.91875 0.23374999999999999 0.93 0.24 0.93 0.24 0.91875
2 0.24874999999999997 0.9324999999999999 0.24125000000000002 0.9324999999999999 0.24125000000000002 0.94375 0.24874999999999997 0.94375 0.24874999999999997 0.9324999999999999
2 0.2475 0.9712500000000001 0.24375 0.9712500000000001 0.24375 0.98125 0.2475 0.98125 0.2475 0.9712500000000001
2 0.24 0.9675 0.23500000000000001 0.9675 0.23500000000000001 0.9775 0.24 0.9775 0.24 0.9675
2 0.32625000000000004 0.9375 0.32 0.9375 0.32 0.95 0.32625000000000004 0.95 0.32625000000000004 0.9375
2 0.30625 0.9737500000000001 0.3 0.9737500000000001 0.3 0.985 0.30625 0.985 0.30625 0.9737500000000001
2 0.2925 0.97625 0.28875 0.97625 0.28875 0.9887499999999999 0.2925 0.9887499999999999 0.2925 0.97625
2 0.25125000000000003 0.8412499999999999 0.2425 0.8412499999999999 0.2425 0.85625 0.25125000000000003 0.85625 0.25125000000000003 0.8412499999999999
2 0.24500000000000002 0.6837500000000001 0.23875000000000002 0.6837500000000001 0.23875000000000002 0.69375 0.24500000000000002 0.69375 0.24500000000000002 0.6837500000000001
2 0.215 0.47125000000000006 0.21125 0.47125000000000006 0.21125 0.48250000000000004 0.215 0.48250000000000004 0.215 0.47125000000000006
2 0.25 0.8074999999999999 0.24375 0.8074999999999999 0.24375 0.81875 0.25 0.81875 0.25 0.8074999999999999
2 0.71875 0.6125 0.70375 0.6125 0.70375 0.6212500000000001 0.71875 0.6212500000000001 0.71875 0.6125
2 0.6599999999999999 0.5962500000000001 0.64625 0.5962500000000001 0.64625 0.605 0.6599999999999999 0.605 0.6599999999999999 0.5962500000000001
2 0.1 0.5475 0.0875 0.5475 0.0875 0.5525 0.1 0.5525 0.1 0.5475
2 0.08499999999999999 0.47874999999999995 0.07625 0.47874999999999995 0.07625 0.49124999999999996 0.08499999999999999 0.49124999999999996 0.08499999999999999 0.47874999999999995
2 0.06625 0.495 0.052500000000000005 0.495 0.052500000000000005 0.50125 0.06625 0.50125 0.06625 0.495
2 0.07125000000000001 0.51125 0.06625 0.51125 0.06625 0.5237499999999999 0.07125000000000001 0.5237499999999999 0.07125000000000001 0.51125
2 0.0325 0.5325 0.01875 0.5325 0.01875 0.54125 0.0325 0.54125 0.0325 0.5325
2 0.2375 0.5825 0.2325 0.5825 0.2325 0.595 0.2375 0.595 0.2375 0.5825
2 0.2525 0.59375 0.24625 0.59375 0.24625 0.60375 0.2525 0.60375 0.2525 0.59375
2 0.2375 0.60375 0.23125 0.60375 0.23125 0.61625 0.2375 0.61625 0.2375 0.60375
2 0.24375 0.61 0.23875000000000002 0.61 0.23875000000000002 0.6224999999999999 0.24375 0.6224999999999999 0.24375 0.61
2 0.26125 0.645 0.255 0.645 0.255 0.6575 0.26125 0.6575 0.26125 0.645
2 0.2375 0.6212500000000001 0.23125 0.6212500000000001 0.23125 0.6325000000000001 0.2375 0.6325000000000001 0.2375 0.6212500000000001
2 0.25125000000000003 0.6287499999999999 0.24625 0.6287499999999999 0.24625 0.63875 0.25125000000000003 0.63875 0.25125000000000003 0.6287499999999999
2 0.23625 0.63875 0.22999999999999998 0.63875 0.22999999999999998 0.65125 0.23625 0.65125 0.23625 0.63875
2 0.2375 0.655 0.2325 0.655 0.2325 0.665 0.2375 0.665 0.2375 0.655
2 0.23625 0.67 0.23125 0.67 0.23125 0.67875 0.23625 0.67875 0.23625 0.67
2 0.25125000000000003 0.6487499999999999 0.24625 0.6487499999999999 0.24625 0.66125 0.25125000000000003 0.66125 0.25125000000000003 0.6487499999999999
2 0.1625 0.55 0.15125 0.55 0.15125 0.5549999999999999 0.1625 0.5549999999999999 0.1625 0.55
2 0.5387500000000001 0.56125 0.5287499999999999 0.56125 0.5287499999999999 0.5700000000000001 0.5387500000000001 0.5700000000000001 0.5387500000000001 0.56125
2 0.23625 0.71875 0.22999999999999998 0.71875 0.22999999999999998 0.73 0.23625 0.73 0.23625 0.71875
2 0.25125000000000003 0.73125 0.24500000000000002 0.73125 0.24500000000000002 0.745 0.25125000000000003 0.745 0.25125000000000003 0.73125
2 0.2425 0.74 0.2375 0.74 0.2375 0.75 0.2425 0.75 0.2425 0.74
2 0.25 0.76125 0.24375 0.76125 0.24375 0.7725 0.25 0.7725 0.25 0.76125
2 0.25 0.7849999999999999 0.24375 0.7849999999999999 0.24375 0.79625 0.25 0.79625 0.25 0.7849999999999999
2 0.7737499999999999 0.9625 0.76 0.9625 0.76 0.9712500000000001 0.7737499999999999 0.9712500000000001 0.7737499999999999 0.9625
2 0.775 0.9675 0.76125 0.9675 0.76125 0.9775 0.775 0.9775 0.775 0.9675
2 0.78125 0.9800000000000001 0.77 0.9800000000000001 0.77 0.9887499999999999 0.78125 0.9887499999999999 0.78125 0.9800000000000001
2 0.79375 0.9775 0.7825 0.9775 0.7825 0.98375 0.79375 0.98375 0.79375 0.9775
2 0.79 0.9712500000000001 0.78 0.9712500000000001 0.78 0.9800000000000001 0.79 0.9800000000000001 0.79 0.9712500000000001
2 0.79625 1 0.79625 0.99375 0.78625 0.99375 0.78625 1 0.79625 1
2 0.9962500000000001 0.9662499999999999 0.9875 0.9662499999999999 0.9875 0.97625 0.9962500000000001 0.97625 0.9962500000000001 0.9662499999999999
2 0.73 0.9225 0.71875 0.9225 0.71875 0.93 0.73 0.93 0.73 0.9225
2 0.73125 0.92875 0.72 0.92875 0.72 0.9375 0.73125 0.9375 0.73125 0.92875
2 0.735 0.9412499999999999 0.725 0.9412499999999999 0.725 0.95 0.735 0.95 0.735 0.9412499999999999
2 0.6174999999999999 0.9875 0.6075 0.9875 0.6075 0.9962500000000001 0.6174999999999999 0.9962500000000001 0.6174999999999999 0.9875
2 0.7275 0.9712500000000001 0.7162499999999999 0.9712500000000001 0.7162499999999999 0.9775 0.7275 0.9775 0.7275 0.9712500000000001
2 0.7375 0.9487500000000001 0.7275 0.9487500000000001 0.7275 0.9550000000000001 0.7375 0.9550000000000001 0.7375 0.9487500000000001
2 0.74 0.95875 0.72875 0.95875 0.72875 0.9662499999999999 0.74 0.9662499999999999 0.74 0.95875
2 0.74375 0.9637499999999999 0.73125 0.9637499999999999 0.73125 0.9724999999999999 0.74375 0.9724999999999999 0.74375 0.9637499999999999
2 0.745 0.9724999999999999 0.7325 0.9724999999999999 0.7325 0.97875 0.745 0.97875 0.745 0.9724999999999999
2 0.745 0.97625 0.7325 0.97625 0.7325 0.98375 0.745 0.98375 0.745 0.97625
2 0.7474999999999999 0.9824999999999999 0.73375 0.9824999999999999 0.73375 0.99125 0.7474999999999999 0.99125 0.7474999999999999 0.9824999999999999
2 0.75 0.9862500000000001 0.73625 0.9862500000000001 0.73625 0.9962500000000001 0.75 0.9962500000000001 0.75 0.9862500000000001
2 0.75125 1 0.75125 0.9925 0.74 0.9925 0.74 1 0.75125 1
2 0.20625 0.40750000000000003 0.20249999999999999 0.40750000000000003 0.20249999999999999 0.42000000000000004 0.20625 0.42000000000000004 0.20625 0.40750000000000003
2 0.82 0.9637499999999999 0.8087500000000001 0.9637499999999999 0.8087500000000001 0.9675 0.82 0.9675 0.82 0.9637499999999999
2 0.8225 0.9675 0.81125 0.9675 0.81125 0.975 0.8225 0.975 0.8225 0.9675
2 0.8487500000000001 1 0.8487500000000001 0.9949999999999999 0.8375 0.9949999999999999 0.8375 1 0.8487500000000001 1
2 1 0.9349999999999999 0.9949999999999999 0.9349999999999999 0.9949999999999999 0.9425000000000001 1 0.9425000000000001 1 0.9349999999999999
2 0.18125 0.495 0.16999999999999998 0.495 0.16999999999999998 0.5 0.18125 0.5 0.18125 0.495