2 0.80625 0.65125 0.79375 0.65125 0.79375 0.6599999999999999 0.80625 0.6599999999999999 0.80625 0.65125
2 0.42874999999999996 0.93 0.41875 0.93 0.41875 0.9412499999999999 0.42874999999999996 0.9412499999999999 0.42874999999999996 0.93
2 0.39125 0.93125 0.37875000000000003 0.93125 0.37875000000000003 0.9400000000000001 0.39125 0.9400000000000001 0.39125 0.93125
2 0.4175 0.93875 0.40499999999999997 0.93875 0.40499999999999997 0.95 0.4175 0.95 0.4175 0.93875
2 0.80375 0.6275000000000001 0.79375 0.6275000000000001 0.79375 0.63375 0.80375 0.63375 0.80375 0.6275000000000001
2 0.80625 0.61375 0.795 0.61375 0.795 0.6224999999999999 0.80625 0.6224999999999999 0.80625 0.61375
2 0.805 0.6075 0.79375 0.6075 0.79375 0.615 0.805 0.615 0.805 0.6075
2 0.8074999999999999 0.59375 0.795 0.59375 0.795 0.6012500000000001 0.8074999999999999 0.6012500000000001 0.8074999999999999 0.59375
2 0.805 0.5875 0.795 0.5875 0.795 0.595 0.805 0.595 0.805 0.5875
2 0.805 0.57875 0.795 0.57875 0.795 0.5875 0.805 0.5875 0.805 0.57875
2 0.8 0.545 0.79 0.545 0.79 0.5549999999999999 0.8 0.5549999999999999 0.8 0.545
2 0.7875 0.5325 0.7775000000000001 0.5325 0.7775000000000001 0.54375 0.7875 0.54375 0.7875 0.5325
2 0.79 0.545 0.7787499999999999 0.545 0.7787499999999999 0.5575 0.79 0.5575 0.79 0.545
2 0.7737499999999999 0.5375 0.7625 0.5375 0.7625 0.54875 0.7737499999999999 0.54875 0.7737499999999999 0.5375
2 0.7837500000000001 0.5525 0.77 0.5525 0.77 0.56125 0.7837500000000001 0.56125 0.7837500000000001 0.5525
2 0.7787499999999999 0.5587500000000001 0.76875 0.5587500000000001 0.76875 0.5650000000000001 0.7787499999999999 0.5650000000000001 0.7787499999999999 0.5587500000000001
2 0.7775000000000001 0.5675 0.76875 0.5675 0.76875 0.57125 0.7775000000000001 0.57125 0.7775000000000001 0.5675
2 0.7675 0.5625 0.75625 0.5625 0.75625 0.5700000000000001 0.7675 0.5700000000000001 0.7675 0.5625
2 0.76125 0.57125 0.75 0.57125 0.75 0.5775 0.76125 0.5775 0.76125 0.57125
2 0.76625 0.58125 0.75625 0.58125 0.75625 0.5862499999999999 0.76625 0.5862499999999999 0.76625 0.58125
2 0.77125 0.5875 0.76 0.5875 0.76 0.5925 0.77125 0.5925 0.77125 0.5875
2 0.7725 0.59875 0.7625 0.59875 0.7625 0.60625 0.7725 0.60625 0.7725 0.59875
2 0.76875 0.61125 0.75875 0.61125 0.75875 0.6174999999999999 0.76875 0.6174999999999999 0.76875 0.61125
2 0.765 0.61875 0.755 0.61875 0.755 0.625 0.765 0.625 0.765 0.61875
2 0.4025 0.82875 0.39125 0.82875 0.39125 0.8387499999999999 0.4025 0.8387499999999999 0.4025 0.82875
2 0.44000000000000006 0.8425 0.42874999999999996 0.8425 0.42874999999999996 0.8525 0.44000000000000006 0.8525 0.44000000000000006 0.8425
2 0.48125 0.9525 0.47000000000000003 0.9525 0.47000000000000003 0.9637499999999999 0.48125 0.9637499999999999 0.48125 0.9525
2 0.4725 0.96125 0.4625 0.96125 0.4625 0.9712500000000001 0.4725 0.9712500000000001 0.4725 0.96125
2 0.9662499999999999 0.56875 0.95625 0.56875 0.95625 0.58125 0.9662499999999999 0.58125 0.9662499999999999 0.56875
2 0.9925 0.5700000000000001 0.9824999999999999 0.5700000000000001 0.9824999999999999 0.58125 0.9925 0.58125 0.9925 0.5700000000000001
2 1 0.56875 0.99 0.56875 0.99 0.58 1 0.58 1 0.56875
2 0.98375 0.5349999999999999 0.9737500000000001 0.5349999999999999 0.9737500000000001 0.54625 0.98375 0.54625 0.98375 0.5349999999999999
2 0.97625 0.5349999999999999 0.9662499999999999 0.5349999999999999 0.9662499999999999 0.545 0.97625 0.545 0.97625 0.5349999999999999
2 0.80625 0.6325000000000001 0.79625 0.6325000000000001 0.79625 0.6425 0.80625 0.6425 0.80625 0.6325000000000001
2 0.7837500000000001 0.67 0.7787499999999999 0.67 0.7787499999999999 0.68125 0.7837500000000001 0.68125 0.7837500000000001 0.67
2 0.77 0.6725 0.75875 0.6725 0.75875 0.68125 0.77 0.68125 0.77 0.6725
2 0.06 0.30874999999999997 0.05375 0.30874999999999997 0.05375 0.32 0.06 0.32 0.06 0.30874999999999997
2 0.12125 0.30874999999999997 0.11625 0.30874999999999997 0.11625 0.32125 0.12125 0.32125 0.12125 0.30874999999999997
2 0.11374999999999999 0.33375 0.10874999999999999 0.33375 0.10874999999999999 0.34375 0.11374999999999999 0.34375 0.11374999999999999 0.33375
2 0.1125 0.34875 0.10625 0.34875 0.10625 0.36 0.1125 0.36 0.1125 0.34875
2 0.1 0.35625 0.095 0.35625 0.095 0.36625 0.1 0.36625 0.1 0.35625
2 0.09125 0.3525 0.08625000000000001 0.3525 0.08625000000000001 0.3625 0.09125 0.3625 0.09125 0.3525
2 0.17625 0.36375 0.16125 0.36375 0.16125 0.37374999999999997 0.17625 0.37374999999999997 0.17625 0.36375
2 0.18625 0.385 0.17375000000000002 0.385 0.17375000000000002 0.39 0.18625 0.39 0.18625 0.385
2 0.20875 0.38625 0.19624999999999998 0.38625 0.19624999999999998 0.39249999999999996 0.20875 0.39249999999999996 0.20875 0.38625
2 0.21875 0.33875 0.21375000000000002 0.33875 0.21375000000000002 0.34875 0.21875 0.34875 0.21875 0.33875
2 0.225 0.5425 0.21000000000000002 0.5425 0.21000000000000002 0.5525 0.225 0.5525 0.225 0.5425
2 0.34375 0.6375 0.33375 0.6375 0.33375 0.6487499999999999 0.34375 0.6487499999999999 0.34375 0.6375
2 0.47750000000000004 0.57875 0.47125000000000006 0.57875 0.47125000000000006 0.5900000000000001 0.47750000000000004 0.5900000000000001 0.47750000000000004 0.57875
2 0.4875 0.57875 0.48250000000000004 0.57875 0.48250000000000004 0.5900000000000001 0.4875 0.5900000000000001 0.4875 0.57875
2 0.51125 0.57875 0.50625 0.57875 0.50625 0.5912499999999999 0.51125 0.5912499999999999 0.51125 0.57875
2 0.5237499999999999 0.5775 0.5175 0.5775 0.5175 0.5900000000000001 0.5237499999999999 0.5900000000000001 0.5237499999999999 0.5775
2 0.54875 0.58 0.5425 0.58 0.5425 0.5912499999999999 0.54875 0.5912499999999999 0.54875 0.58
2 0.49874999999999997 0.61 0.49375 0.61 0.49375 0.6224999999999999 0.49874999999999997 0.6224999999999999 0.49874999999999997 0.61
2 0.48624999999999996 0.60875 0.48125 0.60875 0.48125 0.6212500000000001 0.48624999999999996 0.6212500000000001 0.48624999999999996 0.60875
2 0.475 0.6125 0.47125000000000006 0.6125 0.47125000000000006 0.62375 0.475 0.62375 0.475 0.6125
2 0.46875 0.61125 0.46375 0.61125 0.46375 0.6224999999999999 0.46875 0.6224999999999999 0.46875 0.61125
2 0.4625 0.61 0.45625 0.61 0.45625 0.6212500000000001 0.4625 0.6212500000000001 0.4625 0.61
2 0.9737500000000001 0.6525000000000001 0.9625 0.6525000000000001 0.9625 0.6587500000000001 0.9737500000000001 0.6587500000000001 0.9737500000000001 0.6525000000000001
2 0.91375 0.6525000000000001 0.9012499999999999 0.6525000000000001 0.9012499999999999 0.6575 0.91375 0.6575 0.91375 0.6525000000000001
2 0.7 0.6825 0.6875 0.6825 0.6875 0.6900000000000001 0.7 0.6900000000000001 0.7 0.6825
2 0.22374999999999998 0.36375 0.21749999999999997 0.36375 0.21749999999999997 0.37875000000000003 0.22374999999999998 0.37875000000000003 0.22374999999999998 0.36375
2 0.25 0.3525 0.23500000000000001 0.3525 0.23500000000000001 0.36 0.25 0.36 0.25 0.3525
2 0.25125000000000003 0.34750000000000003 0.2425 0.34750000000000003 0.2425 0.35375 0.25125000000000003 0.35375 0.25125000000000003 0.34750000000000003
2 0.25375000000000003 0.34249999999999997 0.24 0.34249999999999997 0.24 0.34750000000000003 0.25375000000000003 0.34750000000000003 0.25375000000000003 0.34249999999999997
2 0.25375000000000003 0.33375 0.24125000000000002 0.33375 0.24125000000000002 0.33999999999999997 0.25375000000000003 0.33999999999999997 0.25375000000000003 0.33375