2 0.08875 0.034999999999999996 0.0775 0.034999999999999996 0.0775 0.04625 0.08875 0.04625 0.08875 0.034999999999999996
2 0.05375 0.058750000000000004 0.04375 0.058750000000000004 0.04375 0.065 0.05375 0.065 0.05375 0.058750000000000004
2 0.04375 0.0475 0.0325 0.0475 0.0325 0.05500000000000001 0.04375 0.05500000000000001 0.04375 0.0475
2 0.03 0.03875 0.017499999999999998 0.03875 0.017499999999999998 0.045 0.03 0.045 0.03 0.03875
2 0.02375 0.0325 0.01125 0.0325 0.01125 0.04 0.02375 0.04 0.02375 0.0325
2 0.025 0.06375 0.021249999999999998 0.06375 0.021249999999999998 0.0725 0.025 0.0725 0.025 0.06375
2 0.013750000000000002 0.05375 0.008749999999999999 0.05375 0.008749999999999999 0.065 0.013750000000000002 0.065 0.013750000000000002 0.05375
2 0.005 0.04875 0.00125 0.04875 0.00125 0.0625 0.005 0.0625 0.005 0.04875
2 0.28625 0.1575 0.275 0.1575 0.275 0.16499999999999998 0.28625 0.16499999999999998 0.28625 0.1575
2 0.22749999999999998 0.058750000000000004 0.21875 0.058750000000000004 0.21875 0.06875 0.22749999999999998 0.06875 0.22749999999999998 0.058750000000000004
2 0.2225 0.06375 0.21375000000000002 0.06375 0.21375000000000002 0.07375000000000001 0.2225 0.07375000000000001 0.2225 0.06375
2 0.23374999999999999 0.06999999999999999 0.225 0.06999999999999999 0.225 0.08125 0.23374999999999999 0.08125 0.23374999999999999 0.06999999999999999
2 0.22875 0.07375000000000001 0.22000000000000003 0.07375000000000001 0.22000000000000003 0.08499999999999999 0.22875 0.08499999999999999 0.22875 0.07375000000000001
2 0.2225 0.07625 0.21375000000000002 0.07625 0.21375000000000002 0.09 0.2225 0.09 0.2225 0.07625
2 0.21000000000000002 0.07625 0.20125 0.07625 0.20125 0.08625000000000001 0.21000000000000002 0.08625000000000001 0.21000000000000002 0.07625
2 0.19 0.05375 0.1825 0.05375 0.1825 0.065 0.19 0.065 0.19 0.05375
2 0.26625 0.1925 0.255 0.1925 0.255 0.19875 0.26625 0.19875 0.26625 0.1925
2 0.26749999999999996 0.20625 0.2575 0.20625 0.2575 0.21125 0.26749999999999996 0.21125 0.26749999999999996 0.20625
2 0.28500000000000003 0.20375000000000001 0.27375 0.20375000000000001 0.27375 0.21000000000000002 0.28500000000000003 0.21000000000000002 0.28500000000000003 0.20375000000000001
2 0.275 0.23625 0.265 0.23625 0.265 0.24375 0.275 0.24375 0.275 0.23625
2 0.2725 0.22999999999999998 0.26375000000000004 0.22999999999999998 0.26375000000000004 0.23625 0.2725 0.23625 0.2725 0.22999999999999998
2 0.29125 0.23125 0.27999999999999997 0.23125 0.27999999999999997 0.23875000000000002 0.29125 0.23875000000000002 0.29125 0.23125
2 0.29874999999999996 0.24 0.2875 0.24 0.2875 0.24874999999999997 0.29874999999999996 0.24874999999999997 0.29874999999999996 0.24
2 0.3075 0.24874999999999997 0.29500000000000004 0.24874999999999997 0.29500000000000004 0.25875 0.3075 0.25875 0.3075 0.24874999999999997
2 0.48125 0.385 0.47125000000000006 0.385 0.47125000000000006 0.395 0.48125 0.395 0.48125 0.385
2 0.47375 0.37875000000000003 0.465 0.37875000000000003 0.465 0.38875000000000004 0.47375 0.38875000000000004 0.47375 0.37875000000000003
2 0.08375 0.04 0.07125000000000001 0.04 0.07125000000000001 0.05125 0.08375 0.05125 0.08375 0.04
2 0.09125 0.028749999999999998 0.08 0.028749999999999998 0.08 0.04 0.09125 0.04 0.09125 0.028749999999999998
2 0.4375 0.33875 0.42750000000000005 0.33875 0.42750000000000005 0.35 0.4375 0.35 0.4375 0.33875
2 0.09625 0.021249999999999998 0.08375 0.021249999999999998 0.08375 0.034999999999999996 0.09625 0.034999999999999996 0.09625 0.021249999999999998
2 0.47125000000000006 0.375 0.4625 0.375 0.4625 0.38375 0.47125000000000006 0.38375 0.47125000000000006 0.375
2 0.43375 0.3725 0.42125 0.3725 0.42125 0.38375 0.43375 0.38375 0.43375 0.3725
2 0.42374999999999996 0.365 0.4125 0.365 0.4125 0.37625000000000003 0.42374999999999996 0.37625000000000003 0.42374999999999996 0.365
2 0.35625 0.3225 0.34500000000000003 0.3225 0.34500000000000003 0.33625 0.35625 0.33625 0.35625 0.3225
2 0.35625 0.29625 0.34500000000000003 0.29625 0.34500000000000003 0.3075 0.35625 0.3075 0.35625 0.29625
2 0.38875000000000004 0.28875 0.3775 0.28875 0.3775 0.29874999999999996 0.38875000000000004 0.29874999999999996 0.38875000000000004 0.28875
2 0.34125 0.28375 0.32875 0.28375 0.32875 0.29625 0.34125 0.29625 0.34125 0.28375
2 0.57875 0.51625 0.56875 0.51625 0.56875 0.5275000000000001 0.57875 0.5275000000000001 0.57875 0.51625
2 0.61375 0.55375 0.60625 0.55375 0.60625 0.5625 0.61375 0.5625 0.61375 0.55375
2 0.575 0.5549999999999999 0.56375 0.5549999999999999 0.56375 0.5650000000000001 0.575 0.5650000000000001 0.575 0.5549999999999999
2 0.58875 0.5700000000000001 0.57875 0.5700000000000001 0.57875 0.58 0.58875 0.58 0.58875 0.5700000000000001
2 0.595 0.57375 0.5862499999999999 0.57375 0.5862499999999999 0.58375 0.595 0.58375 0.595 0.57375
2 0.58375 0.585 0.575 0.585 0.575 0.5925 0.58375 0.5925 0.58375 0.585
2 0.5925 0.5900000000000001 0.58125 0.5900000000000001 0.58125 0.6025 0.5925 0.6025 0.5925 0.5900000000000001
2 0.605 0.585 0.595 0.585 0.595 0.5974999999999999 0.605 0.5974999999999999 0.605 0.585
2 0.63875 0.57625 0.6275000000000001 0.57625 0.6275000000000001 0.58875 0.63875 0.58875 0.63875 0.57625
2 0.61625 0.59375 0.60375 0.59375 0.60375 0.605 0.61625 0.605 0.61625 0.59375
2 0.60375 0.6 0.5900000000000001 0.6 0.5900000000000001 0.6125 0.60375 0.6125 0.60375 0.6
2 0.61875 0.62625 0.60875 0.62625 0.60875 0.6375 0.61875 0.6375 0.61875 0.62625
2 0.6075 0.63625 0.5974999999999999 0.63625 0.5974999999999999 0.6475 0.6075 0.6475 0.6075 0.63625
2 0.6025 0.6425 0.5912499999999999 0.6425 0.5912499999999999 0.655 0.6025 0.655 0.6025 0.6425
2 0.63875 0.73 0.6275000000000001 0.73 0.6275000000000001 0.7424999999999999 0.63875 0.7424999999999999 0.63875 0.73
2 0.6537499999999999 0.74875 0.64125 0.74875 0.64125 0.76125 0.6537499999999999 0.76125 0.6537499999999999 0.74875
2 0.7025 0.29500000000000004 0.6900000000000001 0.29500000000000004 0.6900000000000001 0.30625 0.7025 0.30625 0.7025 0.29500000000000004
2 0.71375 0.28250000000000003 0.70125 0.28250000000000003 0.70125 0.29500000000000004 0.71375 0.29500000000000004 0.71375 0.28250000000000003
2 0.7212500000000001 0.27749999999999997 0.71 0.27749999999999997 0.71 0.29 0.7212500000000001 0.29 0.7212500000000001 0.27749999999999997