2 0.43 0.81125 0.40750000000000003 0.81125 0.40750000000000003 0.83375 0.43 0.83375 0.43 0.81125
2 0.51875 0.7462500000000001 0.51125 0.7462500000000001 0.51125 0.7725 0.51875 0.7725 0.51875 0.7462500000000001
2 0.49625 0.6625 0.48375 0.6625 0.48375 0.6912499999999999 0.49625 0.6912499999999999 0.49625 0.6625
2 0.5825 0.00125 0.5700000000000001 0.00125 0.5700000000000001 0.01 0.5825 0.01 0.5825 0.00125
2 0.5425 0.01625 0.5225 0.01625 0.5225 0.03875 0.5425 0.03875 0.5425 0.01625
2 0.4375 0.7775000000000001 0.4175 0.7775000000000001 0.4175 0.8025 0.4375 0.8025 0.4375 0.7775000000000001
2 0.4875 0.09 0.47750000000000004 0.09 0.47750000000000004 0.10500000000000001 0.4875 0.10500000000000001 0.4875 0.09
2 0.45625 0.13 0.44875 0.13 0.44875 0.14625 0.45625 0.14625 0.45625 0.13
2 0.46749999999999997 0.1925 0.46125 0.1925 0.46125 0.20625 0.46749999999999997 0.20625 0.46749999999999997 0.1925
2 0.42374999999999996 0.16875 0.4175 0.16875 0.4175 0.185 0.42374999999999996 0.185 0.42374999999999996 0.16875
2 0.45999999999999996 0.21375000000000002 0.45375 0.21375000000000002 0.45375 0.22625 0.45999999999999996 0.22625 0.45999999999999996 0.21375000000000002
2 0.47375 0.23125 0.46749999999999997 0.23125 0.46749999999999997 0.24500000000000002 0.47375 0.24500000000000002 0.47375 0.23125
2 0.485 0.28250000000000003 0.47874999999999995 0.28250000000000003 0.47874999999999995 0.29375 0.485 0.29375 0.485 0.28250000000000003
2 0.49124999999999996 0.55 0.48375 0.55 0.48375 0.56375 0.49124999999999996 0.56375 0.49124999999999996 0.55
2 0.48 0.495 0.4725 0.495 0.4725 0.50875 0.48 0.50875 0.48 0.495
2 0.50625 0.5725 0.49874999999999997 0.5725 0.49874999999999997 0.5900000000000001 0.50625 0.5900000000000001 0.50625 0.5725
2 0.4925 0.5725 0.48250000000000004 0.5725 0.48250000000000004 0.5862499999999999 0.4925 0.5862499999999999 0.4925 0.5725
2 0.6950000000000001 0.5599999999999999 0.6675 0.5599999999999999 0.6675 0.575 0.6950000000000001 0.575 0.6950000000000001 0.5599999999999999
2 0.6900000000000001 0.5525 0.6775 0.5525 0.6775 0.56125 0.6900000000000001 0.56125 0.6900000000000001 0.5525
2 0.7125 0.545 0.7 0.545 0.7 0.55625 0.7125 0.55625 0.7125 0.545
2 0.76125 0.525 0.7474999999999999 0.525 0.7474999999999999 0.5375 0.76125 0.5375 0.76125 0.525
2 0.7837500000000001 0.8225 0.76125 0.8225 0.76125 0.8412499999999999 0.7837500000000001 0.8412499999999999 0.7837500000000001 0.8225
2 0.03375 0.8012499999999999 0.02375 0.8012499999999999 0.02375 0.8099999999999999 0.03375 0.8099999999999999 0.03375 0.8012499999999999
2 0.0375 0.81875 0.027500000000000004 0.81875 0.027500000000000004 0.83125 0.0375 0.83125 0.0375 0.81875
2 0.061250000000000006 0.8474999999999999 0.04875 0.8474999999999999 0.04875 0.85625 0.061250000000000006 0.85625 0.061250000000000006 0.8474999999999999
2 0.09375 0.8300000000000001 0.08249999999999999 0.8300000000000001 0.08249999999999999 0.8400000000000001 0.09375 0.8400000000000001 0.09375 0.8300000000000001
2 0.13125 0.8787499999999999 0.11499999999999999 0.8787499999999999 0.11499999999999999 0.8875 0.13125 0.8875 0.13125 0.8787499999999999
2 0.24874999999999997 0.8625 0.2375 0.8625 0.2375 0.8699999999999999 0.24874999999999997 0.8699999999999999 0.24874999999999997 0.8625
2 0.51625 0.81375 0.51 0.81375 0.51 0.8237500000000001 0.51625 0.8237500000000001 0.51625 0.81375
2 0.51125 0.8675 0.505 0.8675 0.505 0.8787499999999999 0.51125 0.8787499999999999 0.51125 0.8675
2 0.4875 0.9574999999999999 0.47750000000000004 0.9574999999999999 0.47750000000000004 0.96875 0.4875 0.96875 0.4875 0.9574999999999999
2 0.46375 0.98375 0.45625 0.98375 0.45625 0.9949999999999999 0.46375 0.9949999999999999 0.46375 0.98375
2 0.52625 0.7075 0.52 0.7075 0.52 0.7212500000000001 0.52625 0.7212500000000001 0.52625 0.7075
2 0.58375 0.4525 0.57625 0.4525 0.57625 0.465 0.58375 0.465 0.58375 0.4525
2 0.5900000000000001 0.44749999999999995 0.5825 0.44749999999999995 0.5825 0.46125 0.5900000000000001 0.46125 0.5900000000000001 0.44749999999999995