2 0.5900000000000001 0.24125000000000002 0.57125 0.24125000000000002 0.57125 0.25875 0.5900000000000001 0.25875 0.5900000000000001 0.24125000000000002
2 0.5825 0.25375000000000003 0.5625 0.25375000000000003 0.5625 0.2725 0.5825 0.2725 0.5825 0.25375000000000003
2 0.39625 0.275 0.3775 0.275 0.3775 0.28625 0.39625 0.28625 0.39625 0.275
2 0.40499999999999997 0.2575 0.38625 0.2575 0.38625 0.27749999999999997 0.40499999999999997 0.27749999999999997 0.40499999999999997 0.2575
2 0.41624999999999995 0.24125000000000002 0.395 0.24125000000000002 0.395 0.26125 0.41624999999999995 0.26125 0.41624999999999995 0.24125000000000002
2 0.42625 0.23374999999999999 0.40499999999999997 0.23374999999999999 0.40499999999999997 0.2525 0.42625 0.2525 0.42625 0.23374999999999999
2 0.4325 0.22374999999999998 0.41 0.22374999999999998 0.41 0.24625 0.4325 0.24625 0.4325 0.22374999999999998
2 0.19125 0.14375 0.17124999999999999 0.14375 0.17124999999999999 0.16125 0.19125 0.16125 0.19125 0.14375
2 0.20750000000000002 0.12625 0.18875 0.12625 0.18875 0.14250000000000002 0.20750000000000002 0.14250000000000002 0.20750000000000002 0.12625
2 0.2125 0.11750000000000001 0.195 0.11750000000000001 0.195 0.13374999999999998 0.2125 0.13374999999999998 0.2125 0.11750000000000001
2 0.2225 0.1 0.20125 0.1 0.20125 0.11625 0.2225 0.11625 0.2225 0.1
2 0.23374999999999999 0.08125 0.215 0.08125 0.215 0.09875 0.23374999999999999 0.09875 0.23374999999999999 0.08125
2 0.6012500000000001 0.22625 0.58 0.22625 0.58 0.24500000000000002 0.6012500000000001 0.24500000000000002 0.6012500000000001 0.22625
2 0.6212500000000001 0.09875 0.6012500000000001 0.09875 0.6012500000000001 0.12125 0.6212500000000001 0.12125 0.6212500000000001 0.09875
2 0.6287499999999999 0.0925 0.6125 0.0925 0.6125 0.10874999999999999 0.6287499999999999 0.10874999999999999 0.6287499999999999 0.0925
2 0.8675 0.0675 0.8574999999999999 0.0675 0.8574999999999999 0.09 0.8675 0.09 0.8675 0.0675
2 0.9112500000000001 0.03875 0.9 0.03875 0.9 0.06 0.9112500000000001 0.06 0.9112500000000001 0.03875
2 0.93 0.06625 0.91875 0.06625 0.91875 0.0875 0.93 0.0875 0.93 0.06625
2 0.8675 0.03625 0.8574999999999999 0.03625 0.8574999999999999 0.05625 0.8675 0.05625 0.8675 0.03625
2 0.85375 0.03625 0.845 0.03625 0.845 0.05625 0.85375 0.05625 0.85375 0.03625
2 0.8875 0.0675 0.8787499999999999 0.0675 0.8787499999999999 0.08625000000000001 0.8875 0.08625000000000001 0.8875 0.0675
2 0.8550000000000001 0.06625 0.8462500000000001 0.06625 0.8462500000000001 0.0875 0.8550000000000001 0.0875 0.8550000000000001 0.06625
2 0.26625 0.15 0.24625 0.15 0.24625 0.1675 0.26625 0.1675 0.26625 0.15
2 0.8574999999999999 0.13 0.8474999999999999 0.13 0.8474999999999999 0.14875 0.8574999999999999 0.14875 0.8574999999999999 0.13
2 0.8675 0.13125 0.85875 0.13125 0.85875 0.14625 0.8675 0.14625 0.8675 0.13125
2 0.8787499999999999 0.13125 0.8699999999999999 0.13125 0.8699999999999999 0.14625 0.8787499999999999 0.14625 0.8787499999999999 0.13125
2 0.8887499999999999 0.13 0.8800000000000001 0.13 0.8800000000000001 0.14875 0.8887499999999999 0.14875 0.8887499999999999 0.13
2 0.9087500000000001 0.13125 0.9 0.13125 0.9 0.14875 0.9087500000000001 0.14875 0.9087500000000001 0.13125
2 0.92125 0.13 0.9099999999999999 0.13 0.9099999999999999 0.1525 0.92125 0.1525 0.92125 0.13
2 0.9400000000000001 0.13 0.92875 0.13 0.92875 0.15 0.9400000000000001 0.15 0.9400000000000001 0.13
2 0.95875 0.1325 0.95 0.1325 0.95 0.1525 0.95875 0.1525 0.95875 0.1325
2 0.8887499999999999 0.155 0.8800000000000001 0.155 0.8800000000000001 0.17625 0.8887499999999999 0.17625 0.8887499999999999 0.155
2 0.86625 0.15625 0.8550000000000001 0.15625 0.8550000000000001 0.18 0.86625 0.18 0.86625 0.15625
2 0.2575 0.1575 0.2375 0.1575 0.2375 0.1775 0.2575 0.1775 0.2575 0.1575
2 0.27375 0.14125000000000001 0.25375000000000003 0.14125000000000001 0.25375000000000003 0.1575 0.27375 0.1575 0.27375 0.14125000000000001
2 0.7849999999999999 0.6325000000000001 0.7737499999999999 0.6325000000000001 0.7737499999999999 0.6537499999999999 0.7849999999999999 0.6537499999999999 0.7849999999999999 0.6325000000000001
2 0.55125 0.195 0.5275000000000001 0.195 0.5275000000000001 0.21625 0.55125 0.21625 0.55125 0.195
2 0.5375 0.215 0.515 0.215 0.515 0.24 0.5375 0.24 0.5375 0.215
2 0.26625 0.18875 0.24500000000000002 0.18875 0.24500000000000002 0.20625 0.26625 0.20625 0.26625 0.18875
2 0.34500000000000003 0.22999999999999998 0.32875 0.22999999999999998 0.32875 0.24375 0.34500000000000003 0.24375 0.34500000000000003 0.22999999999999998
2 0.3375 0.23625 0.32 0.23625 0.32 0.2525 0.3375 0.2525 0.3375 0.23625
2 0.32999999999999996 0.24625 0.31625000000000003 0.24625 0.31625000000000003 0.2625 0.32999999999999996 0.2625 0.32999999999999996 0.24625
2 0.7725 0.5 0.75875 0.5 0.75875 0.51875 0.7725 0.51875 0.7725 0.5
2 0.75125 0.6575 0.74125 0.6575 0.74125 0.67875 0.75125 0.67875 0.75125 0.6575
2 0.6 0.12875 0.58125 0.12875 0.58125 0.14625 0.6 0.14625 0.6 0.12875
2 0.33625 0.20249999999999999 0.31625000000000003 0.20249999999999999 0.31625000000000003 0.21875 0.33625 0.21875 0.33625 0.20249999999999999
2 0.9 0.065 0.8887499999999999 0.065 0.8887499999999999 0.0875 0.9 0.0875 0.9 0.065
2 0.92125 0.034999999999999996 0.9099999999999999 0.034999999999999996 0.9099999999999999 0.058750000000000004 0.92125 0.058750000000000004 0.92125 0.034999999999999996
2 0.875 0.21749999999999997 0.8574999999999999 0.21749999999999997 0.8574999999999999 0.23125 0.875 0.23125 0.875 0.21749999999999997