2 0.12875 0.37124999999999997 0.11000000000000001 0.37124999999999997 0.11000000000000001 0.38875000000000004 0.12875 0.38875000000000004 0.12875 0.37124999999999997
2 0.1675 0.40750000000000003 0.15 0.40750000000000003 0.15 0.42374999999999996 0.1675 0.42374999999999996 0.1675 0.40750000000000003
2 0.19 0.42374999999999996 0.17124999999999999 0.42374999999999996 0.17124999999999999 0.4425 0.19 0.4425 0.19 0.42374999999999996
2 0.20875 0.4425 0.19125 0.4425 0.19125 0.4575 0.20875 0.4575 0.20875 0.4425
2 0.23374999999999999 0.4175 0.215 0.4175 0.215 0.43875000000000003 0.23374999999999999 0.43875000000000003 0.23374999999999999 0.4175
2 0.2125 0.40125 0.195 0.40125 0.195 0.42000000000000004 0.2125 0.42000000000000004 0.2125 0.40125
2 0.30625 0.60875 0.2875 0.60875 0.2875 0.6287499999999999 0.30625 0.6287499999999999 0.30625 0.60875
2 0.29 0.63125 0.27 0.63125 0.27 0.65 0.29 0.65 0.29 0.63125
2 0.27875 0.65 0.255 0.65 0.255 0.67 0.27875 0.67 0.27875 0.65
2 0.14250000000000002 0.38625 0.1275 0.38625 0.1275 0.4025 0.14250000000000002 0.4025 0.14250000000000002 0.38625
2 0.042499999999999996 0.25875 0.0225 0.25875 0.0225 0.275 0.042499999999999996 0.275 0.042499999999999996 0.25875
2 0.26125 0.7075 0.2425 0.7075 0.2425 0.7275 0.26125 0.7275 0.26125 0.7075
2 0.06375 0.27375 0.042499999999999996 0.27375 0.042499999999999996 0.29500000000000004 0.06375 0.29500000000000004 0.06375 0.27375
2 0.13374999999999998 0.33125 0.11499999999999999 0.33125 0.11499999999999999 0.34875 0.13374999999999998 0.34875 0.13374999999999998 0.33125
2 0.11750000000000001 0.32 0.1 0.32 0.1 0.33375 0.11750000000000001 0.33375 0.11750000000000001 0.32
2 0.1 0.305 0.08375 0.305 0.08375 0.32125 0.1 0.32125 0.1 0.305
2 0.08625000000000001 0.28875 0.065 0.28875 0.065 0.3075 0.08625000000000001 0.3075 0.08625000000000001 0.28875
2 0.28500000000000003 0.6637500000000001 0.26749999999999996 0.6637500000000001 0.26749999999999996 0.6825 0.28500000000000003 0.6825 0.28500000000000003 0.6637500000000001
2 0.325 0.6287499999999999 0.3075 0.6287499999999999 0.3075 0.65 0.325 0.65 0.325 0.6287499999999999
2 0.33625 0.61125 0.31875 0.61125 0.31875 0.6325000000000001 0.33625 0.6325000000000001 0.33625 0.61125
2 0.35625 0.5925 0.335 0.5925 0.335 0.61125 0.35625 0.61125 0.35625 0.5925
2 0.38875000000000004 0.50125 0.3675 0.50125 0.3675 0.5237499999999999 0.38875000000000004 0.5237499999999999 0.38875000000000004 0.50125
2 0.0225 0.24 0.00125 0.24 0.00125 0.26 0.0225 0.26 0.0225 0.24
2 0.10500000000000001 0.34625 0.0775 0.34625 0.0775 0.37374999999999997 0.10500000000000001 0.37374999999999997 0.10500000000000001 0.34625
2 0.1675 0.35750000000000004 0.14750000000000002 0.35750000000000004 0.14750000000000002 0.38125 0.1675 0.38125 0.1675 0.35750000000000004
2 0.19 0.38 0.16999999999999998 0.38 0.16999999999999998 0.4 0.19 0.4 0.19 0.38
2 0.33875 0.50875 0.3175 0.50875 0.3175 0.52625 0.33875 0.52625 0.33875 0.50875
2 0.3675 0.51875 0.34125 0.51875 0.34125 0.5349999999999999 0.3675 0.5349999999999999 0.3675 0.51875
2 0.325 0.5675 0.31124999999999997 0.5675 0.31124999999999997 0.5862499999999999 0.325 0.5862499999999999 0.325 0.5675
2 0.31875 0.5912499999999999 0.30125 0.5912499999999999 0.30125 0.61125 0.31875 0.61125 0.31875 0.5912499999999999
2 0.41375 0.46125 0.39875 0.46125 0.39875 0.48 0.41375 0.48 0.41375 0.46125
2 0.41875 0.49749999999999994 0.40125 0.49749999999999994 0.40125 0.5175 0.41875 0.5175 0.41875 0.49749999999999994
2 0.42750000000000005 0.43875000000000003 0.41125 0.43875000000000003 0.41125 0.4625 0.42750000000000005 0.4625 0.42750000000000005 0.43875000000000003
2 0.4575 0.395 0.4375 0.395 0.4375 0.4175 0.4575 0.4175 0.4575 0.395
2 0.44000000000000006 0.4175 0.42750000000000005 0.4175 0.42750000000000005 0.4425 0.44000000000000006 0.4425 0.44000000000000006 0.4175
2 0.43125 0.475 0.4175 0.475 0.4175 0.49749999999999994 0.43125 0.49749999999999994 0.43125 0.475