2 0.43 0.20750000000000002 0.40750000000000003 0.20750000000000002 0.40750000000000003 0.22999999999999998 0.43 0.22999999999999998 0.43 0.20750000000000002
2 0.017499999999999998 0.49749999999999994 0.00125 0.49749999999999994 0.00125 0.5125 0.017499999999999998 0.5125 0.017499999999999998 0.49749999999999994
2 0.025 0.515 0.00125 0.515 0.00125 0.53125 0.025 0.53125 0.025 0.515
2 0.24874999999999997 0.5599999999999999 0.2225 0.5599999999999999 0.2225 0.56875 0.24874999999999997 0.56875 0.24874999999999997 0.5599999999999999
2 0.51875 0.14250000000000002 0.51125 0.14250000000000002 0.51125 0.16875 0.51875 0.16875 0.51875 0.14250000000000002
2 0.49625 0.058750000000000004 0.48375 0.058750000000000004 0.48375 0.0875 0.49625 0.0875 0.49625 0.058750000000000004
2 0.4375 0.17375000000000002 0.4175 0.17375000000000002 0.4175 0.19875 0.4375 0.19875 0.4375 0.17375000000000002
2 0.43875000000000003 0.41125 0.41500000000000004 0.41125 0.41500000000000004 0.43875000000000003 0.43875000000000003 0.43875000000000003 0.43875000000000003 0.41125
2 0.10500000000000001 0.5237499999999999 0.07875 0.5237499999999999 0.07875 0.53625 0.10500000000000001 0.53625 0.10500000000000001 0.5237499999999999
2 0.3125 0.57375 0.2725 0.57375 0.2725 0.59375 0.3125 0.59375 0.3125 0.57375
2 0.034999999999999996 0.19624999999999998 0.02375 0.19624999999999998 0.02375 0.205 0.034999999999999996 0.205 0.034999999999999996 0.19624999999999998
2 0.095 0.22625 0.08249999999999999 0.22625 0.08249999999999999 0.2375 0.095 0.2375 0.095 0.22625
2 0.03875 0.215 0.027500000000000004 0.215 0.027500000000000004 0.22749999999999998 0.03875 0.22749999999999998 0.03875 0.215
2 0.061250000000000006 0.2425 0.04875 0.2425 0.04875 0.2525 0.061250000000000006 0.2525 0.061250000000000006 0.2425
2 0.12875 0.275 0.11625 0.275 0.11625 0.28500000000000003 0.12875 0.28500000000000003 0.12875 0.275
2 0.25 0.25875 0.2375 0.25875 0.2375 0.26625 0.25 0.26625 0.25 0.25875
2 0.5275000000000001 0.10625 0.51875 0.10625 0.51875 0.11875 0.5275000000000001 0.11875 0.5275000000000001 0.10625
2 0.51625 0.20875 0.51 0.20875 0.51 0.22125 0.51625 0.22125 0.51625 0.20875
2 0.51125 0.2625 0.5037499999999999 0.2625 0.5037499999999999 0.27625 0.51125 0.27625 0.51125 0.2625
2 0.4875 0.355 0.48 0.355 0.48 0.36375 0.4875 0.36375 0.4875 0.355
2 0.46375 0.38 0.45625 0.38 0.45625 0.39 0.46375 0.39 0.46375 0.38
2 0.43375 0.42874999999999996 0.42374999999999996 0.42874999999999996 0.42374999999999996 0.43875000000000003 0.43375 0.43875000000000003 0.43375 0.42874999999999996
2 0.40125 0.44749999999999995 0.38875000000000004 0.44749999999999995 0.38875000000000004 0.45999999999999996 0.40125 0.45999999999999996 0.40125 0.44749999999999995
2 0.1775 0.52625 0.1675 0.52625 0.1675 0.5325 0.1775 0.5325 0.1775 0.52625
2 0.27125 0.51375 0.25 0.51375 0.25 0.525 0.27125 0.525 0.27125 0.51375
2 0.38875000000000004 0.45875000000000005 0.3775 0.45875000000000005 0.3775 0.47000000000000003 0.38875000000000004 0.47000000000000003 0.38875000000000004 0.45875000000000005
2 0.35375 0.49124999999999996 0.33999999999999997 0.49124999999999996 0.33999999999999997 0.5037499999999999 0.35375 0.5037499999999999 0.35375 0.49124999999999996
2 0.05125 0.515 0.0325 0.515 0.0325 0.5275000000000001 0.05125 0.5275000000000001 0.05125 0.515
2 0.38125 0.5349999999999999 0.3725 0.5349999999999999 0.3725 0.54375 0.38125 0.54375 0.38125 0.5349999999999999
2 0.2925 0.545 0.27999999999999997 0.545 0.27999999999999997 0.55125 0.2925 0.55125 0.2925 0.545
2 0.39249999999999996 0.5425 0.38125 0.5425 0.38125 0.5525 0.39249999999999996 0.5525 0.39249999999999996 0.5425
2 0.3625 0.6599999999999999 0.3525 0.6599999999999999 0.3525 0.68125 0.3625 0.68125 0.3625 0.6599999999999999
2 0.3275 0.76625 0.31375000000000003 0.76625 0.31375000000000003 0.7887500000000001 0.3275 0.7887500000000001 0.3275 0.76625
2 0.31625000000000003 0.79375 0.30625 0.79375 0.30625 0.8087500000000001 0.31625000000000003 0.8087500000000001 0.31625000000000003 0.79375
2 0.30625 0.8125 0.29874999999999996 0.8125 0.29874999999999996 0.8237500000000001 0.30625 0.8237500000000001 0.30625 0.8125
2 0.30375 0.8237500000000001 0.29500000000000004 0.8237500000000001 0.29500000000000004 0.8375 0.30375 0.8375 0.30375 0.8237500000000001
2 0.315 0.8125 0.30874999999999997 0.8125 0.30874999999999997 0.8262499999999999 0.315 0.8262499999999999 0.315 0.8125
2 0.31 0.8262499999999999 0.30375 0.8262499999999999 0.30375 0.8400000000000001 0.31 0.8400000000000001 0.31 0.8262499999999999
2 0.29874999999999996 0.83625 0.29125 0.83625 0.29125 0.85125 0.29874999999999996 0.85125 0.29874999999999996 0.83625
2 0.305 0.8400000000000001 0.2975 0.8400000000000001 0.2975 0.85375 0.305 0.85375 0.305 0.8400000000000001
2 0.29375 0.85 0.28500000000000003 0.85 0.28500000000000003 0.8637499999999999 0.29375 0.8637499999999999 0.29375 0.85
2 0.28375 0.87375 0.27375 0.87375 0.27375 0.8862500000000001 0.28375 0.8862500000000001 0.28375 0.87375
2 0.29375 0.865 0.28500000000000003 0.865 0.28500000000000003 0.8787499999999999 0.29375 0.8787499999999999 0.29375 0.865
2 0.27125 0.97 0.2575 0.97 0.2575 0.985 0.27125 0.985 0.27125 0.97
2 0.5675 0.44125 0.545 0.44125 0.545 0.46749999999999997 0.5675 0.46749999999999997 0.5675 0.44125
2 0.7837500000000001 0.215 0.7625 0.215 0.7625 0.2425 0.7837500000000001 0.2425 0.7837500000000001 0.215
2 0.83125 0.01125 0.82125 0.01125 0.82125 0.021249999999999998 0.83125 0.021249999999999998 0.83125 0.01125
2 0.8150000000000001 0.02 0.805 0.02 0.805 0.03 0.8150000000000001 0.03 0.8150000000000001 0.02