2 0.615 0.37124999999999997 0.5962500000000001 0.37124999999999997 0.5962500000000001 0.38875000000000004 0.615 0.38875000000000004 0.615 0.37124999999999997
2 0.6537499999999999 0.40750000000000003 0.63625 0.40750000000000003 0.63625 0.42374999999999996 0.6537499999999999 0.42374999999999996 0.6537499999999999 0.40750000000000003
2 0.67625 0.42374999999999996 0.6575 0.42374999999999996 0.6575 0.4425 0.67625 0.4425 0.67625 0.42374999999999996
2 0.6950000000000001 0.4425 0.6775 0.4425 0.6775 0.4575 0.6950000000000001 0.4575 0.6950000000000001 0.4425
2 0.72 0.4175 0.70125 0.4175 0.70125 0.43875000000000003 0.72 0.43875000000000003 0.72 0.4175
2 0.25 0.07375000000000001 0.23374999999999999 0.07375000000000001 0.23374999999999999 0.08875 0.25 0.08875 0.25 0.07375000000000001
2 0.22875 0.05375 0.21000000000000002 0.05375 0.21000000000000002 0.07125000000000001 0.22875 0.07125000000000001 0.22875 0.05375
2 0.21000000000000002 0.0375 0.19375 0.0375 0.19375 0.05375 0.21000000000000002 0.05375 0.21000000000000002 0.0375
2 0.31124999999999997 0.16125 0.2925 0.16125 0.2925 0.18 0.31124999999999997 0.18 0.31124999999999997 0.16125
2 0.34375 0.28250000000000003 0.33375 0.28250000000000003 0.33375 0.30375 0.34375 0.30375 0.34375 0.28250000000000003
2 0.32875 0.1375 0.31 0.1375 0.31 0.1575 0.32875 0.1575 0.32875 0.1375
2 0.3125 0.12125 0.29125 0.12125 0.29125 0.14250000000000002 0.3125 0.14250000000000002 0.3125 0.12125
2 0.34750000000000003 0.11125 0.32999999999999996 0.11125 0.32999999999999996 0.12875 0.34750000000000003 0.12875 0.34750000000000003 0.11125
2 0.32375 0.0925 0.30625 0.0925 0.30625 0.1075 0.32375 0.1075 0.32375 0.0925
2 0.30625 0.0775 0.29125 0.0775 0.29125 0.09125 0.30625 0.09125 0.30625 0.0775
2 0.69875 0.40125 0.68125 0.40125 0.68125 0.42000000000000004 0.69875 0.42000000000000004 0.69875 0.40125
2 0.7925 0.60875 0.7737499999999999 0.60875 0.7737499999999999 0.6287499999999999 0.7925 0.6287499999999999 0.7925 0.60875
2 0.77625 0.63125 0.75625 0.63125 0.75625 0.65 0.77625 0.65 0.77625 0.63125
2 0.765 0.65 0.74125 0.65 0.74125 0.67 0.765 0.67 0.765 0.65
2 0.6287499999999999 0.38625 0.61375 0.38625 0.61375 0.4025 0.6287499999999999 0.4025 0.6287499999999999 0.38625
2 0.5287499999999999 0.25875 0.50875 0.25875 0.50875 0.275 0.5287499999999999 0.275 0.5287499999999999 0.25875
2 0.7474999999999999 0.7075 0.72875 0.7075 0.72875 0.7275 0.7474999999999999 0.7275 0.7474999999999999 0.7075
2 0.55 0.27375 0.5287499999999999 0.27375 0.5287499999999999 0.29500000000000004 0.55 0.29500000000000004 0.55 0.27375
2 0.2 0.17875000000000002 0.18125 0.17875000000000002 0.18125 0.19624999999999998 0.2 0.19624999999999998 0.2 0.17875000000000002
2 0.15375 0.24874999999999997 0.13625 0.24874999999999997 0.13625 0.2625 0.15375 0.2625 0.15375 0.24874999999999997
2 0.2 0.28875 0.18 0.28875 0.18 0.30625 0.2 0.30625 0.2 0.28875
2 0.22625 0.26125 0.205 0.26125 0.205 0.27999999999999997 0.22625 0.27999999999999997 0.22625 0.26125
2 0.28875 0.20249999999999999 0.27 0.20249999999999999 0.27 0.21625 0.28875 0.21625 0.28875 0.20249999999999999
2 0.32 0.18625 0.3025 0.18625 0.3025 0.20875 0.32 0.20875 0.32 0.18625
2 0.33375 0.175 0.3175 0.175 0.3175 0.1925 0.33375 0.1925 0.33375 0.175
2 0.3025 0.17875000000000002 0.28250000000000003 0.17875000000000002 0.28250000000000003 0.19375 0.3025 0.19375 0.3025 0.17875000000000002
2 0.62 0.33125 0.6012500000000001 0.33125 0.6012500000000001 0.34875 0.62 0.34875 0.62 0.33125
2 0.60375 0.32 0.5862499999999999 0.32 0.5862499999999999 0.33375 0.60375 0.33375 0.60375 0.32
2 0.5862499999999999 0.305 0.5700000000000001 0.305 0.5700000000000001 0.32125 0.5862499999999999 0.32125 0.5862499999999999 0.305
2 0.5725 0.28875 0.55125 0.28875 0.55125 0.3075 0.5725 0.3075 0.5725 0.28875
2 0.77125 0.6637500000000001 0.7537499999999999 0.6637500000000001 0.7537499999999999 0.6825 0.77125 0.6825 0.77125 0.6637500000000001
2 0.81125 0.6287499999999999 0.79375 0.6287499999999999 0.79375 0.65 0.81125 0.65 0.81125 0.6287499999999999
2 0.24 0.02 0.22625 0.02 0.22625 0.0375 0.24 0.0375 0.24 0.02
2 0.22875 0.00625 0.20875 0.00625 0.20875 0.025 0.22875 0.025 0.22875 0.00625
2 0.26 0.03375 0.24 0.03375 0.24 0.05375 0.26 0.05375 0.26 0.03375
2 0.8225 0.61125 0.805 0.61125 0.805 0.6325000000000001 0.8225 0.6325000000000001 0.8225 0.61125
2 0.27625 0.04875 0.25625 0.04875 0.25625 0.06875 0.27625 0.06875 0.27625 0.04875
2 0.8425 0.5925 0.82125 0.5925 0.82125 0.61125 0.8425 0.61125 0.8425 0.5925
2 0.875 0.50125 0.85375 0.50125 0.85375 0.5237499999999999 0.875 0.5237499999999999 0.875 0.50125
2 0.50875 0.24 0.4875 0.24 0.4875 0.26 0.50875 0.26 0.50875 0.24
2 0.49000000000000005 0.225 0.46875 0.225 0.46875 0.24625 0.49000000000000005 0.24625 0.49000000000000005 0.225
2 0.40625 0.30125 0.38375 0.30125 0.38375 0.32 0.40625 0.32 0.40625 0.30125
2 0.37625000000000003 0.305 0.35875 0.305 0.35875 0.325 0.37625000000000003 0.325 0.37625000000000003 0.305
2 0.225 0.27625 0.2 0.27625 0.2 0.2925 0.225 0.2925 0.225 0.27625
2 0.23625 0.25125000000000003 0.21749999999999997 0.25125000000000003 0.21749999999999997 0.27 0.23625 0.27 0.23625 0.25125000000000003
2 0.19375 0.19125 0.17250000000000001 0.19125 0.17250000000000001 0.21000000000000002 0.19375 0.21000000000000002 0.19375 0.19125
2 0.17124999999999999 0.2225 0.15 0.2225 0.15 0.2425 0.17124999999999999 0.2425 0.17124999999999999 0.2225
2 0.14625 0.25875 0.12875 0.25875 0.12875 0.275 0.14625 0.275 0.14625 0.25875
2 0.34249999999999997 0.2475 0.31875 0.2475 0.31875 0.26625 0.34249999999999997 0.26625 0.34249999999999997 0.2475
2 0.365 0.25875 0.33875 0.25875 0.33875 0.27999999999999997 0.365 0.27999999999999997 0.365 0.25875
2 0.29625 0.1875 0.27375 0.1875 0.27375 0.20625 0.29625 0.20625 0.29625 0.1875
2 0.23125 0.14125000000000001 0.21000000000000002 0.14125000000000001 0.21000000000000002 0.16 0.23125 0.16 0.23125 0.14125000000000001
2 0.37 0.13 0.35 0.13 0.35 0.14750000000000002 0.37 0.14750000000000002 0.37 0.13
2 0.29500000000000004 0.1075 0.27 0.1075 0.27 0.12625 0.29500000000000004 0.12625 0.29500000000000004 0.1075
2 0.2725 0.09 0.25125000000000003 0.09 0.25125000000000003 0.11000000000000001 0.2725 0.11000000000000001 0.2725 0.09
2 0.29125 0.06375 0.2725 0.06375 0.2725 0.08125 0.29125 0.08125 0.29125 0.06375
2 0.385 0.145 0.3675 0.145 0.3675 0.16 0.385 0.16 0.385 0.145
2 0.36625 0.17250000000000001 0.34500000000000003 0.17250000000000001 0.34500000000000003 0.185 0.36625 0.185 0.36625 0.17250000000000001
2 0.38625 0.18375 0.365 0.18375 0.365 0.205 0.38625 0.205 0.38625 0.18375
2 0.4025 0.155 0.3825 0.155 0.3825 0.17375000000000002 0.4025 0.17375000000000002 0.4025 0.155
2 0.42874999999999996 0.22125 0.40875000000000006 0.22125 0.40875000000000006 0.23875000000000002 0.42874999999999996 0.23875000000000002 0.42874999999999996 0.22125
2 0.44125 0.23625 0.43 0.23625 0.43 0.25875 0.44125 0.25875 0.44125 0.23625
2 0.46624999999999994 0.21000000000000002 0.44875 0.21000000000000002 0.44875 0.22625 0.46624999999999994 0.22625 0.46624999999999994 0.21000000000000002
2 0.4725 0.22749999999999998 0.45 0.22749999999999998 0.45 0.2475 0.4725 0.2475 0.4725 0.22749999999999998
2 0.2875 0.22374999999999998 0.2725 0.22374999999999998 0.2725 0.24125000000000002 0.2875 0.24125000000000002 0.2875 0.22374999999999998
2 0.21000000000000002 0.17124999999999999 0.1925 0.17124999999999999 0.1925 0.19 0.21000000000000002 0.19 0.21000000000000002 0.17124999999999999
2 0.32875 0.24 0.31 0.24 0.31 0.255 0.32875 0.255 0.32875 0.24
2 0.365 0.27 0.35 0.27 0.35 0.28250000000000003 0.365 0.28250000000000003 0.365 0.27
2 0.37374999999999997 0.275 0.35625 0.275 0.35625 0.29125 0.37374999999999997 0.29125 0.37374999999999997 0.275
2 0.38375 0.28250000000000003 0.3675 0.28250000000000003 0.3675 0.2975 0.38375 0.2975 0.38375 0.28250000000000003
2 0.39375 0.29125 0.37625000000000003 0.29125 0.37625000000000003 0.305 0.39375 0.305 0.39375 0.29125
2 0.5900000000000001 0.34625 0.5650000000000001 0.34625 0.5650000000000001 0.37374999999999997 0.5900000000000001 0.37374999999999997 0.5900000000000001 0.34625
2 0.80625 0.59375 0.7887500000000001 0.59375 0.7887500000000001 0.61375 0.80625 0.61375 0.80625 0.59375
2 0.8125 0.5675 0.8 0.5675 0.8 0.5912499999999999 0.8125 0.5912499999999999 0.8125 0.5675
2 0.8525 0.52 0.8262499999999999 0.52 0.8262499999999999 0.53625 0.8525 0.53625 0.8525 0.52
2 0.9 0.45999999999999996 0.8862500000000001 0.45999999999999996 0.8862500000000001 0.47874999999999995 0.9 0.47874999999999995 0.9 0.45999999999999996
2 0.91375 0.44000000000000006 0.8975 0.44000000000000006 0.8975 0.45999999999999996 0.91375 0.45999999999999996 0.91375 0.44000000000000006
2 0.9275 0.4175 0.9099999999999999 0.4175 0.9099999999999999 0.44125 0.9275 0.44125 0.9275 0.4175
2 0.93875 0.395 0.925 0.395 0.925 0.41500000000000004 0.93875 0.41500000000000004 0.93875 0.395
2 0.9 0.28250000000000003 0.8775000000000001 0.28250000000000003 0.8775000000000001 0.29874999999999996 0.9 0.29874999999999996 0.9 0.28250000000000003
2 0.80375 0.8675 0.7825 0.8675 0.7825 0.8887499999999999 0.80375 0.8887499999999999 0.80375 0.8675