2 0.605 0.027500000000000004 0.5862499999999999 0.027500000000000004 0.5862499999999999 0.045 0.605 0.045 0.605 0.027500000000000004
2 0.6075 0.008749999999999999 0.585 0.008749999999999999 0.585 0.025 0.6075 0.025 0.6075 0.008749999999999999
2 0.625 0.015 0.60625 0.015 0.60625 0.0325 0.625 0.0325 0.625 0.015
2 0.6287499999999999 0.026250000000000002 0.61125 0.026250000000000002 0.61125 0.04375 0.6287499999999999 0.04375 0.6287499999999999 0.026250000000000002
2 0.6375 0.04 0.61625 0.04 0.61625 0.057499999999999996 0.6375 0.057499999999999996 0.6375 0.04
2 0.66625 0.04375 0.6475 0.04375 0.6475 0.0625 0.66625 0.0625 0.66625 0.04375
2 0.6587500000000001 0.0375 0.64125 0.0375 0.64125 0.052500000000000005 0.6587500000000001 0.052500000000000005 0.6587500000000001 0.0375
2 0.655 0.025 0.635 0.025 0.635 0.04375 0.655 0.04375 0.655 0.025
2 0.6475 0.015 0.6275000000000001 0.015 0.6275000000000001 0.03375 0.6475 0.03375 0.6475 0.015
2 0.7325 0.13125 0.7112499999999999 0.13125 0.7112499999999999 0.15 0.7325 0.15 0.7325 0.13125
2 0.73625 0.14375 0.71875 0.14375 0.71875 0.15875 0.73625 0.15875 0.73625 0.14375
2 0.75625 0.1675 0.7325 0.1675 0.7325 0.18625 0.75625 0.18625 0.75625 0.1675
2 0.7849999999999999 0.20875 0.76625 0.20875 0.76625 0.22625 0.7849999999999999 0.22625 0.7849999999999999 0.20875
2 0.51125 0.01 0.48250000000000004 0.01 0.48250000000000004 0.03625 0.51125 0.03625 0.51125 0.01