2 0.02375 0.7224999999999999 0.0125 0.7224999999999999 0.0125 0.72875 0.02375 0.72875 0.02375 0.7224999999999999
2 0.005 0.7075 0.00125 0.7075 0.00125 0.71375 0.005 0.71375 0.005 0.7075
2 0.08125 0.6912499999999999 0.06999999999999999 0.6912499999999999 0.06999999999999999 0.7 0.08125 0.7 0.08125 0.6912499999999999
2 0.0375 0.72375 0.02375 0.72375 0.02375 0.73375 0.0375 0.73375 0.0375 0.72375
2 0.19875 0.6575 0.1875 0.6575 0.1875 0.665 0.19875 0.665 0.19875 0.6575
2 0.11750000000000001 0.7 0.10500000000000001 0.7 0.10500000000000001 0.7075 0.11750000000000001 0.7075 0.11750000000000001 0.7
2 0.25 0.67125 0.2375 0.67125 0.2375 0.6799999999999999 0.25 0.6799999999999999 0.25 0.67125
2 0.2925 0.39 0.27749999999999997 0.39 0.27749999999999997 0.4175 0.2925 0.4175 0.2925 0.39
2 0.29874999999999996 0.3875 0.28500000000000003 0.3875 0.28500000000000003 0.41375 0.29874999999999996 0.41375 0.29874999999999996 0.3875
2 0.32 0.38125 0.305 0.38125 0.305 0.40750000000000003 0.32 0.40750000000000003 0.32 0.38125
2 0.32625000000000004 0.3775 0.3125 0.3775 0.3125 0.40499999999999997 0.32625000000000004 0.40499999999999997 0.32625000000000004 0.3775
2 0.3325 0.375 0.31875 0.375 0.31875 0.4025 0.3325 0.4025 0.3325 0.375
2 0.33999999999999997 0.37374999999999997 0.32625000000000004 0.37374999999999997 0.32625000000000004 0.40125 0.33999999999999997 0.40125 0.33999999999999997 0.37374999999999997
2 0.34750000000000003 0.3725 0.33375 0.3725 0.33375 0.39625 0.34750000000000003 0.39625 0.34750000000000003 0.3725
2 0.36375 0.39375 0.34750000000000003 0.39375 0.34750000000000003 0.42125 0.36375 0.42125 0.36375 0.39375
2 0.35625 0.4 0.34125 0.4 0.34125 0.42625 0.35625 0.42625 0.35625 0.4
2 0.32875 0.40875000000000006 0.3125 0.40875000000000006 0.3125 0.43499999999999994 0.32875 0.43499999999999994 0.32875 0.40875000000000006
2 0.5625 0.5725 0.5349999999999999 0.5725 0.5349999999999999 0.5862499999999999 0.5625 0.5862499999999999 0.5625 0.5725
2 0.31375000000000003 0.4125 0.29874999999999996 0.4125 0.29874999999999996 0.43875000000000003 0.31375000000000003 0.43875000000000003 0.31375000000000003 0.4125
2 0.30625 0.41375 0.2925 0.41375 0.2925 0.44125 0.30625 0.44125 0.30625 0.41375
2 0.25 0.41375 0.2225 0.41375 0.2225 0.42750000000000005 0.25 0.42750000000000005 0.25 0.41375
2 0.25625 0.43499999999999994 0.22875 0.43499999999999994 0.22875 0.44749999999999995 0.25625 0.44749999999999995 0.25625 0.43499999999999994
2 0.28500000000000003 0.43875000000000003 0.2575 0.43875000000000003 0.2575 0.45375 0.28500000000000003 0.45375 0.28500000000000003 0.43875000000000003
2 0.2875 0.44625000000000004 0.26 0.44625000000000004 0.26 0.46125 0.2875 0.46125 0.2875 0.44625000000000004
2 0.2625 0.4625 0.23374999999999999 0.4625 0.23374999999999999 0.47625 0.2625 0.47625 0.2625 0.4625
2 0.26375000000000004 0.47000000000000003 0.23625 0.47000000000000003 0.23625 0.485 0.26375000000000004 0.485 0.26375000000000004 0.47000000000000003
2 0.2975 0.5 0.28250000000000003 0.5 0.28250000000000003 0.5275000000000001 0.2975 0.5275000000000001 0.2975 0.5
2 0.30625 0.50125 0.2925 0.50125 0.2925 0.5287499999999999 0.30625 0.5287499999999999 0.30625 0.50125
2 0.32 0.50125 0.305 0.50125 0.305 0.53 0.32 0.53 0.32 0.50125
2 0.33125 0.49124999999999996 0.31625000000000003 0.49124999999999996 0.31625000000000003 0.51875 0.33125 0.51875 0.33125 0.49124999999999996
2 0.3375 0.4875 0.32375 0.4875 0.32375 0.51625 0.3375 0.51625 0.3375 0.4875
2 0.34375 0.485 0.32875 0.485 0.32875 0.51125 0.34375 0.51125 0.34375 0.485
2 0.36 0.48250000000000004 0.34375 0.48250000000000004 0.34375 0.51 0.36 0.51 0.36 0.48250000000000004
2 0.365 0.48125 0.3525 0.48125 0.3525 0.50875 0.365 0.50875 0.365 0.48125
2 0.34625 0.52 0.33125 0.52 0.33125 0.5475 0.34625 0.5475 0.34625 0.52
2 0.35625 0.5225 0.34125 0.5225 0.34125 0.54875 0.35625 0.54875 0.35625 0.5225
2 0.375 0.51375 0.36124999999999996 0.51375 0.36124999999999996 0.54125 0.375 0.54125 0.375 0.51375
2 0.38 0.47625 0.365 0.47625 0.365 0.5037499999999999 0.38 0.5037499999999999 0.38 0.47625
2 0.39625 0.48 0.38125 0.48 0.38125 0.5075000000000001 0.39625 0.5075000000000001 0.39625 0.48
2 0.64375 0.49874999999999997 0.6287499999999999 0.49874999999999997 0.6287499999999999 0.5125 0.64375 0.5125 0.64375 0.49874999999999997
2 0.6575 0.5037499999999999 0.64375 0.5037499999999999 0.64375 0.51375 0.6575 0.51375 0.6575 0.5037499999999999
2 0.615 0.54125 0.6025 0.54125 0.6025 0.55125 0.615 0.55125 0.615 0.54125
2 0.62375 0.54875 0.6125 0.54875 0.6125 0.5587500000000001 0.62375 0.5587500000000001 0.62375 0.54875
2 0.56375 0.5549999999999999 0.55 0.5549999999999999 0.55 0.56375 0.56375 0.56375 0.56375 0.5549999999999999
2 0.4875 0.57625 0.47375 0.57625 0.47375 0.5862499999999999 0.4875 0.5862499999999999 0.4875 0.57625
2 0.73625 0.72875 0.7224999999999999 0.72875 0.7224999999999999 0.74 0.73625 0.74 0.73625 0.72875
2 0.7462500000000001 0.73875 0.735 0.73875 0.735 0.75125 0.7462500000000001 0.75125 0.7462500000000001 0.73875
2 0.7575000000000001 0.7537499999999999 0.745 0.7537499999999999 0.745 0.7675 0.7575000000000001 0.7675 0.7575000000000001 0.7537499999999999
2 0.725 0.765 0.7125 0.765 0.7125 0.7775000000000001 0.725 0.7775000000000001 0.725 0.765
2 0.60625 0.5599999999999999 0.5912499999999999 0.5599999999999999 0.5912499999999999 0.5700000000000001 0.60625 0.5700000000000001 0.60625 0.5599999999999999
2 0.42750000000000005 0.5862499999999999 0.4125 0.5862499999999999 0.4125 0.5962500000000001 0.42750000000000005 0.5962500000000001 0.42750000000000005 0.5862499999999999