2 0.7787499999999999 0.43875000000000003 0.75 0.43875000000000003 0.75 0.45125000000000004 0.7787499999999999 0.45125000000000004 0.7787499999999999 0.43875000000000003
2 0.9025000000000001 0.45625 0.8887499999999999 0.45625 0.8887499999999999 0.465 0.9025000000000001 0.465 0.9025000000000001 0.45625
2 0.95625 0.4375 0.945 0.4375 0.945 0.445 0.95625 0.445 0.95625 0.4375
2 0.98125 0.44125 0.97 0.44125 0.97 0.45 0.98125 0.45 0.98125 0.44125
2 0.9962500000000001 0.4025 0.9662499999999999 0.4025 0.9662499999999999 0.41375 0.9962500000000001 0.41375 0.9962500000000001 0.4025
2 0.03375 0.80625 0.0125 0.80625 0.0125 0.8150000000000001 0.03375 0.8150000000000001 0.03375 0.80625
2 0.034999999999999996 0.8150000000000001 0.013750000000000002 0.8150000000000001 0.013750000000000002 0.8237500000000001 0.034999999999999996 0.8237500000000001 0.034999999999999996 0.8150000000000001
2 0.30625 0.835 0.2875 0.835 0.2875 0.84375 0.30625 0.84375 0.30625 0.835
2 0.041249999999999995 0.8324999999999999 0.01875 0.8324999999999999 0.01875 0.8387499999999999 0.041249999999999995 0.8387499999999999 0.041249999999999995 0.8324999999999999
2 0.08499999999999999 0.85 0.07375000000000001 0.85 0.07375000000000001 0.86875 0.08499999999999999 0.86875 0.08499999999999999 0.85
2 0.2425 0.905 0.225 0.905 0.225 0.9237500000000001 0.2425 0.9237500000000001 0.2425 0.905
2 0.22125 0.8574999999999999 0.20375000000000001 0.8574999999999999 0.20375000000000001 0.87375 0.22125 0.87375 0.22125 0.8574999999999999
2 0.23374999999999999 0.8462500000000001 0.21749999999999997 0.8462500000000001 0.21749999999999997 0.8637499999999999 0.23374999999999999 0.8637499999999999 0.23374999999999999 0.8462500000000001
2 0.31124999999999997 0.8025 0.28875 0.8025 0.28875 0.8125 0.31124999999999997 0.8125 0.31124999999999997 0.8025
2 0.30874999999999997 0.8125 0.28875 0.8125 0.28875 0.82 0.30874999999999997 0.82 0.30874999999999997 0.8125
2 0.31 0.8225 0.28875 0.8225 0.28875 0.83125 0.31 0.83125 0.31 0.8225
2 0.3075 0.8574999999999999 0.28500000000000003 0.8574999999999999 0.28500000000000003 0.8675 0.3075 0.8675 0.3075 0.8574999999999999
2 0.205 0.57875 0.17250000000000001 0.57875 0.17250000000000001 0.5925 0.205 0.5925 0.205 0.57875
2 0.04625 0.61375 0.01875 0.61375 0.01875 0.625 0.04625 0.625 0.04625 0.61375
2 0.89625 0.42874999999999996 0.885 0.42874999999999996 0.885 0.43499999999999994 0.89625 0.43499999999999994 0.89625 0.42874999999999996
2 0.7825 0.48 0.77 0.48 0.77 0.4875 0.7825 0.4875 0.7825 0.48
2 0.775 0.3375 0.76875 0.3375 0.76875 0.34875 0.775 0.34875 0.775 0.3375
2 0.8375 0.43375 0.82 0.43375 0.82 0.4425 0.8375 0.4425 0.8375 0.43375
2 0.50625 0.50875 0.4925 0.50875 0.4925 0.52125 0.50625 0.52125 0.50625 0.50875
2 0.89375 0.95875 0.87375 0.95875 0.87375 0.9800000000000001 0.89375 0.9800000000000001 0.89375 0.95875
2 0.8925000000000001 0.1525 0.86 0.1525 0.86 0.16875 0.8925000000000001 0.16875 0.8925000000000001 0.1525
2 0.8275 0.17375000000000002 0.795 0.17375000000000002 0.795 0.19375 0.8275 0.19375 0.8275 0.17375000000000002
2 0.8300000000000001 0.46375 0.8162499999999999 0.46375 0.8162499999999999 0.4725 0.8300000000000001 0.4725 0.8300000000000001 0.46375
2 0.54 0.49874999999999997 0.5275000000000001 0.49874999999999997 0.5275000000000001 0.50625 0.54 0.50625 0.54 0.49874999999999997
2 0.12375 0.635 0.1125 0.635 0.1125 0.6425 0.12375 0.6425 0.12375 0.635
2 0.37124999999999997 0.5675 0.35875 0.5675 0.35875 0.575 0.37124999999999997 0.575 0.37124999999999997 0.5675
2 0.32 0.5862499999999999 0.30874999999999997 0.5862499999999999 0.30874999999999997 0.5925 0.32 0.5925 0.32 0.5862499999999999
2 0.32875 0.5387500000000001 0.31625000000000003 0.5387500000000001 0.31625000000000003 0.5475 0.32875 0.5475 0.32875 0.5387500000000001
2 0.30874999999999997 0.55625 0.2975 0.55625 0.2975 0.56375 0.30874999999999997 0.56375 0.30874999999999997 0.55625
2 0.605 0.7275 0.595 0.7275 0.595 0.7375 0.605 0.7375 0.605 0.7275
2 0.28625 0.89125 0.275 0.89125 0.275 0.9025000000000001 0.28625 0.9025000000000001 0.28625 0.89125
2 0.29874999999999996 0.89625 0.28625 0.89625 0.28625 0.905 0.29874999999999996 0.905 0.29874999999999996 0.89625
2 0.16 0.6287499999999999 0.15 0.6287499999999999 0.15 0.635 0.16 0.635 0.16 0.6287499999999999
2 0.65125 0.6525000000000001 0.64375 0.6525000000000001 0.64375 0.66625 0.65125 0.66625 0.65125 0.6525000000000001
2 0.19125 0.61125 0.18 0.61125 0.18 0.61875 0.19125 0.61875 0.19125 0.61125
2 0.25 0.5587500000000001 0.24125000000000002 0.5587500000000001 0.24125000000000002 0.56375 0.25 0.56375 0.25 0.5587500000000001
2 0.45499999999999996 0.8712500000000001 0.4425 0.8712500000000001 0.4425 0.8862500000000001 0.45499999999999996 0.8862500000000001 0.45499999999999996 0.8712500000000001
2 0.5325 0.8074999999999999 0.52 0.8074999999999999 0.52 0.81875 0.5325 0.81875 0.5325 0.8074999999999999
2 0.55625 0.79625 0.545 0.79625 0.545 0.80625 0.55625 0.80625 0.55625 0.79625
2 0.57375 0.7737499999999999 0.56375 0.7737499999999999 0.56375 0.78625 0.57375 0.78625 0.57375 0.7737499999999999
2 0.6525000000000001 0.6912499999999999 0.645 0.6912499999999999 0.645 0.70125 0.6525000000000001 0.70125 0.6525000000000001 0.6912499999999999
2 0.64125 0.67875 0.63375 0.67875 0.63375 0.68875 0.64125 0.68875 0.64125 0.67875
2 0.68125 0.6325000000000001 0.675 0.6325000000000001 0.675 0.64125 0.68125 0.64125 0.68125 0.6325000000000001
2 0.67125 0.5925 0.6637500000000001 0.5925 0.6637500000000001 0.6075 0.67125 0.6075 0.67125 0.5925
2 0.68125 0.56125 0.67375 0.56125 0.67375 0.5725 0.68125 0.5725 0.68125 0.56125
2 0.6975 0.56375 0.6925 0.56375 0.6925 0.57625 0.6975 0.57625 0.6975 0.56375
2 0.6950000000000001 0.52 0.6875 0.52 0.6875 0.5325 0.6950000000000001 0.5325 0.6950000000000001 0.52
2 0.7175 0.50125 0.71 0.50125 0.71 0.5125 0.7175 0.5125 0.7175 0.50125
2 0.7625 0.6325000000000001 0.75125 0.6325000000000001 0.75125 0.64375 0.7625 0.64375 0.7625 0.6325000000000001
2 0.9025000000000001 0.5349999999999999 0.8875 0.5349999999999999 0.8875 0.54625 0.9025000000000001 0.54625 0.9025000000000001 0.5349999999999999
2 0.62375 0.51125 0.61125 0.51125 0.61125 0.52 0.62375 0.52 0.62375 0.51125
2 0.175 0.57875 0.16375 0.57875 0.16375 0.58375 0.175 0.58375 0.175 0.57875
2 0.14750000000000002 0.58375 0.13625 0.58375 0.13625 0.5912499999999999 0.14750000000000002 0.5912499999999999 0.14750000000000002 0.58375
2 0.16 0.5900000000000001 0.14750000000000002 0.5900000000000001 0.14750000000000002 0.59875 0.16 0.59875 0.16 0.5900000000000001
2 0.1125 0.60875 0.1025 0.60875 0.1025 0.615 0.1125 0.615 0.1125 0.60875
2 0.53125 0.09625 0.51 0.09625 0.51 0.1025 0.53125 0.1025 0.53125 0.09625
2 0.6 0.11750000000000001 0.5775 0.11750000000000001 0.5775 0.1275 0.6 0.1275 0.6 0.11750000000000001
2 0.6012500000000001 0.13625 0.5775 0.13625 0.5775 0.14625 0.6012500000000001 0.14625 0.6012500000000001 0.13625
2 0.04625 0.605 0.03 0.605 0.03 0.61375 0.04625 0.61375 0.04625 0.605
2 0.5275000000000001 0.7887500000000001 0.50875 0.7887500000000001 0.50875 0.8099999999999999 0.5275000000000001 0.8099999999999999 0.5275000000000001 0.7887500000000001