2 0.08875 0.40750000000000003 0.08125 0.40750000000000003 0.08125 0.4175 0.08875 0.4175 0.08875 0.40750000000000003
2 0.27875 0.45125000000000004 0.27375 0.45125000000000004 0.27375 0.46125 0.27875 0.46125 0.27875 0.45125000000000004
2 0.41875 0.495 0.41500000000000004 0.495 0.41500000000000004 0.505 0.41875 0.505 0.41875 0.495
2 0.42874999999999996 0.5237499999999999 0.425 0.5237499999999999 0.425 0.53125 0.42874999999999996 0.53125 0.42874999999999996 0.5237499999999999
2 0.4325 0.50125 0.42750000000000005 0.50125 0.42750000000000005 0.51125 0.4325 0.51125 0.4325 0.50125
2 0.2875 0.3325 0.26375000000000004 0.3325 0.26375000000000004 0.34750000000000003 0.2875 0.34750000000000003 0.2875 0.3325
2 0.29375 0.36 0.26125 0.36 0.26125 0.3675 0.29375 0.3675 0.29375 0.36
2 0.041249999999999995 0.4175 0.03375 0.4175 0.03375 0.42750000000000005 0.041249999999999995 0.42750000000000005 0.041249999999999995 0.4175
2 0.06625 0.4125 0.058750000000000004 0.4125 0.058750000000000004 0.4225 0.06625 0.4225 0.06625 0.4125
2 0.0975 0.40374999999999994 0.09125 0.40374999999999994 0.09125 0.41375 0.0975 0.41375 0.0975 0.40374999999999994
2 0.08499999999999999 0.40750000000000003 0.07625 0.40750000000000003 0.07625 0.41875 0.08499999999999999 0.41875 0.08499999999999999 0.40750000000000003
2 0.14625 0.39375 0.14125000000000001 0.39375 0.14125000000000001 0.4025 0.14625 0.4025 0.14625 0.39375
2 0.42125 0.68625 0.41500000000000004 0.68625 0.41500000000000004 0.69625 0.42125 0.69625 0.42125 0.68625
2 0.15125 0.39375 0.14625 0.39375 0.14625 0.4025 0.15125 0.4025 0.15125 0.39375
2 0.15625 0.39249999999999996 0.15125 0.39249999999999996 0.15125 0.40125 0.15625 0.40125 0.15625 0.39249999999999996
2 0.16875 0.39 0.16125 0.39 0.16125 0.39875 0.16875 0.39875 0.16875 0.39
2 0.17375000000000002 0.3875 0.16625 0.3875 0.16625 0.39875 0.17375000000000002 0.39875 0.17375000000000002 0.3875
2 0.1275 0.34249999999999997 0.12 0.34249999999999997 0.12 0.35375 0.1275 0.35375 0.1275 0.34249999999999997
2 0.34500000000000003 0.41875 0.33999999999999997 0.41875 0.33999999999999997 0.43 0.34500000000000003 0.43 0.34500000000000003 0.41875
2 0.35125 0.41875 0.34625 0.41875 0.34625 0.43 0.35125 0.43 0.35125 0.41875
2 0.43624999999999997 0.475 0.43125 0.475 0.43125 0.48375 0.43624999999999997 0.48375 0.43624999999999997 0.475
2 0.4375 0.4625 0.4325 0.4625 0.4325 0.47375 0.4375 0.47375 0.4375 0.4625
2 0.43875000000000003 0.44749999999999995 0.43499999999999994 0.44749999999999995 0.43499999999999994 0.4575 0.43875000000000003 0.4575 0.43875000000000003 0.44749999999999995
2 0.29 0.52125 0.28500000000000003 0.52125 0.28500000000000003 0.53 0.29 0.53 0.29 0.52125
2 0.47125000000000006 0.5662499999999999 0.46125 0.5662499999999999 0.46125 0.5700000000000001 0.47125000000000006 0.5700000000000001 0.47125000000000006 0.5662499999999999
2 0.47125000000000006 0.5775 0.46125 0.5775 0.46125 0.58 0.47125000000000006 0.58 0.47125000000000006 0.5775
2 0.47125000000000006 0.5875 0.45999999999999996 0.5875 0.45999999999999996 0.5925 0.47125000000000006 0.5925 0.47125000000000006 0.5875
2 0.42000000000000004 0.675 0.41375 0.675 0.41375 0.6849999999999999 0.42000000000000004 0.6849999999999999 0.42000000000000004 0.675
2 0.41624999999999995 0.6637500000000001 0.41125 0.6637500000000001 0.41125 0.67375 0.41624999999999995 0.67375 0.41624999999999995 0.6637500000000001
2 0.43 0.6599999999999999 0.425 0.6599999999999999 0.425 0.66875 0.43 0.66875 0.43 0.6599999999999999
2 0.4325 0.67375 0.42750000000000005 0.67375 0.42750000000000005 0.6837500000000001 0.4325 0.6837500000000001 0.4325 0.67375
2 0.43875000000000003 0.73 0.4325 0.73 0.4325 0.74 0.43875000000000003 0.74 0.43875000000000003 0.73
2 0.445 0.72875 0.43875000000000003 0.72875 0.43875000000000003 0.7375 0.445 0.7375 0.445 0.72875
2 0.45125000000000004 0.7275 0.445 0.7275 0.445 0.73875 0.45125000000000004 0.73875 0.45125000000000004 0.7275
2 0.45499999999999996 0.7262500000000001 0.45125000000000004 0.7262500000000001 0.45125000000000004 0.73625 0.45499999999999996 0.73625 0.45499999999999996 0.7262500000000001
2 0.46125 0.7262500000000001 0.45625 0.7262500000000001 0.45625 0.73375 0.46125 0.73375 0.46125 0.7262500000000001
2 0.48250000000000004 0.6912499999999999 0.47375 0.6912499999999999 0.47375 0.69625 0.48250000000000004 0.69625 0.48250000000000004 0.6912499999999999
2 0.45499999999999996 0.6912499999999999 0.4425 0.6912499999999999 0.4425 0.69625 0.45499999999999996 0.69625 0.45499999999999996 0.6912499999999999
2 0.45125000000000004 0.6825 0.44125 0.6825 0.44125 0.6849999999999999 0.45125000000000004 0.6849999999999999 0.45125000000000004 0.6825
2 0.45125000000000004 0.67 0.44000000000000006 0.67 0.44000000000000006 0.67375 0.45125000000000004 0.67375 0.45125000000000004 0.67
2 0.45 0.665 0.43875000000000003 0.665 0.43875000000000003 0.66875 0.45 0.66875 0.45 0.665
2 0.44875 0.6537499999999999 0.43875000000000003 0.6537499999999999 0.43875000000000003 0.6587500000000001 0.44875 0.6587500000000001 0.44875 0.6537499999999999
2 0.44875 0.6487499999999999 0.4375 0.6487499999999999 0.4375 0.6525000000000001 0.44875 0.6525000000000001 0.44875 0.6487499999999999
2 0.47750000000000004 0.6475 0.465 0.6475 0.465 0.65125 0.47750000000000004 0.65125 0.47750000000000004 0.6475
2 0.47375 0.62625 0.4625 0.62625 0.4625 0.6325000000000001 0.47375 0.6325000000000001 0.47375 0.62625
2 0.47125000000000006 0.615 0.46125 0.615 0.46125 0.62 0.47125000000000006 0.62 0.47125000000000006 0.615
2 0.47000000000000003 0.60375 0.45999999999999996 0.60375 0.45999999999999996 0.60875 0.47000000000000003 0.60875 0.47000000000000003 0.60375
2 0.47000000000000003 0.59875 0.45999999999999996 0.59875 0.45999999999999996 0.6025 0.47000000000000003 0.6025 0.47000000000000003 0.59875
2 0.42750000000000005 0.43875000000000003 0.42125 0.43875000000000003 0.42125 0.45 0.42750000000000005 0.45 0.42750000000000005 0.43875000000000003
2 0.43624999999999997 0.37 0.4325 0.37 0.4325 0.38 0.43624999999999997 0.38 0.43624999999999997 0.37
2 0.445 0.31 0.44000000000000006 0.31 0.44000000000000006 0.32125 0.445 0.32125 0.445 0.31
2 0.20625 0.04375 0.1775 0.04375 0.1775 0.058750000000000004 0.20625 0.058750000000000004 0.20625 0.04375
2 0.20249999999999999 0.0225 0.17625 0.0225 0.17625 0.03625 0.20249999999999999 0.03625 0.20249999999999999 0.0225
2 0.2 0.015 0.17375000000000002 0.015 0.17375000000000002 0.03 0.2 0.03 0.2 0.015
2 0.19875 0.0075 0.17250000000000001 0.0075 0.17250000000000001 0.0225 0.19875 0.0225 0.19875 0.0075
2 0.19624999999999998 0.00125 0.17124999999999999 0.00125 0.17124999999999999 0.015 0.19624999999999998 0.015 0.19624999999999998 0.00125
2 0.195 0.00125 0.16875 0.00125 0.16875 0.008749999999999999 0.195 0.008749999999999999 0.195 0.00125
2 0.20375000000000001 0.03 0.1775 0.03 0.1775 0.042499999999999996 0.20375000000000001 0.042499999999999996 0.20375000000000001 0.03
2 0.20750000000000002 0.05 0.18 0.05 0.18 0.065 0.20750000000000002 0.065 0.20750000000000002 0.05
2 0.32125 0.2875 0.31375000000000003 0.2875 0.31375000000000003 0.29874999999999996 0.32125 0.29874999999999996 0.32125 0.2875
2 0.31625000000000003 0.14125000000000001 0.31124999999999997 0.14125000000000001 0.31124999999999997 0.15125 0.31625000000000003 0.15125 0.31625000000000003 0.14125000000000001
2 0.475 0.09625 0.47000000000000003 0.09625 0.47000000000000003 0.10375000000000001 0.475 0.10375000000000001 0.475 0.09625
2 0.48 0.1525 0.475 0.1525 0.475 0.16375 0.48 0.16375 0.48 0.1525
2 0.48624999999999996 0.10874999999999999 0.48125 0.10874999999999999 0.48125 0.11875 0.48624999999999996 0.11875 0.48624999999999996 0.10874999999999999
2 0.49124999999999996 0.07375000000000001 0.4875 0.07375000000000001 0.4875 0.08249999999999999 0.49124999999999996 0.08249999999999999 0.49124999999999996 0.07375000000000001
2 0.49375 0.06 0.48875 0.06 0.48875 0.06999999999999999 0.49375 0.06999999999999999 0.49375 0.06
2 0.495 0.0475 0.49124999999999996 0.0475 0.49124999999999996 0.05625 0.495 0.05625 0.495 0.0475
2 0.49749999999999994 0.034999999999999996 0.4925 0.034999999999999996 0.4925 0.04375 0.49749999999999994 0.04375 0.49749999999999994 0.034999999999999996
2 0.49749999999999994 0.025 0.49375 0.025 0.49375 0.0325 0.49749999999999994 0.0325 0.49749999999999994 0.025
2 0.5 0.013750000000000002 0.495 0.013750000000000002 0.495 0.021249999999999998 0.5 0.021249999999999998 0.5 0.013750000000000002
2 0.50125 0.0025 0.49749999999999994 0.0025 0.49749999999999994 0.01125 0.50125 0.01125 0.50125 0.0025
2 0.3275 0.155 0.31625000000000003 0.155 0.31625000000000003 0.1625 0.3275 0.1625 0.3275 0.155
2 0.1825 0.06875 0.17250000000000001 0.06875 0.17250000000000001 0.09625 0.1825 0.09625 0.1825 0.06875
2 0.3275 0.14750000000000002 0.31625000000000003 0.14750000000000002 0.31625000000000003 0.1575 0.3275 0.1575 0.3275 0.14750000000000002
2 0.32875 0.13999999999999999 0.32 0.13999999999999999 0.32 0.14875 0.32875 0.14875 0.32875 0.13999999999999999
2 0.32875 0.13374999999999998 0.32 0.13374999999999998 0.32 0.14250000000000002 0.32875 0.14250000000000002 0.32875 0.13374999999999998
2 0.32999999999999996 0.1275 0.31875 0.1275 0.31875 0.13625 0.32999999999999996 0.13625 0.32999999999999996 0.1275
2 0.30125 0.1 0.29625 0.1 0.29625 0.11000000000000001 0.30125 0.11000000000000001 0.30125 0.1
2 0.29125 0.13 0.28125 0.13 0.28125 0.135 0.29125 0.135 0.29125 0.13
2 0.30125 0.1125 0.2975 0.1125 0.2975 0.12250000000000001 0.30125 0.12250000000000001 0.30125 0.1125
2 0.3025 0.12375 0.29874999999999996 0.12375 0.29874999999999996 0.1325 0.3025 0.1325 0.3025 0.12375
2 0.2975 0.12250000000000001 0.29375 0.12250000000000001 0.29375 0.13374999999999998 0.2975 0.13374999999999998 0.2975 0.12250000000000001
2 0.29625 0.11374999999999999 0.2925 0.11374999999999999 0.2925 0.12125 0.29625 0.12125 0.29625 0.11374999999999999
2 0.45999999999999996 0.1925 0.45499999999999996 0.1925 0.45499999999999996 0.20375000000000001 0.45999999999999996 0.20375000000000001 0.45999999999999996 0.1925
2 0.45875000000000005 0.205 0.45375 0.205 0.45375 0.21625 0.45875000000000005 0.21625 0.45875000000000005 0.205
2 0.47000000000000003 0.23125 0.465 0.23125 0.465 0.24375 0.47000000000000003 0.24375 0.47000000000000003 0.23125
2 0.45499999999999996 0.2325 0.45 0.2325 0.45 0.24125000000000002 0.45499999999999996 0.24125000000000002 0.45499999999999996 0.2325
2 0.32125 0.30125 0.3175 0.30125 0.3175 0.31 0.32125 0.31 0.32125 0.30125
2 0.335 0.3025 0.32999999999999996 0.3025 0.32999999999999996 0.31375000000000003 0.335 0.31375000000000003 0.335 0.3025
2 0.29500000000000004 0.31375000000000003 0.28625 0.31375000000000003 0.28625 0.32 0.29500000000000004 0.32 0.29500000000000004 0.31375000000000003
2 0.32625000000000004 0.27375 0.32125 0.27375 0.32125 0.28375 0.32625000000000004 0.28375 0.32625000000000004 0.27375
2 0.29625 0.2975 0.28625 0.2975 0.28625 0.30625 0.29625 0.30625 0.29625 0.2975
2 0.30625 0.26625 0.29500000000000004 0.26625 0.29500000000000004 0.27 0.30625 0.27 0.30625 0.26625
2 0.27749999999999997 0.26625 0.26625 0.26625 0.26625 0.27125 0.27749999999999997 0.27125 0.27749999999999997 0.26625
2 0.305 0.2575 0.29500000000000004 0.2575 0.29500000000000004 0.26125 0.305 0.26125 0.305 0.2575
2 0.34625 0.24375 0.34125 0.24375 0.34125 0.25375000000000003 0.34625 0.25375000000000003 0.34625 0.24375
2 0.335 0.25375000000000003 0.32999999999999996 0.25375000000000003 0.32999999999999996 0.265 0.335 0.265 0.335 0.25375000000000003
2 0.35125 0.21625 0.34625 0.21625 0.34625 0.22749999999999998 0.35125 0.22749999999999998 0.35125 0.21625
2 0.26625 0.28375 0.25625 0.28375 0.25625 0.28875 0.26625 0.28875 0.26625 0.28375
2 0.27749999999999997 0.255 0.265 0.255 0.265 0.25875 0.27749999999999997 0.25875 0.27749999999999997 0.255
2 0.31124999999999997 0.22625 0.3025 0.22625 0.3025 0.22999999999999998 0.31124999999999997 0.22999999999999998 0.31124999999999997 0.22625
2 0.27125 0.22749999999999998 0.2625 0.22749999999999998 0.2625 0.23125 0.27125 0.23125 0.27125 0.22749999999999998
2 0.2725 0.20875 0.26125 0.20875 0.26125 0.21625 0.2725 0.21625 0.2725 0.20875
2 0.315 0.205 0.305 0.205 0.305 0.21000000000000002 0.315 0.21000000000000002 0.315 0.205
2 0.28250000000000003 0.18125 0.27875 0.18125 0.27875 0.19125 0.28250000000000003 0.19125 0.28250000000000003 0.18125
2 0.2625 0.09 0.2525 0.09 0.2525 0.09375 0.2625 0.09375 0.2625 0.09
2 0.255 0.04 0.24500000000000002 0.04 0.24500000000000002 0.045 0.255 0.045 0.255 0.04
2 0.22000000000000003 0.0325 0.21000000000000002 0.0325 0.21000000000000002 0.0375 0.22000000000000003 0.0375 0.22000000000000003 0.0325
2 0.29500000000000004 0.10124999999999999 0.29125 0.10124999999999999 0.29125 0.11125 0.29500000000000004 0.11125 0.29500000000000004 0.10124999999999999
2 0.35125 0.13374999999999998 0.34625 0.13374999999999998 0.34625 0.14375 0.35125 0.14375 0.35125 0.13374999999999998
2 0.08875 0.03375 0.075 0.03375 0.075 0.061250000000000006 0.08875 0.061250000000000006 0.08875 0.03375
2 0.095 0.03125 0.08125 0.03125 0.08125 0.058750000000000004 0.095 0.058750000000000004 0.095 0.03125
2 0.10375000000000001 0.03125 0.0875 0.03125 0.0875 0.058750000000000004 0.10375000000000001 0.058750000000000004 0.10375000000000001 0.03125
2 0.1075 0.00125 0.09375 0.00125 0.09375 0.02 0.1075 0.02 0.1075 0.00125
2 0.11499999999999999 0.00125 0.10124999999999999 0.00125 0.10124999999999999 0.017499999999999998 0.11499999999999999 0.017499999999999998 0.11499999999999999 0.00125
2 0.12125 0.00125 0.11000000000000001 0.00125 0.11000000000000001 0.015 0.12125 0.015 0.12125 0.00125
2 0.12875 0.00125 0.11750000000000001 0.00125 0.11750000000000001 0.0125 0.12875 0.0125 0.12875 0.00125
2 0.135 0.00125 0.12375 0.00125 0.12375 0.01 0.135 0.01 0.135 0.00125
2 0.175 0.03125 0.14875 0.03125 0.14875 0.04375 0.175 0.04375 0.175 0.03125
2 0.1775 0.0375 0.14875 0.0375 0.14875 0.05125 0.1775 0.05125 0.1775 0.0375
2 0.1775 0.057499999999999996 0.15125 0.057499999999999996 0.15125 0.0675 0.1775 0.0675 0.1775 0.057499999999999996
2 0.145 0.0625 0.11750000000000001 0.0625 0.11750000000000001 0.08 0.145 0.08 0.145 0.0625
2 0.11875 0.0725 0.10625 0.0725 0.10625 0.09875 0.11875 0.09875 0.11875 0.0725
2 0.13625 0.09625 0.12 0.09625 0.12 0.12375 0.13625 0.12375 0.13625 0.09625
2 0.12625 0.1 0.1125 0.1 0.1125 0.1275 0.12625 0.1275 0.12625 0.1
2 0.47000000000000003 0.13374999999999998 0.46375 0.13374999999999998 0.46375 0.145 0.47000000000000003 0.145 0.47000000000000003 0.13374999999999998
2 0.78 0.9425000000000001 0.7675 0.9425000000000001 0.7675 0.95 0.78 0.95 0.78 0.9425000000000001
2 0.42374999999999996 0.5675 0.41875 0.5675 0.41875 0.5775 0.42374999999999996 0.5775 0.42374999999999996 0.5675
2 0.44749999999999995 0.28500000000000003 0.4425 0.28500000000000003 0.4425 0.29500000000000004 0.44749999999999995 0.29500000000000004 0.44749999999999995 0.28500000000000003