2 0.08875 0.64375 0.08125 0.64375 0.08125 0.6537499999999999 0.08875 0.6537499999999999 0.08875 0.64375
2 0.27875 0.6875 0.27375 0.6875 0.27375 0.6975 0.27875 0.6975 0.27875 0.6875
2 0.41875 0.73125 0.41500000000000004 0.73125 0.41500000000000004 0.74125 0.41875 0.74125 0.41875 0.73125
2 0.42874999999999996 0.76 0.425 0.76 0.425 0.7675 0.42874999999999996 0.7675 0.42874999999999996 0.76
2 0.4325 0.7375 0.42750000000000005 0.7375 0.42750000000000005 0.7474999999999999 0.4325 0.7474999999999999 0.4325 0.7375
2 0.2875 0.56875 0.26375000000000004 0.56875 0.26375000000000004 0.58375 0.2875 0.58375 0.2875 0.56875
2 0.29375 0.5962500000000001 0.26125 0.5962500000000001 0.26125 0.60375 0.29375 0.60375 0.29375 0.5962500000000001
2 0.041249999999999995 0.6537499999999999 0.03375 0.6537499999999999 0.03375 0.6637500000000001 0.041249999999999995 0.6637500000000001 0.041249999999999995 0.6537499999999999
2 0.06625 0.6487499999999999 0.058750000000000004 0.6487499999999999 0.058750000000000004 0.6587500000000001 0.06625 0.6587500000000001 0.06625 0.6487499999999999
2 0.0975 0.64 0.09125 0.64 0.09125 0.65 0.0975 0.65 0.0975 0.64
2 0.08499999999999999 0.64375 0.07625 0.64375 0.07625 0.655 0.08499999999999999 0.655 0.08499999999999999 0.64375
2 0.14625 0.63 0.14125000000000001 0.63 0.14125000000000001 0.63875 0.14625 0.63875 0.14625 0.63
2 0.42125 0.9225 0.41500000000000004 0.9225 0.41500000000000004 0.9324999999999999 0.42125 0.9324999999999999 0.42125 0.9225
2 0.15125 0.63 0.14625 0.63 0.14625 0.63875 0.15125 0.63875 0.15125 0.63
2 0.15625 0.6287499999999999 0.15125 0.6287499999999999 0.15125 0.6375 0.15625 0.6375 0.15625 0.6287499999999999
2 0.16875 0.62625 0.16125 0.62625 0.16125 0.635 0.16875 0.635 0.16875 0.62625
2 0.17375000000000002 0.62375 0.16625 0.62375 0.16625 0.635 0.17375000000000002 0.635 0.17375000000000002 0.62375
2 0.1275 0.57875 0.12 0.57875 0.12 0.5900000000000001 0.1275 0.5900000000000001 0.1275 0.57875
2 0.34500000000000003 0.655 0.33999999999999997 0.655 0.33999999999999997 0.66625 0.34500000000000003 0.66625 0.34500000000000003 0.655
2 0.35125 0.655 0.34625 0.655 0.34625 0.66625 0.35125 0.66625 0.35125 0.655
2 0.43624999999999997 0.7112499999999999 0.43125 0.7112499999999999 0.43125 0.72 0.43624999999999997 0.72 0.43624999999999997 0.7112499999999999
2 0.4375 0.69875 0.4325 0.69875 0.4325 0.71 0.4375 0.71 0.4375 0.69875
2 0.43875000000000003 0.6837500000000001 0.43499999999999994 0.6837500000000001 0.43499999999999994 0.69375 0.43875000000000003 0.69375 0.43875000000000003 0.6837500000000001
2 0.29 0.7575000000000001 0.28500000000000003 0.7575000000000001 0.28500000000000003 0.76625 0.29 0.76625 0.29 0.7575000000000001
2 0.47125000000000006 0.8025 0.46125 0.8025 0.46125 0.80625 0.47125000000000006 0.80625 0.47125000000000006 0.8025
2 0.47125000000000006 0.81375 0.46125 0.81375 0.46125 0.8162499999999999 0.47125000000000006 0.8162499999999999 0.47125000000000006 0.81375
2 0.47125000000000006 0.8237500000000001 0.45999999999999996 0.8237500000000001 0.45999999999999996 0.82875 0.47125000000000006 0.82875 0.47125000000000006 0.8237500000000001
2 0.42000000000000004 0.9112500000000001 0.41375 0.9112500000000001 0.41375 0.92125 0.42000000000000004 0.92125 0.42000000000000004 0.9112500000000001
2 0.41624999999999995 0.9 0.41125 0.9 0.41125 0.9099999999999999 0.41624999999999995 0.9099999999999999 0.41624999999999995 0.9
2 0.43 0.89625 0.425 0.89625 0.425 0.905 0.43 0.905 0.43 0.89625
2 0.4325 0.9099999999999999 0.42750000000000005 0.9099999999999999 0.42750000000000005 0.9199999999999999 0.4325 0.9199999999999999 0.4325 0.9099999999999999
2 0.43875000000000003 0.9662499999999999 0.4325 0.9662499999999999 0.4325 0.97625 0.43875000000000003 0.97625 0.43875000000000003 0.9662499999999999
2 0.445 0.9650000000000001 0.43875000000000003 0.9650000000000001 0.43875000000000003 0.9737500000000001 0.445 0.9737500000000001 0.445 0.9650000000000001
2 0.45125000000000004 0.9637499999999999 0.445 0.9637499999999999 0.445 0.975 0.45125000000000004 0.975 0.45125000000000004 0.9637499999999999
2 0.45499999999999996 0.9625 0.45125000000000004 0.9625 0.45125000000000004 0.9724999999999999 0.45499999999999996 0.9724999999999999 0.45499999999999996 0.9625
2 0.46125 0.9625 0.45625 0.9625 0.45625 0.97 0.46125 0.97 0.46125 0.9625
2 0.48250000000000004 0.9275 0.47375 0.9275 0.47375 0.9324999999999999 0.48250000000000004 0.9324999999999999 0.48250000000000004 0.9275
2 0.45499999999999996 0.9275 0.4425 0.9275 0.4425 0.9324999999999999 0.45499999999999996 0.9324999999999999 0.45499999999999996 0.9275
2 0.45125000000000004 0.91875 0.44125 0.91875 0.44125 0.92125 0.45125000000000004 0.92125 0.45125000000000004 0.91875
2 0.45125000000000004 0.90625 0.44000000000000006 0.90625 0.44000000000000006 0.9099999999999999 0.45125000000000004 0.9099999999999999 0.45125000000000004 0.90625
2 0.45 0.9012499999999999 0.43875000000000003 0.9012499999999999 0.43875000000000003 0.905 0.45 0.905 0.45 0.9012499999999999
2 0.44875 0.89 0.43875000000000003 0.89 0.43875000000000003 0.8949999999999999 0.44875 0.8949999999999999 0.44875 0.89
2 0.44875 0.885 0.4375 0.885 0.4375 0.8887499999999999 0.44875 0.8887499999999999 0.44875 0.885
2 0.47750000000000004 0.88375 0.465 0.88375 0.465 0.8875 0.47750000000000004 0.8875 0.47750000000000004 0.88375
2 0.47375 0.8625 0.4625 0.8625 0.4625 0.86875 0.47375 0.86875 0.47375 0.8625
2 0.47125000000000006 0.85125 0.46125 0.85125 0.46125 0.85625 0.47125000000000006 0.85625 0.47125000000000006 0.85125
2 0.47000000000000003 0.8400000000000001 0.45999999999999996 0.8400000000000001 0.45999999999999996 0.845 0.47000000000000003 0.845 0.47000000000000003 0.8400000000000001
2 0.47000000000000003 0.835 0.45999999999999996 0.835 0.45999999999999996 0.8387499999999999 0.47000000000000003 0.8387499999999999 0.47000000000000003 0.835
2 0.42750000000000005 0.675 0.42125 0.675 0.42125 0.68625 0.42750000000000005 0.68625 0.42750000000000005 0.675
2 0.43624999999999997 0.60625 0.4325 0.60625 0.4325 0.61625 0.43624999999999997 0.61625 0.43624999999999997 0.60625
2 0.445 0.54625 0.44000000000000006 0.54625 0.44000000000000006 0.5575 0.445 0.5575 0.445 0.54625
2 0.20625 0.27999999999999997 0.1775 0.27999999999999997 0.1775 0.29500000000000004 0.20625 0.29500000000000004 0.20625 0.27999999999999997
2 0.20249999999999999 0.25875 0.17625 0.25875 0.17625 0.2725 0.20249999999999999 0.2725 0.20249999999999999 0.25875
2 0.2 0.25125000000000003 0.17375000000000002 0.25125000000000003 0.17375000000000002 0.26625 0.2 0.26625 0.2 0.25125000000000003
2 0.19875 0.24375 0.17250000000000001 0.24375 0.17250000000000001 0.25875 0.19875 0.25875 0.19875 0.24375
2 0.19624999999999998 0.2375 0.17124999999999999 0.2375 0.17124999999999999 0.25125000000000003 0.19624999999999998 0.25125000000000003 0.19624999999999998 0.2375
2 0.195 0.22999999999999998 0.16875 0.22999999999999998 0.16875 0.24500000000000002 0.195 0.24500000000000002 0.195 0.22999999999999998
2 0.19375 0.2225 0.16875 0.2225 0.16875 0.2375 0.19375 0.2375 0.19375 0.2225
2 0.195 0.21625 0.16999999999999998 0.21625 0.16999999999999998 0.22999999999999998 0.195 0.22999999999999998 0.195 0.21625
2 0.20875 0.1925 0.18375 0.1925 0.18375 0.20625 0.20875 0.20625 0.20875 0.1925
2 0.17625 0.20125 0.15125 0.20125 0.15125 0.215 0.17625 0.215 0.17625 0.20125
2 0.20375000000000001 0.26625 0.1775 0.26625 0.1775 0.27875 0.20375000000000001 0.27875 0.20375000000000001 0.26625
2 0.20750000000000002 0.28625 0.18 0.28625 0.18 0.30125 0.20750000000000002 0.30125 0.20750000000000002 0.28625
2 0.32125 0.5237499999999999 0.31375000000000003 0.5237499999999999 0.31375000000000003 0.5349999999999999 0.32125 0.5349999999999999 0.32125 0.5237499999999999
2 0.31625000000000003 0.3775 0.31124999999999997 0.3775 0.31124999999999997 0.3875 0.31625000000000003 0.3875 0.31625000000000003 0.3775
2 0.475 0.3325 0.47000000000000003 0.3325 0.47000000000000003 0.33999999999999997 0.475 0.33999999999999997 0.475 0.3325
2 0.48 0.38875000000000004 0.475 0.38875000000000004 0.475 0.4 0.48 0.4 0.48 0.38875000000000004
2 0.48624999999999996 0.34500000000000003 0.48125 0.34500000000000003 0.48125 0.355 0.48624999999999996 0.355 0.48624999999999996 0.34500000000000003
2 0.49124999999999996 0.3075 0.48624999999999996 0.3075 0.48624999999999996 0.31875 0.49124999999999996 0.31875 0.49124999999999996 0.3075
2 0.49375 0.29625 0.48875 0.29625 0.48875 0.30625 0.49375 0.30625 0.49375 0.29625
2 0.495 0.28375 0.49124999999999996 0.28375 0.49124999999999996 0.2925 0.495 0.2925 0.495 0.28375
2 0.49749999999999994 0.27125 0.4925 0.27125 0.4925 0.27999999999999997 0.49749999999999994 0.27999999999999997 0.49749999999999994 0.27125
2 0.49749999999999994 0.26125 0.49375 0.26125 0.49375 0.26875 0.49749999999999994 0.26875 0.49749999999999994 0.26125
2 0.5 0.25 0.495 0.25 0.495 0.2575 0.5 0.2575 0.5 0.25
2 0.50125 0.23875000000000002 0.49749999999999994 0.23875000000000002 0.49749999999999994 0.2475 0.50125 0.2475 0.50125 0.23875000000000002
2 0.3275 0.39125 0.31625000000000003 0.39125 0.31625000000000003 0.39875 0.3275 0.39875 0.3275 0.39125
2 0.1825 0.305 0.17250000000000001 0.305 0.17250000000000001 0.3325 0.1825 0.3325 0.1825 0.305
2 0.3275 0.38375 0.31625000000000003 0.38375 0.31625000000000003 0.39375 0.3275 0.39375 0.3275 0.38375
2 0.32875 0.37625000000000003 0.32 0.37625000000000003 0.32 0.385 0.32875 0.385 0.32875 0.37625000000000003
2 0.32875 0.37 0.32 0.37 0.32 0.37875000000000003 0.32875 0.37875000000000003 0.32875 0.37
2 0.32999999999999996 0.36375 0.31875 0.36375 0.31875 0.3725 0.32999999999999996 0.3725 0.32999999999999996 0.36375
2 0.30125 0.33625 0.29625 0.33625 0.29625 0.34625 0.30125 0.34625 0.30125 0.33625
2 0.29125 0.36625 0.28125 0.36625 0.28125 0.37124999999999997 0.29125 0.37124999999999997 0.29125 0.36625
2 0.30125 0.34875 0.2975 0.34875 0.2975 0.35875 0.30125 0.35875 0.30125 0.34875
2 0.3025 0.36 0.29874999999999996 0.36 0.29874999999999996 0.36875 0.3025 0.36875 0.3025 0.36
2 0.2975 0.35875 0.29375 0.35875 0.29375 0.37 0.2975 0.37 0.2975 0.35875
2 0.29625 0.35 0.2925 0.35 0.2925 0.35750000000000004 0.29625 0.35750000000000004 0.29625 0.35
2 0.45999999999999996 0.42874999999999996 0.45499999999999996 0.42874999999999996 0.45499999999999996 0.44000000000000006 0.45999999999999996 0.44000000000000006 0.45999999999999996 0.42874999999999996
2 0.45875000000000005 0.44125 0.45375 0.44125 0.45375 0.4525 0.45875000000000005 0.4525 0.45875000000000005 0.44125
2 0.47000000000000003 0.46749999999999997 0.465 0.46749999999999997 0.465 0.48 0.47000000000000003 0.48 0.47000000000000003 0.46749999999999997
2 0.45499999999999996 0.46875 0.45 0.46875 0.45 0.47750000000000004 0.45499999999999996 0.47750000000000004 0.45499999999999996 0.46875
2 0.32125 0.5375 0.3175 0.5375 0.3175 0.54625 0.32125 0.54625 0.32125 0.5375
2 0.335 0.5387500000000001 0.32999999999999996 0.5387500000000001 0.32999999999999996 0.55 0.335 0.55 0.335 0.5387500000000001
2 0.29500000000000004 0.55 0.28625 0.55 0.28625 0.55625 0.29500000000000004 0.55625 0.29500000000000004 0.55
2 0.32625000000000004 0.51 0.32125 0.51 0.32125 0.52 0.32625000000000004 0.52 0.32625000000000004 0.51
2 0.29625 0.5337500000000001 0.28625 0.5337500000000001 0.28625 0.5425 0.29625 0.5425 0.29625 0.5337500000000001
2 0.30625 0.5025000000000001 0.29500000000000004 0.5025000000000001 0.29500000000000004 0.50625 0.30625 0.50625 0.30625 0.5025000000000001
2 0.27749999999999997 0.5025000000000001 0.26625 0.5025000000000001 0.26625 0.5075000000000001 0.27749999999999997 0.5075000000000001 0.27749999999999997 0.5025000000000001
2 0.305 0.49375 0.29500000000000004 0.49375 0.29500000000000004 0.49749999999999994 0.305 0.49749999999999994 0.305 0.49375
2 0.34625 0.48 0.34125 0.48 0.34125 0.49000000000000005 0.34625 0.49000000000000005 0.34625 0.48
2 0.335 0.49000000000000005 0.32999999999999996 0.49000000000000005 0.32999999999999996 0.50125 0.335 0.50125 0.335 0.49000000000000005
2 0.35125 0.4525 0.34625 0.4525 0.34625 0.46375 0.35125 0.46375 0.35125 0.4525
2 0.26625 0.52 0.25625 0.52 0.25625 0.525 0.26625 0.525 0.26625 0.52
2 0.27749999999999997 0.49124999999999996 0.265 0.49124999999999996 0.265 0.495 0.27749999999999997 0.495 0.27749999999999997 0.49124999999999996
2 0.31124999999999997 0.4625 0.3025 0.4625 0.3025 0.46624999999999994 0.31124999999999997 0.46624999999999994 0.31124999999999997 0.4625
2 0.27125 0.46375 0.2625 0.46375 0.2625 0.46749999999999997 0.27125 0.46749999999999997 0.27125 0.46375
2 0.2725 0.445 0.26125 0.445 0.26125 0.4525 0.2725 0.4525 0.2725 0.445
2 0.315 0.44125 0.305 0.44125 0.305 0.44625000000000004 0.315 0.44625000000000004 0.315 0.44125
2 0.28250000000000003 0.4175 0.27875 0.4175 0.27875 0.42750000000000005 0.28250000000000003 0.42750000000000005 0.28250000000000003 0.4175
2 0.2625 0.32625000000000004 0.2525 0.32625000000000004 0.2525 0.32999999999999996 0.2625 0.32999999999999996 0.2625 0.32625000000000004
2 0.255 0.27625 0.24500000000000002 0.27625 0.24500000000000002 0.28125 0.255 0.28125 0.255 0.27625
2 0.22000000000000003 0.26875 0.21000000000000002 0.26875 0.21000000000000002 0.27375 0.22000000000000003 0.27375 0.22000000000000003 0.26875
2 0.29500000000000004 0.3375 0.29125 0.3375 0.29125 0.34750000000000003 0.29500000000000004 0.34750000000000003 0.29500000000000004 0.3375
2 0.35125 0.37 0.34625 0.37 0.34625 0.38 0.35125 0.38 0.35125 0.37
2 0.5599999999999999 0.14375 0.55125 0.14375 0.55125 0.15 0.5599999999999999 0.15 0.5599999999999999 0.14375
2 0.08875 0.27 0.075 0.27 0.075 0.2975 0.08875 0.2975 0.08875 0.27
2 0.095 0.26749999999999996 0.08125 0.26749999999999996 0.08125 0.29500000000000004 0.095 0.29500000000000004 0.095 0.26749999999999996
2 0.10375000000000001 0.26749999999999996 0.0875 0.26749999999999996 0.0875 0.29500000000000004 0.10375000000000001 0.29500000000000004 0.10375000000000001 0.26749999999999996
2 0.1075 0.22875 0.0925 0.22875 0.0925 0.25625 0.1075 0.25625 0.1075 0.22875
2 0.11499999999999999 0.225 0.09875 0.225 0.09875 0.25375000000000003 0.11499999999999999 0.25375000000000003 0.11499999999999999 0.225
2 0.12125 0.2225 0.10625 0.2225 0.10625 0.25125000000000003 0.12125 0.25125000000000003 0.12125 0.2225
2 0.12875 0.2225 0.1125 0.2225 0.1125 0.24874999999999997 0.12875 0.24874999999999997 0.12875 0.2225
2 0.135 0.21875 0.11875 0.21875 0.11875 0.24625 0.135 0.24625 0.135 0.21875
2 0.175 0.26749999999999996 0.14875 0.26749999999999996 0.14875 0.27999999999999997 0.175 0.27999999999999997 0.175 0.26749999999999996
2 0.1775 0.27375 0.14875 0.27375 0.14875 0.2875 0.1775 0.2875 0.1775 0.27375
2 0.1775 0.29375 0.15125 0.29375 0.15125 0.30375 0.1775 0.30375 0.1775 0.29375
2 0.145 0.29874999999999996 0.11750000000000001 0.29874999999999996 0.11750000000000001 0.31625000000000003 0.145 0.31625000000000003 0.145 0.29874999999999996
2 0.11875 0.30874999999999997 0.10625 0.30874999999999997 0.10625 0.335 0.11875 0.335 0.11875 0.30874999999999997
2 0.13625 0.3325 0.12 0.3325 0.12 0.36 0.13625 0.36 0.13625 0.3325
2 0.12625 0.33625 0.1125 0.33625 0.1125 0.36375 0.12625 0.36375 0.12625 0.33625
2 0.56375 0.12625 0.5525 0.12625 0.5525 0.13125 0.56375 0.13125 0.56375 0.12625
2 0.47000000000000003 0.37 0.46375 0.37 0.46375 0.38125 0.47000000000000003 0.38125 0.47000000000000003 0.37
2 0.42374999999999996 0.80375 0.41875 0.80375 0.41875 0.81375 0.42374999999999996 0.81375 0.42374999999999996 0.80375
2 0.44749999999999995 0.52125 0.4425 0.52125 0.4425 0.53125 0.44749999999999995 0.53125 0.44749999999999995 0.52125
2 0.37374999999999997 0.48 0.3675 0.48 0.3675 0.49375 0.37374999999999997 0.49375 0.37374999999999997 0.48