2 0.042499999999999996 0.66875 0.015 0.66875 0.015 0.6849999999999999 0.042499999999999996 0.6849999999999999 0.042499999999999996 0.66875
2 0.63125 0.48624999999999996 0.62 0.48624999999999996 0.62 0.4925 0.63125 0.4925 0.63125 0.48624999999999996
2 0.58125 0.5075000000000001 0.5675 0.5075000000000001 0.5675 0.51625 0.58125 0.51625 0.58125 0.5075000000000001
2 0.6125 0.47125000000000006 0.6 0.47125000000000006 0.6 0.48 0.6125 0.48 0.6125 0.47125000000000006
2 0.68875 0.45499999999999996 0.6775 0.45499999999999996 0.6775 0.46375 0.68875 0.46375 0.68875 0.45499999999999996
2 0.645 0.4875 0.63125 0.4875 0.63125 0.49749999999999994 0.645 0.49749999999999994 0.645 0.4875
2 0.80625 0.42125 0.795 0.42125 0.795 0.42874999999999996 0.80625 0.42874999999999996 0.80625 0.42125
2 0.725 0.46375 0.7125 0.46375 0.7125 0.47125000000000006 0.725 0.47125000000000006 0.725 0.46375
2 0.8574999999999999 0.43499999999999994 0.845 0.43499999999999994 0.845 0.44375 0.8574999999999999 0.44375 0.8574999999999999 0.43499999999999994
2 0.3525 0.3225 0.34500000000000003 0.3225 0.34500000000000003 0.335 0.3525 0.335 0.3525 0.3225
2 0.34625 0.29125 0.3375 0.29125 0.3375 0.305 0.34625 0.305 0.34625 0.29125
2 0.34625 0.23500000000000001 0.33875 0.23500000000000001 0.33875 0.24874999999999997 0.34625 0.24874999999999997 0.34625 0.23500000000000001
2 0.3325 0.10375000000000001 0.32625000000000004 0.10375000000000001 0.32625000000000004 0.11499999999999999 0.3325 0.11499999999999999 0.3325 0.10375000000000001
2 0.34125 0.03375 0.33625 0.03375 0.33625 0.04625 0.34125 0.04625 0.34125 0.03375
2 0.34249999999999997 0.00125 0.3375 0.00125 0.3375 0.01 0.34249999999999997 0.01 0.34249999999999997 0.00125
2 0.9 0.15375 0.885 0.15375 0.885 0.18125 0.9 0.18125 0.9 0.15375
2 0.90625 0.15125 0.8925000000000001 0.15125 0.8925000000000001 0.1775 0.90625 0.1775 0.90625 0.15125
2 0.9275 0.145 0.9125 0.145 0.9125 0.17124999999999999 0.9275 0.17124999999999999 0.9275 0.145
2 0.9337500000000001 0.14125000000000001 0.9199999999999999 0.14125000000000001 0.9199999999999999 0.16875 0.9337500000000001 0.16875 0.9337500000000001 0.14125000000000001
2 0.9400000000000001 0.13874999999999998 0.9262499999999999 0.13874999999999998 0.9262499999999999 0.16625 0.9400000000000001 0.16625 0.9400000000000001 0.13874999999999998
2 0.9475 0.1375 0.9337500000000001 0.1375 0.9337500000000001 0.16499999999999998 0.9475 0.16499999999999998 0.9475 0.1375
2 0.9550000000000001 0.13625 0.9412499999999999 0.13625 0.9412499999999999 0.16 0.9550000000000001 0.16 0.9550000000000001 0.13625
2 0.9712500000000001 0.1575 0.9550000000000001 0.1575 0.9550000000000001 0.185 0.9712500000000001 0.185 0.9712500000000001 0.1575
2 0.9637499999999999 0.16375 0.9487500000000001 0.16375 0.9487500000000001 0.19 0.9637499999999999 0.19 0.9637499999999999 0.16375
2 0.93625 0.17250000000000001 0.9199999999999999 0.17250000000000001 0.9199999999999999 0.19875 0.93625 0.19875 0.93625 0.17250000000000001
2 0.92125 0.17625 0.90625 0.17625 0.90625 0.20249999999999999 0.92125 0.20249999999999999 0.92125 0.17625
2 0.91375 0.1775 0.9 0.1775 0.9 0.205 0.91375 0.205 0.91375 0.1775
2 0.8574999999999999 0.1775 0.8300000000000001 0.1775 0.8300000000000001 0.19125 0.8574999999999999 0.19125 0.8574999999999999 0.1775
2 0.8637499999999999 0.19875 0.83625 0.19875 0.83625 0.21125 0.8637499999999999 0.21125 0.8637499999999999 0.19875
2 0.8925000000000001 0.20249999999999999 0.865 0.20249999999999999 0.865 0.21749999999999997 0.8925000000000001 0.21749999999999997 0.8925000000000001 0.20249999999999999
2 0.8949999999999999 0.21000000000000002 0.8675 0.21000000000000002 0.8675 0.225 0.8949999999999999 0.225 0.8949999999999999 0.21000000000000002
2 0.8699999999999999 0.22625 0.8412499999999999 0.22625 0.8412499999999999 0.24 0.8699999999999999 0.24 0.8699999999999999 0.22625
2 0.8712500000000001 0.23374999999999999 0.84375 0.23374999999999999 0.84375 0.24874999999999997 0.8712500000000001 0.24874999999999997 0.8712500000000001 0.23374999999999999
2 0.905 0.26375000000000004 0.89 0.26375000000000004 0.89 0.29125 0.905 0.29125 0.905 0.26375000000000004
2 0.91375 0.265 0.9 0.265 0.9 0.2925 0.91375 0.2925 0.91375 0.265
2 0.9275 0.265 0.9125 0.265 0.9125 0.29375 0.9275 0.29375 0.9275 0.265
2 0.93875 0.255 0.9237500000000001 0.255 0.9237500000000001 0.28250000000000003 0.93875 0.28250000000000003 0.93875 0.255
2 0.945 0.25125000000000003 0.93125 0.25125000000000003 0.93125 0.27999999999999997 0.945 0.27999999999999997 0.945 0.25125000000000003
2 0.9512499999999999 0.24874999999999997 0.93625 0.24874999999999997 0.93625 0.275 0.9512499999999999 0.275 0.9512499999999999 0.24874999999999997
2 0.9675 0.24625 0.9512499999999999 0.24625 0.9512499999999999 0.27375 0.9675 0.27375 0.9675 0.24625
2 0.9724999999999999 0.24500000000000002 0.96 0.24500000000000002 0.96 0.2725 0.9724999999999999 0.2725 0.9724999999999999 0.24500000000000002
2 0.95375 0.28375 0.93875 0.28375 0.93875 0.31124999999999997 0.95375 0.31124999999999997 0.95375 0.28375
2 0.9637499999999999 0.28625 0.9487500000000001 0.28625 0.9487500000000001 0.3125 0.9637499999999999 0.3125 0.9637499999999999 0.28625
2 0.9824999999999999 0.27749999999999997 0.96875 0.27749999999999997 0.96875 0.305 0.9824999999999999 0.305 0.9824999999999999 0.27749999999999997
2 0.9875 0.24 0.9724999999999999 0.24 0.9724999999999999 0.26749999999999996 0.9875 0.26749999999999996 0.9875 0.24
2 1 0.24375 0.9887499999999999 0.24375 0.9887499999999999 0.27 1 0.27 1 0.24375
2 0.3375 0.23374999999999999 0.33125 0.23374999999999999 0.33125 0.2475 0.3375 0.2475 0.3375 0.23374999999999999
2 0.34500000000000003 0.10375000000000001 0.3375 0.10375000000000001 0.3375 0.11875 0.34500000000000003 0.11875 0.34500000000000003 0.10375000000000001
2 0.55625 0.51375 0.545 0.51375 0.545 0.5225 0.55625 0.5225 0.55625 0.51375
2 0.365 0.5587500000000001 0.3525 0.5587500000000001 0.3525 0.5700000000000001 0.365 0.5700000000000001 0.365 0.5587500000000001
2 0.042499999999999996 0.7212500000000001 0.03125 0.7212500000000001 0.03125 0.7325 0.042499999999999996 0.7325 0.042499999999999996 0.7212500000000001
2 0.075 0.7175 0.0625 0.7175 0.0625 0.72875 0.075 0.72875 0.075 0.7175
2 0.0925 0.71 0.08125 0.71 0.08125 0.7224999999999999 0.0925 0.7224999999999999 0.0925 0.71
2 0.10874999999999999 0.7075 0.0975 0.7075 0.0975 0.7175 0.10874999999999999 0.7175 0.10874999999999999 0.7075
2 0.13625 0.69625 0.12250000000000001 0.69625 0.12250000000000001 0.70625 0.13625 0.70625 0.13625 0.69625
2 0.14375 0.68875 0.1325 0.68875 0.1325 0.69625 0.14375 0.69625 0.14375 0.68875
2 0.16125 0.6825 0.14875 0.6825 0.14875 0.6912499999999999 0.16125 0.6912499999999999 0.16125 0.6825
2 0.16625 0.6875 0.155 0.6875 0.155 0.6975 0.16625 0.6975 0.16625 0.6875
2 0.18 0.6825 0.16625 0.6825 0.16625 0.6912499999999999 0.18 0.6912499999999999 0.18 0.6825
2 0.29 0.95 0.28375 0.95 0.28375 0.9650000000000001 0.29 0.9650000000000001 0.29 0.95