2 0.57125 0.73125 0.5587500000000001 0.73125 0.5587500000000001 0.7375 0.57125 0.7375 0.57125 0.73125
2 0.76375 0.77125 0.7537499999999999 0.77125 0.7537499999999999 0.77625 0.76375 0.77625 0.76375 0.77125
2 0.79375 0.76625 0.7825 0.76625 0.7825 0.77125 0.79375 0.77125 0.79375 0.76625
2 0.845 0.745 0.8324999999999999 0.745 0.8324999999999999 0.7525000000000001 0.845 0.7525000000000001 0.845 0.745
2 0.9724999999999999 0.7787499999999999 0.9637499999999999 0.7787499999999999 0.9637499999999999 0.7837500000000001 0.9724999999999999 0.7837500000000001 0.9724999999999999 0.7787499999999999
2 0.54625 0.9724999999999999 0.5349999999999999 0.9724999999999999 0.5349999999999999 0.9800000000000001 0.54625 0.9800000000000001 0.54625 0.9724999999999999
2 0.5387500000000001 0.7262500000000001 0.5275000000000001 0.7262500000000001 0.5275000000000001 0.7325 0.5387500000000001 0.7325 0.5387500000000001 0.7262500000000001
2 0.09875 0.4375 0.0925 0.4375 0.0925 0.44625000000000004 0.09875 0.44625000000000004 0.09875 0.4375
2 0.42874999999999996 0.7424999999999999 0.41624999999999995 0.7424999999999999 0.41624999999999995 0.74875 0.42874999999999996 0.74875 0.42874999999999996 0.7424999999999999
2 0.36625 0.72 0.35375 0.72 0.35375 0.7262500000000001 0.36625 0.7262500000000001 0.36625 0.72
2 0.11750000000000001 0.72375 0.10375000000000001 0.72375 0.10375000000000001 0.7325 0.11750000000000001 0.7325 0.11750000000000001 0.72375
2 0.43875000000000003 0.72375 0.42625 0.72375 0.42625 0.72875 0.43875000000000003 0.72875 0.43875000000000003 0.72375
2 0.85 0.78125 0.83625 0.78125 0.83625 0.7887500000000001 0.85 0.7887500000000001 0.85 0.78125
2 0.9324999999999999 0.7925 0.9199999999999999 0.7925 0.9199999999999999 0.8 0.9324999999999999 0.8 0.9324999999999999 0.7925
2 0.8699999999999999 0.77625 0.8574999999999999 0.77625 0.8574999999999999 0.7825 0.8699999999999999 0.7825 0.8699999999999999 0.77625
2 0.94625 0.8 0.9337500000000001 0.8 0.9337500000000001 0.8087500000000001 0.94625 0.8087500000000001 0.94625 0.8
2 0.22374999999999998 0.6174999999999999 0.2125 0.6174999999999999 0.2125 0.6275000000000001 0.22374999999999998 0.6275000000000001 0.22374999999999998 0.6174999999999999
2 0.16375 0.56375 0.15375 0.56375 0.15375 0.575 0.16375 0.575 0.16375 0.56375