2 0.7224999999999999 0.3675 0.71 0.3675 0.71 0.38375 0.7224999999999999 0.38375 0.7224999999999999 0.3675
2 0.7575000000000001 0.49625 0.7474999999999999 0.49625 0.7474999999999999 0.50625 0.7575000000000001 0.50625 0.7575000000000001 0.49625
2 0.0075 0.66875 0.00125 0.66875 0.00125 0.6825 0.0075 0.6825 0.0075 0.66875
2 0.37374999999999997 0.32375 0.3675 0.32375 0.3675 0.33875 0.37374999999999997 0.33875 0.37374999999999997 0.32375
2 0.3725 0.35875 0.3625 0.35875 0.3625 0.3725 0.3725 0.3725 0.3725 0.35875
2 0.4225 0.41500000000000004 0.4125 0.41500000000000004 0.4125 0.42750000000000005 0.4225 0.42750000000000005 0.4225 0.41500000000000004
2 0.42125 0.44000000000000006 0.4125 0.44000000000000006 0.4125 0.45499999999999996 0.42125 0.45499999999999996 0.42125 0.44000000000000006
2 0.3875 0.40875000000000006 0.38125 0.40875000000000006 0.38125 0.42374999999999996 0.3875 0.42374999999999996 0.3875 0.40875000000000006
2 0.36375 0.43875000000000003 0.35625 0.43875000000000003 0.35625 0.45125000000000004 0.36375 0.45125000000000004 0.36375 0.43875000000000003
2 0.38 0.3825 0.3725 0.3825 0.3725 0.4025 0.38 0.4025 0.38 0.3825
2 0.2875 0.0325 0.27999999999999997 0.0325 0.27999999999999997 0.0625 0.2875 0.0625 0.2875 0.0325
2 0.355 0.23500000000000001 0.34500000000000003 0.23500000000000001 0.34500000000000003 0.25 0.355 0.25 0.355 0.23500000000000001
2 0.3525 0.27375 0.34375 0.27375 0.34375 0.28625 0.3525 0.28625 0.3525 0.27375
2 0.36375 0.23500000000000001 0.355 0.23500000000000001 0.355 0.24625 0.36375 0.24625 0.36375 0.23500000000000001
2 0.1975 0.00375 0.1875 0.00375 0.1875 0.015 0.1975 0.015 0.1975 0.00375
2 0.33999999999999997 0.1775 0.33125 0.1775 0.33125 0.19125 0.33999999999999997 0.19125 0.33999999999999997 0.1775
2 0.195 0.027500000000000004 0.18625 0.027500000000000004 0.18625 0.03875 0.195 0.03875 0.195 0.027500000000000004
2 0.23374999999999999 0.0975 0.22374999999999998 0.0975 0.22374999999999998 0.1125 0.23374999999999999 0.1125 0.23374999999999999 0.0975
2 0.33375 0.095 0.32375 0.095 0.32375 0.11000000000000001 0.33375 0.11000000000000001 0.33375 0.095
2 0.41500000000000004 0.0375 0.40499999999999997 0.0375 0.40499999999999997 0.05 0.41500000000000004 0.05 0.41500000000000004 0.0375
2 0.41875 0.01 0.41 0.01 0.41 0.02375 0.41875 0.02375 0.41875 0.01
2 0.35625 0.0225 0.34750000000000003 0.0225 0.34750000000000003 0.03625 0.35625 0.03625 0.35625 0.0225
2 0.31375000000000003 0.11750000000000001 0.305 0.11750000000000001 0.305 0.13 0.31375000000000003 0.13 0.31375000000000003 0.11750000000000001
2 0.26749999999999996 0.15 0.2575 0.15 0.2575 0.16375 0.26749999999999996 0.16375 0.26749999999999996 0.15
2 1 0.9087500000000001 0.97625 0.9087500000000001 0.97625 0.9275 1 0.9275 1 0.9087500000000001
2 0.755 0.735 0.7112499999999999 0.735 0.7112499999999999 0.77125 0.755 0.77125 0.755 0.735
2 0.15875 0.45875000000000005 0.15125 0.45875000000000005 0.15125 0.47125000000000006 0.15875 0.47125000000000006 0.15875 0.45875000000000005
2 0.98375 0.8975 0.96875 0.8975 0.96875 0.9087500000000001 0.98375 0.9087500000000001 0.98375 0.8975
2 0.8875 0.7887500000000001 0.8800000000000001 0.7887500000000001 0.8800000000000001 0.8012499999999999 0.8875 0.8012499999999999 0.8875 0.7887500000000001
2 0.93125 0.8574999999999999 0.9199999999999999 0.8574999999999999 0.9199999999999999 0.8675 0.93125 0.8675 0.93125 0.8574999999999999
2 0.755 0.7262500000000001 0.745 0.7262500000000001 0.745 0.7375 0.755 0.7375 0.755 0.7262500000000001
2 0.91875 0.8625 0.9075 0.8625 0.9075 0.87375 0.91875 0.87375 0.91875 0.8625
2 0.915 0.8675 0.89875 0.8675 0.89875 0.8800000000000001 0.915 0.8800000000000001 0.915 0.8675
2 0.835 0.7925 0.8225 0.7925 0.8225 0.80375 0.835 0.80375 0.835 0.7925
2 0.5925 0.63125 0.58125 0.63125 0.58125 0.6425 0.5925 0.6425 0.5925 0.63125
2 0.665 0.69875 0.6537499999999999 0.69875 0.6537499999999999 0.71 0.665 0.71 0.665 0.69875
2 0.7162499999999999 0.3175 0.7075 0.3175 0.7075 0.32875 0.7162499999999999 0.32875 0.7162499999999999 0.3175
2 0.6912499999999999 0.40499999999999997 0.6775 0.40499999999999997 0.6775 0.42000000000000004 0.6912499999999999 0.42000000000000004 0.6912499999999999 0.40499999999999997
2 0.79125 0.42000000000000004 0.78125 0.42000000000000004 0.78125 0.43125 0.79125 0.43125 0.79125 0.42000000000000004
2 0.7325 0.45499999999999996 0.7212500000000001 0.45499999999999996 0.7212500000000001 0.46749999999999997 0.7325 0.46749999999999997 0.7325 0.45499999999999996
2 0.67875 0.46749999999999997 0.66875 0.46749999999999997 0.66875 0.47750000000000004 0.67875 0.47750000000000004 0.67875 0.46749999999999997
2 0.75 0.58875 0.7375 0.58875 0.7375 0.5974999999999999 0.75 0.5974999999999999 0.75 0.58875
2 0.8150000000000001 0.5525 0.80375 0.5525 0.80375 0.5650000000000001 0.8150000000000001 0.5650000000000001 0.8150000000000001 0.5525
2 0.8712500000000001 0.595 0.86 0.595 0.86 0.605 0.8712500000000001 0.605 0.8712500000000001 0.595
2 0.34249999999999997 0.8637499999999999 0.33375 0.8637499999999999 0.33375 0.87625 0.34249999999999997 0.87625 0.34249999999999997 0.8637499999999999
2 0.2 0.8387499999999999 0.1925 0.8387499999999999 0.1925 0.85125 0.2 0.85125 0.2 0.8387499999999999
2 0.028749999999999998 0.8125 0.0225 0.8125 0.0225 0.8225 0.028749999999999998 0.8225 0.028749999999999998 0.8125
2 0.03875 0.8150000000000001 0.03 0.8150000000000001 0.03 0.8275 0.03875 0.8275 0.03875 0.8150000000000001
2 0.04875 0.8162499999999999 0.04 0.8162499999999999 0.04 0.8275 0.04875 0.8275 0.04875 0.8162499999999999
2 0.065 0.8175000000000001 0.05625 0.8175000000000001 0.05625 0.8300000000000001 0.065 0.8300000000000001 0.065 0.8175000000000001
2 0.25125000000000003 0.8825 0.2425 0.8825 0.2425 0.89625 0.25125000000000003 0.89625 0.25125000000000003 0.8825
2 0.25 0.93 0.24125000000000002 0.93 0.24125000000000002 0.94375 0.25 0.94375 0.25 0.93
2 0.28250000000000003 0.86875 0.27375 0.86875 0.27375 0.8825 0.28250000000000003 0.8825 0.28250000000000003 0.86875
2 0.315 0.9337500000000001 0.30625 0.9337500000000001 0.30625 0.94625 0.315 0.94625 0.315 0.9337500000000001
2 0.3825 0.9400000000000001 0.36875 0.9400000000000001 0.36875 0.9550000000000001 0.3825 0.9550000000000001 0.3825 0.9400000000000001
2 0.6287499999999999 0.185 0.6174999999999999 0.185 0.6174999999999999 0.19875 0.6287499999999999 0.19875 0.6287499999999999 0.185
2 0.48 0.155 0.47125000000000006 0.155 0.47125000000000006 0.16499999999999998 0.48 0.16499999999999998 0.48 0.155
2 0.6799999999999999 0.96 0.675 0.96 0.675 0.9724999999999999 0.6799999999999999 0.9724999999999999 0.6799999999999999 0.96
2 0.27625 0.8425 0.26625 0.8425 0.26625 0.85875 0.27625 0.85875 0.27625 0.8425
2 0.34500000000000003 0.8175000000000001 0.33625 0.8175000000000001 0.33625 0.83125 0.34500000000000003 0.83125 0.34500000000000003 0.8175000000000001
2 0.39125 0.7275 0.3825 0.7275 0.3825 0.73875 0.39125 0.73875 0.39125 0.7275
2 0.39625 0.76875 0.3875 0.76875 0.3875 0.78125 0.39625 0.78125 0.39625 0.76875
2 0.42750000000000005 0.63875 0.41875 0.63875 0.41875 0.6525000000000001 0.42750000000000005 0.6525000000000001 0.42750000000000005 0.63875
2 0.61125 0.31375000000000003 0.6 0.31375000000000003 0.6 0.325 0.61125 0.325 0.61125 0.31375000000000003
2 0.515 0.365 0.50875 0.365 0.50875 0.37625000000000003 0.515 0.37625000000000003 0.515 0.365
2 0.5175 0.39375 0.50875 0.39375 0.50875 0.40750000000000003 0.5175 0.40750000000000003 0.5175 0.39375
2 0.51125 0.44875 0.50625 0.44875 0.50625 0.45999999999999996 0.51125 0.45999999999999996 0.51125 0.44875
2 0.4325 0.5325 0.42000000000000004 0.5325 0.42000000000000004 0.5425 0.4325 0.5425 0.4325 0.5325
2 0.45999999999999996 0.55625 0.45125000000000004 0.55625 0.45125000000000004 0.56875 0.45999999999999996 0.56875 0.45999999999999996 0.55625
2 0.5974999999999999 0.66625 0.58375 0.66625 0.58375 0.6825 0.5974999999999999 0.6825 0.5974999999999999 0.66625
2 0.4375 0.64125 0.42750000000000005 0.64125 0.42750000000000005 0.6537499999999999 0.4375 0.6537499999999999 0.4375 0.64125
2 0.425 0.6900000000000001 0.41624999999999995 0.6900000000000001 0.41624999999999995 0.70375 0.425 0.70375 0.425 0.6900000000000001
2 0.5287499999999999 0.32125 0.5225 0.32125 0.5225 0.33375 0.5287499999999999 0.33375 0.5287499999999999 0.32125
2 0.06375 0.57125 0.05375 0.57125 0.05375 0.58125 0.06375 0.58125 0.06375 0.57125
2 0.16 0.6525000000000001 0.14750000000000002 0.6525000000000001 0.14750000000000002 0.66125 0.16 0.66125 0.16 0.6525000000000001
2 0.15625 0.665 0.145 0.665 0.145 0.6725 0.15625 0.6725 0.15625 0.665
2 0.135 0.73625 0.12375 0.73625 0.12375 0.74375 0.135 0.74375 0.135 0.73625
2 0.34249999999999997 0.6575 0.33375 0.6575 0.33375 0.67125 0.34249999999999997 0.67125 0.34249999999999997 0.6575
2 0.33375 0.75125 0.32625000000000004 0.75125 0.32625000000000004 0.7625 0.33375 0.7625 0.33375 0.75125
2 0.30874999999999997 0.75125 0.3 0.75125 0.3 0.765 0.30874999999999997 0.765 0.30874999999999997 0.75125
2 0.40625 0.7125 0.3975 0.7125 0.3975 0.725 0.40625 0.725 0.40625 0.7125
2 0.5725 0.3025 0.56375 0.3025 0.56375 0.315 0.5725 0.315 0.5725 0.3025
2 0.54 0.2975 0.5349999999999999 0.2975 0.5349999999999999 0.31124999999999997 0.54 0.31124999999999997 0.54 0.2975
2 0.54125 0.2225 0.53625 0.2225 0.53625 0.2325 0.54125 0.2325 0.54125 0.2225
2 0.495 0.045 0.4875 0.045 0.4875 0.057499999999999996 0.495 0.057499999999999996 0.495 0.045
2 0.52 0.0925 0.5125 0.0925 0.5125 0.10500000000000001 0.52 0.10500000000000001 0.52 0.0925
2 0.5900000000000001 0.0875 0.58125 0.0875 0.58125 0.1 0.5900000000000001 0.1 0.5900000000000001 0.0875
2 0.51125 0.13874999999999998 0.505 0.13874999999999998 0.505 0.15 0.51125 0.15 0.51125 0.13874999999999998
2 0.5275000000000001 0.1675 0.52125 0.1675 0.52125 0.17875000000000002 0.5275000000000001 0.17875000000000002 0.5275000000000001 0.1675
2 0.5 0.03125 0.49124999999999996 0.03125 0.49124999999999996 0.045 0.5 0.045 0.5 0.03125
2 0.51 0.08499999999999999 0.50125 0.08499999999999999 0.50125 0.10124999999999999 0.51 0.10124999999999999 0.51 0.08499999999999999
2 0.6775 0.25 0.66625 0.25 0.66625 0.2625 0.6775 0.2625 0.6775 0.25
2 0.44749999999999995 0.0925 0.43875000000000003 0.0925 0.43875000000000003 0.10500000000000001 0.44749999999999995 0.10500000000000001 0.44749999999999995 0.0925
2 0.48 0.12375 0.4725 0.12375 0.4725 0.135 0.48 0.135 0.48 0.12375
2 0.525 0.8637499999999999 0.51375 0.8637499999999999 0.51375 0.8724999999999999 0.525 0.8724999999999999 0.525 0.8637499999999999
2 0.14375 0.7075 0.1325 0.7075 0.1325 0.7150000000000001 0.14375 0.7150000000000001 0.14375 0.7075
2 0.14625 0.7 0.1325 0.7 0.1325 0.71 0.14625 0.71 0.14625 0.7