2 0.70375 0.5625 0.6925 0.5625 0.6925 0.57375 0.70375 0.57375 0.70375 0.5625
2 0.73875 0.4375 0.7275 0.4375 0.7275 0.44875 0.73875 0.44875 0.73875 0.4375
2 0.7575000000000001 0.44000000000000006 0.745 0.44000000000000006 0.745 0.45125000000000004 0.7575000000000001 0.45125000000000004 0.7575000000000001 0.44000000000000006
2 0.85 0.50875 0.8387499999999999 0.50875 0.8387499999999999 0.51875 0.85 0.51875 0.85 0.50875
2 0.8162499999999999 0.43875000000000003 0.80625 0.43875000000000003 0.80625 0.44875 0.8162499999999999 0.44875 0.8162499999999999 0.43875000000000003
2 0.8025 0.41624999999999995 0.7925 0.41624999999999995 0.7925 0.42874999999999996 0.8025 0.42874999999999996 0.8025 0.41624999999999995
2 0.7787499999999999 0.37374999999999997 0.77 0.37374999999999997 0.77 0.385 0.7787499999999999 0.385 0.7787499999999999 0.37374999999999997
2 0.6 0.3275 0.58875 0.3275 0.58875 0.3375 0.6 0.3375 0.6 0.3275
2 0.43499999999999994 0.20375000000000001 0.4225 0.20375000000000001 0.4225 0.21375000000000002 0.43499999999999994 0.21375000000000002 0.43499999999999994 0.20375000000000001
2 0.5825 0.11000000000000001 0.5675 0.11000000000000001 0.5675 0.11625 0.5825 0.11625 0.5825 0.11000000000000001
2 0.4925 0.10375000000000001 0.48125 0.10375000000000001 0.48125 0.1125 0.4925 0.1125 0.4925 0.10375000000000001
2 0.31375000000000003 0.12250000000000001 0.3 0.12250000000000001 0.3 0.13374999999999998 0.31375000000000003 0.13374999999999998 0.31375000000000003 0.12250000000000001
2 0.36124999999999996 0.14750000000000002 0.34750000000000003 0.14750000000000002 0.34750000000000003 0.15875 0.36124999999999996 0.15875 0.36124999999999996 0.14750000000000002
2 0.205 0.07375000000000001 0.1925 0.07375000000000001 0.1925 0.08499999999999999 0.205 0.08499999999999999 0.205 0.07375000000000001
2 0.39 0.21625 0.3775 0.21625 0.3775 0.22625 0.39 0.22625 0.39 0.21625
2 0.325 0.17875000000000002 0.3125 0.17875000000000002 0.3125 0.1875 0.325 0.1875 0.325 0.17875000000000002
2 0.2475 0.13999999999999999 0.23625 0.13999999999999999 0.23625 0.14875 0.2475 0.14875 0.2475 0.13999999999999999
2 0.27 0.13874999999999998 0.25875 0.13874999999999998 0.25875 0.14875 0.27 0.14875 0.27 0.13874999999999998
2 0.20249999999999999 0.1125 0.19 0.1125 0.19 0.12250000000000001 0.20249999999999999 0.12250000000000001 0.20249999999999999 0.1125
2 0.18875 0.11625 0.17375000000000002 0.11625 0.17375000000000002 0.125 0.18875 0.125 0.18875 0.11625
2 0.12250000000000001 0.0925 0.1075 0.0925 0.1075 0.10500000000000001 0.12250000000000001 0.10500000000000001 0.12250000000000001 0.0925
2 0.135 0.08875 0.12125 0.08875 0.12125 0.09875 0.135 0.09875 0.135 0.08875
2 0.09125 0.08375 0.07875 0.08375 0.07875 0.09375 0.09125 0.09375 0.09125 0.08375
2 0.7575000000000001 0.68625 0.7474999999999999 0.68625 0.7474999999999999 0.7 0.7575000000000001 0.7 0.7575000000000001 0.68625
2 0.9974999999999999 0.6825 0.9875 0.6825 0.9875 0.6875 0.9974999999999999 0.6875 0.9974999999999999 0.6825
2 0.93 0.9412499999999999 0.91625 0.9412499999999999 0.91625 0.9512499999999999 0.93 0.9512499999999999 0.93 0.9412499999999999
2 0.86875 0.89 0.86 0.89 0.86 0.9012499999999999 0.86875 0.9012499999999999 0.86875 0.89
2 0.7825 0.76375 0.775 0.76375 0.775 0.77625 0.7825 0.77625 0.7825 0.76375
2 0.85 0.83625 0.8400000000000001 0.83625 0.8400000000000001 0.85 0.85 0.85 0.85 0.83625
2 0.5825 0.63 0.5700000000000001 0.63 0.5700000000000001 0.6375 0.5825 0.6375 0.5825 0.63
2 0.58875 0.64 0.575 0.64 0.575 0.65 0.58875 0.65 0.58875 0.64
2 0.5925 0.6625 0.58375 0.6625 0.58375 0.67125 0.5925 0.67125 0.5925 0.6625
2 0.6025 0.67625 0.5912499999999999 0.67625 0.5912499999999999 0.68875 0.6025 0.68875 0.6025 0.67625
2 0.61875 0.69625 0.6075 0.69625 0.6075 0.70625 0.61875 0.70625 0.61875 0.69625
2 0.63625 0.70625 0.62375 0.70625 0.62375 0.71875 0.63625 0.71875 0.63625 0.70625
2 0.70875 0.85375 0.6975 0.85375 0.6975 0.8612500000000001 0.70875 0.8612500000000001 0.70875 0.85375
2 0.7075 0.8875 0.69625 0.8875 0.69625 0.9 0.7075 0.9 0.7075 0.8875
2 0.5549999999999999 0.9724999999999999 0.5475 0.9724999999999999 0.5475 0.9824999999999999 0.5549999999999999 0.9824999999999999 0.5549999999999999 0.9724999999999999
2 0.6287499999999999 0.70375 0.6212500000000001 0.70375 0.6212500000000001 0.7150000000000001 0.6287499999999999 0.7150000000000001 0.6287499999999999 0.70375
2 0.8175000000000001 0.93875 0.8099999999999999 0.93875 0.8099999999999999 0.9512499999999999 0.8175000000000001 0.9512499999999999 0.8175000000000001 0.93875