2 0.43499999999999994 0.95375 0.4225 0.95375 0.4225 0.9637499999999999 0.43499999999999994 0.9637499999999999 0.43499999999999994 0.95375
2 0.5825 0.86 0.5675 0.86 0.5675 0.86625 0.5825 0.86625 0.5825 0.86
2 0.4925 0.85375 0.48125 0.85375 0.48125 0.8625 0.4925 0.8625 0.4925 0.85375
2 0.31124999999999997 0.8724999999999999 0.3 0.8724999999999999 0.3 0.88125 0.31124999999999997 0.88125 0.31124999999999997 0.8724999999999999
2 0.36124999999999996 0.8975 0.34750000000000003 0.8975 0.34750000000000003 0.9087500000000001 0.36124999999999996 0.9087500000000001 0.36124999999999996 0.8975
2 0.205 0.8237500000000001 0.1925 0.8237500000000001 0.1925 0.835 0.205 0.835 0.205 0.8237500000000001
2 0.39 0.9662499999999999 0.3775 0.9662499999999999 0.3775 0.97625 0.39 0.97625 0.39 0.9662499999999999
2 0.325 0.92875 0.3125 0.92875 0.3125 0.9375 0.325 0.9375 0.325 0.92875
2 0.2475 0.89 0.23625 0.89 0.23625 0.89875 0.2475 0.89875 0.2475 0.89
2 0.27 0.8887499999999999 0.25875 0.8887499999999999 0.25875 0.89875 0.27 0.89875 0.27 0.8887499999999999
2 0.20249999999999999 0.8625 0.19 0.8625 0.19 0.8724999999999999 0.20249999999999999 0.8724999999999999 0.20249999999999999 0.8625
2 0.18875 0.86625 0.17375000000000002 0.86625 0.17375000000000002 0.875 0.18875 0.875 0.18875 0.86625
2 0.12250000000000001 0.8425 0.1075 0.8425 0.1075 0.8550000000000001 0.12250000000000001 0.8550000000000001 0.12250000000000001 0.8425
2 0.135 0.8387499999999999 0.12125 0.8387499999999999 0.12125 0.8487500000000001 0.135 0.8487500000000001 0.135 0.8387499999999999
2 0.09125 0.83375 0.07875 0.83375 0.07875 0.84375 0.09125 0.84375 0.09125 0.83375