2 0.3375 0.51625 0.3275 0.51625 0.3275 0.525 0.3375 0.525 0.3375 0.51625
2 0.38125 0.51 0.36875 0.51 0.36875 0.5175 0.38125 0.5175 0.38125 0.51
2 0.39625 0.5 0.385 0.5 0.385 0.50625 0.39625 0.50625 0.39625 0.5
2 0.39625 0.50625 0.38625 0.50625 0.38625 0.51375 0.39625 0.51375 0.39625 0.50625
2 0.41 0.50125 0.39875 0.50125 0.39875 0.50875 0.41 0.50875 0.41 0.50125
2 0.43875000000000003 0.39875 0.4325 0.39875 0.4325 0.41 0.43875000000000003 0.41 0.43875000000000003 0.39875
2 0.43624999999999997 0.41375 0.43125 0.41375 0.43125 0.425 0.43624999999999997 0.425 0.43624999999999997 0.41375
2 0.43624999999999997 0.42750000000000005 0.43125 0.42750000000000005 0.43125 0.43875000000000003 0.43624999999999997 0.43875000000000003 0.43624999999999997 0.42750000000000005
2 0.43624999999999997 0.4425 0.42874999999999996 0.4425 0.42874999999999996 0.45125000000000004 0.43624999999999997 0.45125000000000004 0.43624999999999997 0.4425
2 0.44375 0.44749999999999995 0.43624999999999997 0.44749999999999995 0.43624999999999997 0.46125 0.44375 0.46125 0.44375 0.44749999999999995
2 0.44375 0.41125 0.4375 0.41125 0.4375 0.425 0.44375 0.425 0.44375 0.41125
2 0.445 0.4 0.4375 0.4 0.4375 0.41125 0.445 0.41125 0.445 0.4
2 0.45375 0.3675 0.44625000000000004 0.3675 0.44625000000000004 0.37625000000000003 0.45375 0.37625000000000003 0.45375 0.3675
2 0.45875000000000005 0.35125 0.45 0.35125 0.45 0.3625 0.45875000000000005 0.3625 0.45875000000000005 0.35125
2 0.46375 0.335 0.45499999999999996 0.335 0.45499999999999996 0.34625 0.46375 0.34625 0.46375 0.335
2 0.465 0.315 0.45499999999999996 0.315 0.45499999999999996 0.32999999999999996 0.465 0.32999999999999996 0.465 0.315
2 0.475 0.28875 0.465 0.28875 0.465 0.30125 0.475 0.30125 0.475 0.28875
2 0.4925 0.27875 0.48250000000000004 0.27875 0.48250000000000004 0.29125 0.4925 0.29125 0.4925 0.27875
2 0.5037499999999999 0.265 0.495 0.265 0.495 0.27749999999999997 0.5037499999999999 0.27749999999999997 0.5037499999999999 0.265
2 0.515 0.25375000000000003 0.50625 0.25375000000000003 0.50625 0.26375000000000004 0.515 0.26375000000000004 0.515 0.25375000000000003
2 0.5275000000000001 0.24 0.51625 0.24 0.51625 0.2525 0.5275000000000001 0.2525 0.5275000000000001 0.24
2 0.12 0.70125 0.1025 0.70125 0.1025 0.725 0.12 0.725 0.12 0.70125
2 1 0.8574999999999999 0.99125 0.8574999999999999 0.99125 0.86875 1 0.86875 1 0.8574999999999999
2 0.99 0.86875 0.9662499999999999 0.86875 0.9662499999999999 0.8875 0.99 0.8875 0.99 0.86875
2 0.3725 0.48250000000000004 0.35 0.48250000000000004 0.35 0.49749999999999994 0.3725 0.49749999999999994 0.3725 0.48250000000000004
2 0.48125 0.30125 0.465 0.30125 0.465 0.32375 0.48125 0.32375 0.48125 0.30125
2 0.5775 0.43499999999999994 0.5650000000000001 0.43499999999999994 0.5650000000000001 0.44375 0.5775 0.44375 0.5775 0.43499999999999994
2 0.3525 0.51125 0.34125 0.51125 0.34125 0.52 0.3525 0.52 0.3525 0.51125
2 0.25875 0.525 0.24500000000000002 0.525 0.24500000000000002 0.5375 0.25875 0.5375 0.25875 0.525
2 0.26125 0.05625 0.25375000000000003 0.05625 0.25375000000000003 0.0675 0.26125 0.0675 0.26125 0.05625
2 0.26125 0.5425 0.24874999999999997 0.5425 0.24874999999999997 0.5525 0.26125 0.5525 0.26125 0.5425
2 0.9324999999999999 0.8699999999999999 0.92125 0.8699999999999999 0.92125 0.8825 0.9324999999999999 0.8825 0.9324999999999999 0.8699999999999999
2 0.9199999999999999 0.8625 0.9087500000000001 0.8625 0.9087500000000001 0.87625 0.9199999999999999 0.87625 0.9199999999999999 0.8625
2 0.9400000000000001 0.85 0.92875 0.85 0.92875 0.8637499999999999 0.9400000000000001 0.8637499999999999 0.9400000000000001 0.85
2 0.93 0.85625 0.91875 0.85625 0.91875 0.86875 0.93 0.86875 0.93 0.85625
2 0.92875 0.9025000000000001 0.92125 0.9025000000000001 0.92125 0.9125 0.92875 0.9125 0.92875 0.9025000000000001
2 0.9412499999999999 0.89875 0.9324999999999999 0.89875 0.9324999999999999 0.9087500000000001 0.9412499999999999 0.9087500000000001 0.9412499999999999 0.89875
2 0.9512499999999999 0.89375 0.94375 0.89375 0.94375 0.9037499999999999 0.9512499999999999 0.9037499999999999 0.9512499999999999 0.89375
2 0.93625 0.7875 0.9262499999999999 0.7875 0.9262499999999999 0.79875 0.93625 0.79875 0.93625 0.7875
2 0.945 0.7825 0.93625 0.7825 0.93625 0.79375 0.945 0.79375 0.945 0.7825
2 0.925 0.7925 0.9175000000000001 0.7925 0.9175000000000001 0.80375 0.925 0.80375 0.925 0.7925
2 0.91625 0.7975 0.9075 0.7975 0.9075 0.8087500000000001 0.91625 0.8087500000000001 0.91625 0.7975
2 0.975 0.77 0.9675 0.77 0.9675 0.78 0.975 0.78 0.975 0.77
2 0.9800000000000001 0.765 0.9724999999999999 0.765 0.9724999999999999 0.77625 0.9800000000000001 0.77625 0.9800000000000001 0.765
2 0.985 0.7625 0.9775 0.7625 0.9775 0.775 0.985 0.775 0.985 0.7625
2 0.042499999999999996 0.84375 0.03375 0.84375 0.03375 0.8574999999999999 0.042499999999999996 0.8574999999999999 0.042499999999999996 0.84375
2 0.13999999999999999 0.6599999999999999 0.13 0.6599999999999999 0.13 0.6725 0.13999999999999999 0.6725 0.13999999999999999 0.6599999999999999
2 0.14125000000000001 0.67875 0.12875 0.67875 0.12875 0.6912499999999999 0.14125000000000001 0.6912499999999999 0.14125000000000001 0.67875
2 0.1875 0.60375 0.1775 0.60375 0.1775 0.6174999999999999 0.1875 0.6174999999999999 0.1875 0.60375
2 0.23500000000000001 0.55375 0.22125 0.55375 0.22125 0.5650000000000001 0.23500000000000001 0.5650000000000001 0.23500000000000001 0.55375
2 0.24500000000000002 0.03875 0.24 0.03875 0.24 0.04875 0.24500000000000002 0.04875 0.24500000000000002 0.03875
2 0.26875 0.01125 0.25875 0.01125 0.25875 0.02375 0.26875 0.02375 0.26875 0.01125
2 0.9425000000000001 0.8625 0.9337500000000001 0.8625 0.9337500000000001 0.8724999999999999 0.9425000000000001 0.8724999999999999 0.9425000000000001 0.8625
2 0.6587500000000001 0.16375 0.6475 0.16375 0.6475 0.17250000000000001 0.6587500000000001 0.17250000000000001 0.6587500000000001 0.16375
2 0.655 0.12125 0.64375 0.12125 0.64375 0.1325 0.655 0.1325 0.655 0.12125
2 0.6950000000000001 0.09125 0.6837500000000001 0.09125 0.6837500000000001 0.1025 0.6950000000000001 0.1025 0.6950000000000001 0.09125
2 0.93625 0.865 0.9275 0.865 0.9275 0.8775000000000001 0.93625 0.8775000000000001 0.93625 0.865
2 0.9262499999999999 0.87625 0.91625 0.87625 0.91625 0.8862500000000001 0.9262499999999999 0.8862500000000001 0.9262499999999999 0.87625
2 0.9087500000000001 0.87375 0.9012499999999999 0.87375 0.9012499999999999 0.8825 0.9087500000000001 0.8825 0.9087500000000001 0.87375
2 0.91375 0.86875 0.905 0.86875 0.905 0.8775000000000001 0.91375 0.8775000000000001 0.91375 0.86875
2 0.93 0.83375 0.92125 0.83375 0.92125 0.84375 0.93 0.84375 0.93 0.83375
2 0.01875 0.89625 0.008749999999999999 0.89625 0.008749999999999999 0.9075 0.01875 0.9075 0.01875 0.89625
2 0.44625000000000004 0.47750000000000004 0.43499999999999994 0.47750000000000004 0.43499999999999994 0.48875 0.44625000000000004 0.48875 0.44625000000000004 0.47750000000000004
2 0.16125 0.61 0.1525 0.61 0.1525 0.62 0.16125 0.62 0.16125 0.61
2 0.15875 0.6275000000000001 0.15 0.6275000000000001 0.15 0.6375 0.15875 0.6375 0.15875 0.6275000000000001
2 0.16999999999999998 0.60875 0.16125 0.60875 0.16125 0.62 0.16999999999999998 0.62 0.16999999999999998 0.60875
2 0.185 0.595 0.1775 0.595 0.1775 0.605 0.185 0.605 0.185 0.595
2 0.1775 0.49874999999999997 0.16625 0.49874999999999997 0.16625 0.50625 0.1775 0.50625 0.1775 0.49874999999999997
2 0.175 0.4875 0.16499999999999998 0.4875 0.16499999999999998 0.495 0.175 0.495 0.175 0.4875
2 0.175 0.48375 0.16499999999999998 0.48375 0.16499999999999998 0.48875 0.175 0.48875 0.175 0.48375
2 0.1675 0.44125 0.1575 0.44125 0.1575 0.445 0.1675 0.445 0.1675 0.44125
2 0.16 0.3675 0.155 0.3675 0.155 0.3775 0.16 0.3775 0.16 0.3675
2 0.17875000000000002 0.3075 0.175 0.3075 0.175 0.3175 0.17875000000000002 0.3175 0.17875000000000002 0.3075
2 0.26125 0.045 0.25625 0.045 0.25625 0.05375 0.26125 0.05375 0.26125 0.045
2 0.96875 0.26625 0.9574999999999999 0.26625 0.9574999999999999 0.27625 0.96875 0.27625 0.96875 0.26625
2 0.9199999999999999 0.8787499999999999 0.9099999999999999 0.8787499999999999 0.9099999999999999 0.89 0.9199999999999999 0.89 0.9199999999999999 0.8787499999999999
2 0.99 0.825 0.9800000000000001 0.825 0.9800000000000001 0.8375 0.99 0.8375 0.99 0.825
2 0.9724999999999999 0.8324999999999999 0.9637499999999999 0.8324999999999999 0.9637499999999999 0.845 0.9724999999999999 0.845 0.9724999999999999 0.8324999999999999
2 0.96875 0.8474999999999999 0.96125 0.8474999999999999 0.96125 0.8574999999999999 0.96875 0.8574999999999999 0.96875 0.8474999999999999
2 0.9625 0.85375 0.9525 0.85375 0.9525 0.8637499999999999 0.9625 0.8637499999999999 0.9625 0.85375
2 0.95625 0.8425 0.945 0.8425 0.945 0.85625 0.95625 0.85625 0.95625 0.8425
2 0.9650000000000001 0.8375 0.95375 0.8375 0.95375 0.85 0.9650000000000001 0.85 0.9650000000000001 0.8375
2 0.9775 0.8300000000000001 0.97 0.8300000000000001 0.97 0.8412499999999999 0.9775 0.8412499999999999 0.9775 0.8300000000000001
2 1 0.82 0.9925 0.82 0.9925 0.8300000000000001 1 0.8300000000000001 1 0.82
2 0.9025000000000001 0.89125 0.89125 0.89125 0.89125 0.9025000000000001 0.9025000000000001 0.9025000000000001 0.9025000000000001 0.89125
2 0.9075 0.8875 0.8975 0.8875 0.8975 0.89875 0.9075 0.89875 0.9075 0.8875
2 0.9112500000000001 0.885 0.9037499999999999 0.885 0.9037499999999999 0.8949999999999999 0.9112500000000001 0.8949999999999999 0.9112500000000001 0.885
2 0.36375 0.51375 0.3525 0.51375 0.3525 0.52125 0.36375 0.52125 0.36375 0.51375
2 0.36625 0.50625 0.35375 0.50625 0.35375 0.515 0.36625 0.515 0.36625 0.50625
2 0.38 0.50125 0.37 0.50125 0.37 0.50875 0.38 0.50875 0.38 0.50125
2 0.9337500000000001 0.9 0.9275 0.9 0.9275 0.91375 0.9337500000000001 0.91375 0.9337500000000001 0.9