2 0.33875 0.6475 0.325 0.6475 0.325 0.6575 0.33875 0.6575 0.33875 0.6475
2 0.0075 0.44000000000000006 0.00125 0.44000000000000006 0.00125 0.45125000000000004 0.0075 0.45125000000000004 0.0075 0.44000000000000006
2 0.1 0.50875 0.08875 0.50875 0.08875 0.51875 0.1 0.51875 0.1 0.50875
2 0.06625 0.43875000000000003 0.05625 0.43875000000000003 0.05625 0.44875 0.06625 0.44875 0.06625 0.43875000000000003
2 0.052500000000000005 0.41624999999999995 0.042499999999999996 0.41624999999999995 0.042499999999999996 0.42874999999999996 0.052500000000000005 0.42874999999999996 0.052500000000000005 0.41624999999999995
2 0.028749999999999998 0.37374999999999997 0.02 0.37374999999999997 0.02 0.385 0.028749999999999998 0.385 0.028749999999999998 0.37374999999999997
2 0.40625 0.18 0.395 0.18 0.395 0.19 0.40625 0.19 0.40625 0.18
2 0.275 0.13374999999999998 0.26375000000000004 0.13374999999999998 0.26375000000000004 0.13999999999999999 0.275 0.13999999999999999 0.275 0.13374999999999998
2 0.395 0.61875 0.3825 0.61875 0.3825 0.6275000000000001 0.395 0.6275000000000001 0.395 0.61875
2 0.0075 0.68625 0.00125 0.68625 0.00125 0.7 0.0075 0.7 0.0075 0.68625
2 0.2475 0.6825 0.2375 0.6825 0.2375 0.6875 0.2475 0.6875 0.2475 0.6825
2 0.38875000000000004 0.885 0.37875000000000003 0.885 0.37875000000000003 0.8975 0.38875000000000004 0.8975 0.38875000000000004 0.885
2 0.35 0.9012499999999999 0.33625 0.9012499999999999 0.33625 0.91375 0.35 0.91375 0.35 0.9012499999999999
2 0.18 0.9412499999999999 0.16625 0.9412499999999999 0.16625 0.9512499999999999 0.18 0.9512499999999999 0.18 0.9412499999999999
2 0.12125 0.8925000000000001 0.11000000000000001 0.8925000000000001 0.11000000000000001 0.9037499999999999 0.12125 0.9037499999999999 0.12125 0.8925000000000001
2 0.0325 0.76375 0.025 0.76375 0.025 0.77625 0.0325 0.77625 0.0325 0.76375
2 0.1 0.83625 0.09 0.83625 0.09 0.85 0.1 0.85 0.1 0.83625
2 0.74125 0.4375 0.735 0.4375 0.735 0.44625000000000004 0.74125 0.44625000000000004 0.74125 0.4375
2 0.5275000000000001 0.07875 0.515 0.07875 0.515 0.08499999999999999 0.5275000000000001 0.08499999999999999 0.5275000000000001 0.07875
2 0.45625 0.635 0.445 0.635 0.445 0.6425 0.45625 0.6425 0.45625 0.635
2 0.50625 0.6975 0.49625 0.6975 0.49625 0.705 0.50625 0.705 0.50625 0.6975
2 0.595 0.705 0.58375 0.705 0.58375 0.70875 0.595 0.70875 0.595 0.705
2 0.53625 0.65 0.52625 0.65 0.52625 0.6587500000000001 0.53625 0.6587500000000001 0.53625 0.65
2 1 0.72 0.9962500000000001 0.72 0.9962500000000001 0.7262500000000001 1 0.7262500000000001 1 0.72
2 0.76 0.72375 0.7462500000000001 0.72375 0.7462500000000001 0.7325 0.76 0.7325 0.76 0.72375
2 0.54375 0.5925 0.5337500000000001 0.5925 0.5337500000000001 0.60625 0.54375 0.60625 0.54375 0.5925
2 0.5662499999999999 0.55125 0.5587500000000001 0.55125 0.5587500000000001 0.56375 0.5662499999999999 0.56375 0.5662499999999999 0.55125
2 0.585 0.5912499999999999 0.57625 0.5912499999999999 0.57625 0.60375 0.585 0.60375 0.585 0.5912499999999999
2 0.6025 0.54375 0.59375 0.54375 0.59375 0.55625 0.6025 0.55625 0.6025 0.54375
2 0.6012500000000001 0.26375000000000004 0.5875 0.26375000000000004 0.5875 0.27999999999999997 0.6012500000000001 0.27999999999999997 0.6012500000000001 0.26375000000000004
2 0.62375 0.31124999999999997 0.61 0.31124999999999997 0.61 0.34249999999999997 0.62375 0.34249999999999997 0.62375 0.31124999999999997
2 0.45499999999999996 0.79875 0.43499999999999994 0.79875 0.43499999999999994 0.8225 0.45499999999999996 0.8225 0.45499999999999996 0.79875
2 0.61875 0.47874999999999995 0.60625 0.47874999999999995 0.60625 0.5037499999999999 0.61875 0.5037499999999999 0.61875 0.47874999999999995
2 0.55375 0.5912499999999999 0.5387500000000001 0.5912499999999999 0.5387500000000001 0.61625 0.55375 0.61625 0.55375 0.5912499999999999
2 0.48375 0.7162499999999999 0.47375 0.7162499999999999 0.47375 0.7275 0.48375 0.7275 0.48375 0.7162499999999999
2 0.5525 0.70375 0.54125 0.70375 0.54125 0.71 0.5525 0.71 0.5525 0.70375
2 0.49625 0.9087500000000001 0.48375 0.9087500000000001 0.48375 0.92125 0.49625 0.92125 0.49625 0.9087500000000001
2 0.62 0.83625 0.6075 0.83625 0.6075 0.8462500000000001 0.62 0.8462500000000001 0.62 0.83625
2 0.80625 0.5650000000000001 0.79625 0.5650000000000001 0.79625 0.575 0.80625 0.575 0.80625 0.5650000000000001
2 0.865 0.61875 0.85625 0.61875 0.85625 0.6275000000000001 0.865 0.6275000000000001 0.865 0.61875
2 0.4325 0.2 0.4225 0.2 0.4225 0.21000000000000002 0.4325 0.21000000000000002 0.4325 0.2
2 0.06625 0.93875 0.058750000000000004 0.93875 0.058750000000000004 0.95 0.06625 0.95 0.06625 0.93875
2 0.32375 0.9712500000000001 0.315 0.9712500000000001 0.315 0.9800000000000001 0.32375 0.9800000000000001 0.32375 0.9712500000000001