2 0.70375 1 0.70375 0.975 0.6849999999999999 0.975 0.6849999999999999 1 0.70375 1
2 0.6950000000000001 1 0.6950000000000001 0.9800000000000001 0.6799999999999999 0.9800000000000001 0.6799999999999999 1 0.6950000000000001 1
2 0.67625 1 0.67625 0.9862500000000001 0.665 0.9862500000000001 0.665 1 0.67625 1
2 0.6675 1 0.6675 0.99125 0.6575 0.99125 0.6575 1 0.6675 1
2 0.66625 0.93 0.645 0.93 0.645 0.9574999999999999 0.66625 0.9574999999999999 0.66625 0.93
2 0.6587500000000001 0.9349999999999999 0.64 0.9349999999999999 0.64 0.96125 0.6587500000000001 0.96125 0.6587500000000001 0.9349999999999999
2 0.6525000000000001 0.9400000000000001 0.6325000000000001 0.9400000000000001 0.6325000000000001 0.9650000000000001 0.6525000000000001 0.9650000000000001 0.6525000000000001 0.9400000000000001
2 0.645 0.94375 0.6287499999999999 0.94375 0.6287499999999999 0.96875 0.645 0.96875 0.645 0.94375
2 0.63125 0.95 0.61375 0.95 0.61375 0.97625 0.63125 0.97625 0.63125 0.95
2 0.5912499999999999 1 0.5912499999999999 0.975 0.5725 0.975 0.5725 1 0.5912499999999999 1
2 0.5662499999999999 1 0.5662499999999999 0.9862500000000001 0.5525 0.9862500000000001 0.5525 1 0.5662499999999999 1
2 0.76125 0.925 0.7375 0.925 0.7375 0.93875 0.76125 0.93875 0.76125 0.925
2 0.75875 0.8875 0.7325 0.8875 0.7325 0.9037499999999999 0.75875 0.9037499999999999 0.75875 0.8875
2 0.69625 0.9125 0.67125 0.9125 0.67125 0.9324999999999999 0.69625 0.9324999999999999 0.69625 0.9125
2 0.6925 0.90625 0.6675 0.90625 0.6675 0.925 0.6925 0.925 0.6925 0.90625
2 0.67875 0.8949999999999999 0.66125 0.8949999999999999 0.66125 0.9075 0.67875 0.9075 0.67875 0.8949999999999999
2 0.67875 0.9237500000000001 0.6587500000000001 0.9237500000000001 0.6587500000000001 0.9487500000000001 0.67875 0.9487500000000001 0.67875 0.9237500000000001
2 0.6637500000000001 0.9087500000000001 0.6525000000000001 0.9087500000000001 0.6525000000000001 0.9225 0.6637500000000001 0.9225 0.6637500000000001 0.9087500000000001
2 0.65 0.915 0.64 0.915 0.64 0.92875 0.65 0.92875 0.65 0.915
2 0.64625 0.91875 0.63625 0.91875 0.63625 0.93125 0.64625 0.93125 0.64625 0.91875
2 0.64 0.9225 0.6287499999999999 0.9225 0.6287499999999999 0.93625 0.64 0.93625 0.64 0.9225
2 0.63375 0.925 0.62375 0.925 0.62375 0.9375 0.63375 0.9375 0.63375 0.925
2 0.6287499999999999 0.92875 0.6174999999999999 0.92875 0.6174999999999999 0.9412499999999999 0.6287499999999999 0.9412499999999999 0.6287499999999999 0.92875
2 0.6224999999999999 0.9324999999999999 0.6125 0.9324999999999999 0.6125 0.94625 0.6224999999999999 0.94625 0.6224999999999999 0.9324999999999999
2 0.6174999999999999 0.93625 0.6075 0.93625 0.6075 0.9487500000000001 0.6174999999999999 0.9487500000000001 0.6174999999999999 0.93625
2 0.7275 0.845 0.7175 0.845 0.7175 0.85 0.7275 0.85 0.7275 0.845
2 0.72875 0.85125 0.71875 0.85125 0.71875 0.85875 0.72875 0.85875 0.72875 0.85125
2 0.76 0.89625 0.73375 0.89625 0.73375 0.9125 0.76 0.9125 0.76 0.89625
2 0.76375 0.9337500000000001 0.73875 0.9337500000000001 0.73875 0.9487500000000001 0.76375 0.9487500000000001 0.76375 0.9337500000000001
2 0.76625 0.95 0.74 0.95 0.74 0.9650000000000001 0.76625 0.9650000000000001 0.76625 0.95
2 0.77 1 0.77 0.9887499999999999 0.74375 0.9887499999999999 0.74375 1 0.77 1
2 0.76125 0.98125 0.745 0.98125 0.745 0.99375 0.76125 0.99375 0.76125 0.98125
2 0.7675 0.9724999999999999 0.7474999999999999 0.9724999999999999 0.7474999999999999 0.985 0.7675 0.985 0.7675 0.9724999999999999
2 0.7675 0.9650000000000001 0.745 0.9650000000000001 0.745 0.97875 0.7675 0.97875 0.7675 0.9650000000000001
2 0.69875 0.8625 0.6912499999999999 0.8625 0.6912499999999999 0.87375 0.69875 0.87375 0.69875 0.8625
2 0.6925 0.865 0.68625 0.865 0.68625 0.87625 0.6925 0.87625 0.6925 0.865
2 0.6875 0.86625 0.6825 0.86625 0.6825 0.8775000000000001 0.6875 0.8775000000000001 0.6875 0.86625
2 0.56875 0.44625000000000004 0.55625 0.44625000000000004 0.55625 0.4575 0.56875 0.4575 0.56875 0.44625000000000004
2 0.655 0.3875 0.64125 0.3875 0.64125 0.4 0.655 0.4 0.655 0.3875
2 0.64625 0.41375 0.6325000000000001 0.41375 0.6325000000000001 0.425 0.64625 0.425 0.64625 0.41375
2 0.54375 0.375 0.5325 0.375 0.5325 0.385 0.54375 0.385 0.54375 0.375
2 0.45875000000000005 0.31625000000000003 0.44625000000000004 0.31625000000000003 0.44625000000000004 0.32875 0.45875000000000005 0.32875 0.45875000000000005 0.31625000000000003
2 0.40875000000000006 0.36375 0.39875 0.36375 0.39875 0.37374999999999997 0.40875000000000006 0.37374999999999997 0.40875000000000006 0.36375
2 0.4175 0.37625000000000003 0.4025 0.37625000000000003 0.4025 0.3875 0.4175 0.3875 0.4175 0.37625000000000003
2 0.35750000000000004 0.34750000000000003 0.34375 0.34750000000000003 0.34375 0.36 0.35750000000000004 0.36 0.35750000000000004 0.34750000000000003
2 0.32625000000000004 0.32125 0.31124999999999997 0.32125 0.31124999999999997 0.33375 0.32625000000000004 0.33375 0.32625000000000004 0.32125
2 0.39249999999999996 0.315 0.37875000000000003 0.315 0.37875000000000003 0.32625000000000004 0.39249999999999996 0.32625000000000004 0.39249999999999996 0.315
2 0.38375 0.3 0.37124999999999997 0.3 0.37124999999999997 0.31124999999999997 0.38375 0.31124999999999997 0.38375 0.3
2 0.37625000000000003 0.26749999999999996 0.36375 0.26749999999999996 0.36375 0.27749999999999997 0.37625000000000003 0.27749999999999997 0.37625000000000003 0.26749999999999996
2 0.36 0.27125 0.34875 0.27125 0.34875 0.27999999999999997 0.36 0.27999999999999997 0.36 0.27125
2 0.3225 0.2725 0.31 0.2725 0.31 0.28125 0.3225 0.28125 0.3225 0.2725
2 0.76875 0.22000000000000003 0.76 0.22000000000000003 0.76 0.24625 0.76875 0.24625 0.76875 0.22000000000000003
2 0.76875 0.3075 0.76375 0.3075 0.76375 0.3175 0.76875 0.3175 0.76875 0.3075
2 0.49874999999999997 0.40499999999999997 0.485 0.40499999999999997 0.485 0.4175 0.49874999999999997 0.4175 0.49874999999999997 0.40499999999999997
2 0.58375 0.44125 0.57125 0.44125 0.57125 0.45125000000000004 0.58375 0.45125000000000004 0.58375 0.44125
2 0.80625 0.23500000000000001 0.8025 0.23500000000000001 0.8025 0.24500000000000002 0.80625 0.24500000000000002 0.80625 0.23500000000000001
2 0.6575 0.48250000000000004 0.645 0.48250000000000004 0.645 0.49124999999999996 0.6575 0.49124999999999996 0.6575 0.48250000000000004
2 0.2625 0.76 0.25125000000000003 0.76 0.25125000000000003 0.76625 0.2625 0.76625 0.2625 0.76
2 0.28875 0.76125 0.27999999999999997 0.76125 0.27999999999999997 0.76625 0.28875 0.76625 0.28875 0.76125
2 0.32 0.7625 0.31 0.7625 0.31 0.76875 0.32 0.76875 0.32 0.7625
2 0.35750000000000004 0.76125 0.34875 0.76125 0.34875 0.7675 0.35750000000000004 0.7675 0.35750000000000004 0.76125
2 0.7537499999999999 0.72 0.74375 0.72 0.74375 0.735 0.7537499999999999 0.735 0.7537499999999999 0.72
2 0.74 0.49124999999999996 0.73375 0.49124999999999996 0.73375 0.505 0.74 0.505 0.74 0.49124999999999996
2 0.7275 0.48875 0.72 0.48875 0.72 0.5 0.7275 0.5 0.7275 0.48875
2 0.7175 0.4875 0.7112499999999999 0.4875 0.7112499999999999 0.49625 0.7175 0.49625 0.7175 0.4875
2 0.7175 0.475 0.7125 0.475 0.7125 0.48375 0.7175 0.48375 0.7175 0.475
2 0.7787499999999999 0.5225 0.7675 0.5225 0.7675 0.5325 0.7787499999999999 0.5325 0.7787499999999999 0.5225
2 0.76125 0.52625 0.74875 0.52625 0.74875 0.53625 0.76125 0.53625 0.76125 0.52625
2 0.73375 0.5037499999999999 0.7212500000000001 0.5037499999999999 0.7212500000000001 0.5125 0.73375 0.5125 0.73375 0.5037499999999999
2 0.1625 0.50625 0.155 0.50625 0.155 0.5375 0.1625 0.5375 0.1625 0.50625
2 0.61625 0.40875000000000006 0.5912499999999999 0.40875000000000006 0.5912499999999999 0.425 0.61625 0.425 0.61625 0.40875000000000006
2 0.665 0.475 0.6537499999999999 0.475 0.6537499999999999 0.48624999999999996 0.665 0.48624999999999996 0.665 0.475
2 0.77125 0.29375 0.765 0.29375 0.765 0.305 0.77125 0.305 0.77125 0.29375
2 0.8025 0.19624999999999998 0.7975 0.19624999999999998 0.7975 0.20625 0.8025 0.20625 0.8025 0.19624999999999998
2 0.6825 0.86875 0.67625 0.86875 0.67625 0.8787499999999999 0.6825 0.8787499999999999 0.6825 0.86875
2 0.28250000000000003 0.22625 0.26749999999999996 0.22625 0.26749999999999996 0.24 0.28250000000000003 0.24 0.28250000000000003 0.22625
2 0.23500000000000001 0.1975 0.22125 0.1975 0.22125 0.20875 0.23500000000000001 0.20875 0.23500000000000001 0.1975
2 0.22999999999999998 0.20375000000000001 0.21625 0.20375000000000001 0.21625 0.21375000000000002 0.22999999999999998 0.21375000000000002 0.22999999999999998 0.20375000000000001
2 0.20125 0.22125 0.1875 0.22125 0.1875 0.23125 0.20125 0.23125 0.20125 0.22125
2 0.1325 0.23500000000000001 0.12250000000000001 0.23500000000000001 0.12250000000000001 0.2425 0.1325 0.2425 0.1325 0.23500000000000001
2 0.11750000000000001 0.23374999999999999 0.10375000000000001 0.23374999999999999 0.10375000000000001 0.24375 0.11750000000000001 0.24375 0.11750000000000001 0.23374999999999999
2 0.06875 0.1625 0.05625 0.1625 0.05625 0.17124999999999999 0.06875 0.17124999999999999 0.06875 0.1625
2 0.13 0.1525 0.11875 0.1525 0.11875 0.16 0.13 0.16 0.13 0.1525
2 0.0375 0.11750000000000001 0.025 0.11750000000000001 0.025 0.1275 0.0375 0.1275 0.0375 0.11750000000000001
2 0.18125 0.041249999999999995 0.17250000000000001 0.041249999999999995 0.17250000000000001 0.04625 0.18125 0.04625 0.18125 0.041249999999999995
2 0.1825 0.05 0.17250000000000001 0.05 0.17250000000000001 0.05625 0.1825 0.05625 0.1825 0.05
2 0.16125 0.05375 0.1525 0.05375 0.1525 0.057499999999999996 0.16125 0.057499999999999996 0.16125 0.05375
2 0.1625 0.03875 0.15375 0.03875 0.15375 0.04375 0.1625 0.04375 0.1625 0.03875
2 0.1625 0.027500000000000004 0.1525 0.027500000000000004 0.1525 0.0325 0.1625 0.0325 0.1625 0.027500000000000004
2 0.2625 0.17875000000000002 0.24625 0.17875000000000002 0.24625 0.19125 0.2625 0.19125 0.2625 0.17875000000000002
2 0.3 0.22875 0.28500000000000003 0.22875 0.28500000000000003 0.24125000000000002 0.3 0.24125000000000002 0.3 0.22875
2 0.7975 0.20625 0.7925 0.20625 0.7925 0.21625 0.7975 0.21625 0.7975 0.20625
2 0.49375 0.10874999999999999 0.485 0.10874999999999999 0.485 0.11625 0.49375 0.11625 0.49375 0.10874999999999999
2 0.8125 0.21000000000000002 0.80625 0.21000000000000002 0.80625 0.22000000000000003 0.8125 0.22000000000000003 0.8125 0.21000000000000002
2 0.8087500000000001 0.17375000000000002 0.805 0.17375000000000002 0.805 0.18375 0.8087500000000001 0.18375 0.8087500000000001 0.17375000000000002
2 0.745 0.3 0.7375 0.3 0.7375 0.31 0.745 0.31 0.745 0.3
2 0.75 0.28625 0.7424999999999999 0.28625 0.7424999999999999 0.2975 0.75 0.2975 0.75 0.28625
2 0.7525000000000001 0.275 0.7462500000000001 0.275 0.7462500000000001 0.28375 0.7525000000000001 0.28375 0.7525000000000001 0.275
2 0.755 0.26 0.74875 0.26 0.74875 0.27125 0.755 0.27125 0.755 0.26
2 0.77625 0.2125 0.77 0.2125 0.77 0.2225 0.77625 0.2225 0.77625 0.2125
2 0.76875 0.205 0.76375 0.205 0.76375 0.21625 0.76875 0.21625 0.76875 0.205
2 0.625 0.06 0.61625 0.06 0.61625 0.06375 0.625 0.06375 0.625 0.06
2 0.62375 0.05625 0.61375 0.05625 0.61375 0.058750000000000004 0.62375 0.058750000000000004 0.62375 0.05625
2 0.5725 0.25125000000000003 0.56125 0.25125000000000003 0.56125 0.25875 0.5725 0.25875 0.5725 0.25125000000000003
2 0.495 0.0775 0.48624999999999996 0.0775 0.48624999999999996 0.08625000000000001 0.495 0.08625000000000001 0.495 0.0775
2 0.49375 0.09 0.48624999999999996 0.09 0.48624999999999996 0.0975 0.49375 0.0975 0.49375 0.09
2 0.495 0.09625 0.485 0.09625 0.485 0.10500000000000001 0.495 0.10500000000000001 0.495 0.09625
2 0.49375 0.10375000000000001 0.485 0.10375000000000001 0.485 0.11000000000000001 0.49375 0.11000000000000001 0.49375 0.10375000000000001
2 0.25 0.75875 0.24 0.75875 0.24 0.76375 0.25 0.76375 0.25 0.75875
2 0.21375000000000002 0.7575000000000001 0.20249999999999999 0.7575000000000001 0.20249999999999999 0.765 0.21375000000000002 0.765 0.21375000000000002 0.7575000000000001
2 0.18375 0.7575000000000001 0.175 0.7575000000000001 0.175 0.76375 0.18375 0.76375 0.18375 0.7575000000000001
2 0.5225 0.92125 0.51375 0.92125 0.51375 0.93125 0.5225 0.93125 0.5225 0.92125
2 0.5325 0.9175000000000001 0.525 0.9175000000000001 0.525 0.92875 0.5325 0.92875 0.5325 0.9175000000000001
2 0.5337500000000001 0.905 0.52625 0.905 0.52625 0.9175000000000001 0.5337500000000001 0.9175000000000001 0.5337500000000001 0.905
2 0.5387500000000001 0.9037499999999999 0.53125 0.9037499999999999 0.53125 0.91375 0.5387500000000001 0.91375 0.5387500000000001 0.9037499999999999
2 0.5425 0.9012499999999999 0.53625 0.9012499999999999 0.53625 0.9112500000000001 0.5425 0.9112500000000001 0.5425 0.9012499999999999
2 0.5475 0.9012499999999999 0.54125 0.9012499999999999 0.54125 0.9112500000000001 0.5475 0.9112500000000001 0.5475 0.9012499999999999
2 0.5275000000000001 0.90625 0.52 0.90625 0.52 0.91625 0.5275000000000001 0.91625 0.5275000000000001 0.90625
2 0.52125 0.9075 0.515 0.9075 0.515 0.91875 0.52125 0.91875 0.52125 0.9075
2 0.5175 0.9087500000000001 0.51 0.9087500000000001 0.51 0.92125 0.5175 0.92125 0.5175 0.9087500000000001
2 0.5075000000000001 0.9125 0.5 0.9125 0.5 0.9225 0.5075000000000001 0.9225 0.5075000000000001 0.9125
2 0.5025000000000001 0.915 0.495 0.915 0.495 0.925 0.5025000000000001 0.925 0.5025000000000001 0.915
2 0.7025 0.825 0.69625 0.825 0.69625 0.835 0.7025 0.835 0.7025 0.825
2 0.6925 0.8275 0.6849999999999999 0.8275 0.6849999999999999 0.8387499999999999 0.6925 0.8387499999999999 0.6925 0.8275
2 0.6837500000000001 0.8300000000000001 0.67625 0.8300000000000001 0.67625 0.8412499999999999 0.6837500000000001 0.8412499999999999 0.6837500000000001 0.8300000000000001
2 0.6775 0.83125 0.67 0.83125 0.67 0.84375 0.6775 0.84375 0.6775 0.83125
2 0.6675 0.83375 0.6599999999999999 0.83375 0.6599999999999999 0.8462500000000001 0.6675 0.8462500000000001 0.6675 0.83375
2 0.5275000000000001 0.9199999999999999 0.52 0.9199999999999999 0.52 0.93125 0.5275000000000001 0.93125 0.5275000000000001 0.9199999999999999
2 0.5175 0.9225 0.51 0.9225 0.51 0.9337500000000001 0.5175 0.9337500000000001 0.5175 0.9225
2 0.16125 0.7825 0.15625 0.7825 0.15625 0.795 0.16125 0.795 0.16125 0.7825
2 0.51 0.9225 0.5037499999999999 0.9225 0.5037499999999999 0.9349999999999999 0.51 0.9349999999999999 0.51 0.9225
2 0.67875 0.86875 0.6725 0.86875 0.6725 0.88125 0.67875 0.88125 0.67875 0.86875
2 0.67375 0.8712500000000001 0.66625 0.8712500000000001 0.66625 0.8825 0.67375 0.8825 0.67375 0.8712500000000001
2 0.69625 0.85375 0.68625 0.85375 0.68625 0.8637499999999999 0.69625 0.8637499999999999 0.69625 0.85375
2 0.6900000000000001 0.85375 0.6837500000000001 0.85375 0.6837500000000001 0.865 0.6900000000000001 0.865 0.6900000000000001 0.85375
2 0.6837500000000001 0.85625 0.6775 0.85625 0.6775 0.865 0.6837500000000001 0.865 0.6837500000000001 0.85625
2 0.6799999999999999 0.8574999999999999 0.67375 0.8574999999999999 0.67375 0.86875 0.6799999999999999 0.86875 0.6799999999999999 0.8574999999999999
2 0.67375 0.85875 0.6675 0.85875 0.6675 0.86875 0.67375 0.86875 0.67375 0.85875
2 0.67 0.86 0.66125 0.86 0.66125 0.8712500000000001 0.67 0.8712500000000001 0.67 0.86
2 0.52625 0.9550000000000001 0.52125 0.9550000000000001 0.52125 0.9650000000000001 0.52625 0.9650000000000001 0.52625 0.9550000000000001
2 0.6537499999999999 0.86625 0.6475 0.86625 0.6475 0.87625 0.6537499999999999 0.87625 0.6537499999999999 0.86625
2 0.6425 0.8825 0.63625 0.8825 0.63625 0.8925000000000001 0.6425 0.8925000000000001 0.6425 0.8825
2 0.61375 0.89125 0.605 0.89125 0.605 0.9025000000000001 0.61375 0.9025000000000001 0.61375 0.89125
2 0.60875 0.8949999999999999 0.6012500000000001 0.8949999999999999 0.6012500000000001 0.90625 0.60875 0.90625 0.60875 0.8949999999999999
2 0.5675 0.89375 0.56125 0.89375 0.56125 0.905 0.5675 0.905 0.5675 0.89375
2 0.505 0.9262499999999999 0.49874999999999997 0.9262499999999999 0.49874999999999997 0.93625 0.505 0.93625 0.505 0.9262499999999999
2 0.66125 0.83625 0.655 0.83625 0.655 0.8462500000000001 0.66125 0.8462500000000001 0.66125 0.83625
2 0.6525000000000001 0.8400000000000001 0.645 0.8400000000000001 0.645 0.85125 0.6525000000000001 0.85125 0.6525000000000001 0.8400000000000001
2 0.64625 0.8412499999999999 0.64 0.8412499999999999 0.64 0.8525 0.64625 0.8525 0.64625 0.8412499999999999
2 0.64125 0.8425 0.63375 0.8425 0.63375 0.8550000000000001 0.64125 0.8550000000000001 0.64125 0.8425
2 0.5925 0.8612500000000001 0.585 0.8612500000000001 0.585 0.8724999999999999 0.5925 0.8724999999999999 0.5925 0.8612500000000001
2 0.58125 0.8637499999999999 0.57625 0.8637499999999999 0.57625 0.875 0.58125 0.875 0.58125 0.8637499999999999
2 0.56125 0.86875 0.55375 0.86875 0.55375 0.88125 0.56125 0.88125 0.56125 0.86875
2 0.53625 0.8787499999999999 0.5287499999999999 0.8787499999999999 0.5287499999999999 0.89125 0.53625 0.89125 0.53625 0.8787499999999999
2 0.52625 0.8800000000000001 0.52 0.8800000000000001 0.52 0.89375 0.52625 0.89375 0.52625 0.8800000000000001
2 0.52 0.8825 0.51375 0.8825 0.51375 0.89375 0.52 0.89375 0.52 0.8825
2 0.51625 0.88375 0.50875 0.88375 0.50875 0.8949999999999999 0.51625 0.8949999999999999 0.51625 0.88375
2 0.51 0.885 0.5037499999999999 0.885 0.5037499999999999 0.8975 0.51 0.8975 0.51 0.885
2 0.5 0.8875 0.49124999999999996 0.8875 0.49124999999999996 0.9 0.5 0.9 0.5 0.8875
2 0.48125 0.89625 0.47375 0.89625 0.47375 0.9075 0.48125 0.9075 0.48125 0.89625
2 0.265 0.9425000000000001 0.255 0.9425000000000001 0.255 0.95 0.265 0.95 0.265 0.9425000000000001
2 0.25 0.9337500000000001 0.23875000000000002 0.9337500000000001 0.23875000000000002 0.9412499999999999 0.25 0.9412499999999999 0.25 0.9337500000000001
2 0.1575 0.86875 0.1525 0.86875 0.1525 0.8787499999999999 0.1575 0.8787499999999999 0.1575 0.86875
2 0.15875 0.83625 0.1525 0.83625 0.1525 0.8487500000000001 0.15875 0.8487500000000001 0.15875 0.83625
2 0.15875 0.8099999999999999 0.15375 0.8099999999999999 0.15375 0.8225 0.15875 0.8225 0.15875 0.8099999999999999
2 0.475 0.915 0.46624999999999994 0.915 0.46624999999999994 0.925 0.475 0.925 0.475 0.915
2 0.47874999999999995 0.9199999999999999 0.46875 0.9199999999999999 0.46875 0.93 0.47874999999999995 0.93 0.47874999999999995 0.9199999999999999
2 0.48250000000000004 0.925 0.4725 0.925 0.4725 0.9337500000000001 0.48250000000000004 0.9337500000000001 0.48250000000000004 0.925
2 0.5275000000000001 1 0.5275000000000001 0.99 0.5175 0.99 0.5175 1 0.5275000000000001 1
2 0.6325000000000001 0.8462500000000001 0.62375 0.8462500000000001 0.62375 0.85875 0.6325000000000001 0.85875 0.6325000000000001 0.8462500000000001
2 0.6075 0.85375 0.6 0.85375 0.6 0.865 0.6075 0.865 0.6075 0.85375
2 0.53 1 0.53 0.9949999999999999 0.52 0.9949999999999999 0.52 1 0.53 1
2 0.5237499999999999 0.9862500000000001 0.515 0.9862500000000001 0.515 0.9949999999999999 0.5237499999999999 0.9949999999999999 0.5237499999999999 0.9862500000000001
2 0.4875 0.9337500000000001 0.47874999999999995 0.9337500000000001 0.47874999999999995 0.9425000000000001 0.4875 0.9425000000000001 0.4875 0.9337500000000001
2 0.5175 0.97625 0.50875 0.97625 0.50875 0.9875 0.5175 0.9875 0.5175 0.97625
2 0.5075000000000001 0.9662499999999999 0.49874999999999997 0.9662499999999999 0.49874999999999997 0.975 0.5075000000000001 0.975 0.5075000000000001 0.9662499999999999
2 0.50625 0.96125 0.49749999999999994 0.96125 0.49749999999999994 0.97 0.50625 0.97 0.50625 0.96125
2 0.5037499999999999 0.95625 0.49375 0.95625 0.49375 0.9637499999999999 0.5037499999999999 0.9637499999999999 0.5037499999999999 0.95625
2 0.5 0.95 0.49124999999999996 0.95 0.49124999999999996 0.96 0.5 0.96 0.5 0.95
2 0.49000000000000005 0.9375 0.48125 0.9375 0.48125 0.94625 0.49000000000000005 0.94625 0.49000000000000005 0.9375
2 0.93 0.21125 0.9199999999999999 0.21125 0.9199999999999999 0.22625 0.93 0.22625 0.93 0.21125
2 0.9337500000000001 0.22000000000000003 0.925 0.22000000000000003 0.925 0.23125 0.9337500000000001 0.23125 0.9337500000000001 0.22000000000000003
2 0.94375 0.225 0.9337500000000001 0.225 0.9337500000000001 0.23625 0.94375 0.23625 0.94375 0.225
2 0.9487500000000001 0.22749999999999998 0.9400000000000001 0.22749999999999998 0.9400000000000001 0.2375 0.9487500000000001 0.2375 0.9487500000000001 0.22749999999999998
2 0.95875 0.23125 0.95 0.23125 0.95 0.2425 0.95875 0.2425 0.95875 0.23125
2 0.9662499999999999 0.23374999999999999 0.9574999999999999 0.23374999999999999 0.9574999999999999 0.24500000000000002 0.9662499999999999 0.24500000000000002 0.9662499999999999 0.23374999999999999
2 0.9724999999999999 0.2375 0.9637499999999999 0.2375 0.9637499999999999 0.2475 0.9724999999999999 0.2475 0.9724999999999999 0.2375
2 0.94375 0.20875 0.9349999999999999 0.20875 0.9349999999999999 0.22000000000000003 0.94375 0.22000000000000003 0.94375 0.20875
2 0.9487500000000001 0.21125 0.9412499999999999 0.21125 0.9412499999999999 0.2225 0.9487500000000001 0.2225 0.9487500000000001 0.21125
2 0.9637499999999999 0.21749999999999997 0.95375 0.21749999999999997 0.95375 0.22999999999999998 0.9637499999999999 0.22999999999999998 0.9637499999999999 0.21749999999999997
2 0.9824999999999999 0.225 0.975 0.225 0.975 0.2375 0.9824999999999999 0.2375 0.9824999999999999 0.225
2 0.865 0.37875000000000003 0.85625 0.37875000000000003 0.85625 0.39 0.865 0.39 0.865 0.37875000000000003
2 0.8425 0.37374999999999997 0.83375 0.37374999999999997 0.83375 0.385 0.8425 0.385 0.8425 0.37374999999999997
2 0.8237500000000001 0.36 0.8125 0.36 0.8125 0.3725 0.8237500000000001 0.3725 0.8237500000000001 0.36
2 0.8412499999999999 0.32125 0.83375 0.32125 0.83375 0.33375 0.8412499999999999 0.33375 0.8412499999999999 0.32125
2 0.9737500000000001 0.2225 0.9650000000000001 0.2225 0.9650000000000001 0.23374999999999999 0.9737500000000001 0.23374999999999999 0.9737500000000001 0.2225
2 0.96875 0.19 0.96125 0.19 0.96125 0.2 0.96875 0.2 0.96875 0.19
2 0.9737500000000001 0.19125 0.9662499999999999 0.19125 0.9662499999999999 0.20249999999999999 0.9737500000000001 0.20249999999999999 0.9737500000000001 0.19125
2 0.9949999999999999 0.2 0.9862500000000001 0.2 0.9862500000000001 0.21125 0.9949999999999999 0.21125 0.9949999999999999 0.2
2 0.9974999999999999 0.20249999999999999 0.99125 0.20249999999999999 0.99125 0.21375000000000002 0.9974999999999999 0.21375000000000002 0.9974999999999999 0.20249999999999999
2 1 0.205 0.9962500000000001 0.205 0.9962500000000001 0.215 1 0.215 1 0.205
2 0.9475 0.1825 0.9400000000000001 0.1825 0.9400000000000001 0.1925 0.9475 0.1925 0.9475 0.1825
2 0.9425000000000001 0.17875000000000002 0.93625 0.17875000000000002 0.93625 0.19 0.9425000000000001 0.19 0.9425000000000001 0.17875000000000002
2 0.9800000000000001 0.18 0.9737500000000001 0.18 0.9737500000000001 0.18875 0.9800000000000001 0.18875 0.9800000000000001 0.18
2 0.9712500000000001 0.17625 0.9637499999999999 0.17625 0.9637499999999999 0.18625 0.9712500000000001 0.18625 0.9712500000000001 0.17625
2 0.9662499999999999 0.17375000000000002 0.96 0.17375000000000002 0.96 0.18375 0.9662499999999999 0.18375 0.9662499999999999 0.17375000000000002
2 0.9625 0.17124999999999999 0.9550000000000001 0.17124999999999999 0.9550000000000001 0.18125 0.9625 0.18125 0.9625 0.17124999999999999
2 0.9574999999999999 0.16999999999999998 0.95 0.16999999999999998 0.95 0.17875000000000002 0.9574999999999999 0.17875000000000002 0.9574999999999999 0.16999999999999998
2 0.9925 0.05500000000000001 0.9800000000000001 0.05500000000000001 0.9800000000000001 0.06375 0.9925 0.06375 0.9925 0.05500000000000001
2 0.82125 0.48624999999999996 0.8099999999999999 0.48624999999999996 0.8099999999999999 0.49375 0.82125 0.49375 0.82125 0.48624999999999996
2 0.95625 0.5125 0.945 0.5125 0.945 0.52 0.95625 0.52 0.95625 0.5125
2 0.60375 0.3225 0.5925 0.3225 0.5925 0.3325 0.60375 0.3325 0.60375 0.3225
2 0.8387499999999999 0.34249999999999997 0.8300000000000001 0.34249999999999997 0.8300000000000001 0.3525 0.8387499999999999 0.3525 0.8387499999999999 0.34249999999999997
2 0.95375 0.4125 0.94375 0.4125 0.94375 0.42000000000000004 0.95375 0.42000000000000004 0.95375 0.4125
2 0.9412499999999999 0.40875000000000006 0.93 0.40875000000000006 0.93 0.41624999999999995 0.9412499999999999 0.41624999999999995 0.9412499999999999 0.40875000000000006
2 1 0.42750000000000005 0.985 0.42750000000000005 0.985 0.43875000000000003 1 0.43875000000000003 1 0.42750000000000005
2 0.98375 0.4175 0.9574999999999999 0.4175 0.9574999999999999 0.4325 0.98375 0.4325 0.98375 0.4175
2 0.9 0.3775 0.89 0.3775 0.89 0.38625 0.9 0.38625 0.9 0.3775
2 0.87625 0.64125 0.86625 0.64125 0.86625 0.67 0.87625 0.67 0.87625 0.64125
2 0.8625 0.83625 0.85375 0.83625 0.85375 0.8637499999999999 0.8625 0.8637499999999999 0.8625 0.83625
2 0.86625 0.8800000000000001 0.85875 0.8800000000000001 0.85875 0.89375 0.86625 0.89375 0.86625 0.8800000000000001
2 0.85625 0.63 0.8474999999999999 0.63 0.8474999999999999 0.645 0.85625 0.645 0.85625 0.63
2 0.8612500000000001 0.63375 0.8550000000000001 0.63375 0.8550000000000001 0.64625 0.8612500000000001 0.64625 0.8612500000000001 0.63375
2 0.9375 0.5925 0.9237500000000001 0.5925 0.9237500000000001 0.6 0.9375 0.6 0.9375 0.5925