2 0.80375 0.75875 0.795 0.75875 0.795 0.76375 0.80375 0.76375 0.80375 0.75875
2 0.92125 0.7 0.9125 0.7 0.9125 0.705 0.92125 0.705 0.92125 0.7
2 0.39625 0.28625 0.38875000000000004 0.28625 0.38875000000000004 0.2975 0.39625 0.2975 0.39625 0.28625
2 0.40750000000000003 0.145 0.40125 0.145 0.40125 0.15625 0.40750000000000003 0.15625 0.40750000000000003 0.145
2 0.40125 0.1325 0.395 0.1325 0.395 0.14375 0.40125 0.14375 0.40125 0.1325
2 0.06875 0.21125 0.058750000000000004 0.21125 0.058750000000000004 0.22625 0.06875 0.22625 0.06875 0.21125
2 0.0725 0.22000000000000003 0.06375 0.22000000000000003 0.06375 0.23125 0.0725 0.23125 0.0725 0.22000000000000003
2 0.08249999999999999 0.225 0.0725 0.225 0.0725 0.23625 0.08249999999999999 0.23625 0.08249999999999999 0.225
2 0.0875 0.22749999999999998 0.07875 0.22749999999999998 0.07875 0.2375 0.0875 0.2375 0.0875 0.22749999999999998
2 0.0975 0.23125 0.08875 0.23125 0.08875 0.2425 0.0975 0.2425 0.0975 0.23125
2 0.10500000000000001 0.23374999999999999 0.09625 0.23374999999999999 0.09625 0.24500000000000002 0.10500000000000001 0.24500000000000002 0.10500000000000001 0.23374999999999999
2 0.11125 0.2375 0.1025 0.2375 0.1025 0.2475 0.11125 0.2475 0.11125 0.2375
2 0.08249999999999999 0.20875 0.07375000000000001 0.20875 0.07375000000000001 0.22000000000000003 0.08249999999999999 0.22000000000000003 0.08249999999999999 0.20875
2 0.0875 0.21125 0.08 0.21125 0.08 0.2225 0.0875 0.2225 0.0875 0.21125
2 0.1025 0.21749999999999997 0.0925 0.21749999999999997 0.0925 0.22999999999999998 0.1025 0.22999999999999998 0.1025 0.21749999999999997
2 0.4 0.23374999999999999 0.395 0.23374999999999999 0.395 0.24500000000000002 0.4 0.24500000000000002 0.4 0.23374999999999999
2 0.12125 0.225 0.11374999999999999 0.225 0.11374999999999999 0.2375 0.12125 0.2375 0.12125 0.225
2 0.205 0.4575 0.195 0.4575 0.195 0.465 0.205 0.465 0.205 0.4575
2 0.19 0.45375 0.18125 0.45375 0.18125 0.45999999999999996 0.19 0.45999999999999996 0.19 0.45375
2 0.29375 0.49124999999999996 0.28375 0.49124999999999996 0.28375 0.49874999999999997 0.29375 0.49874999999999997 0.29375 0.49124999999999996
2 0.265 0.48624999999999996 0.255 0.48624999999999996 0.255 0.495 0.265 0.495 0.265 0.48624999999999996
2 0.2525 0.48 0.24125000000000002 0.48 0.24125000000000002 0.48875 0.2525 0.48875 0.2525 0.48
2 0.395 0.42000000000000004 0.385 0.42000000000000004 0.385 0.42625 0.395 0.42625 0.395 0.42000000000000004
2 0.29500000000000004 0.28375 0.28375 0.28375 0.28375 0.29125 0.29500000000000004 0.29125 0.29500000000000004 0.28375
2 0.37875000000000003 0.2725 0.3725 0.2725 0.3725 0.2875 0.37875000000000003 0.2875 0.37875000000000003 0.2725
2 0.38 0.25875 0.375 0.25875 0.375 0.27 0.38 0.27 0.38 0.25875
2 0.1125 0.2225 0.10375000000000001 0.2225 0.10375000000000001 0.23374999999999999 0.1125 0.23374999999999999 0.1125 0.2225
2 0.1075 0.19 0.1 0.19 0.1 0.2 0.1075 0.2 0.1075 0.19
2 0.1125 0.19125 0.10500000000000001 0.19125 0.10500000000000001 0.20249999999999999 0.1125 0.20249999999999999 0.1125 0.19125
2 0.13374999999999998 0.2 0.125 0.2 0.125 0.21125 0.13374999999999998 0.21125 0.13374999999999998 0.2
2 0.13625 0.20249999999999999 0.13 0.20249999999999999 0.13 0.21375000000000002 0.13625 0.21375000000000002 0.13625 0.20249999999999999
2 0.14250000000000002 0.205 0.135 0.205 0.135 0.215 0.14250000000000002 0.215 0.14250000000000002 0.205
2 0.14750000000000002 0.20750000000000002 0.13999999999999999 0.20750000000000002 0.13999999999999999 0.21749999999999997 0.14750000000000002 0.21749999999999997 0.14750000000000002 0.20750000000000002
2 0.08625000000000001 0.1825 0.07875 0.1825 0.07875 0.1925 0.08625000000000001 0.1925 0.08625000000000001 0.1825
2 0.08125 0.17875000000000002 0.075 0.17875000000000002 0.075 0.19 0.08125 0.19 0.08125 0.17875000000000002
2 0.145 0.19125 0.13874999999999998 0.19125 0.13874999999999998 0.20125 0.145 0.20125 0.145 0.19125
2 0.11875 0.18 0.1125 0.18 0.1125 0.18875 0.11875 0.18875 0.11875 0.18
2 0.11000000000000001 0.17625 0.1025 0.17625 0.1025 0.18625 0.11000000000000001 0.18625 0.11000000000000001 0.17625
2 0.10500000000000001 0.17375000000000002 0.09875 0.17375000000000002 0.09875 0.18375 0.10500000000000001 0.18375 0.10500000000000001 0.17375000000000002
2 0.10124999999999999 0.17124999999999999 0.09375 0.17124999999999999 0.09375 0.18125 0.10124999999999999 0.18125 0.10124999999999999 0.17124999999999999
2 0.09625 0.16999999999999998 0.08875 0.16999999999999998 0.08875 0.17875000000000002 0.09625 0.17875000000000002 0.09625 0.16999999999999998
2 0.16999999999999998 0.0725 0.15875 0.0725 0.15875 0.07875 0.16999999999999998 0.07875 0.16999999999999998 0.0725
2 0.13125 0.05500000000000001 0.11875 0.05500000000000001 0.11875 0.06375 0.13125 0.06375 0.13125 0.05500000000000001
2 0.425 0.48250000000000004 0.41624999999999995 0.48250000000000004 0.41624999999999995 0.49000000000000005 0.425 0.49000000000000005 0.425 0.48250000000000004
2 0.49375 0.505 0.48250000000000004 0.505 0.48250000000000004 0.51375 0.49375 0.51375 0.49375 0.505
2 0.355 0.058750000000000004 0.34500000000000003 0.058750000000000004 0.34500000000000003 0.06625 0.355 0.06625 0.355 0.058750000000000004
2 0.39125 0.12250000000000001 0.38625 0.12250000000000001 0.38625 0.13125 0.39125 0.13125 0.39125 0.12250000000000001
2 0.17625 0.44625000000000004 0.16625 0.44625000000000004 0.16625 0.45499999999999996 0.17625 0.45499999999999996 0.17625 0.44625000000000004
2 0.265 0.5075000000000001 0.25375000000000003 0.5075000000000001 0.25375000000000003 0.51375 0.265 0.51375 0.265 0.5075000000000001
2 0.5287499999999999 0.58375 0.5175 0.58375 0.5175 0.5912499999999999 0.5287499999999999 0.5912499999999999 0.5287499999999999 0.58375
2 0.8225 0.635 0.81125 0.635 0.81125 0.6425 0.8225 0.6425 0.8225 0.635
2 0.8 0.62375 0.7887500000000001 0.62375 0.7887500000000001 0.6287499999999999 0.8 0.6287499999999999 0.8 0.62375
2 0.8262499999999999 0.7675 0.8150000000000001 0.7675 0.8150000000000001 0.775 0.8262499999999999 0.775 0.8262499999999999 0.7675
2 0.8637499999999999 0.76625 0.85375 0.76625 0.85375 0.7725 0.8637499999999999 0.7725 0.8637499999999999 0.76625
2 0.5287499999999999 0.70625 0.51875 0.70625 0.51875 0.7125 0.5287499999999999 0.7125 0.5287499999999999 0.70625
2 0.8400000000000001 0.655 0.8275 0.655 0.8275 0.6637500000000001 0.8400000000000001 0.6637500000000001 0.8400000000000001 0.655
2 0.765 0.6675 0.75 0.6675 0.75 0.67625 0.765 0.67625 0.765 0.6675
2 0.7825 0.6799999999999999 0.76875 0.6799999999999999 0.76875 0.6875 0.7825 0.6875 0.7825 0.6799999999999999
2 0.49375 0.5825 0.48125 0.5825 0.48125 0.5900000000000001 0.49375 0.5900000000000001 0.49375 0.5825
2 0.6012500000000001 0.66625 0.5900000000000001 0.66625 0.5900000000000001 0.6725 0.6012500000000001 0.6725 0.6012500000000001 0.66625
2 0.58125 0.66875 0.5700000000000001 0.66875 0.5700000000000001 0.67625 0.58125 0.67625 0.58125 0.66875
2 0.38375 0.1975 0.38 0.1975 0.38 0.205 0.38375 0.205 0.38375 0.1975
2 0.095 0.5125 0.08375 0.5125 0.08375 0.52 0.095 0.52 0.095 0.5125
2 0.9550000000000001 0.77625 0.94375 0.77625 0.94375 0.7825 0.9550000000000001 0.7825 0.9550000000000001 0.77625
2 0.68125 0.6637500000000001 0.67125 0.6637500000000001 0.67125 0.66875 0.68125 0.66875 0.68125 0.6637500000000001
2 0.91625 0.15125 0.90625 0.15125 0.90625 0.15875 0.91625 0.15875 0.91625 0.15125
2 0.9275 0.15375 0.91625 0.15375 0.91625 0.1625 0.9275 0.1625 0.9275 0.15375
2 0.36875 0.97625 0.35875 0.97625 0.35875 0.985 0.36875 0.985 0.36875 0.97625
2 0.54625 0.93625 0.5349999999999999 0.93625 0.5349999999999999 0.945 0.54625 0.945 0.54625 0.93625
2 0.7725 0.16875 0.7675 0.16875 0.7675 0.17875000000000002 0.7725 0.17875000000000002 0.7725 0.16875
2 0.72 0.5725 0.7075 0.5725 0.7075 0.57875 0.72 0.57875 0.72 0.5725
2 0.3675 0.43125 0.3625 0.43125 0.3625 0.44125 0.3675 0.44125 0.3675 0.43125
2 0.36875 0.41875 0.3625 0.41875 0.3625 0.43125 0.36875 0.43125 0.36875 0.41875
2 0.36875 0.40499999999999997 0.365 0.40499999999999997 0.365 0.41500000000000004 0.36875 0.41500000000000004 0.36875 0.40499999999999997
2 0.19 0.48375 0.17875000000000002 0.48375 0.17875000000000002 0.4925 0.19 0.4925 0.19 0.48375
2 0.0925 0.4125 0.08249999999999999 0.4125 0.08249999999999999 0.42000000000000004 0.0925 0.42000000000000004 0.0925 0.4125
2 0.08 0.40875000000000006 0.06875 0.40875000000000006 0.06875 0.41624999999999995 0.08 0.41624999999999995 0.08 0.40875000000000006
2 0.14750000000000002 0.42750000000000005 0.12375 0.42750000000000005 0.12375 0.4425 0.14750000000000002 0.4425 0.14750000000000002 0.42750000000000005
2 0.12250000000000001 0.4175 0.09625 0.4175 0.09625 0.4325 0.12250000000000001 0.4325 0.12250000000000001 0.4175
2 0.03875 0.3775 0.028749999999999998 0.3775 0.028749999999999998 0.38625 0.03875 0.38625 0.03875 0.3775
2 0.015 0.64125 0.005 0.64125 0.005 0.67 0.015 0.67 0.015 0.64125
2 0.005 0.8800000000000001 0.00125 0.8800000000000001 0.00125 0.89375 0.005 0.89375 0.005 0.8800000000000001
2 0.07625 0.5925 0.0625 0.5925 0.0625 0.6 0.07625 0.6 0.07625 0.5925
2 0.3625 0.605 0.3525 0.605 0.3525 0.6125 0.3625 0.6125 0.3625 0.605
2 0.32375 0.5675 0.31 0.5675 0.31 0.57625 0.32375 0.57625 0.32375 0.5675
2 0.23500000000000001 0.55 0.2225 0.55 0.2225 0.5587500000000001 0.23500000000000001 0.5587500000000001 0.23500000000000001 0.55
2 0.8787499999999999 0.135 0.8675 0.135 0.8675 0.14125000000000001 0.8787499999999999 0.14125000000000001 0.8787499999999999 0.135
2 0.90625 0.14625 0.89375 0.14625 0.89375 0.15375 0.90625 0.15375 0.90625 0.14625
2 0.9412499999999999 0.16125 0.93 0.16125 0.93 0.16875 0.9412499999999999 0.16875 0.9412499999999999 0.16125
2 0.6537499999999999 0.46875 0.63375 0.46875 0.63375 0.49375 0.6537499999999999 0.49375 0.6537499999999999 0.46875
2 0.85875 0.35875 0.8487500000000001 0.35875 0.8487500000000001 0.36625 0.85875 0.36625 0.85875 0.35875
2 0.59375 0.51625 0.5825 0.51625 0.5825 0.525 0.59375 0.525 0.59375 0.51625
2 0.60375 0.5 0.59375 0.5 0.59375 0.5075000000000001 0.60375 0.5075000000000001 0.60375 0.5
2 0.6 0.505 0.5900000000000001 0.505 0.5900000000000001 0.5125 0.6 0.5125 0.6 0.505
2 0.60875 0.49000000000000005 0.5974999999999999 0.49000000000000005 0.5974999999999999 0.5 0.60875 0.5 0.60875 0.49000000000000005
2 0.85625 0.47125000000000006 0.8462500000000001 0.47125000000000006 0.8462500000000001 0.48 0.85625 0.48 0.85625 0.47125000000000006
2 0.73875 0.3525 0.7150000000000001 0.3525 0.7150000000000001 0.38 0.73875 0.38 0.73875 0.3525
2 0.6587500000000001 0.45125000000000004 0.6487499999999999 0.45125000000000004 0.6487499999999999 0.4625 0.6587500000000001 0.4625 0.6587500000000001 0.45125000000000004
2 0.76125 0.315 0.7424999999999999 0.315 0.7424999999999999 0.33625 0.76125 0.33625 0.76125 0.315
2 0.77625 0.2725 0.7625 0.2725 0.7625 0.29625 0.77625 0.29625 0.77625 0.2725
2 0.7575000000000001 0.27875 0.75 0.27875 0.75 0.2875 0.7575000000000001 0.2875 0.7575000000000001 0.27875
2 0.76 0.26749999999999996 0.755 0.26749999999999996 0.755 0.27625 0.76 0.27625 0.76 0.26749999999999996
2 0.49124999999999996 0.38 0.48375 0.38 0.48375 0.39 0.49124999999999996 0.39 0.49124999999999996 0.38
2 0.4875 0.37625000000000003 0.47874999999999995 0.37625000000000003 0.47874999999999995 0.38625 0.4875 0.38625 0.4875 0.37625000000000003
2 0.3825 0.23374999999999999 0.37625000000000003 0.23374999999999999 0.37625000000000003 0.24625 0.3825 0.24625 0.3825 0.23374999999999999
2 0.3825 0.21875 0.37625000000000003 0.21875 0.37625000000000003 0.2325 0.3825 0.2325 0.3825 0.21875
2 0.3875 0.1775 0.38 0.1775 0.38 0.19 0.3875 0.19 0.3875 0.1775
2 0.40625 0.1575 0.39875 0.1575 0.39875 0.16999999999999998 0.40625 0.16999999999999998 0.40625 0.1575
2 0.40499999999999997 0.17124999999999999 0.39875 0.17124999999999999 0.39875 0.185 0.40499999999999997 0.185 0.40499999999999997 0.17124999999999999
2 0.4025 0.1975 0.39625 0.1975 0.39625 0.20875 0.4025 0.20875 0.4025 0.1975
2 0.40125 0.21125 0.395 0.21125 0.395 0.225 0.40125 0.225 0.40125 0.21125
2 0.3975 0.2725 0.39 0.2725 0.39 0.2875 0.3975 0.2875 0.3975 0.2725
2 0.41500000000000004 0.03875 0.40750000000000003 0.03875 0.40750000000000003 0.05 0.41500000000000004 0.05 0.41500000000000004 0.03875
2 0.41500000000000004 0.04875 0.40875000000000006 0.04875 0.40875000000000006 0.061250000000000006 0.41500000000000004 0.061250000000000006 0.41500000000000004 0.04875
2 0.34375 0.05125 0.33125 0.05125 0.33125 0.06375 0.34375 0.06375 0.34375 0.05125
2 0.51125 0.5075000000000001 0.5037499999999999 0.5075000000000001 0.5037499999999999 0.52125 0.51125 0.52125 0.51125 0.5075000000000001
2 0.205 0.54375 0.19125 0.54375 0.19125 0.55125 0.205 0.55125 0.205 0.54375
2 0.775 0.5875 0.76375 0.5875 0.76375 0.6 0.775 0.6 0.775 0.5875
2 0.9025000000000001 0.4875 0.89 0.4875 0.89 0.495 0.9025000000000001 0.495 0.9025000000000001 0.4875