2 0.47375 0.675 0.4625 0.675 0.4625 0.68625 0.47375 0.68625 0.47375 0.675
2 0.275 0.49874999999999997 0.26125 0.49874999999999997 0.26125 0.50625 0.275 0.50625 0.275 0.49874999999999997
2 0.20750000000000002 0.50875 0.195 0.50875 0.195 0.51625 0.20750000000000002 0.51625 0.20750000000000002 0.50875
2 0.06625 0.54 0.05500000000000001 0.54 0.05500000000000001 0.5475 0.06625 0.5475 0.06625 0.54
2 0.12125 0.985 0.10625 0.985 0.10625 0.9949999999999999 0.12125 0.9949999999999999 0.12125 0.985
2 0.16875 0.5125 0.15625 0.5125 0.15625 0.52125 0.16875 0.52125 0.16875 0.5125
2 0.0325 0.55125 0.017499999999999998 0.55125 0.017499999999999998 0.56125 0.0325 0.56125 0.0325 0.55125
2 0.95375 0.92875 0.94375 0.92875 0.94375 0.9349999999999999 0.95375 0.9349999999999999 0.95375 0.92875
2 0.9712500000000001 0.93125 0.95875 0.93125 0.95875 0.9375 0.9712500000000001 0.9375 0.9712500000000001 0.93125
2 0.9125 0.95625 0.9 0.95625 0.9 0.9650000000000001 0.9125 0.9650000000000001 0.9125 0.95625
2 0.9012499999999999 0.95375 0.89 0.95375 0.89 0.96125 0.9012499999999999 0.96125 0.9012499999999999 0.95375