2 0.79875 0.7424999999999999 0.78625 0.7424999999999999 0.78625 0.7537499999999999 0.79875 0.7537499999999999 0.79875 0.7424999999999999
2 0.7887500000000001 0.7 0.78125 0.7 0.78125 0.7112499999999999 0.7887500000000001 0.7112499999999999 0.7887500000000001 0.7
2 0.79375 0.70625 0.7875 0.70625 0.7875 0.7175 0.79375 0.7175 0.79375 0.70625
2 0.8 0.7150000000000001 0.79125 0.7150000000000001 0.79125 0.7262500000000001 0.8 0.7262500000000001 0.8 0.7150000000000001
2 0.80625 0.72 0.79625 0.72 0.79625 0.7325 0.80625 0.7325 0.80625 0.72
2 0.81375 0.7325 0.8012499999999999 0.7325 0.8012499999999999 0.74375 0.81375 0.74375 0.81375 0.7325
2 0.80625 0.7375 0.79375 0.7375 0.79375 0.74875 0.80625 0.74875 0.80625 0.7375
2 0.7887500000000001 0.73375 0.7787499999999999 0.73375 0.7787499999999999 0.7474999999999999 0.7887500000000001 0.7474999999999999 0.7887500000000001 0.73375
2 0.7825 0.72875 0.7725 0.72875 0.7725 0.74125 0.7825 0.74125 0.7825 0.72875
2 0.7775000000000001 0.7212500000000001 0.76875 0.7212500000000001 0.76875 0.73375 0.7775000000000001 0.73375 0.7775000000000001 0.7212500000000001
2 0.7737499999999999 0.71375 0.7625 0.71375 0.7625 0.7262500000000001 0.7737499999999999 0.7262500000000001 0.7737499999999999 0.71375
2 0.7675 0.71 0.75875 0.71 0.75875 0.7224999999999999 0.7675 0.7224999999999999 0.7675 0.71
2 0.76375 0.7025 0.7525000000000001 0.7025 0.7525000000000001 0.7150000000000001 0.76375 0.7150000000000001 0.76375 0.7025
2 0.75625 0.69625 0.745 0.69625 0.745 0.71 0.75625 0.71 0.75625 0.69625
2 0.7849999999999999 0.6925 0.77625 0.6925 0.77625 0.705 0.7849999999999999 0.705 0.7849999999999999 0.6925
2 0.77625 0.6912499999999999 0.77 0.6912499999999999 0.77 0.70375 0.77625 0.70375 0.77625 0.6912499999999999
2 0.7675 0.6900000000000001 0.76125 0.6900000000000001 0.76125 0.7025 0.7675 0.7025 0.7675 0.6900000000000001
2 0.6575 0.69875 0.6425 0.69875 0.6425 0.7075 0.6575 0.7075 0.6575 0.69875
2 0.058750000000000004 0.86625 0.04625 0.86625 0.04625 0.875 0.058750000000000004 0.875 0.058750000000000004 0.86625
2 0.12125 0.85625 0.10874999999999999 0.85625 0.10874999999999999 0.865 0.12125 0.865 0.12125 0.85625
2 0.28375 0.8074999999999999 0.27125 0.8074999999999999 0.27125 0.8175000000000001 0.28375 0.8175000000000001 0.28375 0.8074999999999999