2 0.61875 1 0.61875 0.99 0.605 0.99 0.605 1 0.61875 1
2 0.615 0.98375 0.6012500000000001 0.98375 0.6012500000000001 0.9949999999999999 0.615 0.9949999999999999 0.615 0.98375
2 0.6075 0.9724999999999999 0.6012500000000001 0.9724999999999999 0.6012500000000001 0.9862500000000001 0.6075 0.9862500000000001 0.6075 0.9724999999999999
2 0.6 0.9625 0.595 0.9625 0.595 0.975 0.6 0.975 0.6 0.9625
2 0.595 0.9574999999999999 0.5875 0.9574999999999999 0.5875 0.96875 0.595 0.96875 0.595 0.9574999999999999
2 0.5900000000000001 0.9487500000000001 0.58 0.9487500000000001 0.58 0.96125 0.5900000000000001 0.96125 0.5900000000000001 0.9487500000000001
2 0.625 0.97625 0.61125 0.97625 0.61125 0.9862500000000001 0.625 0.9862500000000001 0.625 0.97625
2 0.64125 0.96125 0.6275000000000001 0.96125 0.6275000000000001 0.975 0.64125 0.975 0.64125 0.96125
2 0.645 0.9675 0.63125 0.9675 0.63125 0.9800000000000001 0.645 0.9800000000000001 0.645 0.9675
2 0.65 0.9737500000000001 0.635 0.9737500000000001 0.635 0.9862500000000001 0.65 0.9862500000000001 0.65 0.9737500000000001
2 0.6537499999999999 0.9800000000000001 0.64 0.9800000000000001 0.64 0.99125 0.6537499999999999 0.99125 0.6537499999999999 0.9800000000000001
2 0.65625 0.98375 0.6425 0.98375 0.6425 0.9962500000000001 0.65625 0.9962500000000001 0.65625 0.98375
2 0.6599999999999999 1 0.6599999999999999 0.99 0.6475 0.99 0.6475 1 0.6599999999999999 1
2 0.76625 0.9800000000000001 0.75625 0.9800000000000001 0.75625 0.99375 0.76625 0.99375 0.76625 0.9800000000000001
2 0.51375 0.70625 0.5037499999999999 0.70625 0.5037499999999999 0.72 0.51375 0.72 0.51375 0.70625
2 0.9199999999999999 0.93125 0.9075 0.93125 0.9075 0.94625 0.9199999999999999 0.94625 0.9199999999999999 0.93125
2 0.93625 0.9125 0.9237500000000001 0.9125 0.9237500000000001 0.9275 0.93625 0.9275 0.93625 0.9125
2 0.94375 0.9112500000000001 0.93 0.9112500000000001 0.93 0.925 0.94375 0.925 0.94375 0.9112500000000001
2 0.95 0.90625 0.93875 0.90625 0.93875 0.9199999999999999 0.95 0.9199999999999999 0.95 0.90625
2 0.95875 0.9 0.945 0.9 0.945 0.915 0.95875 0.915 0.95875 0.9
2 0.9775 0.88375 0.9662499999999999 0.88375 0.9662499999999999 0.89875 0.9775 0.89875 0.9775 0.88375
2 0.9962500000000001 0.8724999999999999 0.98375 0.8724999999999999 0.98375 0.885 0.9962500000000001 0.885 0.9962500000000001 0.8724999999999999
2 0.52125 0.75 0.51125 0.75 0.51125 0.76375 0.52125 0.76375 0.52125 0.75
2 0.5287499999999999 0.745 0.5175 0.745 0.5175 0.75875 0.5287499999999999 0.75875 0.5287499999999999 0.745
2 0.53625 0.74 0.5237499999999999 0.74 0.5237499999999999 0.7537499999999999 0.53625 0.7537499999999999 0.53625 0.74
2 0.5425 0.735 0.53 0.735 0.53 0.74875 0.5425 0.74875 0.5425 0.735
2 0.55125 0.73 0.5387500000000001 0.73 0.5387500000000001 0.745 0.55125 0.745 0.55125 0.73
2 0.5575 0.72375 0.545 0.72375 0.545 0.73875 0.5575 0.73875 0.5575 0.72375
2 0.52125 0.7025 0.50875 0.7025 0.50875 0.7175 0.52125 0.7175 0.52125 0.7025
2 0.7625 0.985 0.75 0.985 0.75 0.99875 0.7625 0.99875 0.7625 0.985
2 0.5287499999999999 0.6950000000000001 0.5175 0.6950000000000001 0.5175 0.70875 0.5287499999999999 0.70875 0.5287499999999999 0.6950000000000001
2 0.5349999999999999 0.6925 0.5237499999999999 0.6925 0.5237499999999999 0.705 0.5349999999999999 0.705 0.5349999999999999 0.6925
2 0.54 0.6875 0.5275000000000001 0.6875 0.5275000000000001 0.7 0.54 0.7 0.54 0.6875
2 0.57375 0.63 0.5587500000000001 0.63 0.5587500000000001 0.64125 0.57375 0.64125 0.57375 0.63
2 0.5375 0.64125 0.525 0.64125 0.525 0.6537499999999999 0.5375 0.6537499999999999 0.5375 0.64125
2 0.54625 0.5862499999999999 0.5375 0.5862499999999999 0.5375 0.5974999999999999 0.54625 0.5974999999999999 0.54625 0.5862499999999999
2 0.55375 0.5862499999999999 0.545 0.5862499999999999 0.545 0.59875 0.55375 0.59875 0.55375 0.5862499999999999
2 0.5599999999999999 0.585 0.5525 0.585 0.5525 0.5974999999999999 0.5599999999999999 0.5974999999999999 0.5599999999999999 0.585
2 0.5700000000000001 0.5862499999999999 0.5587500000000001 0.5862499999999999 0.5587500000000001 0.6012500000000001 0.5700000000000001 0.6012500000000001 0.5700000000000001 0.5862499999999999
2 0.575 0.5900000000000001 0.5650000000000001 0.5900000000000001 0.5650000000000001 0.605 0.575 0.605 0.575 0.5900000000000001
2 0.58 0.5974999999999999 0.5700000000000001 0.5974999999999999 0.5700000000000001 0.61125 0.58 0.61125 0.58 0.5974999999999999
2 0.40125 0.5912499999999999 0.3875 0.5912499999999999 0.3875 0.60375 0.40125 0.60375 0.40125 0.5912499999999999
2 0.5525 0.51 0.5387500000000001 0.51 0.5387500000000001 0.52125 0.5525 0.52125 0.5525 0.51
2 0.9125 0.9349999999999999 0.9 0.9349999999999999 0.9 0.95 0.9125 0.95 0.9125 0.9349999999999999
2 0.90625 0.9400000000000001 0.8949999999999999 0.9400000000000001 0.8949999999999999 0.9525 0.90625 0.9525 0.90625 0.9400000000000001
2 0.885 0.9525 0.87375 0.9525 0.87375 0.9675 0.885 0.9675 0.885 0.9525
2 0.8775000000000001 0.95625 0.8675 0.95625 0.8675 0.96875 0.8775000000000001 0.96875 0.8775000000000001 0.95625
2 0.79875 0.96 0.78625 0.96 0.78625 0.975 0.79875 0.975 0.79875 0.96
2 0.80625 0.9574999999999999 0.79375 0.9574999999999999 0.79375 0.9712500000000001 0.80625 0.9712500000000001 0.80625 0.9574999999999999
2 0.8225 0.9324999999999999 0.81125 0.9324999999999999 0.81125 0.94375 0.8225 0.94375 0.8225 0.9324999999999999
2 0.7525000000000001 0.90625 0.7375 0.90625 0.7375 0.9175000000000001 0.7525000000000001 0.9175000000000001 0.7525000000000001 0.90625
2 0.75625 0.9025000000000001 0.74375 0.9025000000000001 0.74375 0.915 0.75625 0.915 0.75625 0.9025000000000001
2 0.64625 0.92875 0.635 0.92875 0.635 0.9412499999999999 0.64625 0.9412499999999999 0.64625 0.92875
2 0.6525000000000001 0.925 0.64125 0.925 0.64125 0.93875 0.6525000000000001 0.93875 0.6525000000000001 0.925
2 0.6575 0.91875 0.6475 0.91875 0.6475 0.93125 0.6575 0.93125 0.6575 0.91875
2 0.6625 0.915 0.65125 0.915 0.65125 0.92875 0.6625 0.92875 0.6625 0.915
2 0.66875 0.9112500000000001 0.65625 0.9112500000000001 0.65625 0.9262499999999999 0.66875 0.9262499999999999 0.66875 0.9112500000000001
2 0.6725 0.9075 0.66125 0.9075 0.66125 0.9199999999999999 0.6725 0.9199999999999999 0.6725 0.9075
2 0.6875 0.9012499999999999 0.675 0.9012499999999999 0.675 0.915 0.6875 0.915 0.6875 0.9012499999999999
2 0.6925 0.8975 0.68125 0.8975 0.68125 0.9112500000000001 0.6925 0.9112500000000001 0.6925 0.8975
2 0.70375 0.89375 0.6900000000000001 0.89375 0.6900000000000001 0.90625 0.70375 0.90625 0.70375 0.89375
2 0.6475 0.9025000000000001 0.63625 0.9025000000000001 0.63625 0.915 0.6475 0.915 0.6475 0.9025000000000001
2 0.67 0.8887499999999999 0.6575 0.8887499999999999 0.6575 0.9 0.67 0.9 0.67 0.8887499999999999
2 0.68125 0.8825 0.6675 0.8825 0.6675 0.89375 0.68125 0.89375 0.68125 0.8825
2 0.59875 0.9375 0.58875 0.9375 0.58875 0.95375 0.59875 0.95375 0.59875 0.9375
2 0.60375 0.9349999999999999 0.595 0.9349999999999999 0.595 0.9487500000000001 0.60375 0.9487500000000001 0.60375 0.9349999999999999
2 0.61 0.93125 0.6012500000000001 0.93125 0.6012500000000001 0.94625 0.61 0.94625 0.61 0.93125
2 0.61875 0.9262499999999999 0.6075 0.9262499999999999 0.6075 0.9425000000000001 0.61875 0.9425000000000001 0.61875 0.9262499999999999
2 0.625 0.92125 0.61625 0.92125 0.61625 0.9375 0.625 0.9375 0.625 0.92125
2 0.7275 0.85 0.7150000000000001 0.85 0.7150000000000001 0.8637499999999999 0.7275 0.8637499999999999 0.7275 0.85
2 0.735 0.8474999999999999 0.72375 0.8474999999999999 0.72375 0.8612500000000001 0.735 0.8612500000000001 0.735 0.8474999999999999
2 0.74375 0.84375 0.73 0.84375 0.73 0.85875 0.74375 0.85875 0.74375 0.84375
2 0.74875 0.8412499999999999 0.73625 0.8412499999999999 0.73625 0.8550000000000001 0.74875 0.8550000000000001 0.74875 0.8412499999999999
2 0.85125 0.9199999999999999 0.8375 0.9199999999999999 0.8375 0.9337500000000001 0.85125 0.9337500000000001 0.85125 0.9199999999999999
2 0.4925 0.5349999999999999 0.48 0.5349999999999999 0.48 0.545 0.4925 0.545 0.4925 0.5349999999999999
2 0.8425 0.35 0.8300000000000001 0.35 0.8300000000000001 0.36 0.8425 0.36 0.8425 0.35
2 0.83375 0.33875 0.82125 0.33875 0.82125 0.3525 0.83375 0.3525 0.83375 0.33875
2 0.8387499999999999 0.34500000000000003 0.8262499999999999 0.34500000000000003 0.8262499999999999 0.35750000000000004 0.8387499999999999 0.35750000000000004 0.8387499999999999 0.34500000000000003
2 0.82 0.33625 0.8074999999999999 0.33625 0.8074999999999999 0.34750000000000003 0.82 0.34750000000000003 0.82 0.33625
2 0.5962500000000001 0.3975 0.58375 0.3975 0.58375 0.41 0.5962500000000001 0.41 0.5962500000000001 0.3975
2 0.75125 0.43375 0.73875 0.43375 0.73875 0.44875 0.75125 0.44875 0.75125 0.43375
2 0.6075 0.48875 0.5962500000000001 0.48875 0.5962500000000001 0.495 0.6075 0.495 0.6075 0.48875
2 0.61125 0.495 0.6 0.495 0.6 0.50125 0.61125 0.50125 0.61125 0.495
2 0.61375 0.5 0.6012500000000001 0.5 0.6012500000000001 0.5075000000000001 0.61375 0.5075000000000001 0.61375 0.5
2 0.61875 0.5075000000000001 0.605 0.5075000000000001 0.605 0.51375 0.61875 0.51375 0.61875 0.5075000000000001
2 0.6125 0.47750000000000004 0.6 0.47750000000000004 0.6 0.48875 0.6125 0.48875 0.6125 0.47750000000000004
2 0.61625 0.4725 0.60625 0.4725 0.60625 0.485 0.61625 0.485 0.61625 0.4725
2 0.70375 0.46624999999999994 0.6912499999999999 0.46624999999999994 0.6912499999999999 0.47874999999999995 0.70375 0.47874999999999995 0.70375 0.46624999999999994
2 0.70875 0.45999999999999996 0.69625 0.45999999999999996 0.69625 0.4725 0.70875 0.4725 0.70875 0.45999999999999996
2 0.7150000000000001 0.45625 0.7025 0.45625 0.7025 0.47000000000000003 0.7150000000000001 0.47000000000000003 0.7150000000000001 0.45625
2 0.7212500000000001 0.4525 0.70875 0.4525 0.70875 0.465 0.7212500000000001 0.465 0.7212500000000001 0.4525
2 0.7275 0.44875 0.7162499999999999 0.44875 0.7162499999999999 0.46125 0.7275 0.46125 0.7275 0.44875
2 0.73875 0.44000000000000006 0.7275 0.44000000000000006 0.7275 0.45375 0.73875 0.45375 0.73875 0.44000000000000006
2 0.74375 0.43624999999999997 0.7325 0.43624999999999997 0.7325 0.45125000000000004 0.74375 0.45125000000000004 0.74375 0.43624999999999997
2 0.76625 0.425 0.7537499999999999 0.425 0.7537499999999999 0.43875000000000003 0.76625 0.43875000000000003 0.76625 0.425
2 0.8150000000000001 0.34125 0.80375 0.34125 0.80375 0.35375 0.8150000000000001 0.35375 0.8150000000000001 0.34125
2 0.62375 0.37374999999999997 0.61125 0.37374999999999997 0.61125 0.3875 0.62375 0.3875 0.62375 0.37374999999999997
2 0.6275000000000001 0.36875 0.6174999999999999 0.36875 0.6174999999999999 0.38125 0.6275000000000001 0.38125 0.6275000000000001 0.36875
2 0.6425 0.35875 0.63 0.35875 0.63 0.3725 0.6425 0.3725 0.6425 0.35875
2 0.6487499999999999 0.35375 0.63625 0.35375 0.63625 0.3675 0.6487499999999999 0.3675 0.6487499999999999 0.35375
2 0.6537499999999999 0.34875 0.6425 0.34875 0.6425 0.36124999999999996 0.6537499999999999 0.36124999999999996 0.6537499999999999 0.34875
2 0.6599999999999999 0.34375 0.6475 0.34375 0.6475 0.35625 0.6599999999999999 0.35625 0.6599999999999999 0.34375
2 0.66625 0.33875 0.655 0.33875 0.655 0.35375 0.66625 0.35375 0.66625 0.33875
2 0.67 0.335 0.6599999999999999 0.335 0.6599999999999999 0.34750000000000003 0.67 0.34750000000000003 0.67 0.335
2 0.67625 0.32999999999999996 0.66875 0.32999999999999996 0.66875 0.34249999999999997 0.67625 0.34249999999999997 0.67625 0.32999999999999996
2 0.6837500000000001 0.3225 0.67625 0.3225 0.67625 0.33625 0.6837500000000001 0.33625 0.6837500000000001 0.3225
2 0.70125 0.34375 0.68875 0.34375 0.68875 0.35750000000000004 0.70125 0.35750000000000004 0.70125 0.34375
2 0.7075 0.34750000000000003 0.6950000000000001 0.34750000000000003 0.6950000000000001 0.36124999999999996 0.7075 0.36124999999999996 0.7075 0.34750000000000003
2 0.81125 0.34750000000000003 0.8 0.34750000000000003 0.8 0.36 0.81125 0.36 0.81125 0.34750000000000003
2 0.605 0.465 0.595 0.465 0.595 0.47874999999999995 0.605 0.47874999999999995 0.605 0.465
2 0.57375 0.42000000000000004 0.56125 0.42000000000000004 0.56125 0.4325 0.57375 0.4325 0.57375 0.42000000000000004
2 0.51375 0.41 0.50125 0.41 0.50125 0.42125 0.51375 0.42125 0.51375 0.41
2 0.13625 0.75875 0.125 0.75875 0.125 0.765 0.13625 0.765 0.13625 0.75875
2 0.1525 0.69875 0.145 0.69875 0.145 0.7125 0.1525 0.7125 0.1525 0.69875
2 0.16 0.69875 0.15375 0.69875 0.15375 0.7112499999999999 0.16 0.7112499999999999 0.16 0.69875
2 0.175 0.7025 0.1675 0.7025 0.1675 0.7162499999999999 0.175 0.7162499999999999 0.175 0.7025
2 0.18375 0.70625 0.17625 0.70625 0.17625 0.71875 0.18375 0.71875 0.18375 0.70625
2 0.1925 0.70875 0.18625 0.70875 0.18625 0.7212500000000001 0.1925 0.7212500000000001 0.1925 0.70875
2 0.17375000000000002 0.73625 0.16 0.73625 0.16 0.7474999999999999 0.17375000000000002 0.7474999999999999 0.17375000000000002 0.73625
2 0.49749999999999994 0.42625 0.48375 0.42625 0.48375 0.4375 0.49749999999999994 0.4375 0.49749999999999994 0.42625
2 0.51 0.39125 0.49625 0.39125 0.49625 0.4025 0.51 0.4025 0.51 0.39125
2 0.51625 0.385 0.5025000000000001 0.385 0.5025000000000001 0.39625 0.51625 0.39625 0.51625 0.385
2 0.52625 0.40125 0.51375 0.40125 0.51375 0.4125 0.52625 0.4125 0.52625 0.40125
2 0.5337500000000001 0.395 0.52 0.395 0.52 0.40625 0.5337500000000001 0.40625 0.5337500000000001 0.395
2 0.52125 0.40499999999999997 0.50875 0.40499999999999997 0.50875 0.41500000000000004 0.52125 0.41500000000000004 0.52125 0.40499999999999997
2 0.5075000000000001 0.41500000000000004 0.495 0.41500000000000004 0.495 0.42750000000000005 0.5075000000000001 0.42750000000000005 0.5075000000000001 0.41500000000000004
2 0.13374999999999998 0.76625 0.12 0.76625 0.12 0.775 0.13374999999999998 0.775 0.13374999999999998 0.76625
2 0.545 0.385 0.53 0.385 0.53 0.3975 0.545 0.3975 0.545 0.385
2 0.5625 0.37 0.54625 0.37 0.54625 0.3825 0.5625 0.3825 0.5625 0.37
2 0.5675 0.36625 0.55375 0.36625 0.55375 0.3775 0.5675 0.3775 0.5675 0.36625
2 0.57375 0.3625 0.5599999999999999 0.3625 0.5599999999999999 0.37374999999999997 0.57375 0.37374999999999997 0.57375 0.3625
2 0.5575 0.35875 0.545 0.35875 0.545 0.3675 0.5575 0.3675 0.5575 0.35875
2 0.55375 0.3525 0.54 0.3525 0.54 0.3625 0.55375 0.3625 0.55375 0.3525
2 0.54875 0.34750000000000003 0.5349999999999999 0.34750000000000003 0.5349999999999999 0.35625 0.54875 0.35625 0.54875 0.34750000000000003
2 0.545 0.34125 0.53125 0.34125 0.53125 0.35 0.545 0.35 0.545 0.34125
2 0.57875 0.35750000000000004 0.56375 0.35750000000000004 0.56375 0.36875 0.57875 0.36875 0.57875 0.35750000000000004
2 0.58375 0.35375 0.5700000000000001 0.35375 0.5700000000000001 0.36625 0.58375 0.36625 0.58375 0.35375
2 0.5900000000000001 0.34875 0.57625 0.34875 0.57625 0.36 0.5900000000000001 0.36 0.5900000000000001 0.34875
2 0.58125 0.34125 0.56875 0.34125 0.56875 0.3525 0.58125 0.3525 0.58125 0.34125
2 0.5912499999999999 0.3325 0.57875 0.3325 0.57875 0.34500000000000003 0.5912499999999999 0.34500000000000003 0.5912499999999999 0.3325
2 0.11750000000000001 0.76 0.10375000000000001 0.76 0.10375000000000001 0.76875 0.11750000000000001 0.76875 0.11750000000000001 0.76
2 0.1625 0.76625 0.14875 0.76625 0.14875 0.7737499999999999 0.1625 0.7737499999999999 0.1625 0.76625
2 0.59375 0.46875 0.5875 0.46875 0.5875 0.48125 0.59375 0.48125 0.59375 0.46875
2 0.19375 0.89 0.18 0.89 0.18 0.89875 0.19375 0.89875 0.19375 0.89
2 0.08875 0.93875 0.075 0.93875 0.075 0.9475 0.08875 0.9475 0.08875 0.93875
2 0.09125 0.93125 0.07875 0.93125 0.07875 0.9400000000000001 0.09125 0.9400000000000001 0.09125 0.93125
2 0.0975 0.9237500000000001 0.08499999999999999 0.9237500000000001 0.08499999999999999 0.93125 0.0975 0.93125 0.0975 0.9237500000000001
2 0.1325 0.9199999999999999 0.11875 0.9199999999999999 0.11875 0.93125 0.1325 0.93125 0.1325 0.9199999999999999
2 0.135 0.9125 0.12250000000000001 0.9125 0.12250000000000001 0.9237500000000001 0.135 0.9237500000000001 0.135 0.9125
2 0.14375 0.89875 0.12875 0.89875 0.12875 0.9099999999999999 0.14375 0.9099999999999999 0.14375 0.89875
2 0.14875 0.89375 0.135 0.89375 0.135 0.905 0.14875 0.905 0.14875 0.89375
2 0.175 0.9075 0.16125 0.9075 0.16125 0.91625 0.175 0.91625 0.175 0.9075
2 0.19125 0.91875 0.1775 0.91875 0.1775 0.9275 0.19125 0.9275 0.19125 0.91875
2 0.16375 0.885 0.15 0.885 0.15 0.89375 0.16375 0.89375 0.16375 0.885
2 0.21625 0.9099999999999999 0.20249999999999999 0.9099999999999999 0.20249999999999999 0.91875 0.21625 0.91875 0.21625 0.9099999999999999
2 0.20625 0.905 0.1925 0.905 0.1925 0.91375 0.20625 0.91375 0.20625 0.905
2 0.19875 0.9 0.1875 0.9 0.1875 0.9075 0.19875 0.9075 0.19875 0.9
2 0.1875 0.88375 0.17375000000000002 0.88375 0.17375000000000002 0.89125 0.1875 0.89125 0.1875 0.88375
2 0.15875 0.77625 0.14625 0.77625 0.14625 0.7825 0.15875 0.7825 0.15875 0.77625
2 0.18375 0.87375 0.16875 0.87375 0.16875 0.885 0.18375 0.885 0.18375 0.87375
2 0.17625 0.8637499999999999 0.16375 0.8637499999999999 0.16375 0.8699999999999999 0.17625 0.8699999999999999 0.17625 0.8637499999999999
2 0.16999999999999998 0.8550000000000001 0.15625 0.8550000000000001 0.15625 0.8637499999999999 0.16999999999999998 0.8637499999999999 0.16999999999999998 0.8550000000000001
2 0.16 0.82125 0.15375 0.82125 0.15375 0.8324999999999999 0.16 0.8324999999999999 0.16 0.82125
2 0.013750000000000002 0.8699999999999999 0.00125 0.8699999999999999 0.00125 0.8787499999999999 0.013750000000000002 0.8787499999999999 0.013750000000000002 0.8699999999999999
2 0.01875 0.85 0.00625 0.85 0.00625 0.8612500000000001 0.01875 0.8612500000000001 0.01875 0.85
2 0.02375 0.8425 0.01125 0.8425 0.01125 0.85125 0.02375 0.85125 0.02375 0.8425
2 0.03125 0.83125 0.017499999999999998 0.83125 0.017499999999999998 0.8412499999999999 0.03125 0.8412499999999999 0.03125 0.83125
2 0.03375 0.8237500000000001 0.021249999999999998 0.8237500000000001 0.021249999999999998 0.83375 0.03375 0.83375 0.03375 0.8237500000000001
2 0.11374999999999999 0.76625 0.1 0.76625 0.1 0.77625 0.11374999999999999 0.77625 0.11374999999999999 0.76625
2 0.13 0.7737499999999999 0.11625 0.7737499999999999 0.11625 0.78125 0.13 0.78125 0.13 0.7737499999999999
2 0.15875 0.7837500000000001 0.14750000000000002 0.7837500000000001 0.14750000000000002 0.79875 0.15875 0.79875 0.15875 0.7837500000000001
2 0.595 0.34375 0.5825 0.34375 0.5825 0.35625 0.595 0.35625 0.595 0.34375
2 0.6012500000000001 0.33875 0.58875 0.33875 0.58875 0.35 0.6012500000000001 0.35 0.6012500000000001 0.33875
2 0.5775 0.33625 0.5650000000000001 0.33625 0.5650000000000001 0.34750000000000003 0.5775 0.34750000000000003 0.5775 0.33625
2 0.7 0.21375000000000002 0.6837500000000001 0.21375000000000002 0.6837500000000001 0.22374999999999998 0.7 0.22374999999999998 0.7 0.21375000000000002
2 0.6599999999999999 0.24625 0.6475 0.24625 0.6475 0.26 0.6599999999999999 0.26 0.6599999999999999 0.24625
2 0.66625 0.24125000000000002 0.6537499999999999 0.24125000000000002 0.6537499999999999 0.25625 0.66625 0.25625 0.66625 0.24125000000000002
2 0.6849999999999999 0.26749999999999996 0.67125 0.26749999999999996 0.67125 0.27999999999999997 0.6849999999999999 0.27999999999999997 0.6849999999999999 0.26749999999999996
2 0.6912499999999999 0.26375000000000004 0.67875 0.26375000000000004 0.67875 0.275 0.6912499999999999 0.275 0.6912499999999999 0.26375000000000004
2 0.69625 0.25875 0.6837500000000001 0.25875 0.6837500000000001 0.27 0.69625 0.27 0.69625 0.25875
2 0.70375 0.255 0.6912499999999999 0.255 0.6912499999999999 0.265 0.70375 0.265 0.70375 0.255
2 0.78 0.2525 0.76625 0.2525 0.76625 0.265 0.78 0.265 0.78 0.2525
2 0.71 0.25 0.6975 0.25 0.6975 0.25875 0.71 0.25875 0.71 0.25
2 0.7162499999999999 0.2575 0.70125 0.2575 0.70125 0.27125 0.7162499999999999 0.27125 0.7162499999999999 0.2575
2 0.705 0.24 0.6912499999999999 0.24 0.6912499999999999 0.24625 0.705 0.24625 0.705 0.24
2 0.7025 0.23125 0.6912499999999999 0.23125 0.6912499999999999 0.23875000000000002 0.7025 0.23875000000000002 0.7025 0.23125
2 0.70375 0.22125 0.68875 0.22125 0.68875 0.23125 0.70375 0.23125 0.70375 0.22125
2 0.6637500000000001 0.20125 0.65625 0.20125 0.65625 0.21749999999999997 0.6637500000000001 0.21749999999999997 0.6637500000000001 0.20125
2 0.6950000000000001 0.20625 0.67875 0.20625 0.67875 0.21749999999999997 0.6950000000000001 0.21749999999999997 0.6950000000000001 0.20625
2 0.5725 0.33125 0.5599999999999999 0.33125 0.5599999999999999 0.34249999999999997 0.5725 0.34249999999999997 0.5725 0.33125
2 0.69375 0.195 0.67375 0.195 0.67375 0.21125 0.69375 0.21125 0.69375 0.195
2 0.6875 0.1875 0.67 0.1875 0.67 0.20375000000000001 0.6875 0.20375000000000001 0.6875 0.1875
2 0.6825 0.18125 0.665 0.18125 0.665 0.19624999999999998 0.6825 0.19624999999999998 0.6825 0.18125
2 0.87625 0.08249999999999999 0.86625 0.08249999999999999 0.86625 0.095 0.87625 0.095 0.87625 0.08249999999999999
2 0.865 0.00125 0.8574999999999999 0.00125 0.8574999999999999 0.005 0.865 0.005 0.865 0.00125
2 0.5862499999999999 0.48 0.5700000000000001 0.48 0.5700000000000001 0.48624999999999996 0.5862499999999999 0.48624999999999996 0.5862499999999999 0.48
2 0.59375 0.49000000000000005 0.58375 0.49000000000000005 0.58375 0.5025000000000001 0.59375 0.5025000000000001 0.59375 0.49000000000000005
2 0.59875 0.49749999999999994 0.58875 0.49749999999999994 0.58875 0.50875 0.59875 0.50875 0.59875 0.49749999999999994
2 0.6025 0.5037499999999999 0.5912499999999999 0.5037499999999999 0.5912499999999999 0.51625 0.6025 0.51625 0.6025 0.5037499999999999
2 0.60625 0.51125 0.595 0.51125 0.595 0.5237499999999999 0.60625 0.5237499999999999 0.60625 0.51125
2 0.58 0.4725 0.5675 0.4725 0.5675 0.47750000000000004 0.58 0.47750000000000004 0.58 0.4725
2 0.57875 0.465 0.5650000000000001 0.465 0.5650000000000001 0.47125000000000006 0.57875 0.47125000000000006 0.57875 0.465
2 0.57625 0.45625 0.5625 0.45625 0.5625 0.4625 0.57625 0.4625 0.57625 0.45625
2 0.67 0.28250000000000003 0.6575 0.28250000000000003 0.6575 0.29375 0.67 0.29375 0.67 0.28250000000000003
2 0.665 0.2875 0.6525000000000001 0.2875 0.6525000000000001 0.2975 0.665 0.2975 0.665 0.2875
2 0.6575 0.29 0.645 0.29 0.645 0.3025 0.6575 0.3025 0.6575 0.29
2 0.6537499999999999 0.29500000000000004 0.63875 0.29500000000000004 0.63875 0.30625 0.6537499999999999 0.30625 0.6537499999999999 0.29500000000000004
2 0.5700000000000001 0.32625000000000004 0.55625 0.32625000000000004 0.55625 0.33625 0.5700000000000001 0.33625 0.5700000000000001 0.32625000000000004
2 0.5650000000000001 0.32 0.55 0.32 0.55 0.3325 0.5650000000000001 0.3325 0.5650000000000001 0.32
2 0.5599999999999999 0.315 0.5475 0.315 0.5475 0.325 0.5599999999999999 0.325 0.5599999999999999 0.315
2 0.56875 0.30625 0.55625 0.30625 0.55625 0.32 0.56875 0.32 0.56875 0.30625
2 0.57375 0.30874999999999997 0.5625 0.30874999999999997 0.5625 0.325 0.57375 0.325 0.57375 0.30874999999999997
2 0.57625 0.31625000000000003 0.5662499999999999 0.31625000000000003 0.5662499999999999 0.33125 0.57625 0.33125 0.57625 0.31625000000000003
2 0.58125 0.32125 0.5700000000000001 0.32125 0.5700000000000001 0.33625 0.58125 0.33625 0.58125 0.32125
2 0.585 0.3275 0.575 0.3275 0.575 0.33999999999999997 0.585 0.33999999999999997 0.585 0.3275
2 0.61375 0.32875 0.6012500000000001 0.32875 0.6012500000000001 0.34125 0.61375 0.34125 0.61375 0.32875
2 0.62 0.32375 0.60625 0.32375 0.60625 0.335 0.62 0.335 0.62 0.32375
2 0.62625 0.31875 0.6125 0.31875 0.6125 0.32999999999999996 0.62625 0.32999999999999996 0.62625 0.31875
2 0.60875 0.315 0.5974999999999999 0.315 0.5974999999999999 0.32875 0.60875 0.32875 0.60875 0.315
2 0.6025 0.31 0.5925 0.31 0.5925 0.3225 0.6025 0.3225 0.6025 0.31
2 0.59875 0.29 0.5875 0.29 0.5875 0.30375 0.59875 0.30375 0.59875 0.29
2 0.6025 0.29625 0.595 0.29625 0.595 0.30874999999999997 0.6025 0.30874999999999997 0.6025 0.29625
2 0.60875 0.3 0.5974999999999999 0.3 0.5974999999999999 0.31375000000000003 0.60875 0.31375000000000003 0.60875 0.3
2 0.6125 0.305 0.6025 0.305 0.6025 0.3175 0.6125 0.3175 0.6125 0.305
2 0.6325000000000001 0.31375000000000003 0.61875 0.31375000000000003 0.61875 0.325 0.6325000000000001 0.325 0.6325000000000001 0.31375000000000003
2 0.63875 0.31124999999999997 0.625 0.31124999999999997 0.625 0.32125 0.63875 0.32125 0.63875 0.31124999999999997
2 0.64125 0.305 0.6287499999999999 0.305 0.6287499999999999 0.31625000000000003 0.64125 0.31625000000000003 0.64125 0.305
2 0.60875 0.27 0.6 0.27 0.6 0.28375 0.60875 0.28375 0.60875 0.27
2 0.615 0.27125 0.60625 0.27125 0.60625 0.28625 0.615 0.28625 0.615 0.27125
2 0.61875 0.27749999999999997 0.61125 0.27749999999999997 0.61125 0.29125 0.61875 0.29125 0.61875 0.27749999999999997
2 0.62375 0.28375 0.61625 0.28375 0.61625 0.2975 0.62375 0.2975 0.62375 0.28375
2 0.6287499999999999 0.2875 0.62 0.2875 0.62 0.30125 0.6287499999999999 0.30125 0.6287499999999999 0.2875
2 0.63375 0.29375 0.62625 0.29375 0.62625 0.30625 0.63375 0.30625 0.63375 0.29375
2 0.6475 0.29874999999999996 0.6325000000000001 0.29874999999999996 0.6325000000000001 0.31124999999999997 0.6475 0.31124999999999997 0.6475 0.29874999999999996