2 0.575 0.3275 0.56125 0.3275 0.56125 0.33625 0.575 0.33625 0.575 0.3275
2 0.745 0.51125 0.72875 0.51125 0.72875 0.52125 0.745 0.52125 0.745 0.51125
2 0.61 0.33125 0.59375 0.33125 0.59375 0.34249999999999997 0.61 0.34249999999999997 0.61 0.33125
2 0.59375 0.38625 0.5775 0.38625 0.5775 0.3975 0.59375 0.3975 0.59375 0.38625
2 0.5900000000000001 0.39375 0.575 0.39375 0.575 0.40374999999999994 0.5900000000000001 0.40374999999999994 0.5900000000000001 0.39375
2 0.5875 0.40125 0.57375 0.40125 0.57375 0.41 0.5875 0.41 0.5875 0.40125
2 0.5825 0.41500000000000004 0.5675 0.41500000000000004 0.5675 0.42374999999999996 0.5825 0.42374999999999996 0.5825 0.41500000000000004
2 0.58 0.42125 0.5650000000000001 0.42125 0.5650000000000001 0.43 0.58 0.43 0.58 0.42125
2 0.78125 0.41624999999999995 0.76625 0.41624999999999995 0.76625 0.42625 0.78125 0.42625 0.78125 0.41624999999999995
2 0.775 0.425 0.76125 0.425 0.76125 0.43499999999999994 0.775 0.43499999999999994 0.775 0.425
2 0.7725 0.4325 0.76 0.4325 0.76 0.4425 0.7725 0.4425 0.7725 0.4325
2 0.7525000000000001 0.48250000000000004 0.73875 0.48250000000000004 0.73875 0.4925 0.7525000000000001 0.4925 0.7525000000000001 0.48250000000000004
2 0.75 0.49000000000000005 0.73625 0.49000000000000005 0.73625 0.5 0.75 0.5 0.75 0.49000000000000005
2 0.74875 0.49625 0.735 0.49625 0.735 0.50625 0.74875 0.50625 0.74875 0.49625
2 0.74875 0.5037499999999999 0.73375 0.5037499999999999 0.73375 0.515 0.74875 0.515 0.74875 0.5037499999999999
2 0.78 0.51375 0.7625 0.51375 0.7625 0.5237499999999999 0.78 0.5237499999999999 0.78 0.51375
2 0.7837500000000001 0.5037499999999999 0.77 0.5037499999999999 0.77 0.5125 0.7837500000000001 0.5125 0.7837500000000001 0.5037499999999999
2 0.79625 0.465 0.7825 0.465 0.7825 0.47625 0.79625 0.47625 0.79625 0.465
2 0.79875 0.4575 0.7837500000000001 0.4575 0.7837500000000001 0.46749999999999997 0.79875 0.46749999999999997 0.79875 0.4575
2 0.80375 0.4425 0.79 0.4425 0.79 0.45125000000000004 0.80375 0.45125000000000004 0.80375 0.4425
2 0.805 0.43499999999999994 0.79125 0.43499999999999994 0.79125 0.44375 0.805 0.44375 0.805 0.43499999999999994
2 0.6 0.36625 0.5862499999999999 0.36625 0.5862499999999999 0.37625000000000003 0.6 0.37625000000000003 0.6 0.36625
2 0.5775 0.32125 0.5650000000000001 0.32125 0.5650000000000001 0.32999999999999996 0.5775 0.32999999999999996 0.5775 0.32125
2 0.8875 0.3025 0.87625 0.3025 0.87625 0.3125 0.8875 0.3125 0.8875 0.3025
2 0.58 0.315 0.5675 0.315 0.5675 0.3225 0.58 0.3225 0.58 0.315
2 0.63 0.20249999999999999 0.615 0.20249999999999999 0.615 0.2125 0.63 0.2125 0.63 0.20249999999999999
2 0.76375 0.28500000000000003 0.75125 0.28500000000000003 0.75125 0.29375 0.76375 0.29375 0.76375 0.28500000000000003
2 0.62 0.20875 0.6075 0.20875 0.6075 0.21875 0.62 0.21875 0.62 0.20875
2 1 0.008749999999999999 0.99 0.008749999999999999 0.99 0.015 1 0.015 1 0.008749999999999999
2 0.99875 0.01625 0.985 0.01625 0.985 0.025 0.99875 0.025 0.99875 0.01625
2 0.9824999999999999 0.01 0.96875 0.01 0.96875 0.01875 0.9824999999999999 0.01875 0.9824999999999999 0.01
2 0.95375 0.18875 0.9400000000000001 0.18875 0.9400000000000001 0.1975 0.95375 0.1975 0.95375 0.18875
2 0.95625 0.18125 0.94375 0.18125 0.94375 0.19 0.95625 0.19 0.95625 0.18125
2 0.9625 0.17375000000000002 0.95 0.17375000000000002 0.95 0.18125 0.9625 0.18125 0.9625 0.17375000000000002
2 0.9974999999999999 0.16999999999999998 0.98375 0.16999999999999998 0.98375 0.18125 0.9974999999999999 0.18125 0.9974999999999999 0.16999999999999998
2 1 0.1625 0.9875 0.1625 0.9875 0.17375000000000002 1 0.17375000000000002 1 0.1625
2 1 0.14875 0.99375 0.14875 0.99375 0.1575 1 0.1575 1 0.14875
2 0.8487500000000001 0.11875 0.83625 0.11875 0.83625 0.12875 0.8487500000000001 0.12875 0.8487500000000001 0.11875
2 0.8787499999999999 0.12 0.86625 0.12 0.86625 0.12875 0.8787499999999999 0.12875 0.8787499999999999 0.12
2 0.88375 0.1 0.8712500000000001 0.1 0.8712500000000001 0.11125 0.88375 0.11125 0.88375 0.1
2 0.8887499999999999 0.0925 0.87625 0.0925 0.87625 0.10124999999999999 0.8887499999999999 0.10124999999999999 0.8887499999999999 0.0925
2 0.89625 0.08125 0.8825 0.08125 0.8825 0.09125 0.89625 0.09125 0.89625 0.08125
2 0.89875 0.07375000000000001 0.8862500000000001 0.07375000000000001 0.8862500000000001 0.08375 0.89875 0.08375 0.89875 0.07375000000000001
2 0.97875 0.01625 0.9650000000000001 0.01625 0.9650000000000001 0.026250000000000002 0.97875 0.026250000000000002 0.97875 0.01625
2 0.9949999999999999 0.02375 0.98125 0.02375 0.98125 0.03125 0.9949999999999999 0.03125 0.9949999999999999 0.02375
2 0.04 0.25875 0.03 0.25875 0.03 0.27625 0.04 0.27625 0.04 0.25875
2 0.01875 0.19875 0.008749999999999999 0.19875 0.008749999999999999 0.2125 0.01875 0.2125 0.01875 0.19875
2 0.0375 0.24500000000000002 0.021249999999999998 0.24500000000000002 0.021249999999999998 0.2575 0.0375 0.2575 0.0375 0.24500000000000002
2 0.11000000000000001 0.25875 0.1 0.25875 0.1 0.27625 0.11000000000000001 0.27625 0.11000000000000001 0.25875