2 0.0325 0.9574999999999999 0.02 0.9574999999999999 0.02 0.9650000000000001 0.0325 0.9650000000000001 0.0325 0.9574999999999999
2 0.0675 0.9625 0.05375 0.9625 0.05375 0.97 0.0675 0.97 0.0675 0.9625
2 0.0875 0.9650000000000001 0.0725 0.9650000000000001 0.0725 0.9737500000000001 0.0875 0.9737500000000001 0.0875 0.9650000000000001
2 0.10500000000000001 0.96875 0.0925 0.96875 0.0925 0.97875 0.10500000000000001 0.97875 0.10500000000000001 0.96875
2 0.9875 0.805 0.98125 0.805 0.98125 0.81875 0.9875 0.81875 0.9875 0.805
2 0.99875 0.8087500000000001 0.9925 0.8087500000000001 0.9925 0.8225 0.99875 0.8225 0.99875 0.8087500000000001
2 0.9800000000000001 0.805 0.9737500000000001 0.805 0.9737500000000001 0.8175000000000001 0.9800000000000001 0.8175000000000001 0.9800000000000001 0.805
2 0.9887499999999999 0.82 0.975 0.82 0.975 0.8275 0.9887499999999999 0.8275 0.9887499999999999 0.82
2 0.9875 0.8262499999999999 0.9712500000000001 0.8262499999999999 0.9712500000000001 0.83375 0.9875 0.83375 0.9875 0.8262499999999999
2 0.9862500000000001 0.835 0.9724999999999999 0.835 0.9724999999999999 0.8425 0.9862500000000001 0.8425 0.9862500000000001 0.835
2 0.93 0.82 0.91625 0.82 0.91625 0.8275 0.93 0.8275 0.93 0.82
2 0.97 0.83625 0.95875 0.83625 0.95875 0.8425 0.97 0.8425 0.97 0.83625
2 0.9824999999999999 0.86875 0.97 0.86875 0.97 0.875 0.9824999999999999 0.875 0.9824999999999999 0.86875
2 0.9862500000000001 0.84375 0.9724999999999999 0.84375 0.9724999999999999 0.85125 0.9862500000000001 0.85125 0.9862500000000001 0.84375
2 0.9862500000000001 0.85125 0.9712500000000001 0.85125 0.9712500000000001 0.85875 0.9862500000000001 0.85875 0.9862500000000001 0.85125
2 0.97 0.8574999999999999 0.9574999999999999 0.8574999999999999 0.9574999999999999 0.865 0.97 0.865 0.97 0.8574999999999999
2 0.97 0.85 0.9574999999999999 0.85 0.9574999999999999 0.8574999999999999 0.97 0.8574999999999999 0.97 0.85
2 0.9712500000000001 0.8425 0.9574999999999999 0.8425 0.9574999999999999 0.85 0.9712500000000001 0.85 0.9712500000000001 0.8425
2 0.96875 0.8237500000000001 0.95625 0.8237500000000001 0.95625 0.8300000000000001 0.96875 0.8300000000000001 0.96875 0.8237500000000001
2 0.96875 0.8175000000000001 0.95625 0.8175000000000001 0.95625 0.8237500000000001 0.96875 0.8237500000000001 0.96875 0.8175000000000001
2 0.9637499999999999 0.8025 0.95875 0.8025 0.95875 0.8150000000000001 0.9637499999999999 0.8150000000000001 0.9637499999999999 0.8025
2 0.93 0.8 0.9175000000000001 0.8 0.9175000000000001 0.8074999999999999 0.93 0.8074999999999999 0.93 0.8
2 0.945 0.8074999999999999 0.93 0.8074999999999999 0.93 0.8150000000000001 0.945 0.8150000000000001 0.945 0.8074999999999999
2 0.94625 0.8 0.93 0.8 0.93 0.8087500000000001 0.94625 0.8087500000000001 0.94625 0.8
2 0.93125 0.81375 0.9175000000000001 0.81375 0.9175000000000001 0.82125 0.93125 0.82125 0.93125 0.81375
2 0.98375 0.87625 0.97 0.87625 0.97 0.88375 0.98375 0.88375 0.98375 0.87625
2 0.98125 0.885 0.9675 0.885 0.9675 0.89875 0.98125 0.89875 0.98125 0.885
2 0.99875 0.8925000000000001 0.99 0.8925000000000001 0.99 0.905 0.99875 0.905 0.99875 0.8925000000000001
2 0.945 0.82125 0.9324999999999999 0.82125 0.9324999999999999 0.8275 0.945 0.8275 0.945 0.82125
2 0.93 0.8275 0.91625 0.8275 0.91625 0.83375 0.93 0.83375 0.93 0.8275
2 0.92875 0.83375 0.915 0.83375 0.915 0.8400000000000001 0.92875 0.8400000000000001 0.92875 0.83375
2 0.9037499999999999 0.79875 0.89125 0.79875 0.89125 0.80625 0.9037499999999999 0.80625 0.9037499999999999 0.79875
2 0.4375 0.475 0.42374999999999996 0.475 0.42374999999999996 0.48375 0.4375 0.48375 0.4375 0.475
2 0.90625 0.7737499999999999 0.89125 0.7737499999999999 0.89125 0.78 0.90625 0.78 0.90625 0.7737499999999999
2 0.98375 0.7849999999999999 0.9675 0.7849999999999999 0.9675 0.79375 0.98375 0.79375 0.98375 0.7849999999999999
2 0.9025000000000001 0.8125 0.8887499999999999 0.8125 0.8887499999999999 0.8175000000000001 0.9025000000000001 0.8175000000000001 0.9025000000000001 0.8125
2 0.9 0.81875 0.8875 0.81875 0.8875 0.825 0.9 0.825 0.9 0.81875
2 0.905 0.825 0.89 0.825 0.89 0.83125 0.905 0.83125 0.905 0.825
2 0.9037499999999999 0.83125 0.8887499999999999 0.83125 0.8887499999999999 0.8400000000000001 0.9037499999999999 0.8400000000000001 0.9037499999999999 0.83125
2 0.9025000000000001 0.8387499999999999 0.89 0.8387499999999999 0.89 0.8462500000000001 0.9025000000000001 0.8462500000000001 0.9025000000000001 0.8387499999999999
2 0.9 0.85125 0.8862500000000001 0.85125 0.8862500000000001 0.85875 0.9 0.85875 0.9 0.85125
2 0.89875 0.865 0.8862500000000001 0.865 0.8862500000000001 0.8724999999999999 0.89875 0.8724999999999999 0.89875 0.865
2 0.88125 0.87625 0.865 0.87625 0.865 0.885 0.88125 0.885 0.88125 0.87625
2 0.9412499999999999 0.875 0.9262499999999999 0.875 0.9262499999999999 0.8825 0.9412499999999999 0.8825 0.9412499999999999 0.875
2 0.9400000000000001 0.88125 0.9262499999999999 0.88125 0.9262499999999999 0.8875 0.9400000000000001 0.8875 0.9400000000000001 0.88125
2 0.95 0.89375 0.93625 0.89375 0.93625 0.9025000000000001 0.95 0.9025000000000001 0.95 0.89375
2 0.925 0.86 0.91375 0.86 0.91375 0.86625 0.925 0.86625 0.925 0.86
2 0.9400000000000001 0.86875 0.9275 0.86875 0.9275 0.875 0.9400000000000001 0.875 0.9400000000000001 0.86875
2 0.93875 0.8612500000000001 0.9275 0.8612500000000001 0.9275 0.8675 0.93875 0.8675 0.93875 0.8612500000000001
2 0.9400000000000001 0.8550000000000001 0.9275 0.8550000000000001 0.9275 0.8612500000000001 0.9400000000000001 0.8612500000000001 0.9400000000000001 0.8550000000000001
2 0.9400000000000001 0.8412499999999999 0.9275 0.8412499999999999 0.9275 0.8487500000000001 0.9400000000000001 0.8487500000000001 0.9400000000000001 0.8412499999999999
2 0.9412499999999999 0.83375 0.92875 0.83375 0.92875 0.8412499999999999 0.9412499999999999 0.8412499999999999 0.9412499999999999 0.83375
2 0.40750000000000003 0.5599999999999999 0.40125 0.5599999999999999 0.40125 0.57375 0.40750000000000003 0.57375 0.40750000000000003 0.5599999999999999
2 0.8925000000000001 0.48875 0.87625 0.48875 0.87625 0.49625 0.8925000000000001 0.49625 0.8925000000000001 0.48875
2 0.93125 0.485 0.91625 0.485 0.91625 0.49375 0.93125 0.49375 0.93125 0.485
2 0.9275 0.5675 0.9112500000000001 0.5675 0.9112500000000001 0.575 0.9275 0.575 0.9275 0.5675
2 0.94625 0.49874999999999997 0.93125 0.49874999999999997 0.93125 0.50625 0.94625 0.50625 0.94625 0.49874999999999997
2 0.4225 0.71375 0.41500000000000004 0.71375 0.41500000000000004 0.7262500000000001 0.4225 0.7262500000000001 0.4225 0.71375
2 0.42125 0.75 0.4125 0.75 0.4125 0.7625 0.42125 0.7625 0.42125 0.75
2 0.40625 0.75 0.3975 0.75 0.3975 0.765 0.40625 0.765 0.40625 0.75
2 0.465 0.70375 0.45625 0.70375 0.45625 0.71875 0.465 0.71875 0.465 0.70375
2 0.43624999999999997 0.70125 0.42874999999999996 0.70125 0.42874999999999996 0.7150000000000001 0.43624999999999997 0.7150000000000001 0.43624999999999997 0.70125
2 0.41624999999999995 0.6975 0.41 0.6975 0.41 0.7125 0.41624999999999995 0.7125 0.41624999999999995 0.6975
2 0.41624999999999995 0.7112499999999999 0.40750000000000003 0.7112499999999999 0.40750000000000003 0.725 0.41624999999999995 0.725 0.41624999999999995 0.7112499999999999
2 0.43375 0.7150000000000001 0.42374999999999996 0.7150000000000001 0.42374999999999996 0.73125 0.43375 0.73125 0.43375 0.7150000000000001
2 0.47000000000000003 0.675 0.46375 0.675 0.46375 0.6875 0.47000000000000003 0.6875 0.47000000000000003 0.675
2 0.44000000000000006 0.71875 0.43499999999999994 0.71875 0.43499999999999994 0.7325 0.44000000000000006 0.7325 0.44000000000000006 0.71875
2 0.44625000000000004 0.71875 0.44000000000000006 0.71875 0.44000000000000006 0.73125 0.44625000000000004 0.73125 0.44625000000000004 0.71875
2 0.45375 0.72 0.44749999999999995 0.72 0.44749999999999995 0.73375 0.45375 0.73375 0.45375 0.72
2 0.46749999999999997 0.72375 0.45999999999999996 0.72375 0.45999999999999996 0.735 0.46749999999999997 0.735 0.46749999999999997 0.72375
2 0.475 0.72375 0.46875 0.72375 0.46875 0.7375 0.475 0.7375 0.475 0.72375
2 0.5237499999999999 0.69875 0.50875 0.69875 0.50875 0.70625 0.5237499999999999 0.70625 0.5237499999999999 0.69875
2 0.4325 0.75 0.42625 0.75 0.42625 0.76375 0.4325 0.76375 0.4325 0.75
2 0.44000000000000006 0.7525000000000001 0.4325 0.7525000000000001 0.4325 0.765 0.44000000000000006 0.765 0.44000000000000006 0.7525000000000001
2 0.44625000000000004 0.7537499999999999 0.43875000000000003 0.7537499999999999 0.43875000000000003 0.76625 0.44625000000000004 0.76625 0.44625000000000004 0.7537499999999999
2 0.45375 0.755 0.445 0.755 0.445 0.76875 0.45375 0.76875 0.45375 0.755
2 0.44000000000000006 0.60875 0.43375 0.60875 0.43375 0.6224999999999999 0.44000000000000006 0.6224999999999999 0.44000000000000006 0.60875
2 0.45 0.61125 0.44125 0.61125 0.44125 0.62625 0.45 0.62625 0.45 0.61125
2 0.425 0.6525000000000001 0.4175 0.6525000000000001 0.4175 0.66625 0.425 0.66625 0.425 0.6525000000000001
2 0.65 0.025 0.60625 0.025 0.60625 0.06 0.65 0.06 0.65 0.025
2 0.47874999999999995 0.6900000000000001 0.4625 0.6900000000000001 0.4625 0.70125 0.47874999999999995 0.70125 0.47874999999999995 0.6900000000000001
2 0.45499999999999996 0.67125 0.44749999999999995 0.67125 0.44749999999999995 0.6849999999999999 0.45499999999999996 0.6849999999999999 0.45499999999999996 0.67125
2 0.4425 0.67125 0.43624999999999997 0.67125 0.43624999999999997 0.6837500000000001 0.4425 0.6837500000000001 0.4425 0.67125
2 0.625 1 0.625 0.9962500000000001 0.6174999999999999 0.9962500000000001 0.6174999999999999 1 0.625 1
2 0.6012500000000001 1 0.6012500000000001 0.99125 0.5875 0.99125 0.5875 1 0.6012500000000001 1
2 0.6025 0.985 0.5875 0.985 0.5875 0.9925 0.6025 0.9925 0.6025 0.985
2 0.60625 0.92875 0.5912499999999999 0.92875 0.5912499999999999 0.9412499999999999 0.60625 0.9412499999999999 0.60625 0.92875
2 0.61375 0.885 0.6 0.885 0.6 0.8925000000000001 0.61375 0.8925000000000001 0.61375 0.885
2 0.6287499999999999 0.8074999999999999 0.61625 0.8074999999999999 0.61625 0.82 0.6287499999999999 0.82 0.6287499999999999 0.8074999999999999
2 0.65625 0.7775000000000001 0.6487499999999999 0.7775000000000001 0.6487499999999999 0.79 0.65625 0.79 0.65625 0.7775000000000001
2 0.65625 0.71875 0.6487499999999999 0.71875 0.6487499999999999 0.73125 0.65625 0.73125 0.65625 0.71875
2 0.37875000000000003 0.64 0.36625 0.64 0.36625 0.6475 0.37875000000000003 0.6475 0.37875000000000003 0.64
2 0.3825 0.625 0.36875 0.625 0.36875 0.63375 0.3825 0.63375 0.3825 0.625
2 0.4025 0.6637500000000001 0.395 0.6637500000000001 0.395 0.6775 0.4025 0.6775 0.4025 0.6637500000000001
2 0.41624999999999995 0.66625 0.40875000000000006 0.66625 0.40875000000000006 0.67875 0.41624999999999995 0.67875 0.41624999999999995 0.66625
2 0.43 0.66875 0.4225 0.66875 0.4225 0.6825 0.43 0.6825 0.43 0.66875
2 0.06875 0.82 0.05500000000000001 0.82 0.05500000000000001 0.83375 0.06875 0.83375 0.06875 0.82
2 0.08499999999999999 0.8225 0.07125000000000001 0.8225 0.07125000000000001 0.83625 0.08499999999999999 0.83625 0.08499999999999999 0.8225
2 0.07875 0.8699999999999999 0.06375 0.8699999999999999 0.06375 0.8825 0.07875 0.8825 0.07875 0.8699999999999999
2 0.07875 0.85375 0.065 0.85375 0.065 0.86625 0.07875 0.86625 0.07875 0.85375
2 0.08 0.845 0.06625 0.845 0.06625 0.8574999999999999 0.08 0.8574999999999999 0.08 0.845
2 0.08375 0.83125 0.06999999999999999 0.83125 0.06999999999999999 0.84375 0.08375 0.84375 0.08375 0.83125
2 0.06999999999999999 0.8125 0.05500000000000001 0.8125 0.05500000000000001 0.8237500000000001 0.06999999999999999 0.8237500000000001 0.06999999999999999 0.8125
2 0.06625 0.8275 0.052500000000000005 0.8275 0.052500000000000005 0.8400000000000001 0.06625 0.8400000000000001 0.06625 0.8275
2 0.18 0.8150000000000001 0.16875 0.8150000000000001 0.16875 0.83125 0.18 0.83125 0.18 0.8150000000000001
2 0.06625 0.83625 0.052500000000000005 0.83625 0.052500000000000005 0.8487500000000001 0.06625 0.8487500000000001 0.06625 0.83625
2 0.06625 0.8462500000000001 0.05375 0.8462500000000001 0.05375 0.85625 0.06625 0.85625 0.06625 0.8462500000000001
2 0.065 0.8525 0.052500000000000005 0.8525 0.052500000000000005 0.865 0.065 0.865 0.065 0.8525
2 0.0625 0.85875 0.04875 0.85875 0.04875 0.8712500000000001 0.0625 0.8712500000000001 0.0625 0.85875
2 0.061250000000000006 0.865 0.0475 0.865 0.0475 0.8787499999999999 0.061250000000000006 0.8787499999999999 0.061250000000000006 0.865
2 0.061250000000000006 0.875 0.04875 0.875 0.04875 0.8887499999999999 0.061250000000000006 0.8887499999999999 0.061250000000000006 0.875
2 0.08625000000000001 0.8074999999999999 0.0725 0.8074999999999999 0.0725 0.81875 0.08625000000000001 0.81875 0.08625000000000001 0.8074999999999999
2 0.0875 0.8 0.07375000000000001 0.8 0.07375000000000001 0.81125 0.0875 0.81125 0.0875 0.8
2 0.11875 0.81375 0.1025 0.81375 0.1025 0.8237500000000001 0.11875 0.8237500000000001 0.11875 0.81375
2 0.12 0.79875 0.10625 0.79875 0.10625 0.8099999999999999 0.12 0.8099999999999999 0.12 0.79875
2 0.11374999999999999 0.8375 0.1 0.8375 0.1 0.8474999999999999 0.11374999999999999 0.8474999999999999 0.11374999999999999 0.8375
2 0.11000000000000001 0.8550000000000001 0.09875 0.8550000000000001 0.09875 0.8625 0.11000000000000001 0.8625 0.11000000000000001 0.8550000000000001
2 0.11125 0.8675 0.0975 0.8675 0.0975 0.87625 0.11125 0.87625 0.11125 0.8675
2 0.1075 0.87625 0.09375 0.87625 0.09375 0.88375 0.1075 0.88375 0.1075 0.87625
2 0.1075 0.88375 0.09375 0.88375 0.09375 0.89125 0.1075 0.89125 0.1075 0.88375
2 0.10625 0.8925000000000001 0.09125 0.8925000000000001 0.09125 0.9012499999999999 0.10625 0.9012499999999999 0.10625 0.8925000000000001
2 0.135 0.9650000000000001 0.13 0.9650000000000001 0.13 0.9775 0.135 0.9775 0.135 0.9650000000000001
2 0.1625 0.92125 0.15 0.92125 0.15 0.9337500000000001 0.1625 0.9337500000000001 0.1625 0.92125
2 0.17875000000000002 0.8862500000000001 0.16875 0.8862500000000001 0.16875 0.9025000000000001 0.17875000000000002 0.9025000000000001 0.17875000000000002 0.8862500000000001
2 0.1925 0.89875 0.185 0.89875 0.185 0.91375 0.1925 0.91375 0.1925 0.89875
2 0.1825 0.8574999999999999 0.17625 0.8574999999999999 0.17625 0.8712500000000001 0.1825 0.8712500000000001 0.1825 0.8574999999999999
2 0.19875 0.85625 0.19125 0.85625 0.19125 0.86875 0.19875 0.86875 0.19875 0.85625
2 0.061250000000000006 0.88375 0.04625 0.88375 0.04625 0.8975 0.061250000000000006 0.8975 0.061250000000000006 0.88375
2 0.1925 0.74875 0.14625 0.74875 0.14625 0.78 0.1925 0.78 0.1925 0.74875
2 0.15 0.73625 0.135 0.73625 0.135 0.74375 0.15 0.74375 0.15 0.73625
2 0.0925 0.017499999999999998 0.08249999999999999 0.017499999999999998 0.08249999999999999 0.03125 0.0925 0.03125 0.0925 0.017499999999999998
2 0.10124999999999999 0.015 0.09 0.015 0.09 0.03 0.10124999999999999 0.03 0.10124999999999999 0.015
2 0.11125 0.0125 0.0975 0.0125 0.0975 0.026250000000000002 0.11125 0.026250000000000002 0.11125 0.0125
2 0.12125 0.034999999999999996 0.10500000000000001 0.034999999999999996 0.10500000000000001 0.04375 0.12125 0.04375 0.12125 0.034999999999999996
2 0.12 0.04375 0.10500000000000001 0.04375 0.10500000000000001 0.05 0.12 0.05 0.12 0.04375
2 0.025 0.27999999999999997 0.01 0.27999999999999997 0.01 0.29125 0.025 0.29125 0.025 0.27999999999999997
2 0.25375000000000003 0.38 0.2475 0.38 0.2475 0.39249999999999996 0.25375000000000003 0.39249999999999996 0.25375000000000003 0.38
2 0.23500000000000001 0.445 0.22749999999999998 0.445 0.22749999999999998 0.45999999999999996 0.23500000000000001 0.45999999999999996 0.23500000000000001 0.445
2 0.2575 0.51875 0.2475 0.51875 0.2475 0.53625 0.2575 0.53625 0.2575 0.51875
2 0.05625 0.5175 0.04375 0.5175 0.04375 0.525 0.05625 0.525 0.05625 0.5175
2 0.1125 0.6125 0.09875 0.6125 0.09875 0.61875 0.1125 0.61875 0.1125 0.6125
2 0.09375 0.725 0.07875 0.725 0.07875 0.7325 0.09375 0.7325 0.09375 0.725
2 0.095 1 0.095 0.99875 0.08875 0.99875 0.08875 1 0.095 1
2 0.08875 1 0.08875 0.9962500000000001 0.08125 0.9962500000000001 0.08125 1 0.08875 1
2 0.08 1 0.08 0.9962500000000001 0.07375000000000001 0.9962500000000001 0.07375000000000001 1 0.08 1
2 0.07375000000000001 1 0.07375000000000001 0.99375 0.06625 0.99375 0.06625 1 0.07375000000000001 1
2 0.065 1 0.065 0.99375 0.06 0.99375 0.06 1 0.065 1
2 0.21375000000000002 0.945 0.19624999999999998 0.945 0.19624999999999998 0.9637499999999999 0.21375000000000002 0.9637499999999999 0.21375000000000002 0.945
2 0.28500000000000003 0.30625 0.24125000000000002 0.30625 0.24125000000000002 0.32375 0.28500000000000003 0.32375 0.28500000000000003 0.30625
2 0.20249999999999999 0.8425 0.195 0.8425 0.195 0.85375 0.20249999999999999 0.85375 0.20249999999999999 0.8425
2 0.205 0.8324999999999999 0.1975 0.8324999999999999 0.1975 0.845 0.205 0.845 0.205 0.8324999999999999
2 0.1875 0.8300000000000001 0.18 0.8300000000000001 0.18 0.84375 0.1875 0.84375 0.1875 0.8300000000000001
2 0.1925 0.7975 0.185 0.7975 0.185 0.81125 0.1925 0.81125 0.1925 0.7975
2 0.29125 0.85125 0.28500000000000003 0.85125 0.28500000000000003 0.8637499999999999 0.29125 0.8637499999999999 0.29125 0.85125
2 0.35125 0.8474999999999999 0.34500000000000003 0.8474999999999999 0.34500000000000003 0.86 0.35125 0.86 0.35125 0.8474999999999999
2 0.34125 0.84375 0.335 0.84375 0.335 0.85875 0.34125 0.85875 0.34125 0.84375
2 0.32875 0.8425 0.3225 0.8425 0.3225 0.85625 0.32875 0.85625 0.32875 0.8425
2 0.31124999999999997 0.8412499999999999 0.30375 0.8412499999999999 0.30375 0.85625 0.31124999999999997 0.85625 0.31124999999999997 0.8412499999999999
2 0.305 0.8387499999999999 0.2975 0.8387499999999999 0.2975 0.8525 0.305 0.8525 0.305 0.8387499999999999
2 0.2975 0.83625 0.29 0.83625 0.29 0.85125 0.2975 0.85125 0.2975 0.83625
2 0.28500000000000003 0.85 0.27875 0.85 0.27875 0.8625 0.28500000000000003 0.8625 0.28500000000000003 0.85
2 0.28375 0.8375 0.27875 0.8375 0.27875 0.85 0.28375 0.85 0.28375 0.8375
2 0.265 0.8324999999999999 0.25875 0.8324999999999999 0.25875 0.8462500000000001 0.265 0.8462500000000001 0.265 0.8324999999999999
2 0.25875 0.8300000000000001 0.2525 0.8300000000000001 0.2525 0.84375 0.25875 0.84375 0.25875 0.8300000000000001
2 0.25125000000000003 0.8225 0.23875000000000002 0.8225 0.23875000000000002 0.83125 0.25125000000000003 0.83125 0.25125000000000003 0.8225
2 0.25375000000000003 0.8087500000000001 0.24 0.8087500000000001 0.24 0.8175000000000001 0.25375000000000003 0.8175000000000001 0.25375000000000003 0.8087500000000001
2 0.19875 0.7737499999999999 0.19 0.7737499999999999 0.19 0.7875 0.19875 0.7875 0.19875 0.7737499999999999
2 0.35750000000000004 0.8487500000000001 0.35125 0.8487500000000001 0.35125 0.86 0.35750000000000004 0.86 0.35750000000000004 0.8487500000000001
2 0.37374999999999997 0.8637499999999999 0.36124999999999996 0.8637499999999999 0.36124999999999996 0.8699999999999999 0.37374999999999997 0.8699999999999999 0.37374999999999997 0.8637499999999999
2 0.3725 0.8712500000000001 0.36 0.8712500000000001 0.36 0.8787499999999999 0.3725 0.8787499999999999 0.3725 0.8712500000000001
2 0.29 0.9237500000000001 0.27625 0.9237500000000001 0.27625 0.9375 0.29 0.9375 0.29 0.9237500000000001
2 0.30625 0.9375 0.29125 0.9375 0.29125 0.95 0.30625 0.95 0.30625 0.9375
2 0.39 0.91875 0.38375 0.91875 0.38375 0.93125 0.39 0.93125 0.39 0.91875
2 0.40499999999999997 0.8724999999999999 0.3975 0.8724999999999999 0.3975 0.885 0.40499999999999997 0.885 0.40499999999999997 0.8724999999999999
2 0.41875 0.9087500000000001 0.4125 0.9087500000000001 0.4125 0.92125 0.41875 0.92125 0.41875 0.9087500000000001
2 0.4125 0.8425 0.40499999999999997 0.8425 0.40499999999999997 0.8574999999999999 0.4125 0.8574999999999999 0.4125 0.8425
2 0.44125 0.97875 0.42750000000000005 0.97875 0.42750000000000005 0.9862500000000001 0.44125 0.9862500000000001 0.44125 0.97875
2 0.315 0.9887499999999999 0.3 0.9887499999999999 0.3 0.9962500000000001 0.315 0.9962500000000001 0.315 0.9887499999999999
2 0.24125000000000002 0.99125 0.22749999999999998 0.99125 0.22749999999999998 0.9974999999999999 0.24125000000000002 0.9974999999999999 0.24125000000000002 0.99125
2 0.49124999999999996 1 0.49124999999999996 0.99125 0.48375 0.99125 0.48375 1 0.49124999999999996 1
2 0.50875 1 0.50875 0.99875 0.5037499999999999 0.99875 0.5037499999999999 1 0.50875 1
2 0.66875 0.1925 0.6575 0.1925 0.6575 0.20625 0.66875 0.20625 0.66875 0.1925