2 0.8975 0.5275000000000001 0.8862500000000001 0.5275000000000001 0.8862500000000001 0.54125 0.8975 0.54125 0.8975 0.5275000000000001
2 0.7525000000000001 1 0.7525000000000001 0.99375 0.7462500000000001 0.99375 0.7462500000000001 1 0.7525000000000001 1
2 0.755 0.97625 0.74875 0.97625 0.74875 0.99 0.755 0.99 0.755 0.97625
2 0.875 0.9237500000000001 0.8612500000000001 0.9237500000000001 0.8612500000000001 0.93125 0.875 0.93125 0.875 0.9237500000000001
2 0.83375 0.91875 0.82125 0.91875 0.82125 0.925 0.83375 0.925 0.83375 0.91875
2 0.82875 0.89875 0.82125 0.89875 0.82125 0.9125 0.82875 0.9125 0.82875 0.89875
2 0.985 0.8412499999999999 0.97625 0.8412499999999999 0.97625 0.85625 0.985 0.85625 0.985 0.8412499999999999
2 0.9262499999999999 0.9324999999999999 0.9112500000000001 0.9324999999999999 0.9112500000000001 0.9400000000000001 0.9262499999999999 0.9400000000000001 0.9262499999999999 0.9324999999999999
2 0.9962500000000001 0.61125 0.99 0.61125 0.99 0.62375 0.9962500000000001 0.62375 0.9962500000000001 0.61125
2 0.985 0.605 0.975 0.605 0.975 0.61875 0.985 0.61875 0.985 0.605
2 0.9949999999999999 0.54875 0.9775 0.54875 0.9775 0.5599999999999999 0.9949999999999999 0.5599999999999999 0.9949999999999999 0.54875
2 0.9962500000000001 0.5425 0.98125 0.5425 0.98125 0.55125 0.9962500000000001 0.55125 0.9962500000000001 0.5425
2 1 0.5237499999999999 0.99 0.5237499999999999 0.99 0.53125 1 0.53125 1 0.5237499999999999
2 0.88375 0.5599999999999999 0.8712500000000001 0.5599999999999999 0.8712500000000001 0.57875 0.88375 0.57875 0.88375 0.5599999999999999
2 0.925 0.4625 0.91375 0.4625 0.91375 0.47625 0.925 0.47625 0.925 0.4625
2 0.8925000000000001 0.9262499999999999 0.88125 0.9262499999999999 0.88125 0.9349999999999999 0.8925000000000001 0.9349999999999999 0.8925000000000001 0.9262499999999999
2 0.93625 0.9324999999999999 0.9262499999999999 0.9324999999999999 0.9262499999999999 0.9412499999999999 0.93625 0.9412499999999999 0.93625 0.9324999999999999
2 0.7275 0.9824999999999999 0.72 0.9824999999999999 0.72 0.9962500000000001 0.7275 0.9962500000000001 0.7275 0.9824999999999999
2 0.73 0.9712500000000001 0.7224999999999999 0.9712500000000001 0.7224999999999999 0.98125 0.73 0.98125 0.73 0.9712500000000001
2 0.5375 0.9675 0.525 0.9675 0.525 0.975 0.5375 0.975 0.5375 0.9675
2 0.53625 0.9550000000000001 0.52 0.9550000000000001 0.52 0.9650000000000001 0.53625 0.9650000000000001 0.53625 0.9550000000000001
2 0.5349999999999999 0.9487500000000001 0.52 0.9487500000000001 0.52 0.9574999999999999 0.5349999999999999 0.9574999999999999 0.5349999999999999 0.9487500000000001
2 0.5337500000000001 0.9425000000000001 0.51875 0.9425000000000001 0.51875 0.9512499999999999 0.5337500000000001 0.9512499999999999 0.5337500000000001 0.9425000000000001
2 0.5337500000000001 0.9375 0.51875 0.9375 0.51875 0.945 0.5337500000000001 0.945 0.5337500000000001 0.9375
2 0.9862500000000001 0.98125 0.9724999999999999 0.98125 0.9724999999999999 0.9875 0.9862500000000001 0.9875 0.9862500000000001 0.98125
2 0.9650000000000001 0.9375 0.9525 0.9375 0.9525 0.94375 0.9650000000000001 0.94375 0.9650000000000001 0.9375
2 0.95375 0.9875 0.9412499999999999 0.9875 0.9412499999999999 0.9949999999999999 0.95375 0.9949999999999999 0.95375 0.9875
2 0.9525 0.98125 0.93875 0.98125 0.93875 0.9875 0.9525 0.9875 0.9525 0.98125
2 0.9512499999999999 0.9675 0.9400000000000001 0.9675 0.9400000000000001 0.975 0.9512499999999999 0.975 0.9512499999999999 0.9675
2 0.9550000000000001 0.95875 0.9400000000000001 0.95875 0.9400000000000001 0.9662499999999999 0.9550000000000001 0.9662499999999999 0.9550000000000001 0.95875
2 0.8975 0.9887499999999999 0.885 0.9887499999999999 0.885 0.9949999999999999 0.8975 0.9949999999999999 0.8975 0.9887499999999999
2 0.885 0.96125 0.87375 0.96125 0.87375 0.9662499999999999 0.885 0.9662499999999999 0.885 0.96125
2 0.9375 0.9550000000000001 0.9237500000000001 0.9550000000000001 0.9237500000000001 0.96125 0.9375 0.96125 0.9375 0.9550000000000001
2 0.9949999999999999 0.9412499999999999 0.98125 0.9412499999999999 0.98125 0.9487500000000001 0.9949999999999999 0.9487500000000001 0.9949999999999999 0.9412499999999999
2 0.9800000000000001 0.9400000000000001 0.9675 0.9400000000000001 0.9675 0.94625 0.9800000000000001 0.94625 0.9800000000000001 0.9400000000000001
2 0.915 0.485 0.90625 0.485 0.90625 0.49749999999999994 0.915 0.49749999999999994 0.915 0.485
2 0.875 0.53 0.865 0.53 0.865 0.54375 0.875 0.54375 0.875 0.53
2 0.8925000000000001 0.49124999999999996 0.8825 0.49124999999999996 0.8825 0.505 0.8925000000000001 0.505 0.8925000000000001 0.49124999999999996
2 0.5575 0.55 0.55125 0.55 0.55125 0.5650000000000001 0.5575 0.5650000000000001 0.5575 0.55
2 0.5475 0.5475 0.54125 0.5475 0.54125 0.5625 0.5475 0.5625 0.5475 0.5475
2 0.5387500000000001 0.5475 0.5325 0.5475 0.5325 0.56125 0.5387500000000001 0.56125 0.5387500000000001 0.5475
2 0.5325 0.54625 0.5237499999999999 0.54625 0.5237499999999999 0.5599999999999999 0.5325 0.5599999999999999 0.5325 0.54625
2 0.525 0.545 0.5175 0.545 0.5175 0.5599999999999999 0.525 0.5599999999999999 0.525 0.545
2 0.49625 0.50875 0.49000000000000005 0.50875 0.49000000000000005 0.52125 0.49625 0.52125 0.49625 0.50875
2 0.4875 0.5075000000000001 0.47750000000000004 0.5075000000000001 0.47750000000000004 0.5237499999999999 0.4875 0.5237499999999999 0.4875 0.5075000000000001
2 0.8462500000000001 0.00125 0.8387499999999999 0.00125 0.8387499999999999 0.01 0.8462500000000001 0.01 0.8462500000000001 0.00125
2 0.915 0.00125 0.9 0.00125 0.9 0.0075 0.915 0.0075 0.915 0.00125
2 0.8887499999999999 0.00125 0.88125 0.00125 0.88125 0.0025 0.8887499999999999 0.0025 0.8887499999999999 0.00125
2 0.8825 0.00125 0.87625 0.00125 0.87625 0.00375 0.8825 0.00375 0.8825 0.00125
2 0.87625 0.00125 0.86875 0.00125 0.86875 0.00625 0.87625 0.00625 0.87625 0.00125
2 0.8699999999999999 0.00125 0.8625 0.00125 0.8625 0.0075 0.8699999999999999 0.0075 0.8699999999999999 0.00125
2 0.9012499999999999 0.03 0.8875 0.03 0.8875 0.03625 0.9012499999999999 0.03625 0.9012499999999999 0.03
2 0.8862500000000001 0.03375 0.8724999999999999 0.03375 0.8724999999999999 0.042499999999999996 0.8862500000000001 0.042499999999999996 0.8862500000000001 0.03375
2 0.85375 0.00125 0.845 0.00125 0.845 0.01125 0.85375 0.01125 0.85375 0.00125
2 0.83125 0 0.83125 0.013750000000000002 0.8400000000000001 0.013750000000000002 0.8400000000000001 0 0.83125 0
2 0.8162499999999999 0.0075 0.8074999999999999 0.0075 0.8074999999999999 0.021249999999999998 0.8162499999999999 0.021249999999999998 0.8162499999999999 0.0075
2 0.8712500000000001 0.03625 0.8550000000000001 0.03625 0.8550000000000001 0.04625 0.8712500000000001 0.04625 0.8712500000000001 0.03625
2 0.2225 0.4725 0.215 0.4725 0.215 0.495 0.2225 0.495 0.2225 0.4725
2 0.075 0.06875 0.06625 0.06875 0.06625 0.08249999999999999 0.075 0.08249999999999999 0.075 0.06875
2 0.075 0.11000000000000001 0.06375 0.11000000000000001 0.06375 0.1275 0.075 0.1275 0.075 0.11000000000000001
2 0.08499999999999999 0.06875 0.07625 0.06875 0.07625 0.08249999999999999 0.08499999999999999 0.08249999999999999 0.08499999999999999 0.06875
2 0.915 0.005 0.9012499999999999 0.005 0.9012499999999999 0.013750000000000002 0.915 0.013750000000000002 0.915 0.005
2 0.91625 0 0.91625 0.0075 0.9275 0.0075 0.9275 0 0.91625 0
2 0.8975 0.475 0.8862500000000001 0.475 0.8862500000000001 0.49000000000000005 0.8975 0.49000000000000005 0.8975 0.475
2 0.9025000000000001 0.45875000000000005 0.8925000000000001 0.45875000000000005 0.8925000000000001 0.475 0.9025000000000001 0.475 0.9025000000000001 0.45875000000000005
2 0.91875 0.42125 0.9087500000000001 0.42125 0.9087500000000001 0.43499999999999994 0.91875 0.43499999999999994 0.91875 0.42125
2 0.9712500000000001 0.025 0.9637499999999999 0.025 0.9637499999999999 0.03875 0.9712500000000001 0.03875 0.9712500000000001 0.025
2 0.94375 0.0325 0.9349999999999999 0.0325 0.9349999999999999 0.04625 0.94375 0.04625 0.94375 0.0325
2 0.95 0.03 0.9412499999999999 0.03 0.9412499999999999 0.04375 0.95 0.04375 0.95 0.03
2 0.9574999999999999 0.028749999999999998 0.9487500000000001 0.028749999999999998 0.9487500000000001 0.045 0.9574999999999999 0.045 0.9574999999999999 0.028749999999999998
2 0.9650000000000001 0.026250000000000002 0.9574999999999999 0.026250000000000002 0.9574999999999999 0.04 0.9650000000000001 0.04 0.9650000000000001 0.026250000000000002
2 0.9775 0.0225 0.97 0.0225 0.97 0.034999999999999996 0.9775 0.034999999999999996 0.9775 0.0225
2 0.9862500000000001 0.021249999999999998 0.9775 0.021249999999999998 0.9775 0.0375 0.9862500000000001 0.0375 0.9862500000000001 0.021249999999999998
2 0.99375 0.021249999999999998 0.985 0.021249999999999998 0.985 0.034999999999999996 0.99375 0.034999999999999996 0.99375 0.021249999999999998
2 1 0.02 0.9925 0.02 0.9925 0.03375 1 0.03375 1 0.02
2 1 0.005 0.9949999999999999 0.005 0.9949999999999999 0.013750000000000002 1 0.013750000000000002 1 0.005
2 0.96125 0.2475 0.9487500000000001 0.2475 0.9487500000000001 0.26125 0.96125 0.26125 0.96125 0.2475
2 1 0.3125 0.99 0.3125 0.99 0.32625000000000004 1 0.32625000000000004 1 0.3125
2 0.66125 0.22875 0.64625 0.22875 0.64625 0.23625 0.66125 0.23625 0.66125 0.22875