2 0.8612500000000001 0.5575 0.8474999999999999 0.5575 0.8474999999999999 0.5700000000000001 0.8612500000000001 0.5700000000000001 0.8612500000000001 0.5575
2 0.85125 0.5175 0.8375 0.5175 0.8375 0.53 0.85125 0.53 0.85125 0.5175
2 0.84375 0.53 0.82875 0.53 0.82875 0.5425 0.84375 0.5425 0.84375 0.53
2 0.49749999999999994 0.55375 0.48375 0.55375 0.48375 0.5662499999999999 0.49749999999999994 0.5662499999999999 0.49749999999999994 0.55375
2 0.47125000000000006 0.56875 0.4575 0.56875 0.4575 0.58125 0.47125000000000006 0.58125 0.47125000000000006 0.56875
2 0.4725 0.5525 0.45999999999999996 0.5525 0.45999999999999996 0.5675 0.4725 0.5675 0.4725 0.5525
2 0.48 0.5475 0.46624999999999994 0.5475 0.46624999999999994 0.5625 0.48 0.5625 0.48 0.5475
2 0.5025000000000001 0.5599999999999999 0.48875 0.5599999999999999 0.48875 0.5725 0.5025000000000001 0.5725 0.5025000000000001 0.5599999999999999
2 0.5075000000000001 0.5650000000000001 0.49375 0.5650000000000001 0.49375 0.5775 0.5075000000000001 0.5775 0.5075000000000001 0.5650000000000001
2 0.51125 0.5700000000000001 0.49749999999999994 0.5700000000000001 0.49749999999999994 0.5825 0.51125 0.5825 0.51125 0.5700000000000001
2 0.515 0.575 0.50125 0.575 0.50125 0.5875 0.515 0.5875 0.515 0.575
2 0.475 0.57375 0.46125 0.57375 0.46125 0.5862499999999999 0.475 0.5862499999999999 0.475 0.57375
2 0.47750000000000004 0.58 0.46624999999999994 0.58 0.46624999999999994 0.5912499999999999 0.47750000000000004 0.5912499999999999 0.47750000000000004 0.58
2 0.48250000000000004 0.58375 0.47000000000000003 0.58375 0.47000000000000003 0.5962500000000001 0.48250000000000004 0.5962500000000001 0.48250000000000004 0.58375
2 0.52125 0.58 0.50875 0.58 0.50875 0.5912499999999999 0.52125 0.5912499999999999 0.52125 0.58
2 0.4875 0.5900000000000001 0.475 0.5900000000000001 0.475 0.6025 0.4875 0.6025 0.4875 0.5900000000000001
2 0.49124999999999996 0.5962500000000001 0.47874999999999995 0.5962500000000001 0.47874999999999995 0.60875 0.49124999999999996 0.60875 0.49124999999999996 0.5962500000000001
2 0.49625 0.6 0.48375 0.6 0.48375 0.6125 0.49625 0.6125 0.49625 0.6
2 0.5 0.60625 0.48624999999999996 0.60625 0.48624999999999996 0.6174999999999999 0.5 0.6174999999999999 0.5 0.60625
2 0.5037499999999999 0.6125 0.4925 0.6125 0.4925 0.62375 0.5037499999999999 0.62375 0.5037499999999999 0.6125
2 0.5287499999999999 0.5912499999999999 0.5175 0.5912499999999999 0.5175 0.60375 0.5287499999999999 0.60375 0.5287499999999999 0.5912499999999999
2 0.8675 0.54875 0.85125 0.54875 0.85125 0.5650000000000001 0.8675 0.5650000000000001 0.8675 0.54875
2 0.86 0.505 0.8462500000000001 0.505 0.8462500000000001 0.5175 0.86 0.5175 0.86 0.505
2 0.86625 0.50125 0.85125 0.50125 0.85125 0.515 0.86625 0.515 0.86625 0.50125
2 0.99 0.28500000000000003 0.9824999999999999 0.28500000000000003 0.9824999999999999 0.3 0.99 0.3 0.99 0.28500000000000003
2 0.44000000000000006 0.013750000000000002 0.42750000000000005 0.013750000000000002 0.42750000000000005 0.026250000000000002 0.44000000000000006 0.026250000000000002 0.44000000000000006 0.013750000000000002
2 0.43499999999999994 0.042499999999999996 0.42125 0.042499999999999996 0.42125 0.05125 0.43499999999999994 0.05125 0.43499999999999994 0.042499999999999996
2 0.47750000000000004 0.0375 0.46375 0.0375 0.46375 0.05 0.47750000000000004 0.05 0.47750000000000004 0.0375
2 0.4875 0.0725 0.475 0.0725 0.475 0.08625000000000001 0.4875 0.08625000000000001 0.4875 0.0725
2 0.5125 0.1025 0.49874999999999997 0.1025 0.49874999999999997 0.11625 0.5125 0.11625 0.5125 0.1025
2 0.9 0.095 0.8862500000000001 0.095 0.8862500000000001 0.10874999999999999 0.9 0.10874999999999999 0.9 0.095
2 0.9199999999999999 0.10500000000000001 0.9037499999999999 0.10500000000000001 0.9037499999999999 0.12 0.9199999999999999 0.12 0.9199999999999999 0.10500000000000001
2 0.9324999999999999 0.12250000000000001 0.91875 0.12250000000000001 0.91875 0.1375 0.9324999999999999 0.1375 0.9324999999999999 0.12250000000000001
2 0.9962500000000001 0.28875 0.9887499999999999 0.28875 0.9887499999999999 0.305 0.9962500000000001 0.305 0.9962500000000001 0.28875
2 0.9574999999999999 0.35375 0.945 0.35375 0.945 0.36625 0.9574999999999999 0.36625 0.9574999999999999 0.35375
2 0.89 0.5175 0.87625 0.5175 0.87625 0.53125 0.89 0.53125 0.89 0.5175
2 0.905 0.40499999999999997 0.89375 0.40499999999999997 0.89375 0.4175 0.905 0.4175 0.905 0.40499999999999997
2 0.89375 0.4175 0.88125 0.4175 0.88125 0.43 0.89375 0.43 0.89375 0.4175
2 0.7537499999999999 0.355 0.73875 0.355 0.73875 0.36875 0.7537499999999999 0.36875 0.7537499999999999 0.355
2 0.7162499999999999 0.32375 0.70375 0.32375 0.70375 0.33625 0.7162499999999999 0.33625 0.7162499999999999 0.32375
2 0.665 0.32875 0.6525000000000001 0.32875 0.6525000000000001 0.34375 0.665 0.34375 0.665 0.32875
2 0.745 0.38625 0.73125 0.38625 0.73125 0.4 0.745 0.4 0.745 0.38625
2 0.8 0.43125 0.7849999999999999 0.43125 0.7849999999999999 0.44625000000000004 0.8 0.44625000000000004 0.8 0.43125
2 0.7537499999999999 0.43624999999999997 0.7424999999999999 0.43624999999999997 0.7424999999999999 0.45 0.7537499999999999 0.45 0.7537499999999999 0.43624999999999997
2 0.945 0.52125 0.93 0.52125 0.93 0.53625 0.945 0.53625 0.945 0.52125
2 0.54125 0.60875 0.53 0.60875 0.53 0.61875 0.54125 0.61875 0.54125 0.60875
2 0.48125 0.7837500000000001 0.47000000000000003 0.7837500000000001 0.47000000000000003 0.79625 0.48125 0.79625 0.48125 0.7837500000000001
2 0.4875 0.79 0.47375 0.79 0.47375 0.8025 0.4875 0.8025 0.4875 0.79
2 0.835 0.8612500000000001 0.8225 0.8612500000000001 0.8225 0.8724999999999999 0.835 0.8724999999999999 0.835 0.8612500000000001
2 0.78 0.82 0.76625 0.82 0.76625 0.8324999999999999 0.78 0.8324999999999999 0.78 0.82
2 0.7837500000000001 0.81375 0.77125 0.81375 0.77125 0.8262499999999999 0.7837500000000001 0.8262499999999999 0.7837500000000001 0.81375
2 0.8025 0.8175000000000001 0.7875 0.8175000000000001 0.7875 0.8324999999999999 0.8025 0.8324999999999999 0.8025 0.8175000000000001
2 0.8074999999999999 0.8237500000000001 0.79375 0.8237500000000001 0.79375 0.8375 0.8074999999999999 0.8375 0.8074999999999999 0.8237500000000001
2 0.8125 0.8300000000000001 0.8 0.8300000000000001 0.8 0.8425 0.8125 0.8425 0.8125 0.8300000000000001
2 0.8175000000000001 0.83375 0.80375 0.83375 0.80375 0.8474999999999999 0.8175000000000001 0.8474999999999999 0.8175000000000001 0.83375
2 0.825 0.8400000000000001 0.81125 0.8400000000000001 0.81125 0.85375 0.825 0.85375 0.825 0.8400000000000001
2 0.8275 0.8474999999999999 0.81375 0.8474999999999999 0.81375 0.85875 0.8275 0.85875 0.8275 0.8474999999999999
2 0.83125 0.85375 0.8175000000000001 0.85375 0.8175000000000001 0.8675 0.83125 0.8675 0.83125 0.85375
2 0.8412499999999999 0.865 0.82875 0.865 0.82875 0.87625 0.8412499999999999 0.87625 0.8412499999999999 0.865
2 0.7675 0.82875 0.7575000000000001 0.82875 0.7575000000000001 0.8412499999999999 0.7675 0.8412499999999999 0.7675 0.82875
2 0.845 0.8699999999999999 0.8324999999999999 0.8699999999999999 0.8324999999999999 0.88375 0.845 0.88375 0.845 0.8699999999999999
2 0.85625 0.885 0.84375 0.885 0.84375 0.8975 0.85625 0.8975 0.85625 0.885
2 0.8612500000000001 0.89 0.8474999999999999 0.89 0.8474999999999999 0.9025000000000001 0.8612500000000001 0.9025000000000001 0.8612500000000001 0.89
2 0.9375 0.8862500000000001 0.92125 0.8862500000000001 0.92125 0.9 0.9375 0.9 0.9375 0.8862500000000001
2 0.79 0.85375 0.77625 0.85375 0.77625 0.86625 0.79 0.86625 0.79 0.85375
2 0.79375 0.85875 0.78 0.85875 0.78 0.8712500000000001 0.79375 0.8712500000000001 0.79375 0.85875
2 0.7975 0.8625 0.7837500000000001 0.8625 0.7837500000000001 0.87625 0.7975 0.87625 0.7975 0.8625
2 0.8025 0.86875 0.7887500000000001 0.86875 0.7887500000000001 0.88125 0.8025 0.88125 0.8025 0.86875
2 0.8074999999999999 0.87375 0.7925 0.87375 0.7925 0.8875 0.8074999999999999 0.8875 0.8074999999999999 0.87375
2 0.775 0.825 0.76125 0.825 0.76125 0.8375 0.775 0.8375 0.775 0.825
2 0.74 0.845 0.7275 0.845 0.7275 0.85625 0.74 0.85625 0.74 0.845
2 0.57875 0.69625 0.5650000000000001 0.69625 0.5650000000000001 0.7112499999999999 0.57875 0.7112499999999999 0.57875 0.69625
2 0.6875 0.8324999999999999 0.67375 0.8324999999999999 0.67375 0.84375 0.6875 0.84375 0.6875 0.8324999999999999
2 0.5925 0.7125 0.5775 0.7125 0.5775 0.7275 0.5925 0.7275 0.5925 0.7125
2 0.6675 0.755 0.65625 0.755 0.65625 0.76875 0.6675 0.76875 0.6675 0.755
2 0.64625 0.7837500000000001 0.6325000000000001 0.7837500000000001 0.6325000000000001 0.79625 0.64625 0.79625 0.64625 0.7837500000000001
2 0.66875 0.8087500000000001 0.6537499999999999 0.8087500000000001 0.6537499999999999 0.8237500000000001 0.66875 0.8237500000000001 0.66875 0.8087500000000001
2 0.67125 0.8150000000000001 0.6599999999999999 0.8150000000000001 0.6599999999999999 0.8275 0.67125 0.8275 0.67125 0.8150000000000001
2 0.6900000000000001 0.7849999999999999 0.6775 0.7849999999999999 0.6775 0.79625 0.6900000000000001 0.79625 0.6900000000000001 0.7849999999999999
2 0.69375 0.7887500000000001 0.6825 0.7887500000000001 0.6825 0.8 0.69375 0.8 0.69375 0.7887500000000001
2 0.6799999999999999 0.82125 0.6675 0.82125 0.6675 0.8324999999999999 0.6799999999999999 0.8324999999999999 0.6799999999999999 0.82125
2 0.6837500000000001 0.8262499999999999 0.67 0.8262499999999999 0.67 0.8387499999999999 0.6837500000000001 0.8387499999999999 0.6837500000000001 0.8262499999999999
2 0.6900000000000001 0.8375 0.6775 0.8375 0.6775 0.85 0.6900000000000001 0.85 0.6900000000000001 0.8375
2 0.7325 0.835 0.72 0.835 0.72 0.8462500000000001 0.7325 0.8462500000000001 0.7325 0.835
2 0.69875 0.845 0.6849999999999999 0.845 0.6849999999999999 0.8574999999999999 0.69875 0.8574999999999999 0.69875 0.845
2 0.7025 0.85 0.6900000000000001 0.85 0.6900000000000001 0.8625 0.7025 0.8625 0.7025 0.85
2 0.70625 0.85625 0.69375 0.85625 0.69375 0.8675 0.70625 0.8675 0.70625 0.85625
2 0.69875 0.795 0.6875 0.795 0.6875 0.80625 0.69875 0.80625 0.69875 0.795
2 0.70375 0.79875 0.6912499999999999 0.79875 0.6912499999999999 0.81125 0.70375 0.81125 0.70375 0.79875
2 0.7075 0.805 0.6950000000000001 0.805 0.6950000000000001 0.8175000000000001 0.7075 0.8175000000000001 0.7075 0.805
2 0.71375 0.81375 0.70125 0.81375 0.70125 0.8262499999999999 0.71375 0.8262499999999999 0.71375 0.81375
2 0.71875 0.81875 0.70625 0.81875 0.70625 0.83125 0.71875 0.83125 0.71875 0.81875
2 0.7275 0.8300000000000001 0.7150000000000001 0.8300000000000001 0.7150000000000001 0.8425 0.7275 0.8425 0.7275 0.8300000000000001
2 0.43 0.0025 0.4175 0.0025 0.4175 0.015 0.43 0.015 0.43 0.0025
2 0.3675 0.61 0.35875 0.61 0.35875 0.62375 0.3675 0.62375 0.3675 0.61
2 0.3325 0.50625 0.32125 0.50625 0.32125 0.52125 0.3325 0.52125 0.3325 0.50625
2 0.8150000000000001 0.885 0.8012499999999999 0.885 0.8012499999999999 0.89625 0.8150000000000001 0.89625 0.8150000000000001 0.885
2 0.81875 0.89125 0.805 0.89125 0.805 0.9037499999999999 0.81875 0.9037499999999999 0.81875 0.89125
2 0.8225 0.89625 0.8099999999999999 0.89625 0.8099999999999999 0.9087500000000001 0.8225 0.9087500000000001 0.8225 0.89625
2 0.8324999999999999 0.905 0.82 0.905 0.82 0.9175000000000001 0.8324999999999999 0.9175000000000001 0.8324999999999999 0.905
2 0.62625 0.9075 0.61125 0.9075 0.61125 0.9199999999999999 0.62625 0.9199999999999999 0.62625 0.9075
2 0.44000000000000006 0.8975 0.43375 0.8975 0.43375 0.91375 0.44000000000000006 0.91375 0.44000000000000006 0.8975
2 0.79625 1 0.79625 0.99125 0.7849999999999999 0.99125 0.7849999999999999 1 0.79625 1
2 0.7525000000000001 0.95375 0.74125 0.95375 0.74125 0.9675 0.7525000000000001 0.9675 0.7525000000000001 0.95375
2 0.70625 0.89625 0.6950000000000001 0.89625 0.6950000000000001 0.9099999999999999 0.70625 0.9099999999999999 0.70625 0.89625
2 0.625 0.8474999999999999 0.61125 0.8474999999999999 0.61125 0.85875 0.625 0.85875 0.625 0.8474999999999999
2 0.53625 0.89625 0.52625 0.89625 0.52625 0.9087500000000001 0.53625 0.9087500000000001 0.53625 0.89625
2 0.6325000000000001 0.8675 0.6174999999999999 0.8675 0.6174999999999999 0.88125 0.6325000000000001 0.88125 0.6325000000000001 0.8675
2 0.63625 0.8724999999999999 0.6224999999999999 0.8724999999999999 0.6224999999999999 0.885 0.63625 0.885 0.63625 0.8724999999999999
2 0.64 0.8775000000000001 0.6275000000000001 0.8775000000000001 0.6275000000000001 0.8887499999999999 0.64 0.8887499999999999 0.64 0.8775000000000001
2 0.655 0.8949999999999999 0.6425 0.8949999999999999 0.6425 0.9075 0.655 0.9075 0.655 0.8949999999999999
2 0.6599999999999999 0.9 0.645 0.9 0.645 0.91375 0.6599999999999999 0.91375 0.6599999999999999 0.9
2 0.6725 0.91375 0.6587500000000001 0.91375 0.6587500000000001 0.92875 0.6725 0.92875 0.6725 0.91375
2 0.6799999999999999 0.9225 0.665 0.9225 0.665 0.9375 0.6799999999999999 0.9375 0.6799999999999999 0.9225
2 0.69875 0.9487500000000001 0.6837500000000001 0.9487500000000001 0.6837500000000001 0.96125 0.69875 0.96125 0.69875 0.9487500000000001
2 0.72 0.9724999999999999 0.7075 0.9724999999999999 0.7075 0.985 0.72 0.985 0.72 0.9724999999999999
2 0.665 1 0.665 0.99 0.6537499999999999 0.99 0.6537499999999999 1 0.665 1
2 0.43 0.8412499999999999 0.4225 0.8412499999999999 0.4225 0.8550000000000001 0.43 0.8550000000000001 0.43 0.8412499999999999
2 0.7825 0.89375 0.77 0.89375 0.77 0.90625 0.7825 0.90625 0.7825 0.89375
2 0.8387499999999999 0.91375 0.825 0.91375 0.825 0.9262499999999999 0.8387499999999999 0.9262499999999999 0.8387499999999999 0.91375
2 0.84375 0.92125 0.8300000000000001 0.92125 0.8300000000000001 0.9337500000000001 0.84375 0.9337500000000001 0.84375 0.92125
2 0.8487500000000001 0.9275 0.83375 0.9275 0.83375 0.9400000000000001 0.8487500000000001 0.9400000000000001 0.8487500000000001 0.9275
2 0.8574999999999999 0.9349999999999999 0.84375 0.9349999999999999 0.84375 0.9487500000000001 0.8574999999999999 0.9487500000000001 0.8574999999999999 0.9349999999999999
2 0.8612500000000001 0.9412499999999999 0.8487500000000001 0.9412499999999999 0.8487500000000001 0.95375 0.8612500000000001 0.95375 0.8612500000000001 0.9412499999999999
2 0.765 0.8724999999999999 0.75125 0.8724999999999999 0.75125 0.885 0.765 0.885 0.765 0.8724999999999999
2 0.77 0.8775000000000001 0.75625 0.8775000000000001 0.75625 0.89 0.77 0.89 0.77 0.8775000000000001
2 0.7737499999999999 0.88375 0.76125 0.88375 0.76125 0.8949999999999999 0.7737499999999999 0.8949999999999999 0.7737499999999999 0.88375
2 0.78 0.8875 0.76625 0.8875 0.76625 0.9 0.78 0.9 0.78 0.8875
2 0.7875 0.89875 0.775 0.89875 0.775 0.9112500000000001 0.7875 0.9112500000000001 0.7875 0.89875
2 0.9487500000000001 0.985 0.93875 0.985 0.93875 0.99875 0.9487500000000001 0.99875 0.9487500000000001 0.985
2 0.79125 0.9037499999999999 0.7775000000000001 0.9037499999999999 0.7775000000000001 0.91625 0.79125 0.91625 0.79125 0.9037499999999999
2 0.7975 0.915 0.7849999999999999 0.915 0.7849999999999999 0.9275 0.7975 0.9275 0.7975 0.915
2 0.8025 0.9199999999999999 0.79 0.9199999999999999 0.79 0.9324999999999999 0.8025 0.9324999999999999 0.8025 0.9199999999999999
2 0.8074999999999999 0.925 0.79375 0.925 0.79375 0.93875 0.8074999999999999 0.93875 0.8074999999999999 0.925
2 0.7462500000000001 0.9025000000000001 0.7325 0.9025000000000001 0.7325 0.91375 0.7462500000000001 0.91375 0.7462500000000001 0.9025000000000001
2 0.76 0.9175000000000001 0.7462500000000001 0.9175000000000001 0.7462500000000001 0.93125 0.76 0.93125 0.76 0.9175000000000001
2 0.8 0.9675 0.78625 0.9675 0.78625 0.97875 0.8 0.97875 0.8 0.9675
2 0.8324999999999999 0.9550000000000001 0.81875 0.9550000000000001 0.81875 0.96875 0.8324999999999999 0.96875 0.8324999999999999 0.9550000000000001
2 0.85375 0.98125 0.8412499999999999 0.98125 0.8412499999999999 0.9949999999999999 0.85375 0.9949999999999999 0.85375 0.98125