2 0.021249999999999998 0.8175000000000001 0.0125 0.8175000000000001 0.0125 0.83125 0.021249999999999998 0.83125 0.021249999999999998 0.8175000000000001
2 0.008749999999999999 0.82 0.0025 0.82 0.0025 0.8324999999999999 0.008749999999999999 0.8324999999999999 0.008749999999999999 0.82
2 0.11499999999999999 0.47000000000000003 0.10124999999999999 0.47000000000000003 0.10124999999999999 0.47874999999999995 0.11499999999999999 0.47874999999999995 0.11499999999999999 0.47000000000000003
2 0.12 0.47874999999999995 0.11000000000000001 0.47874999999999995 0.11000000000000001 0.49375 0.12 0.49375 0.12 0.47874999999999995
2 0.11374999999999999 0.48250000000000004 0.10375000000000001 0.48250000000000004 0.10375000000000001 0.495 0.11374999999999999 0.495 0.11374999999999999 0.48250000000000004
2 0.13874999999999998 0.55125 0.12375 0.55125 0.12375 0.5587500000000001 0.13874999999999998 0.5587500000000001 0.13874999999999998 0.55125
2 0.0375 0.4025 0.028749999999999998 0.4025 0.028749999999999998 0.4175 0.0375 0.4175 0.0375 0.4025
2 0.052500000000000005 0.44625000000000004 0.041249999999999995 0.44625000000000004 0.041249999999999995 0.45999999999999996 0.052500000000000005 0.45999999999999996 0.052500000000000005 0.44625000000000004
2 0.04375 0.44875 0.03375 0.44875 0.03375 0.4625 0.04375 0.4625 0.04375 0.44875
2 0.03 0.37374999999999997 0.021249999999999998 0.37374999999999997 0.021249999999999998 0.38625 0.03 0.38625 0.03 0.37374999999999997
2 0.0225 0.375 0.013750000000000002 0.375 0.013750000000000002 0.39125 0.0225 0.39125 0.0225 0.375
2 0.155 0.485 0.145 0.485 0.145 0.49874999999999997 0.155 0.49874999999999997 0.155 0.485
2 0.14875 0.47874999999999995 0.13625 0.47874999999999995 0.13625 0.48624999999999996 0.14875 0.48624999999999996 0.14875 0.47874999999999995
2 0.14750000000000002 0.48624999999999996 0.13874999999999998 0.48624999999999996 0.13874999999999998 0.49874999999999997 0.14750000000000002 0.49874999999999997 0.14750000000000002 0.48624999999999996
2 0.14750000000000002 0.0075 0.135 0.0075 0.135 0.015 0.14750000000000002 0.015 0.14750000000000002 0.0075
2 0.1125 0.05500000000000001 0.1025 0.05500000000000001 0.1025 0.0725 0.1125 0.0725 0.1125 0.05500000000000001
2 0.11875 0.09375 0.1125 0.09375 0.1125 0.1075 0.11875 0.1075 0.11875 0.09375
2 0.20750000000000002 0.16625 0.19375 0.16625 0.19375 0.175 0.20750000000000002 0.175 0.20750000000000002 0.16625
2 0.3525 0.07375000000000001 0.34375 0.07375000000000001 0.34375 0.0875 0.3525 0.0875 0.3525 0.07375000000000001
2 0.5650000000000001 0.14875 0.55 0.14875 0.55 0.1575 0.5650000000000001 0.1575 0.5650000000000001 0.14875
2 0.36375 0.07875 0.35625 0.07875 0.35625 0.09125 0.36375 0.09125 0.36375 0.07875
2 0.54875 0.14375 0.53625 0.14375 0.53625 0.1525 0.54875 0.1525 0.54875 0.14375
2 0.20375000000000001 0.4925 0.19125 0.4925 0.19125 0.5 0.20375000000000001 0.5 0.20375000000000001 0.4925
2 0.1375 0.1825 0.1275 0.1825 0.1275 0.1975 0.1375 0.1975 0.1375 0.1825
2 0.39625 0.17250000000000001 0.3875 0.17250000000000001 0.3875 0.18625 0.39625 0.18625 0.39625 0.17250000000000001
2 0.40750000000000003 0.21125 0.3975 0.21125 0.3975 0.225 0.40750000000000003 0.225 0.40750000000000003 0.21125
2 0.38375 0.2125 0.37374999999999997 0.2125 0.37374999999999997 0.22625 0.38375 0.22625 0.38375 0.2125
2 0.3875 0.22625 0.3775 0.22625 0.3775 0.24 0.3875 0.24 0.3875 0.22625
2 0.39249999999999996 0.24375 0.38125 0.24375 0.38125 0.26 0.39249999999999996 0.26 0.39249999999999996 0.24375
2 0.33875 0.28625 0.32999999999999996 0.28625 0.32999999999999996 0.30125 0.33875 0.30125 0.33875 0.28625
2 0.23625 0.16625 0.225 0.16625 0.225 0.17375000000000002 0.23625 0.17375000000000002 0.23625 0.16625
2 0.16625 0.15375 0.15375 0.15375 0.15375 0.16125 0.16625 0.16125 0.16625 0.15375
2 0.145 0.18 0.13374999999999998 0.18 0.13374999999999998 0.195 0.145 0.195 0.145 0.18
2 0.14125000000000001 0.3275 0.13374999999999998 0.3275 0.13374999999999998 0.34249999999999997 0.14125000000000001 0.34249999999999997 0.14125000000000001 0.3275
2 0.3675 0.32625000000000004 0.35875 0.32625000000000004 0.35875 0.34125 0.3675 0.34125 0.3675 0.32625000000000004
2 0.13374999999999998 0.32999999999999996 0.1275 0.32999999999999996 0.1275 0.34500000000000003 0.13374999999999998 0.34500000000000003 0.13374999999999998 0.32999999999999996
2 0.1275 0.33125 0.12125 0.33125 0.12125 0.34625 0.1275 0.34625 0.1275 0.33125
2 0.12125 0.33375 0.11374999999999999 0.33375 0.11374999999999999 0.34625 0.12125 0.34625 0.12125 0.33375
2 0.11374999999999999 0.33125 0.10625 0.33125 0.10625 0.34750000000000003 0.11374999999999999 0.34750000000000003 0.11374999999999999 0.33125
2 0.255 0.445 0.24375 0.445 0.24375 0.465 0.255 0.465 0.255 0.445
2 0.34750000000000003 0.545 0.33375 0.545 0.33375 0.55625 0.34750000000000003 0.55625 0.34750000000000003 0.545
2 0.34500000000000003 0.53 0.32999999999999996 0.53 0.32999999999999996 0.5425 0.34500000000000003 0.5425 0.34500000000000003 0.53
2 0.28125 0.495 0.26749999999999996 0.495 0.26749999999999996 0.505 0.28125 0.505 0.28125 0.495
2 0.2225 0.45125000000000004 0.2125 0.45125000000000004 0.2125 0.465 0.2225 0.465 0.2225 0.45125000000000004
2 0.365 0.34125 0.35625 0.34125 0.35625 0.355 0.365 0.355 0.365 0.34125
2 0.32875 0.26625 0.31625000000000003 0.26625 0.31625000000000003 0.28875 0.32875 0.28875 0.32875 0.26625
2 0.44375 0.1275 0.43 0.1275 0.43 0.13625 0.44375 0.13625 0.44375 0.1275
2 0.42750000000000005 0.20875 0.41624999999999995 0.20875 0.41624999999999995 0.22000000000000003 0.42750000000000005 0.22000000000000003 0.42750000000000005 0.20875
2 0.42750000000000005 0.1375 0.4175 0.1375 0.4175 0.1525 0.42750000000000005 0.1525 0.42750000000000005 0.1375
2 0.40875000000000006 0.1325 0.395 0.1325 0.395 0.145 0.40875000000000006 0.145 0.40875000000000006 0.1325
2 0.40875000000000006 0.14250000000000002 0.39625 0.14250000000000002 0.39625 0.1525 0.40875000000000006 0.1525 0.40875000000000006 0.14250000000000002
2 0.4125 0.14875 0.39875 0.14875 0.39875 0.15875 0.4125 0.15875 0.4125 0.14875
2 0.41500000000000004 0.155 0.40125 0.155 0.40125 0.16625 0.41500000000000004 0.16625 0.41500000000000004 0.155
2 0.44125 0.195 0.43499999999999994 0.195 0.43499999999999994 0.20625 0.44125 0.20625 0.44125 0.195
2 0.43375 0.19375 0.42625 0.19375 0.42625 0.20625 0.43375 0.20625 0.43375 0.19375
2 0.42625 0.195 0.41375 0.195 0.41375 0.20625 0.42625 0.20625 0.42625 0.195
2 0.42750000000000005 0.20249999999999999 0.4125 0.20249999999999999 0.4125 0.21375000000000002 0.42750000000000005 0.21375000000000002 0.42750000000000005 0.20249999999999999
2 0.44625000000000004 0.225 0.4325 0.225 0.4325 0.23374999999999999 0.44625000000000004 0.23374999999999999 0.44625000000000004 0.225
2 0.4425 0.5125 0.43375 0.5125 0.43375 0.525 0.4425 0.525 0.4425 0.5125
2 0.43375 0.22999999999999998 0.42125 0.22999999999999998 0.42125 0.2375 0.43375 0.2375 0.43375 0.22999999999999998
2 0.45499999999999996 0.385 0.44625000000000004 0.385 0.44625000000000004 0.39875 0.45499999999999996 0.39875 0.45499999999999996 0.385
2 0.45999999999999996 0.40125 0.45 0.40125 0.45 0.41500000000000004 0.45999999999999996 0.41500000000000004 0.45999999999999996 0.40125
2 0.46375 0.42000000000000004 0.45375 0.42000000000000004 0.45375 0.4325 0.46375 0.4325 0.46375 0.42000000000000004
2 0.445 0.40625 0.43624999999999997 0.40625 0.43624999999999997 0.41875 0.445 0.41875 0.445 0.40625
2 0.50875 0.6125 0.5 0.6125 0.5 0.6275000000000001 0.50875 0.6275000000000001 0.50875 0.6125
2 0.35750000000000004 0.595 0.34249999999999997 0.595 0.34249999999999997 0.6025 0.35750000000000004 0.6025 0.35750000000000004 0.595
2 0.2875 0.61 0.275 0.61 0.275 0.6174999999999999 0.2875 0.6174999999999999 0.2875 0.61
2 0.4575 0.5175 0.44749999999999995 0.5175 0.44749999999999995 0.5325 0.4575 0.5325 0.4575 0.5175
2 0.02 0.22125 0.0125 0.22125 0.0125 0.23374999999999999 0.02 0.23374999999999999 0.02 0.22125
2 0.08625000000000001 0.19875 0.07875 0.19875 0.07875 0.2125 0.08625000000000001 0.2125 0.08625000000000001 0.19875
2 0.03875 0.2125 0.03 0.2125 0.03 0.22625 0.03875 0.22625 0.03875 0.2125
2 0.08499999999999999 0.175 0.07375000000000001 0.175 0.07375000000000001 0.1825 0.08499999999999999 0.1825 0.08499999999999999 0.175
2 0.0725 0.18 0.06 0.18 0.06 0.18875 0.0725 0.18875 0.0725 0.18
2 0.034999999999999996 0.1875 0.0225 0.1875 0.0225 0.19875 0.034999999999999996 0.19875 0.034999999999999996 0.1875
2 0.1925 0.85375 0.185 0.85375 0.185 0.8675 0.1925 0.8675 0.1925 0.85375
2 0.16125 0.7525000000000001 0.15125 0.7525000000000001 0.15125 0.77 0.16125 0.77 0.16125 0.7525000000000001
2 0.17375000000000002 0.8025 0.16499999999999998 0.8025 0.16499999999999998 0.8175000000000001 0.17375000000000002 0.8175000000000001 0.17375000000000002 0.8025
2 0.19375 0.81125 0.18625 0.81125 0.18625 0.825 0.19375 0.825 0.19375 0.81125
2 0.205 0.85375 0.1975 0.85375 0.1975 0.8675 0.205 0.8675 0.205 0.85375
2 0.36625 0.82 0.35875 0.82 0.35875 0.8324999999999999 0.36625 0.8324999999999999 0.36625 0.82
2 0.2975 0.86 0.28500000000000003 0.86 0.28500000000000003 0.8675 0.2975 0.8675 0.2975 0.86
2 0.31 0.85625 0.2975 0.85625 0.2975 0.865 0.31 0.865 0.31 0.85625
2 0.33999999999999997 0.85625 0.33375 0.85625 0.33375 0.86875 0.33999999999999997 0.86875 0.33999999999999997 0.85625
2 0.4525 0.8462500000000001 0.445 0.8462500000000001 0.445 0.86 0.4525 0.86 0.4525 0.8462500000000001
2 0.38 0.8487500000000001 0.37 0.8487500000000001 0.37 0.8637499999999999 0.38 0.8637499999999999 0.38 0.8487500000000001
2 0.39 0.8775000000000001 0.38375 0.8775000000000001 0.38375 0.8887499999999999 0.39 0.8887499999999999 0.39 0.8775000000000001
2 0.335 0.8712500000000001 0.32625000000000004 0.8712500000000001 0.32625000000000004 0.88375 0.335 0.88375 0.335 0.8712500000000001
2 0.20750000000000002 0.92125 0.1975 0.92125 0.1975 0.9375 0.20750000000000002 0.9375 0.20750000000000002 0.92125
2 0.24 0.9800000000000001 0.2325 0.9800000000000001 0.2325 0.99375 0.24 0.99375 0.24 0.9800000000000001
2 0.29125 0.9724999999999999 0.28375 0.9724999999999999 0.28375 0.98375 0.29125 0.98375 0.29125 0.9724999999999999
2 0.55625 0.985 0.5475 0.985 0.5475 0.99875 0.55625 0.99875 0.55625 0.985
2 0.845 0.03875 0.83625 0.03875 0.83625 0.05125 0.845 0.05125 0.845 0.03875
2 0.7787499999999999 0.39249999999999996 0.76375 0.39249999999999996 0.76375 0.40499999999999997 0.7787499999999999 0.40499999999999997 0.7787499999999999 0.39249999999999996
2 0.79125 0.38375 0.78 0.38375 0.78 0.39375 0.79125 0.39375 0.79125 0.38375
2 0.8262499999999999 0.36124999999999996 0.81375 0.36124999999999996 0.81375 0.37124999999999997 0.8262499999999999 0.37124999999999997 0.8262499999999999 0.36124999999999996
2 0.8162499999999999 0.34249999999999997 0.8025 0.34249999999999997 0.8025 0.355 0.8162499999999999 0.355 0.8162499999999999 0.34249999999999997
2 0.8574999999999999 0.315 0.8425 0.315 0.8425 0.3275 0.8574999999999999 0.3275 0.8574999999999999 0.315
2 0.68875 0.16375 0.6799999999999999 0.16375 0.6799999999999999 0.17875000000000002 0.68875 0.17875000000000002 0.68875 0.16375
2 0.86 0.0325 0.85 0.0325 0.85 0.04625 0.86 0.04625 0.86 0.0325
2 0.8525 0.034999999999999996 0.8425 0.034999999999999996 0.8425 0.04875 0.8525 0.04875 0.8525 0.034999999999999996
2 0.8387499999999999 0.042499999999999996 0.8300000000000001 0.042499999999999996 0.8300000000000001 0.05500000000000001 0.8387499999999999 0.05500000000000001 0.8387499999999999 0.042499999999999996
2 0.93125 0.26375000000000004 0.92125 0.26375000000000004 0.92125 0.27749999999999997 0.93125 0.27749999999999997 0.93125 0.26375000000000004
2 0.9324999999999999 0.0025 0.92125 0.0025 0.92125 0.017499999999999998 0.9324999999999999 0.017499999999999998 0.9324999999999999 0.0025
2 0.9262499999999999 0.005 0.91625 0.005 0.91625 0.02 0.9262499999999999 0.02 0.9262499999999999 0.005
2 0.92125 0.00625 0.9099999999999999 0.00625 0.9099999999999999 0.021249999999999998 0.92125 0.021249999999999998 0.92125 0.00625
2 0.91375 0.01 0.9037499999999999 0.01 0.9037499999999999 0.025 0.91375 0.025 0.91375 0.01
2 0.86 0.24 0.845 0.24 0.845 0.24874999999999997 0.86 0.24874999999999997 0.86 0.24
2 0.93875 0.26749999999999996 0.92875 0.26749999999999996 0.92875 0.27999999999999997 0.93875 0.27999999999999997 0.93875 0.26749999999999996
2 0.61375 0.96125 0.60625 0.96125 0.60625 0.9737500000000001 0.61375 0.9737500000000001 0.61375 0.96125
2 0.53625 0.6975 0.5287499999999999 0.6975 0.5287499999999999 0.70875 0.53625 0.70875 0.53625 0.6975
2 0.61875 0.8625 0.6075 0.8625 0.6075 0.8775000000000001 0.61875 0.8775000000000001 0.61875 0.8625
2 0.6375 0.85875 0.62625 0.85875 0.62625 0.8724999999999999 0.6375 0.8724999999999999 0.6375 0.85875
2 0.67375 0.8099999999999999 0.6625 0.8099999999999999 0.6625 0.825 0.67375 0.825 0.67375 0.8099999999999999
2 0.6637500000000001 0.8150000000000001 0.6537499999999999 0.8150000000000001 0.6537499999999999 0.82875 0.6637500000000001 0.82875 0.6637500000000001 0.8150000000000001
2 0.6212500000000001 0.83125 0.61125 0.83125 0.61125 0.84375 0.6212500000000001 0.84375 0.6212500000000001 0.83125
2 0.5700000000000001 0.8150000000000001 0.5599999999999999 0.8150000000000001 0.5599999999999999 0.83125 0.5700000000000001 0.83125 0.5700000000000001 0.8150000000000001
2 0.5475 0.76875 0.5387500000000001 0.76875 0.5387500000000001 0.7825 0.5475 0.7825 0.5475 0.76875
2 0.5549999999999999 0.7625 0.5475 0.7625 0.5475 0.7775000000000001 0.5549999999999999 0.7775000000000001 0.5549999999999999 0.7625
2 0.55125 0.74875 0.54375 0.74875 0.54375 0.76 0.55125 0.76 0.55125 0.74875
2 0.5275000000000001 0.6525000000000001 0.51875 0.6525000000000001 0.51875 0.66875 0.5275000000000001 0.66875 0.5275000000000001 0.6525000000000001
2 0.9637499999999999 0.31 0.9487500000000001 0.31 0.9487500000000001 0.32125 0.9637499999999999 0.32125 0.9637499999999999 0.31
2 0.5599999999999999 0.6575 0.55125 0.6575 0.55125 0.67125 0.5599999999999999 0.67125 0.5599999999999999 0.6575
2 0.58 0.65125 0.5725 0.65125 0.5725 0.66625 0.58 0.66625 0.58 0.65125
2 0.99 0.55625 0.98125 0.55625 0.98125 0.56875 0.99 0.56875 0.99 0.55625
2 0.99875 0.46624999999999994 0.9887499999999999 0.46624999999999994 0.9887499999999999 0.47874999999999995 0.99875 0.47874999999999995 0.99875 0.46624999999999994
2 0.64375 0.45875000000000005 0.63 0.45875000000000005 0.63 0.46624999999999994 0.64375 0.46624999999999994 0.64375 0.45875000000000005
2 0.6287499999999999 0.465 0.61375 0.465 0.61375 0.47625 0.6287499999999999 0.47625 0.6287499999999999 0.465
2 0.99875 0.44749999999999995 0.9875 0.44749999999999995 0.9875 0.45375 0.99875 0.45375 0.99875 0.44749999999999995
2 0.99875 0.43875000000000003 0.9875 0.43875000000000003 0.9875 0.445 0.99875 0.445 0.99875 0.43875000000000003
2 0.975 0.31124999999999997 0.96125 0.31124999999999997 0.96125 0.325 0.975 0.325 0.975 0.31124999999999997