2 0.8275 0.00625 0.8150000000000001 0.00625 0.8150000000000001 0.021249999999999998 0.8275 0.021249999999999998 0.8275 0.00625
2 0.82125 0.0025 0.8099999999999999 0.0025 0.8099999999999999 0.017499999999999998 0.82125 0.017499999999999998 0.82125 0.0025
2 0.8125 0.00375 0.80375 0.00375 0.80375 0.01625 0.8125 0.01625 0.8125 0.00375
2 0.805 0.00125 0.79625 0.00125 0.79625 0.015 0.805 0.015 0.805 0.00125
2 0.79875 0.00125 0.79 0.00125 0.79 0.013750000000000002 0.79875 0.013750000000000002 0.79875 0.00125
2 0.79125 0.00125 0.7849999999999999 0.00125 0.7849999999999999 0.01125 0.79125 0.01125 0.79125 0.00125
2 0.7775000000000001 0.00125 0.77 0.00125 0.77 0.00625 0.7775000000000001 0.00625 0.7775000000000001 0.00125
2 0.8637499999999999 0.00125 0.85 0.00125 0.85 0.013750000000000002 0.8637499999999999 0.013750000000000002 0.8637499999999999 0.00125
2 0.8574999999999999 0.00375 0.84375 0.00375 0.84375 0.017499999999999998 0.8574999999999999 0.017499999999999998 0.8574999999999999 0.00375
2 0.8675 0.00125 0.8550000000000001 0.00125 0.8550000000000001 0.008749999999999999 0.8675 0.008749999999999999 0.8675 0.00125
2 0.03125 0.11625 0.01625 0.11625 0.01625 0.12625 0.03125 0.12625 0.03125 0.11625
2 0.025 0.125 0.01125 0.125 0.01125 0.135 0.025 0.135 0.025 0.125
2 0.0225 0.1325 0.01 0.1325 0.01 0.14250000000000002 0.0225 0.14250000000000002 0.0225 0.1325
2 0.0025 0.18625 0.00125 0.18625 0.00125 0.1925 0.0025 0.1925 0.0025 0.18625
2 0.03 0.21375000000000002 0.0125 0.21375000000000002 0.0125 0.22374999999999998 0.03 0.22374999999999998 0.03 0.21375000000000002
2 0.8712500000000001 0.00125 0.8637499999999999 0.00125 0.8637499999999999 0.005 0.8712500000000001 0.005 0.8712500000000001 0.00125
2 0.03375 0.20375000000000001 0.02 0.20375000000000001 0.02 0.2125 0.03375 0.2125 0.03375 0.20375000000000001
2 0.04625 0.16499999999999998 0.0325 0.16499999999999998 0.0325 0.17625 0.04625 0.17625 0.04625 0.16499999999999998
2 0.04875 0.1575 0.03375 0.1575 0.03375 0.1675 0.04875 0.1675 0.04875 0.1575
2 0.05375 0.14250000000000002 0.04 0.14250000000000002 0.04 0.15125 0.05375 0.15125 0.05375 0.14250000000000002
2 0.05500000000000001 0.135 0.041249999999999995 0.135 0.041249999999999995 0.14375 0.05500000000000001 0.14375 0.05500000000000001 0.135
2 0.29874999999999996 0.8712500000000001 0.29125 0.8712500000000001 0.29125 0.8862500000000001 0.29874999999999996 0.8862500000000001 0.29874999999999996 0.8712500000000001
2 0.31625000000000003 0.94625 0.31 0.94625 0.31 0.96 0.31625000000000003 0.96 0.31625000000000003 0.94625
2 0.80375 0.8925000000000001 0.7925 0.8925000000000001 0.7925 0.9075 0.80375 0.9075 0.80375 0.8925000000000001
2 0.7925 0.33875 0.7775000000000001 0.33875 0.7775000000000001 0.35 0.7925 0.35 0.7925 0.33875
2 0.6912499999999999 0.29 0.6775 0.29 0.6775 0.30125 0.6912499999999999 0.30125 0.6912499999999999 0.29
2 0.61375 0.24874999999999997 0.5974999999999999 0.24874999999999997 0.5974999999999999 0.25875 0.61375 0.25875 0.61375 0.24874999999999997
2 0.6 0.00125 0.58875 0.00125 0.58875 0.01125 0.6 0.01125 0.6 0.00125
2 0.60625 0.00125 0.595 0.00125 0.595 0.0075 0.60625 0.0075 0.60625 0.00125
2 0.1375 0.0025 0.12625 0.0025 0.12625 0.0125 0.1375 0.0125 0.1375 0.0025
2 0.11374999999999999 0.8 0.10124999999999999 0.8 0.10124999999999999 0.80625 0.11374999999999999 0.80625 0.11374999999999999 0.8
2 0.11625 0.79 0.1025 0.79 0.1025 0.7975 0.11625 0.7975 0.11625 0.79
2 0.11125 0.78 0.1 0.78 0.1 0.7875 0.11125 0.7875 0.11125 0.78
2 0.325 0.485 0.31124999999999997 0.485 0.31124999999999997 0.49124999999999996 0.325 0.49124999999999996 0.325 0.485
2 0.395 0.39875 0.38 0.39875 0.38 0.41 0.395 0.41 0.395 0.39875
2 0.28375 0.12250000000000001 0.26749999999999996 0.12250000000000001 0.26749999999999996 0.135 0.28375 0.135 0.28375 0.12250000000000001
2 0.91375 0.1275 0.89875 0.1275 0.89875 0.1375 0.91375 0.1375 0.91375 0.1275
2 0.94375 0.06999999999999999 0.9337500000000001 0.06999999999999999 0.9337500000000001 0.08249999999999999 0.94375 0.08249999999999999 0.94375 0.06999999999999999
2 0.93 0.08875 0.915 0.08875 0.915 0.09875 0.93 0.09875 0.93 0.08875
2 0.8787499999999999 0.10625 0.8637499999999999 0.10625 0.8637499999999999 0.11875 0.8787499999999999 0.11875 0.8787499999999999 0.10625
2 0.87375 0.11499999999999999 0.86 0.11499999999999999 0.86 0.1275 0.87375 0.1275 0.87375 0.11499999999999999
2 0.86625 0.155 0.85375 0.155 0.85375 0.16125 0.86625 0.16125 0.86625 0.155
2 0.8712500000000001 0.17875000000000002 0.85875 0.17875000000000002 0.85875 0.185 0.8712500000000001 0.185 0.8712500000000001 0.17875000000000002
2 0.89875 0.17124999999999999 0.8887499999999999 0.17124999999999999 0.8887499999999999 0.185 0.89875 0.185 0.89875 0.17124999999999999
2 0.9037499999999999 0.1675 0.8949999999999999 0.1675 0.8949999999999999 0.18125 0.9037499999999999 0.18125 0.9037499999999999 0.1675
2 0.9175000000000001 0.16375 0.9075 0.16375 0.9075 0.1775 0.9175000000000001 0.1775 0.9175000000000001 0.16375
2 0.9112500000000001 0.16499999999999998 0.9 0.16499999999999998 0.9 0.17875000000000002 0.9112500000000001 0.17875000000000002 0.9112500000000001 0.16499999999999998
2 0.9237500000000001 0.1525 0.9099999999999999 0.1525 0.9099999999999999 0.16125 0.9237500000000001 0.16125 0.9237500000000001 0.1525
2 0.9225 0.145 0.9075 0.145 0.9075 0.155 0.9225 0.155 0.9225 0.145
2 0.91625 0.13374999999999998 0.9025000000000001 0.13374999999999998 0.9025000000000001 0.14375 0.91625 0.14375 0.91625 0.13374999999999998
2 0.9112500000000001 0.12250000000000001 0.8975 0.12250000000000001 0.8975 0.1325 0.9112500000000001 0.1325 0.9112500000000001 0.12250000000000001
2 0.95 0.135 0.93625 0.135 0.93625 0.14625 0.95 0.14625 0.95 0.135
2 0.9550000000000001 0.14625 0.9412499999999999 0.14625 0.9412499999999999 0.155 0.9550000000000001 0.155 0.9550000000000001 0.14625
2 0.9712500000000001 0.13874999999999998 0.9625 0.13874999999999998 0.9625 0.1525 0.9712500000000001 0.1525 0.9712500000000001 0.13874999999999998
2 0.9800000000000001 0.15875 0.97 0.15875 0.97 0.17375000000000002 0.9800000000000001 0.17375000000000002 0.9800000000000001 0.15875
2 0.99875 0.14750000000000002 0.9887499999999999 0.14750000000000002 0.9887499999999999 0.16125 0.99875 0.16125 0.99875 0.14750000000000002
2 0.93125 0.04375 0.9225 0.04375 0.9225 0.05625 0.93125 0.05625 0.93125 0.04375
2 0.85625 0.065 0.8462500000000001 0.065 0.8462500000000001 0.07875 0.85625 0.07875 0.85625 0.065
2 0.9862500000000001 0.11499999999999999 0.97625 0.11499999999999999 0.97625 0.12875 0.9862500000000001 0.12875 0.9862500000000001 0.11499999999999999
2 0.9737500000000001 0.08499999999999999 0.9625 0.08499999999999999 0.9625 0.09875 0.9737500000000001 0.09875 0.9737500000000001 0.08499999999999999
2 0.9574999999999999 0.04625 0.94625 0.04625 0.94625 0.06 0.9574999999999999 0.06 0.9574999999999999 0.04625
2 0.9662499999999999 0.06999999999999999 0.95625 0.06999999999999999 0.95625 0.08249999999999999 0.9662499999999999 0.08249999999999999 0.9662499999999999 0.06999999999999999
2 0.5 0.53625 0.48875 0.53625 0.48875 0.54625 0.5 0.54625 0.5 0.53625
2 0.5125 0.5650000000000001 0.50125 0.5650000000000001 0.50125 0.57375 0.5125 0.57375 0.5125 0.5650000000000001
2 0.9724999999999999 0.945 0.96 0.945 0.96 0.95375 0.9724999999999999 0.95375 0.9724999999999999 0.945
2 0.975 0.93875 0.9625 0.93875 0.9625 0.9475 0.975 0.9475 0.975 0.93875
2 0.97875 0.9324999999999999 0.9650000000000001 0.9324999999999999 0.9650000000000001 0.9412499999999999 0.97875 0.9412499999999999 0.97875 0.9324999999999999
2 0.9824999999999999 0.925 0.9662499999999999 0.925 0.9662499999999999 0.9349999999999999 0.9824999999999999 0.9349999999999999 0.9824999999999999 0.925
2 0.87375 0.1975 0.8612500000000001 0.1975 0.8612500000000001 0.205 0.87375 0.205 0.87375 0.1975