2 0.28250000000000003 0.805 0.27625 0.805 0.27625 0.81875 0.28250000000000003 0.81875 0.28250000000000003 0.805
2 0.30874999999999997 0.8099999999999999 0.30375 0.8099999999999999 0.30375 0.8225 0.30874999999999997 0.8225 0.30874999999999997 0.8099999999999999
2 0.30125 0.8099999999999999 0.29625 0.8099999999999999 0.29625 0.8225 0.30125 0.8225 0.30125 0.8099999999999999
2 0.29375 0.8087500000000001 0.2875 0.8087500000000001 0.2875 0.8225 0.29375 0.8225 0.29375 0.8087500000000001
2 0.275 0.805 0.26875 0.805 0.26875 0.8175000000000001 0.275 0.8175000000000001 0.275 0.805
2 0.28375 0.82 0.27 0.82 0.27 0.8275 0.28375 0.8275 0.28375 0.82
2 0.28250000000000003 0.8262499999999999 0.26625 0.8262499999999999 0.26625 0.83375 0.28250000000000003 0.83375 0.28250000000000003 0.8262499999999999
2 0.28125 0.835 0.26749999999999996 0.835 0.26749999999999996 0.8425 0.28125 0.8425 0.28125 0.835
2 0.3025 0.8262499999999999 0.29625 0.8262499999999999 0.29625 0.8400000000000001 0.3025 0.8400000000000001 0.3025 0.8262499999999999
2 0.3175 0.81125 0.31124999999999997 0.81125 0.31124999999999997 0.8237500000000001 0.3175 0.8237500000000001 0.3175 0.81125
2 0.32375 0.81125 0.3175 0.81125 0.3175 0.825 0.32375 0.825 0.32375 0.81125
2 0.225 0.82 0.21125 0.82 0.21125 0.8275 0.225 0.8275 0.225 0.82
2 0.33125 0.81125 0.325 0.81125 0.325 0.825 0.33125 0.825 0.33125 0.81125
2 0.34375 0.8162499999999999 0.3325 0.8162499999999999 0.3325 0.82875 0.34375 0.82875 0.34375 0.8162499999999999
2 0.34375 0.8262499999999999 0.32875 0.8262499999999999 0.32875 0.8387499999999999 0.34375 0.8387499999999999 0.34375 0.8262499999999999
2 0.265 0.83625 0.25375000000000003 0.83625 0.25375000000000003 0.8425 0.265 0.8425 0.265 0.83625
2 0.27749999999999997 0.86875 0.265 0.86875 0.265 0.875 0.27749999999999997 0.875 0.27749999999999997 0.86875
2 0.28125 0.84375 0.26749999999999996 0.84375 0.26749999999999996 0.85125 0.28125 0.85125 0.28125 0.84375
2 0.28125 0.85125 0.26625 0.85125 0.26625 0.85875 0.28125 0.85875 0.28125 0.85125
2 0.265 0.8574999999999999 0.2525 0.8574999999999999 0.2525 0.865 0.265 0.865 0.265 0.8574999999999999
2 0.265 0.85 0.2525 0.85 0.2525 0.8574999999999999 0.265 0.8574999999999999 0.265 0.85
2 0.26625 0.8425 0.2525 0.8425 0.2525 0.85 0.26625 0.85 0.26625 0.8425
2 0.26375000000000004 0.8237500000000001 0.25125000000000003 0.8237500000000001 0.25125000000000003 0.8300000000000001 0.26375000000000004 0.8300000000000001 0.26375000000000004 0.8237500000000001
2 0.34125 0.83625 0.3275 0.83625 0.3275 0.8474999999999999 0.34125 0.8474999999999999 0.34125 0.83625
2 0.26375000000000004 0.8175000000000001 0.25125000000000003 0.8175000000000001 0.25125000000000003 0.8237500000000001 0.26375000000000004 0.8237500000000001 0.26375000000000004 0.8175000000000001
2 0.25875 0.8025 0.25375000000000003 0.8025 0.25375000000000003 0.8150000000000001 0.25875 0.8150000000000001 0.25875 0.8025
2 0.225 0.8 0.2125 0.8 0.2125 0.8074999999999999 0.225 0.8074999999999999 0.225 0.8
2 0.24 0.8074999999999999 0.225 0.8074999999999999 0.225 0.8150000000000001 0.24 0.8150000000000001 0.24 0.8074999999999999
2 0.24125000000000002 0.8 0.225 0.8 0.225 0.8087500000000001 0.24125000000000002 0.8087500000000001 0.24125000000000002 0.8
2 0.22625 0.81375 0.2125 0.81375 0.2125 0.82125 0.22625 0.82125 0.22625 0.81375
2 0.27875 0.87625 0.265 0.87625 0.265 0.88375 0.27875 0.88375 0.27875 0.87625
2 0.27625 0.885 0.2625 0.885 0.2625 0.89875 0.27625 0.89875 0.27625 0.885
2 0.29375 0.8925000000000001 0.28500000000000003 0.8925000000000001 0.28500000000000003 0.905 0.29375 0.905 0.29375 0.8925000000000001
2 0.30375 0.8949999999999999 0.29500000000000004 0.8949999999999999 0.29500000000000004 0.9087500000000001 0.30375 0.9087500000000001 0.30375 0.8949999999999999
2 0.31375000000000003 0.8949999999999999 0.30375 0.8949999999999999 0.30375 0.9087500000000001 0.31375000000000003 0.9087500000000001 0.31375000000000003 0.8949999999999999
2 0.32625000000000004 0.9 0.315 0.9 0.315 0.91375 0.32625000000000004 0.91375 0.32625000000000004 0.9
2 0.33625 0.9 0.32375 0.9 0.32375 0.9125 0.33625 0.9125 0.33625 0.9
2 0.33875 0.8862500000000001 0.32375 0.8862500000000001 0.32375 0.89875 0.33875 0.89875 0.33875 0.8862500000000001
2 0.32375 0.88375 0.30874999999999997 0.88375 0.30874999999999997 0.89125 0.32375 0.89125 0.32375 0.88375
2 0.33999999999999997 0.8775000000000001 0.3275 0.8775000000000001 0.3275 0.8887499999999999 0.33999999999999997 0.8887499999999999 0.33999999999999997 0.8775000000000001
2 0.32375 0.8724999999999999 0.31 0.8724999999999999 0.31 0.8787499999999999 0.32375 0.8787499999999999 0.32375 0.8724999999999999
2 0.34249999999999997 0.86875 0.3275 0.86875 0.3275 0.8800000000000001 0.34249999999999997 0.8800000000000001 0.34249999999999997 0.86875
2 0.34125 0.8550000000000001 0.32625000000000004 0.8550000000000001 0.32625000000000004 0.86875 0.34125 0.86875 0.34125 0.8550000000000001
2 0.34249999999999997 0.8474999999999999 0.32875 0.8474999999999999 0.32875 0.85875 0.34249999999999997 0.85875 0.34249999999999997 0.8474999999999999
2 0.32375 0.85625 0.31124999999999997 0.85625 0.31124999999999997 0.8625 0.32375 0.8625 0.32375 0.85625
2 0.32625000000000004 0.8474999999999999 0.3125 0.8474999999999999 0.3125 0.85375 0.32625000000000004 0.85375 0.32625000000000004 0.8474999999999999
2 0.32625000000000004 0.8387499999999999 0.31375000000000003 0.8387499999999999 0.31375000000000003 0.845 0.32625000000000004 0.845 0.32625000000000004 0.8387499999999999
2 0.24 0.82125 0.22749999999999998 0.82125 0.22749999999999998 0.8275 0.24 0.8275 0.24 0.82125
2 0.225 0.8275 0.21125 0.8275 0.21125 0.83375 0.225 0.83375 0.225 0.8275
2 0.22374999999999998 0.83375 0.21000000000000002 0.83375 0.21000000000000002 0.8400000000000001 0.22374999999999998 0.8400000000000001 0.22374999999999998 0.83375
2 0.37 0.7975 0.35625 0.7975 0.35625 0.8099999999999999 0.37 0.8099999999999999 0.37 0.7975
2 0.19875 0.79875 0.18625 0.79875 0.18625 0.80625 0.19875 0.80625 0.19875 0.79875
2 0.35750000000000004 0.9012499999999999 0.35 0.9012499999999999 0.35 0.91375 0.35750000000000004 0.91375 0.35750000000000004 0.9012499999999999
2 0.3625 0.8887499999999999 0.34875 0.8887499999999999 0.34875 0.9025000000000001 0.3625 0.9025000000000001 0.3625 0.8887499999999999
2 0.36625 0.85625 0.3525 0.85625 0.3525 0.8712500000000001 0.36625 0.8712500000000001 0.36625 0.85625
2 0.36875 0.83625 0.355 0.83625 0.355 0.85 0.36875 0.85 0.36875 0.83625
2 0.3675 0.81875 0.355 0.81875 0.355 0.8300000000000001 0.3675 0.8300000000000001 0.3675 0.81875
2 0.37 0.78125 0.35625 0.78125 0.35625 0.79375 0.37 0.79375 0.37 0.78125
2 0.37124999999999997 0.76875 0.35625 0.76875 0.35625 0.7825 0.37124999999999997 0.7825 0.37124999999999997 0.76875
2 0.37124999999999997 0.76 0.35875 0.76 0.35875 0.7725 0.37124999999999997 0.7725 0.37124999999999997 0.76
2 0.37124999999999997 0.75125 0.35875 0.75125 0.35875 0.76125 0.37124999999999997 0.76125 0.37124999999999997 0.75125
2 0.37374999999999997 0.74125 0.35875 0.74125 0.35875 0.7537499999999999 0.37374999999999997 0.7537499999999999 0.37374999999999997 0.74125
2 0.20125 0.7737499999999999 0.18625 0.7737499999999999 0.18625 0.78 0.20125 0.78 0.20125 0.7737499999999999
2 0.27875 0.7849999999999999 0.2625 0.7849999999999999 0.2625 0.79375 0.27875 0.79375 0.27875 0.7849999999999999
2 0.1975 0.8125 0.18375 0.8125 0.18375 0.8175000000000001 0.1975 0.8175000000000001 0.1975 0.8125
2 0.195 0.81875 0.1825 0.81875 0.1825 0.825 0.195 0.825 0.195 0.81875
2 0.2 0.825 0.185 0.825 0.185 0.83125 0.2 0.83125 0.2 0.825
2 0.19875 0.83125 0.18375 0.83125 0.18375 0.8400000000000001 0.19875 0.8400000000000001 0.19875 0.83125
2 0.1975 0.8387499999999999 0.185 0.8387499999999999 0.185 0.8462500000000001 0.1975 0.8462500000000001 0.1975 0.8387499999999999
2 0.195 0.85125 0.18125 0.85125 0.18125 0.85875 0.195 0.85875 0.195 0.85125
2 0.19375 0.865 0.18125 0.865 0.18125 0.8724999999999999 0.19375 0.8724999999999999 0.19375 0.865
2 0.17625 0.87625 0.16 0.87625 0.16 0.885 0.17625 0.885 0.17625 0.87625
2 0.23625 0.875 0.22125 0.875 0.22125 0.8825 0.23625 0.8825 0.23625 0.875
2 0.23500000000000001 0.88125 0.22125 0.88125 0.22125 0.8875 0.23500000000000001 0.8875 0.23500000000000001 0.88125
2 0.24500000000000002 0.89375 0.23125 0.89375 0.23125 0.9025000000000001 0.24500000000000002 0.9025000000000001 0.24500000000000002 0.89375
2 0.22000000000000003 0.86 0.20875 0.86 0.20875 0.86625 0.22000000000000003 0.86625 0.22000000000000003 0.86
2 0.23500000000000001 0.86875 0.2225 0.86875 0.2225 0.875 0.23500000000000001 0.875 0.23500000000000001 0.86875
2 0.23374999999999999 0.8612500000000001 0.2225 0.8612500000000001 0.2225 0.8675 0.23374999999999999 0.8675 0.23374999999999999 0.8612500000000001
2 0.23500000000000001 0.8550000000000001 0.2225 0.8550000000000001 0.2225 0.8612500000000001 0.23500000000000001 0.8612500000000001 0.23500000000000001 0.8550000000000001
2 0.23500000000000001 0.8412499999999999 0.2225 0.8412499999999999 0.2225 0.8487500000000001 0.23500000000000001 0.8487500000000001 0.23500000000000001 0.8412499999999999
2 0.23625 0.83375 0.22374999999999998 0.83375 0.22374999999999998 0.8412499999999999 0.23625 0.8412499999999999 0.23625 0.83375
2 0.1875 0.48875 0.17124999999999999 0.48875 0.17124999999999999 0.49625 0.1875 0.49625 0.1875 0.48875
2 0.22625 0.485 0.21125 0.485 0.21125 0.49375 0.22625 0.49375 0.22625 0.485
2 0.7325 0.795 0.71875 0.795 0.71875 0.8012499999999999 0.7325 0.8012499999999999 0.7325 0.795
2 0.9275 0.735 0.92125 0.735 0.92125 0.74875 0.9275 0.74875 0.9275 0.735
2 0.9487500000000001 0.735 0.9425000000000001 0.735 0.9425000000000001 0.74875 0.9487500000000001 0.74875 0.9487500000000001 0.735
2 0.9625 0.73625 0.95625 0.73625 0.95625 0.75125 0.9625 0.75125 0.9625 0.73625
2 0.97 0.73625 0.9637499999999999 0.73625 0.9637499999999999 0.75 0.97 0.75 0.97 0.73625
2 0.9949999999999999 0.7375 0.9875 0.7375 0.9875 0.75625 0.9949999999999999 0.75625 0.9949999999999999 0.7375
2 0.92875 0.59375 0.91375 0.59375 0.91375 0.6025 0.92875 0.6025 0.92875 0.59375
2 0.47125000000000006 0.5225 0.4575 0.5225 0.4575 0.53125 0.47125000000000006 0.53125 0.47125000000000006 0.5225
2 0.42750000000000005 0.5225 0.4125 0.5225 0.4125 0.5325 0.42750000000000005 0.5325 0.42750000000000005 0.5225
2 0.2225 0.5675 0.20625 0.5675 0.20625 0.575 0.2225 0.575 0.2225 0.5675
2 0.24125000000000002 0.49874999999999997 0.22625 0.49874999999999997 0.22625 0.50625 0.24125000000000002 0.50625 0.24125000000000002 0.49874999999999997
2 0.48 0.36 0.46125 0.36 0.46125 0.37 0.48 0.37 0.48 0.36
2 0.6275000000000001 0.38125 0.60625 0.38125 0.60625 0.395 0.6275000000000001 0.395 0.6275000000000001 0.38125
2 0.65125 0.385 0.63 0.385 0.63 0.3975 0.65125 0.3975 0.65125 0.385
2 0.60625 0.36124999999999996 0.5900000000000001 0.36124999999999996 0.5900000000000001 0.375 0.60625 0.375 0.60625 0.36124999999999996
2 0.5974999999999999 0.35625 0.57875 0.35625 0.57875 0.37124999999999997 0.5974999999999999 0.37124999999999997 0.5974999999999999 0.35625
2 0.63125 0.3775 0.615 0.3775 0.615 0.3875 0.63125 0.3875 0.63125 0.3775
2 0.57375 0.37875000000000003 0.56125 0.37875000000000003 0.56125 0.395 0.57375 0.395 0.57375 0.37875000000000003
2 0.58125 0.37875000000000003 0.56875 0.37875000000000003 0.56875 0.395 0.58125 0.395 0.58125 0.37875000000000003
2 0.58875 0.38 0.57625 0.38 0.57625 0.395 0.58875 0.395 0.58875 0.38
2 0.6012500000000001 0.38375 0.5912499999999999 0.38375 0.5912499999999999 0.3975 0.6012500000000001 0.3975 0.6012500000000001 0.38375
2 0.5962500000000001 0.38 0.58375 0.38 0.58375 0.39625 0.5962500000000001 0.39625 0.5962500000000001 0.38
2 0.49874999999999997 0.16 0.485 0.16 0.485 0.16625 0.49874999999999997 0.16625 0.49874999999999997 0.16
2 0.49874999999999997 0.1525 0.485 0.1525 0.485 0.16125 0.49874999999999997 0.16125 0.49874999999999997 0.1525
2 0.44375 0.12625 0.43624999999999997 0.12625 0.43624999999999997 0.13999999999999999 0.44375 0.13999999999999999 0.44375 0.12625
2 0.5075000000000001 0.03375 0.49375 0.03375 0.49375 0.041249999999999995 0.5075000000000001 0.041249999999999995 0.5075000000000001 0.03375
2 0.505 0.04 0.49000000000000005 0.04 0.49000000000000005 0.0475 0.505 0.0475 0.505 0.04
2 0.5025000000000001 0.1 0.49000000000000005 0.1 0.49000000000000005 0.10625 0.5025000000000001 0.10625 0.5025000000000001 0.1
2 0.5025000000000001 0.1075 0.49000000000000005 0.1075 0.49000000000000005 0.11374999999999999 0.5025000000000001 0.11374999999999999 0.5025000000000001 0.1075
2 0.5037499999999999 0.11374999999999999 0.4875 0.11374999999999999 0.4875 0.11875 0.5037499999999999 0.11875 0.5037499999999999 0.11374999999999999
2 0.5025000000000001 0.12 0.4875 0.12 0.4875 0.12625 0.5025000000000001 0.12625 0.5025000000000001 0.12
2 0.50125 0.12625 0.48624999999999996 0.12625 0.48624999999999996 0.13374999999999998 0.50125 0.13374999999999998 0.50125 0.12625
2 0.50125 0.13374999999999998 0.485 0.13374999999999998 0.485 0.13874999999999998 0.50125 0.13874999999999998 0.50125 0.13374999999999998
2 0.50125 0.14125000000000001 0.4875 0.14125000000000001 0.4875 0.14750000000000002 0.50125 0.14750000000000002 0.50125 0.14125000000000001
2 0.4425 0.14250000000000002 0.43499999999999994 0.14250000000000002 0.43499999999999994 0.155 0.4425 0.155 0.4425 0.14250000000000002
2 0.58 0.35750000000000004 0.57125 0.35750000000000004 0.57125 0.36875 0.58 0.36875 0.58 0.35750000000000004