2 0.575 0.027500000000000004 0.56125 0.027500000000000004 0.56125 0.03625 0.575 0.03625 0.575 0.027500000000000004
2 0.74125 0.21125 0.73125 0.21125 0.73125 0.2225 0.74125 0.2225 0.74125 0.21125
2 0.61 0.03125 0.59375 0.03125 0.59375 0.042499999999999996 0.61 0.042499999999999996 0.61 0.03125
2 0.59375 0.08625000000000001 0.5775 0.08625000000000001 0.5775 0.0975 0.59375 0.0975 0.59375 0.08625000000000001
2 0.5900000000000001 0.09375 0.575 0.09375 0.575 0.10375000000000001 0.5900000000000001 0.10375000000000001 0.5900000000000001 0.09375
2 0.5875 0.10124999999999999 0.57375 0.10124999999999999 0.57375 0.11000000000000001 0.5875 0.11000000000000001 0.5875 0.10124999999999999
2 0.5825 0.11499999999999999 0.5675 0.11499999999999999 0.5675 0.12375 0.5825 0.12375 0.5825 0.11499999999999999
2 0.58 0.12125 0.5650000000000001 0.12125 0.5650000000000001 0.13 0.58 0.13 0.58 0.12125
2 0.78125 0.11625 0.76625 0.11625 0.76625 0.12625 0.78125 0.12625 0.78125 0.11625
2 0.775 0.125 0.76125 0.125 0.76125 0.135 0.775 0.135 0.775 0.125
2 0.7725 0.1325 0.76 0.1325 0.76 0.14250000000000002 0.7725 0.14250000000000002 0.7725 0.1325
2 0.7525000000000001 0.1825 0.73875 0.1825 0.73875 0.1925 0.7525000000000001 0.1925 0.7525000000000001 0.1825
2 0.75 0.19 0.73625 0.19 0.73625 0.2 0.75 0.2 0.75 0.19
2 0.74875 0.19624999999999998 0.735 0.19624999999999998 0.735 0.20625 0.74875 0.20625 0.74875 0.19624999999999998
2 0.74875 0.20375000000000001 0.73375 0.20375000000000001 0.73375 0.215 0.74875 0.215 0.74875 0.20375000000000001
2 0.78 0.21375000000000002 0.76375 0.21375000000000002 0.76375 0.2225 0.78 0.2225 0.78 0.21375000000000002
2 0.7837500000000001 0.20375000000000001 0.77 0.20375000000000001 0.77 0.2125 0.7837500000000001 0.2125 0.7837500000000001 0.20375000000000001
2 0.79625 0.16499999999999998 0.7825 0.16499999999999998 0.7825 0.17625 0.79625 0.17625 0.79625 0.16499999999999998
2 0.79875 0.1575 0.7837500000000001 0.1575 0.7837500000000001 0.1675 0.79875 0.1675 0.79875 0.1575
2 0.80375 0.14250000000000002 0.79 0.14250000000000002 0.79 0.15125 0.80375 0.15125 0.80375 0.14250000000000002
2 0.805 0.135 0.79125 0.135 0.79125 0.14375 0.805 0.14375 0.805 0.135
2 0.6 0.06625 0.5862499999999999 0.06625 0.5862499999999999 0.07625 0.6 0.07625 0.6 0.06625
2 0.5775 0.021249999999999998 0.5650000000000001 0.021249999999999998 0.5650000000000001 0.03 0.5775 0.03 0.5775 0.021249999999999998
2 0.8875 0.0025 0.87625 0.0025 0.87625 0.0125 0.8875 0.0125 0.8875 0.0025
2 0.58 0.015 0.5675 0.015 0.5675 0.0225 0.58 0.0225 0.58 0.015
2 0.31625000000000003 0.89875 0.3075 0.89875 0.3075 0.91375 0.31625000000000003 0.91375 0.31625000000000003 0.89875
2 0.00625 0.9175000000000001 0.00125 0.9175000000000001 0.00125 0.93125 0.00625 0.93125 0.00625 0.9175000000000001
2 0.08125 0.73625 0.07125000000000001 0.73625 0.07125000000000001 0.74875 0.08125 0.74875 0.08125 0.73625
2 0.29375 0.85875 0.28250000000000003 0.85875 0.28250000000000003 0.87375 0.29375 0.87375 0.29375 0.85875
2 0.305 0.8412499999999999 0.2975 0.8412499999999999 0.2975 0.85625 0.305 0.85625 0.305 0.8412499999999999
2 0.2875 0.8300000000000001 0.27625 0.8300000000000001 0.27625 0.845 0.2875 0.845 0.2875 0.8300000000000001
2 0.2975 0.81375 0.29125 0.81375 0.29125 0.8262499999999999 0.2975 0.8262499999999999 0.2975 0.81375
2 0.3 0.8275 0.29375 0.8275 0.29375 0.8400000000000001 0.3 0.8400000000000001 0.3 0.8275
2 0.3275 0.96 0.3175 0.96 0.3175 0.9737500000000001 0.3275 0.9737500000000001 0.3275 0.96
2 0.32999999999999996 0.9775 0.32125 0.9775 0.32125 0.99125 0.32999999999999996 0.99125 0.32999999999999996 0.9775
2 0.32999999999999996 0.76625 0.315 0.76625 0.315 0.7725 0.32999999999999996 0.7725 0.32999999999999996 0.76625
2 0.8637499999999999 0.8 0.85125 0.8 0.85125 0.80625 0.8637499999999999 0.80625 0.8637499999999999 0.8
2 0.86625 0.79 0.8525 0.79 0.8525 0.7975 0.86625 0.7975 0.86625 0.79
2 0.8612500000000001 0.78 0.85 0.78 0.85 0.7875 0.8612500000000001 0.7875 0.8612500000000001 0.78
2 0.64375 0.87625 0.63 0.87625 0.63 0.8825 0.64375 0.8825 0.64375 0.87625
2 0.575 0.13 0.56375 0.13 0.56375 0.13999999999999999 0.575 0.13999999999999999 0.575 0.13
2 0.8125 0.1125 0.8 0.1125 0.8 0.12125 0.8125 0.12125 0.8125 0.1125