2 0.98375 0.9512499999999999 0.9737500000000001 0.9512499999999999 0.9737500000000001 0.9637499999999999 0.98375 0.9637499999999999 0.98375 0.9512499999999999
2 0.8825 0.9775 0.8724999999999999 0.9775 0.8724999999999999 0.99 0.8825 0.99 0.8825 0.9775
2 0.875 1 0.875 0.9887499999999999 0.8637499999999999 0.9887499999999999 0.8637499999999999 1 0.875 1
2 0.84375 1 0.84375 0.99 0.835 0.99 0.835 1 0.84375 1
2 0.975 0.92875 0.9625 0.92875 0.9625 0.94375 0.975 0.94375 0.975 0.92875
2 0.9625 0.9199999999999999 0.9512499999999999 0.9199999999999999 0.9512499999999999 0.9349999999999999 0.9625 0.9349999999999999 0.9625 0.9199999999999999
2 0.9574999999999999 0.9175000000000001 0.94625 0.9175000000000001 0.94625 0.93125 0.9574999999999999 0.93125 0.9574999999999999 0.9175000000000001
2 0.97875 0.9475 0.9675 0.9475 0.9675 0.96125 0.97875 0.96125 0.97875 0.9475
2 0.89375 0.9862500000000001 0.8825 0.9862500000000001 0.8825 0.99875 0.89375 0.99875 0.89375 0.9862500000000001
2 0.9724999999999999 0.945 0.96125 0.945 0.96125 0.9574999999999999 0.9724999999999999 0.9574999999999999 0.9724999999999999 0.945
2 0.9675 0.9400000000000001 0.9550000000000001 0.9400000000000001 0.9550000000000001 0.95375 0.9675 0.95375 0.9675 0.9400000000000001
2 0.96125 0.9375 0.9487500000000001 0.9375 0.9487500000000001 0.9512499999999999 0.96125 0.9512499999999999 0.96125 0.9375
2 0.9550000000000001 0.9324999999999999 0.945 0.9324999999999999 0.945 0.94625 0.9550000000000001 0.94625 0.9550000000000001 0.9324999999999999
2 0.95 0.93125 0.9375 0.93125 0.9375 0.94625 0.95 0.94625 0.95 0.93125
2 0.96875 0.96 0.95625 0.96 0.95625 0.9712500000000001 0.96875 0.9712500000000001 0.96875 0.96
2 0.8887499999999999 0.9800000000000001 0.87625 0.9800000000000001 0.87625 0.99375 0.8887499999999999 0.99375 0.8887499999999999 0.9800000000000001
2 0.88125 1 0.88125 0.9925 0.8712500000000001 0.9925 0.8712500000000001 1 0.88125 1
2 0.905 1 0.905 0.99125 0.89375 0.99125 0.89375 1 0.905 1
2 0.89875 1 0.89875 0.9887499999999999 0.8887499999999999 0.9887499999999999 0.8887499999999999 1 0.89875 1
2 0.9625 0.9737500000000001 0.9525 0.9737500000000001 0.9525 0.9887499999999999 0.9625 0.9887499999999999 0.9625 0.9737500000000001
2 0.9574999999999999 0.97 0.94625 0.97 0.94625 0.9824999999999999 0.9574999999999999 0.9824999999999999 0.9574999999999999 0.97
2 0.9512499999999999 0.9637499999999999 0.9400000000000001 0.9637499999999999 0.9400000000000001 0.9775 0.9512499999999999 0.9775 0.9512499999999999 0.9637499999999999
2 0.86875 0.8324999999999999 0.85625 0.8324999999999999 0.85625 0.8462500000000001 0.86875 0.8462500000000001 0.86875 0.8324999999999999
2 0.91875 0.8637499999999999 0.9075 0.8637499999999999 0.9075 0.8775000000000001 0.91875 0.8775000000000001 0.91875 0.8637499999999999
2 0.9125 0.85875 0.9012499999999999 0.85875 0.9012499999999999 0.8724999999999999 0.9125 0.8724999999999999 0.9125 0.85875
2 0.9012499999999999 0.85375 0.8925000000000001 0.85375 0.8925000000000001 0.86625 0.9012499999999999 0.86625 0.9012499999999999 0.85375
2 0.89625 0.85 0.8862500000000001 0.85 0.8862500000000001 0.8625 0.89625 0.8625 0.89625 0.85
2 0.89125 0.845 0.8800000000000001 0.845 0.8800000000000001 0.85875 0.89125 0.85875 0.89125 0.845
2 0.8775000000000001 0.8400000000000001 0.8675 0.8400000000000001 0.8675 0.8525 0.8775000000000001 0.8525 0.8775000000000001 0.8400000000000001
2 0.8612500000000001 0.8300000000000001 0.85125 0.8300000000000001 0.85125 0.8425 0.8612500000000001 0.8425 0.8612500000000001 0.8300000000000001
2 0.9400000000000001 0.96 0.93 0.96 0.93 0.975 0.9400000000000001 0.975 0.9400000000000001 0.96
2 0.85125 0.8225 0.8400000000000001 0.8225 0.8400000000000001 0.8375 0.85125 0.8375 0.85125 0.8225
2 0.8400000000000001 0.8150000000000001 0.8275 0.8150000000000001 0.8275 0.82875 0.8400000000000001 0.82875 0.8400000000000001 0.8150000000000001
2 0.8225 0.82 0.8087500000000001 0.82 0.8087500000000001 0.8324999999999999 0.8225 0.8324999999999999 0.8225 0.82
2 0.78 0.795 0.76625 0.795 0.76625 0.8074999999999999 0.78 0.8074999999999999 0.78 0.795
2 0.9712500000000001 0.74375 0.95625 0.74375 0.95625 0.7575000000000001 0.9712500000000001 0.7575000000000001 0.9712500000000001 0.74375
2 0.76875 0.585 0.7537499999999999 0.585 0.7537499999999999 0.59875 0.76875 0.59875 0.76875 0.585
2 0.9349999999999999 0.905 0.9225 0.905 0.9225 0.9199999999999999 0.9349999999999999 0.9199999999999999 0.9349999999999999 0.905
2 0.9262499999999999 0.9175000000000001 0.91625 0.9175000000000001 0.91625 0.93 0.9262499999999999 0.93 0.9262499999999999 0.9175000000000001
2 0.9099999999999999 0.945 0.9 0.945 0.9 0.95875 0.9099999999999999 0.95875 0.9099999999999999 0.945
2 0.91625 0.94625 0.90625 0.94625 0.90625 0.96 0.91625 0.96 0.91625 0.94625
2 0.8975 0.9525 0.8875 0.9525 0.8875 0.9662499999999999 0.8975 0.9662499999999999 0.8975 0.9525
2 0.9025000000000001 0.9550000000000001 0.8925000000000001 0.9550000000000001 0.8925000000000001 0.9675 0.9025000000000001 0.9675 0.9025000000000001 0.9550000000000001
2 0.9099999999999999 0.9574999999999999 0.89875 0.9574999999999999 0.89875 0.97 0.9099999999999999 0.97 0.9099999999999999 0.9574999999999999
2 0.91625 0.96125 0.905 0.96125 0.905 0.975 0.91625 0.975 0.91625 0.96125
2 0.9225 0.9662499999999999 0.9112500000000001 0.9662499999999999 0.9112500000000001 0.97875 0.9225 0.97875 0.9225 0.9662499999999999
2 0.9262499999999999 0.97 0.91625 0.97 0.91625 0.9824999999999999 0.9262499999999999 0.9824999999999999 0.9262499999999999 0.97
2 0.9324999999999999 0.9737500000000001 0.92125 0.9737500000000001 0.92125 0.9875 0.9324999999999999 0.9875 0.9324999999999999 0.9737500000000001
2 0.9375 0.97625 0.9275 0.97625 0.9275 0.99 0.9375 0.99 0.9375 0.97625
2 0.9487500000000001 0.98125 0.93875 0.98125 0.93875 0.9949999999999999 0.9487500000000001 0.9949999999999999 0.9487500000000001 0.98125
2 0.95625 1 0.95625 0.985 0.945 0.985 0.945 1 0.95625 1
2 0.96125 1 0.96125 0.99 0.9512499999999999 0.99 0.9512499999999999 1 0.96125 1
2 0.92875 0.95375 0.9175000000000001 0.95375 0.9175000000000001 0.9675 0.92875 0.9675 0.92875 0.95375
2 0.9349999999999999 0.9574999999999999 0.9225 0.9574999999999999 0.9225 0.9724999999999999 0.9349999999999999 0.9724999999999999 0.9349999999999999 0.9574999999999999
2 0.04375 0.73375 0.03 0.73375 0.03 0.7474999999999999 0.04375 0.7474999999999999 0.04375 0.73375
2 0.034999999999999996 0.8087500000000001 0.021249999999999998 0.8087500000000001 0.021249999999999998 0.82125 0.034999999999999996 0.82125 0.034999999999999996 0.8087500000000001
2 0.0475 0.79875 0.034999999999999996 0.79875 0.034999999999999996 0.8150000000000001 0.0475 0.8150000000000001 0.0475 0.79875
2 0.05500000000000001 0.7925 0.04375 0.7925 0.04375 0.8074999999999999 0.05500000000000001 0.8074999999999999 0.05500000000000001 0.7925
2 0.06625 0.7150000000000001 0.05375 0.7150000000000001 0.05375 0.72875 0.06625 0.72875 0.06625 0.7150000000000001
2 0.05500000000000001 0.72375 0.04 0.72375 0.04 0.7375 0.05500000000000001 0.7375 0.05500000000000001 0.72375
2 0.04875 0.7275 0.034999999999999996 0.7275 0.034999999999999996 0.74125 0.04875 0.74125 0.04875 0.7275
2 0.0325 0.70625 0.02 0.70625 0.02 0.71875 0.0325 0.71875 0.0325 0.70625
2 0.06625 0.82125 0.05375 0.82125 0.05375 0.835 0.06625 0.835 0.06625 0.82125
2 0.09875 0.7175 0.08625000000000001 0.7175 0.08625000000000001 0.7262500000000001 0.09875 0.7262500000000001 0.09875 0.7175
2 0.08499999999999999 0.7 0.0725 0.7 0.0725 0.7112499999999999 0.08499999999999999 0.7112499999999999 0.08499999999999999 0.7
2 0.08 0.69375 0.06875 0.69375 0.06875 0.70625 0.08 0.70625 0.08 0.69375
2 0.075 0.6875 0.0625 0.6875 0.0625 0.7 0.075 0.7 0.075 0.6875
2 0.06875 0.6799999999999999 0.05625 0.6799999999999999 0.05625 0.6925 0.06875 0.6925 0.06875 0.6799999999999999
2 0.065 0.67375 0.052500000000000005 0.67375 0.052500000000000005 0.68625 0.065 0.68625 0.065 0.67375
2 0.0225 0.82125 0.01 0.82125 0.01 0.835 0.0225 0.835 0.0225 0.82125
2 0.034999999999999996 0.84375 0.021249999999999998 0.84375 0.021249999999999998 0.8574999999999999 0.034999999999999996 0.8574999999999999 0.034999999999999996 0.84375
2 0.11000000000000001 0.6025 0.09625 0.6025 0.09625 0.61625 0.11000000000000001 0.61625 0.11000000000000001 0.6025
2 0.16999999999999998 0.69625 0.1575 0.69625 0.1575 0.70875 0.16999999999999998 0.70875 0.16999999999999998 0.69625
2 0.17875000000000002 0.7325 0.16625 0.7325 0.16625 0.745 0.17875000000000002 0.745 0.17875000000000002 0.7325
2 0.17375000000000002 0.7275 0.16125 0.7275 0.16125 0.74 0.17375000000000002 0.74 0.17375000000000002 0.7275
2 0.1675 0.7224999999999999 0.155 0.7224999999999999 0.155 0.735 0.1675 0.735 0.1675 0.7224999999999999
2 0.16499999999999998 0.7162499999999999 0.15125 0.7162499999999999 0.15125 0.72875 0.16499999999999998 0.72875 0.16499999999999998 0.7162499999999999
2 0.18125 0.68625 0.16999999999999998 0.68625 0.16999999999999998 0.7 0.18125 0.7 0.18125 0.68625
2 0.175 0.6925 0.16499999999999998 0.6925 0.16499999999999998 0.70375 0.175 0.70375 0.175 0.6925
2 0.16375 0.70125 0.1525 0.70125 0.1525 0.71375 0.16375 0.71375 0.16375 0.70125
2 0.03 0.8525 0.01625 0.8525 0.01625 0.86625 0.03 0.86625 0.03 0.8525
2 0.15875 0.705 0.14750000000000002 0.705 0.14750000000000002 0.7175 0.15875 0.7175 0.15875 0.705
2 0.1525 0.71 0.14125000000000001 0.71 0.14125000000000001 0.7224999999999999 0.1525 0.7224999999999999 0.1525 0.71
2 0.14625 0.71375 0.135 0.71375 0.135 0.7275 0.14625 0.7275 0.14625 0.71375
2 0.14625 0.7275 0.13374999999999998 0.7275 0.13374999999999998 0.74125 0.14625 0.74125 0.14625 0.7275
2 0.14125000000000001 0.72375 0.12875 0.72375 0.12875 0.7375 0.14125000000000001 0.7375 0.14125000000000001 0.72375
2 0.1375 0.71875 0.125 0.71875 0.125 0.7325 0.1375 0.7325 0.1375 0.71875
2 0.06 0.66875 0.0475 0.66875 0.0475 0.68125 0.06 0.68125 0.06 0.66875
2 0.155 0.68875 0.14250000000000002 0.68875 0.14250000000000002 0.70125 0.155 0.70125 0.155 0.68875
2 0.17250000000000001 0.675 0.16 0.675 0.16 0.6875 0.17250000000000001 0.6875 0.17250000000000001 0.675
2 0.11374999999999999 0.625 0.1025 0.625 0.1025 0.63625 0.11374999999999999 0.63625 0.11374999999999999 0.625
2 0.14375 0.59875 0.1325 0.59875 0.1325 0.61 0.14375 0.61 0.14375 0.59875
2 0.13874999999999998 0.6012500000000001 0.125 0.6012500000000001 0.125 0.615 0.13874999999999998 0.615 0.13874999999999998 0.6012500000000001
2 0.1325 0.605 0.12 0.605 0.12 0.61875 0.1325 0.61875 0.1325 0.605
2 0.1275 0.61125 0.11499999999999999 0.61125 0.11499999999999999 0.62375 0.1275 0.62375 0.1275 0.61125
2 0.12375 0.615 0.11125 0.615 0.11125 0.6275000000000001 0.12375 0.6275000000000001 0.12375 0.615
2 0.11750000000000001 0.62 0.10500000000000001 0.62 0.10500000000000001 0.6325000000000001 0.11750000000000001 0.6325000000000001 0.11750000000000001 0.62
2 0.10874999999999999 0.6287499999999999 0.0975 0.6287499999999999 0.0975 0.64125 0.10874999999999999 0.64125 0.10874999999999999 0.6287499999999999
2 0.125 0.655 0.1125 0.655 0.1125 0.66875 0.125 0.66875 0.125 0.655
2 0.10375000000000001 0.6325000000000001 0.09375 0.6325000000000001 0.09375 0.645 0.10375000000000001 0.645 0.10375000000000001 0.6325000000000001
2 0.1 0.635 0.08875 0.635 0.08875 0.6487499999999999 0.1 0.6487499999999999 0.1 0.635
2 0.095 0.64 0.08249999999999999 0.64 0.08249999999999999 0.6525000000000001 0.095 0.6525000000000001 0.095 0.64
2 0.125 0.59875 0.1125 0.59875 0.1125 0.61125 0.125 0.61125 0.125 0.59875
2 0.11499999999999999 0.60875 0.10375000000000001 0.60875 0.10375000000000001 0.62 0.11499999999999999 0.62 0.11499999999999999 0.60875
2 0.0975 0.6125 0.08125 0.6125 0.08125 0.6275000000000001 0.0975 0.6275000000000001 0.0975 0.6125
2 0.14625 0.585 0.13374999999999998 0.585 0.13374999999999998 0.5974999999999999 0.14625 0.5974999999999999 0.14625 0.585
2 0.15375 0.5900000000000001 0.13999999999999999 0.5900000000000001 0.13999999999999999 0.60375 0.15375 0.60375 0.15375 0.5900000000000001
2 0.11499999999999999 0.63625 0.10500000000000001 0.63625 0.10500000000000001 0.65 0.11499999999999999 0.65 0.11499999999999999 0.63625
2 0.08249999999999999 0.655 0.06999999999999999 0.655 0.06999999999999999 0.67 0.08249999999999999 0.67 0.08249999999999999 0.655
2 0.08875 0.66125 0.0775 0.66125 0.0775 0.6775 0.08875 0.6775 0.08875 0.66125
2 0.0975 0.67 0.08499999999999999 0.67 0.08499999999999999 0.6849999999999999 0.0975 0.6849999999999999 0.0975 0.67
2 0.1275 0.675 0.11499999999999999 0.675 0.11499999999999999 0.68125 0.1275 0.68125 0.1275 0.675
2 0.135 0.6675 0.125 0.6675 0.125 0.67375 0.135 0.67375 0.135 0.6675
2 0.14250000000000002 0.655 0.13625 0.655 0.13625 0.665 0.14250000000000002 0.665 0.14250000000000002 0.655
2 0.15125 0.6475 0.145 0.6475 0.145 0.6599999999999999 0.15125 0.6599999999999999 0.15125 0.6475
2 0.16125 0.64125 0.15375 0.64125 0.15375 0.6537499999999999 0.16125 0.6537499999999999 0.16125 0.64125
2 0.16625 0.63125 0.16 0.63125 0.16 0.64375 0.16625 0.64375 0.16625 0.63125
2 0.1825 0.6212500000000001 0.17250000000000001 0.6212500000000001 0.17250000000000001 0.63375 0.1825 0.63375 0.1825 0.6212500000000001
2 0.16999999999999998 0.60625 0.15625 0.60625 0.15625 0.6212500000000001 0.16999999999999998 0.6212500000000001 0.16999999999999998 0.60625
2 0.16499999999999998 0.615 0.15375 0.615 0.15375 0.6287499999999999 0.16499999999999998 0.6287499999999999 0.16499999999999998 0.615
2 0.1525 0.6224999999999999 0.14250000000000002 0.6224999999999999 0.14250000000000002 0.6287499999999999 0.1525 0.6287499999999999 0.1525 0.6224999999999999
2 0.14625 0.6325000000000001 0.13374999999999998 0.6325000000000001 0.13374999999999998 0.64 0.14625 0.64 0.14625 0.6325000000000001
2 0.18 0.73875 0.1675 0.73875 0.1675 0.75125 0.18 0.75125 0.18 0.73875
2 0.19 0.74875 0.17625 0.74875 0.17625 0.76375 0.19 0.76375 0.19 0.74875
2 0.19624999999999998 0.74375 0.18125 0.74375 0.18125 0.75875 0.19624999999999998 0.75875 0.19624999999999998 0.74375
2 0.24874999999999997 0.80375 0.2325 0.80375 0.2325 0.82125 0.24874999999999997 0.82125 0.24874999999999997 0.80375
2 0.29 0.78625 0.27749999999999997 0.78625 0.27749999999999997 0.79875 0.29 0.79875 0.29 0.78625
2 0.27875 0.7775000000000001 0.26749999999999996 0.7775000000000001 0.26749999999999996 0.7875 0.27875 0.7875 0.27875 0.7775000000000001
2 0.27125 0.76625 0.25875 0.76625 0.25875 0.7787499999999999 0.27125 0.7787499999999999 0.27125 0.76625
2 0.2625 0.805 0.25 0.805 0.25 0.82 0.2625 0.82 0.2625 0.805
2 0.25125000000000003 0.79375 0.23875000000000002 0.79375 0.23875000000000002 0.8087500000000001 0.25125000000000003 0.8087500000000001 0.25125000000000003 0.79375
2 0.25875 0.7875 0.2425 0.7875 0.2425 0.8025 0.25875 0.8025 0.25875 0.7875
2 0.24 0.8162499999999999 0.22625 0.8162499999999999 0.22625 0.82875 0.24 0.82875 0.24 0.8162499999999999
2 0.20750000000000002 0.83375 0.19375 0.83375 0.19375 0.8487500000000001 0.20750000000000002 0.8487500000000001 0.20750000000000002 0.83375
2 0.2575 0.82125 0.24500000000000002 0.82125 0.24500000000000002 0.835 0.2575 0.835 0.2575 0.82125
2 0.25125000000000003 0.825 0.2375 0.825 0.2375 0.8387499999999999 0.25125000000000003 0.8387499999999999 0.25125000000000003 0.825
2 0.2425 0.8375 0.22875 0.8375 0.22875 0.8525 0.2425 0.8525 0.2425 0.8375
2 0.23625 0.845 0.225 0.845 0.225 0.8574999999999999 0.23625 0.8574999999999999 0.23625 0.845
2 0.22999999999999998 0.835 0.21749999999999997 0.835 0.21749999999999997 0.8474999999999999 0.22999999999999998 0.8474999999999999 0.22999999999999998 0.835
2 0.22125 0.8262499999999999 0.20625 0.8262499999999999 0.20625 0.8412499999999999 0.22125 0.8412499999999999 0.22125 0.8262499999999999
2 0.29500000000000004 0.79 0.28250000000000003 0.79 0.28250000000000003 0.8025 0.29500000000000004 0.8025 0.29500000000000004 0.79
2 0.30125 0.79375 0.28875 0.79375 0.28875 0.80625 0.30125 0.80625 0.30125 0.79375
2 0.29375 0.8025 0.28125 0.8025 0.28125 0.8150000000000001 0.29375 0.8150000000000001 0.29375 0.8025
2 0.3 0.8074999999999999 0.28625 0.8074999999999999 0.28625 0.82 0.3 0.82 0.3 0.8074999999999999
2 0.3025 0.8125 0.28875 0.8125 0.28875 0.825 0.3025 0.825 0.3025 0.8125
2 0.2925 0.8474999999999999 0.27749999999999997 0.8474999999999999 0.27749999999999997 0.8612500000000001 0.2925 0.8612500000000001 0.2925 0.8474999999999999
2 0.29874999999999996 0.84375 0.28625 0.84375 0.28625 0.85625 0.29874999999999996 0.85625 0.29874999999999996 0.84375
2 0.31124999999999997 0.83625 0.29874999999999996 0.83625 0.29874999999999996 0.8487500000000001 0.31124999999999997 0.8487500000000001 0.31124999999999997 0.83625
2 0.30625 0.8375 0.29125 0.8375 0.29125 0.85375 0.30625 0.85375 0.30625 0.8375
2 0.28250000000000003 0.75625 0.27125 0.75625 0.27125 0.77 0.28250000000000003 0.77 0.28250000000000003 0.75625
2 0.29375 0.77 0.28125 0.77 0.28125 0.7837500000000001 0.29375 0.7837500000000001 0.29375 0.77
2 0.2975 0.76375 0.28500000000000003 0.76375 0.28500000000000003 0.77625 0.2975 0.77625 0.2975 0.76375
2 0.28875 0.75125 0.27625 0.75125 0.27625 0.765 0.28875 0.765 0.28875 0.75125
2 0.29375 0.7424999999999999 0.28250000000000003 0.7424999999999999 0.28250000000000003 0.7575000000000001 0.29375 0.7575000000000001 0.29375 0.7424999999999999
2 0.3 0.7474999999999999 0.28625 0.7474999999999999 0.28625 0.7625 0.3 0.7625 0.3 0.7474999999999999
2 0.3025 0.7537499999999999 0.29 0.7537499999999999 0.29 0.76625 0.3025 0.76625 0.3025 0.7537499999999999
2 0.3075 0.75875 0.29375 0.75875 0.29375 0.77125 0.3075 0.77125 0.3075 0.75875
2 0.215 0.83125 0.20375000000000001 0.83125 0.20375000000000001 0.84375 0.215 0.84375 0.215 0.83125
2 0.20625 0.8412499999999999 0.19125 0.8412499999999999 0.19125 0.85625 0.20625 0.85625 0.20625 0.8412499999999999
2 0.20125 0.74 0.1875 0.74 0.1875 0.7525000000000001 0.20125 0.7525000000000001 0.20125 0.74
2 0.20249999999999999 0.7175 0.18875 0.7175 0.18875 0.73 0.20249999999999999 0.73 0.20249999999999999 0.7175
2 0.21375000000000002 0.6875 0.20125 0.6875 0.20125 0.70125 0.21375000000000002 0.70125 0.21375000000000002 0.6875
2 0.22999999999999998 0.69375 0.21625 0.69375 0.21625 0.70625 0.22999999999999998 0.70625 0.22999999999999998 0.69375
2 0.225 0.69875 0.21125 0.69875 0.21125 0.71 0.225 0.71 0.225 0.69875
2 0.21875 0.70375 0.20625 0.70375 0.20625 0.7150000000000001 0.21875 0.7150000000000001 0.21875 0.70375
2 0.21375000000000002 0.70625 0.2 0.70625 0.2 0.72 0.21375000000000002 0.72 0.21375000000000002 0.70625
2 0.20750000000000002 0.7125 0.195 0.7125 0.195 0.725 0.20750000000000002 0.725 0.20750000000000002 0.7125
2 0.19624999999999998 0.72375 0.185 0.72375 0.185 0.7375 0.19624999999999998 0.7375 0.19624999999999998 0.72375
2 0.22875 0.8474999999999999 0.215 0.8474999999999999 0.215 0.86 0.22875 0.86 0.22875 0.8474999999999999
2 0.23500000000000001 0.7075 0.22125 0.7075 0.22125 0.72 0.23500000000000001 0.72 0.23500000000000001 0.7075
2 0.22875 0.7125 0.215 0.7125 0.215 0.725 0.22875 0.725 0.22875 0.7125
2 0.22374999999999998 0.7175 0.21000000000000002 0.7175 0.21000000000000002 0.73 0.22374999999999998 0.73 0.22374999999999998 0.7175
2 0.21875 0.72375 0.205 0.72375 0.205 0.73625 0.21875 0.73625 0.21875 0.72375
2 0.21375000000000002 0.7275 0.19875 0.7275 0.19875 0.7424999999999999 0.21375000000000002 0.7424999999999999 0.21375000000000002 0.7275
2 0.20625 0.735 0.19375 0.735 0.19375 0.7474999999999999 0.20625 0.7474999999999999 0.20625 0.735
2 0.21875 0.6837500000000001 0.205 0.6837500000000001 0.205 0.69625 0.21875 0.69625 0.21875 0.6837500000000001
2 0.20375000000000001 0.6637500000000001 0.19375 0.6637500000000001 0.19375 0.6775 0.20375000000000001 0.6775 0.20375000000000001 0.6637500000000001
2 0.2125 0.665 0.20125 0.665 0.20125 0.6775 0.2125 0.6775 0.2125 0.665
2 0.21875 0.66625 0.20875 0.66625 0.20875 0.6799999999999999 0.21875 0.6799999999999999 0.21875 0.66625
2 0.22625 0.67125 0.21375000000000002 0.67125 0.21375000000000002 0.6837500000000001 0.22625 0.6837500000000001 0.22625 0.67125
2 0.23125 0.6775 0.21875 0.6775 0.21875 0.68875 0.23125 0.68875 0.23125 0.6775
2 0.23625 0.6825 0.22374999999999998 0.6825 0.22374999999999998 0.6950000000000001 0.23625 0.6950000000000001 0.23625 0.6825
2 0.24 0.7025 0.22625 0.7025 0.22625 0.7162499999999999 0.24 0.7162499999999999 0.24 0.7025
2 0.2425 0.68625 0.22749999999999998 0.68625 0.22749999999999998 0.7 0.2425 0.7 0.2425 0.68625
2 0.2475 0.6925 0.23374999999999999 0.6925 0.23374999999999999 0.70625 0.2475 0.70625 0.2475 0.6925
2 0.25375000000000003 0.69875 0.23875000000000002 0.69875 0.23875000000000002 0.7112499999999999 0.25375000000000003 0.7112499999999999 0.25375000000000003 0.69875
2 0.26749999999999996 0.725 0.2525 0.725 0.2525 0.74 0.26749999999999996 0.74 0.26749999999999996 0.725
2 0.1925 0.8574999999999999 0.18 0.8574999999999999 0.18 0.86875 0.1925 0.86875 0.1925 0.8574999999999999
2 0.1975 0.85 0.18625 0.85 0.18625 0.8612500000000001 0.1975 0.8612500000000001 0.1975 0.85
2 0.20750000000000002 0.8612500000000001 0.195 0.8612500000000001 0.195 0.87375 0.20750000000000002 0.87375 0.20750000000000002 0.8612500000000001
2 0.21625 0.85625 0.20249999999999999 0.85625 0.20249999999999999 0.8699999999999999 0.21625 0.8699999999999999 0.21625 0.85625
2 0.22125 0.85 0.20875 0.85 0.20875 0.865 0.22125 0.865 0.22125 0.85
2 0.09125 0.60875 0.07875 0.60875 0.07875 0.6212500000000001 0.09125 0.6212500000000001 0.09125 0.60875
2 0.10124999999999999 0.5974999999999999 0.09 0.5974999999999999 0.09 0.61 0.10124999999999999 0.61 0.10124999999999999 0.5974999999999999
2 0.13625 0.56875 0.12250000000000001 0.56875 0.12250000000000001 0.58125 0.13625 0.58125 0.13625 0.56875
2 0.515 0.00125 0.49874999999999997 0.00125 0.49874999999999997 0.01625 0.515 0.01625 0.515 0.00125
2 0.50875 0.008749999999999999 0.49375 0.008749999999999999 0.49375 0.0225 0.50875 0.0225 0.50875 0.008749999999999999
2 0.09375 0.49124999999999996 0.08 0.49124999999999996 0.08 0.505 0.09375 0.505 0.09375 0.49124999999999996
2 0.08 0.47750000000000004 0.0675 0.47750000000000004 0.0675 0.49375 0.08 0.49375 0.08 0.47750000000000004
2 0.057499999999999996 0.45499999999999996 0.045 0.45499999999999996 0.045 0.46749999999999997 0.057499999999999996 0.46749999999999997 0.057499999999999996 0.45499999999999996
2 0.0475 0.4425 0.03375 0.4425 0.03375 0.4575 0.0475 0.4575 0.0475 0.4425
2 0.025 0.42000000000000004 0.0125 0.42000000000000004 0.0125 0.43499999999999994 0.025 0.43499999999999994 0.025 0.42000000000000004
2 0.11374999999999999 0.51125 0.0975 0.51125 0.0975 0.52625 0.11374999999999999 0.52625 0.11374999999999999 0.51125
2 0.12 0.52 0.11125 0.52 0.11125 0.5337500000000001 0.12 0.5337500000000001 0.12 0.52
2 0.13 0.5287499999999999 0.11625 0.5287499999999999 0.11625 0.5425 0.13 0.5425 0.13 0.5287499999999999
2 0.14875 0.54875 0.135 0.54875 0.135 0.56125 0.14875 0.56125 0.14875 0.54875
2 0.16 0.56125 0.14750000000000002 0.56125 0.14750000000000002 0.575 0.16 0.575 0.16 0.56125
2 0.175 0.5775 0.1625 0.5775 0.1625 0.5900000000000001 0.175 0.5900000000000001 0.175 0.5775
2 0.08625000000000001 0.575 0.0725 0.575 0.0725 0.5900000000000001 0.08625000000000001 0.5900000000000001 0.08625000000000001 0.575
2 0.09125 0.57125 0.07875 0.57125 0.07875 0.5862499999999999 0.09125 0.5862499999999999 0.09125 0.57125
2 0.0975 0.5675 0.08499999999999999 0.5675 0.08499999999999999 0.58125 0.0975 0.58125 0.0975 0.5675
2 0.10375000000000001 0.5625 0.0925 0.5625 0.0925 0.575 0.10375000000000001 0.575 0.10375000000000001 0.5625
2 0.10874999999999999 0.5587500000000001 0.0975 0.5587500000000001 0.0975 0.5700000000000001 0.10874999999999999 0.5700000000000001 0.10874999999999999 0.5587500000000001
2 0.11125 0.5725 0.10124999999999999 0.5725 0.10124999999999999 0.5862499999999999 0.11125 0.5862499999999999 0.11125 0.5725
2 0.11125 0.54375 0.0975 0.54375 0.0975 0.5549999999999999 0.11125 0.5549999999999999 0.11125 0.54375
2 0.11499999999999999 0.5475 0.10124999999999999 0.5475 0.10124999999999999 0.56125 0.11499999999999999 0.56125 0.11499999999999999 0.5475
2 0.12 0.55375 0.1075 0.55375 0.1075 0.5662499999999999 0.12 0.5662499999999999 0.12 0.55375
2 0.125 0.5599999999999999 0.11125 0.5599999999999999 0.11125 0.57375 0.125 0.57375 0.125 0.5599999999999999
2 0.13 0.56375 0.11625 0.56375 0.11625 0.5775 0.13 0.5775 0.13 0.56375
2 0.5025000000000001 0.015 0.48875 0.015 0.48875 0.026250000000000002 0.5025000000000001 0.026250000000000002 0.5025000000000001 0.015
2 0.775 0.13874999999999998 0.75875 0.13874999999999998 0.75875 0.15375 0.775 0.15375 0.775 0.13874999999999998
2 0.8087500000000001 0.16499999999999998 0.795 0.16499999999999998 0.795 0.17875000000000002 0.8087500000000001 0.17875000000000002 0.8087500000000001 0.16499999999999998
2 0.76125 0.16625 0.7474999999999999 0.16625 0.7474999999999999 0.1775 0.76125 0.1775 0.76125 0.16625
2 0.765 0.16 0.7525000000000001 0.16 0.7525000000000001 0.17124999999999999 0.765 0.17124999999999999 0.765 0.16
2 0.77 0.15375 0.75625 0.15375 0.75625 0.16625 0.77 0.16625 0.77 0.15375
2 0.7525000000000001 0.1525 0.74 0.1525 0.74 0.16375 0.7525000000000001 0.16375 0.7525000000000001 0.1525
2 0.75875 0.14625 0.7462500000000001 0.14625 0.7462500000000001 0.15875 0.75875 0.15875 0.75875 0.14625
2 0.76 0.13 0.7474999999999999 0.13 0.7474999999999999 0.14250000000000002 0.76 0.14250000000000002 0.76 0.13
2 0.7462500000000001 0.12625 0.73125 0.12625 0.73125 0.13999999999999999 0.7462500000000001 0.13999999999999999 0.7462500000000001 0.12625
2 0.74125 0.1325 0.7262500000000001 0.1325 0.7262500000000001 0.14375 0.74125 0.14375 0.74125 0.1325
2 0.63375 0.08625000000000001 0.6212500000000001 0.08625000000000001 0.6212500000000001 0.1 0.63375 0.1 0.63375 0.08625000000000001
2 0.62375 0.0975 0.6125 0.0975 0.6125 0.11125 0.62375 0.11125 0.62375 0.0975
2 0.61375 0.11125 0.6025 0.11125 0.6025 0.125 0.61375 0.125 0.61375 0.11125
2 0.56875 0.17375000000000002 0.5549999999999999 0.17375000000000002 0.5549999999999999 0.1875 0.56875 0.1875 0.56875 0.17375000000000002
2 0.81875 0.17375000000000002 0.80625 0.17375000000000002 0.80625 0.185 0.81875 0.185 0.81875 0.17375000000000002
2 0.8300000000000001 0.1825 0.81875 0.1825 0.81875 0.1925 0.8300000000000001 0.1925 0.8300000000000001 0.1825
2 0.7625 0.2225 0.75 0.2225 0.75 0.2375 0.7625 0.2375 0.7625 0.2225
2 0.77625 0.23625 0.7625 0.23625 0.7625 0.25125000000000003 0.77625 0.25125000000000003 0.77625 0.23625
2 0.79625 0.24874999999999997 0.7837500000000001 0.24874999999999997 0.7837500000000001 0.26375000000000004 0.79625 0.26375000000000004 0.79625 0.24874999999999997
2 0.83125 0.27375 0.8162499999999999 0.27375 0.8162499999999999 0.29 0.83125 0.29 0.83125 0.27375
2 0.85 0.4025 0.83625 0.4025 0.83625 0.41375 0.85 0.41375 0.85 0.4025
2 0.8525 0.39625 0.8400000000000001 0.39625 0.8400000000000001 0.40499999999999997 0.8525 0.40499999999999997 0.8525 0.39625
2 0.675 0.50875 0.63875 0.50875 0.63875 0.54 0.675 0.54 0.675 0.50875
2 0.69875 0.7025 0.6587500000000001 0.7025 0.6587500000000001 0.73875 0.69875 0.73875 0.69875 0.7025
2 0.7525000000000001 0.74375 0.70875 0.74375 0.70875 0.7775000000000001 0.7525000000000001 0.7775000000000001 0.7525000000000001 0.74375
2 0.31124999999999997 0.7625 0.29874999999999996 0.7625 0.29874999999999996 0.775 0.31124999999999997 0.775 0.31124999999999997 0.7625
2 0.31625000000000003 0.76875 0.3025 0.76875 0.3025 0.78125 0.31625000000000003 0.78125 0.31625000000000003 0.76875
2 0.3225 0.7737499999999999 0.30874999999999997 0.7737499999999999 0.30874999999999997 0.7875 0.3225 0.7875 0.3225 0.7737499999999999
2 0.32625000000000004 0.7787499999999999 0.31375000000000003 0.7787499999999999 0.31375000000000003 0.7925 0.32625000000000004 0.7925 0.32625000000000004 0.7787499999999999
2 0.2425 0.595 0.2325 0.595 0.2325 0.60875 0.2425 0.60875 0.2425 0.595
2 0.22625 0.57125 0.2125 0.57125 0.2125 0.5862499999999999 0.22625 0.5862499999999999 0.22625 0.57125
2 0.47000000000000003 0.635 0.45875000000000005 0.635 0.45875000000000005 0.6475 0.47000000000000003 0.6475 0.47000000000000003 0.635
2 0.365 0.8724999999999999 0.35125 0.8724999999999999 0.35125 0.885 0.365 0.885 0.365 0.8724999999999999
2 0.39375 0.9712500000000001 0.38 0.9712500000000001 0.38 0.98375 0.39375 0.98375 0.39375 0.9712500000000001
2 0.4375 0.87625 0.42374999999999996 0.87625 0.42374999999999996 0.89 0.4375 0.89 0.4375 0.87625
2 0.46375 0.83375 0.45 0.83375 0.45 0.8487500000000001 0.46375 0.8487500000000001 0.46375 0.83375
2 0.48875 0.8025 0.47625 0.8025 0.47625 0.81375 0.48875 0.81375 0.48875 0.8025
2 0.48125 0.80625 0.46749999999999997 0.80625 0.46749999999999997 0.81875 0.48125 0.81875 0.48125 0.80625
2 0.22875 0.6275000000000001 0.22125 0.6275000000000001 0.22125 0.64 0.22875 0.64 0.22875 0.6275000000000001
2 0.27125 0.5599999999999999 0.26 0.5599999999999999 0.26 0.57125 0.27125 0.57125 0.27125 0.5599999999999999
2 0.29 0.54625 0.27875 0.54625 0.27875 0.55625 0.29 0.55625 0.29 0.54625
2 0.23500000000000001 0.56375 0.2225 0.56375 0.2225 0.57875 0.23500000000000001 0.57875 0.23500000000000001 0.56375
2 0.2375 0.5575 0.22374999999999998 0.5575 0.22374999999999998 0.56875 0.2375 0.56875 0.2375 0.5575
2 0.24375 0.55625 0.2325 0.55625 0.2325 0.5675 0.24375 0.5675 0.24375 0.55625
2 0.25 0.55125 0.23875000000000002 0.55125 0.23875000000000002 0.5650000000000001 0.25 0.5650000000000001 0.25 0.55125
2 0.255 0.54625 0.24375 0.54625 0.24375 0.5587500000000001 0.255 0.5587500000000001 0.255 0.54625
2 0.26125 0.5425 0.2475 0.5425 0.2475 0.55625 0.26125 0.55625 0.26125 0.5425
2 0.265 0.54 0.2525 0.54 0.2525 0.55375 0.265 0.55375 0.265 0.54
2 0.26875 0.5349999999999999 0.2575 0.5349999999999999 0.2575 0.5475 0.26875 0.5475 0.26875 0.5349999999999999
2 0.27625 0.5287499999999999 0.26125 0.5287499999999999 0.26125 0.54375 0.27625 0.54375 0.27625 0.5287499999999999
2 0.27875 0.5237499999999999 0.26749999999999996 0.5237499999999999 0.26749999999999996 0.5375 0.27875 0.5375 0.27875 0.5237499999999999
2 0.20750000000000002 0.54875 0.195 0.54875 0.195 0.5625 0.20750000000000002 0.5625 0.20750000000000002 0.54875
2 0.2125 0.5425 0.20125 0.5425 0.20125 0.55625 0.2125 0.55625 0.2125 0.5425
2 0.225 0.53125 0.2125 0.53125 0.2125 0.545 0.225 0.545 0.225 0.53125
2 0.23125 0.5225 0.21749999999999997 0.5225 0.21749999999999997 0.5375 0.23125 0.5375 0.23125 0.5225
2 0.475 0.63875 0.465 0.63875 0.465 0.65125 0.475 0.65125 0.475 0.63875
2 0.46749999999999997 0.63 0.45499999999999996 0.63 0.45499999999999996 0.64375 0.46749999999999997 0.64375 0.46749999999999997 0.63
2 0.2475 0.50875 0.23625 0.50875 0.23625 0.5225 0.2475 0.5225 0.2475 0.50875
2 0.45 0.7275 0.43624999999999997 0.7275 0.43624999999999997 0.74 0.45 0.74 0.45 0.7275
2 0.47625 0.705 0.46375 0.705 0.46375 0.72 0.47625 0.72 0.47625 0.705
2 0.46875 0.7112499999999999 0.45625 0.7112499999999999 0.45625 0.72375 0.46875 0.72375 0.46875 0.7112499999999999
2 0.46375 0.7150000000000001 0.45125000000000004 0.7150000000000001 0.45125000000000004 0.72875 0.46375 0.72875 0.46375 0.7150000000000001
2 0.37625000000000003 0.69375 0.3525 0.69375 0.3525 0.7150000000000001 0.37625000000000003 0.7150000000000001 0.37625000000000003 0.69375
2 0.35 0.70125 0.335 0.70125 0.335 0.7162499999999999 0.35 0.7162499999999999 0.35 0.70125
2 0.355 0.7112499999999999 0.33375 0.7112499999999999 0.33375 0.73125 0.355 0.73125 0.355 0.7112499999999999
2 0.43875000000000003 0.73875 0.42374999999999996 0.73875 0.42374999999999996 0.7537499999999999 0.43875000000000003 0.7537499999999999 0.43875000000000003 0.73875
2 0.4625 0.62625 0.45 0.62625 0.45 0.63875 0.4625 0.63875 0.4625 0.62625
2 0.42374999999999996 0.75 0.41125 0.75 0.41125 0.76375 0.42374999999999996 0.76375 0.42374999999999996 0.75
2 0.40625 0.74 0.39375 0.74 0.39375 0.7537499999999999 0.40625 0.7537499999999999 0.40625 0.74
2 0.39625 0.75 0.38375 0.75 0.38375 0.7625 0.39625 0.7625 0.39625 0.75
2 0.37875000000000003 0.74 0.365 0.74 0.365 0.755 0.37875000000000003 0.755 0.37875000000000003 0.74
2 0.37124999999999997 0.7375 0.36 0.7375 0.36 0.75 0.37124999999999997 0.75 0.37124999999999997 0.7375
2 0.32999999999999996 0.78625 0.31625000000000003 0.78625 0.31625000000000003 0.79875 0.32999999999999996 0.79875 0.32999999999999996 0.78625
2 0.48125 0.70125 0.47000000000000003 0.70125 0.47000000000000003 0.71375 0.48125 0.71375 0.48125 0.70125
2 0.485 0.69625 0.4725 0.69625 0.4725 0.70875 0.485 0.70875 0.485 0.69625
2 0.42750000000000005 0.6475 0.41375 0.6475 0.41375 0.6599999999999999 0.42750000000000005 0.6599999999999999 0.42750000000000005 0.6475
2 0.4375 0.65625 0.4225 0.65625 0.4225 0.66875 0.4375 0.66875 0.4375 0.65625
2 0.44749999999999995 0.6637500000000001 0.43624999999999997 0.6637500000000001 0.43624999999999997 0.675 0.44749999999999995 0.675 0.44749999999999995 0.6637500000000001
2 0.4425 0.66625 0.43125 0.66625 0.43125 0.6775 0.4425 0.6775 0.4425 0.66625
2 0.45125000000000004 0.675 0.43875000000000003 0.675 0.43875000000000003 0.6875 0.45125000000000004 0.6875 0.45125000000000004 0.675
2 0.45625 0.6725 0.44375 0.6725 0.44375 0.6849999999999999 0.45625 0.6849999999999999 0.45625 0.6725
2 0.45999999999999996 0.66875 0.44875 0.66875 0.44875 0.6799999999999999 0.45999999999999996 0.6799999999999999 0.45999999999999996 0.66875
2 0.45999999999999996 0.6599999999999999 0.44749999999999995 0.6599999999999999 0.44749999999999995 0.67125 0.45999999999999996 0.67125 0.45999999999999996 0.6599999999999999
2 0.46624999999999994 0.65625 0.45375 0.65625 0.45375 0.6675 0.46624999999999994 0.6675 0.46624999999999994 0.65625
2 0.47625 0.66625 0.46125 0.66625 0.46125 0.6799999999999999 0.47625 0.6799999999999999 0.47625 0.66625
2 0.4725 0.6725 0.45999999999999996 0.6725 0.45999999999999996 0.6849999999999999 0.4725 0.6849999999999999 0.4725 0.6725
2 0.46624999999999994 0.6775 0.45499999999999996 0.6775 0.45499999999999996 0.6900000000000001 0.46624999999999994 0.6900000000000001 0.46624999999999994 0.6775
2 0.46375 0.68125 0.4525 0.68125 0.4525 0.69375 0.46375 0.69375 0.46375 0.68125
2 0.45375 0.64375 0.44000000000000006 0.64375 0.44000000000000006 0.6575 0.45375 0.6575 0.45375 0.64375
2 0.4575 0.6224999999999999 0.445 0.6224999999999999 0.445 0.63625 0.4575 0.63625 0.4575 0.6224999999999999
2 0.24375 0.515 0.23125 0.515 0.23125 0.5287499999999999 0.24375 0.5287499999999999 0.24375 0.515
2 0.25375000000000003 0.5037499999999999 0.24125000000000002 0.5037499999999999 0.24125000000000002 0.5175 0.25375000000000003 0.5175 0.25375000000000003 0.5037499999999999
2 0.25875 0.49749999999999994 0.24500000000000002 0.49749999999999994 0.24500000000000002 0.51125 0.25875 0.51125 0.25875 0.49749999999999994
2 0.3275 0.43125 0.315 0.43125 0.315 0.44375 0.3275 0.44375 0.3275 0.43125
2 0.32375 0.48 0.31124999999999997 0.48 0.31124999999999997 0.49124999999999996 0.32375 0.49124999999999996 0.32375 0.48
2 0.31625000000000003 0.48125 0.305 0.48125 0.305 0.495 0.31625000000000003 0.495 0.31625000000000003 0.48125
2 0.34750000000000003 0.4125 0.33375 0.4125 0.33375 0.42874999999999996 0.34750000000000003 0.42874999999999996 0.34750000000000003 0.4125
2 0.34125 0.4175 0.32875 0.4175 0.32875 0.43125 0.34125 0.43125 0.34125 0.4175
2 0.3375 0.42125 0.32375 0.42125 0.32375 0.43499999999999994 0.3375 0.43499999999999994 0.3375 0.42125
2 0.3325 0.42750000000000005 0.32 0.42750000000000005 0.32 0.44000000000000006 0.3325 0.44000000000000006 0.3325 0.42750000000000005
2 0.3225 0.43375 0.30874999999999997 0.43375 0.30874999999999997 0.44749999999999995 0.3225 0.44749999999999995 0.3225 0.43375
2 0.3175 0.44000000000000006 0.30375 0.44000000000000006 0.30375 0.4525 0.3175 0.4525 0.3175 0.44000000000000006
2 0.30874999999999997 0.45 0.29500000000000004 0.45 0.29500000000000004 0.46375 0.30874999999999997 0.46375 0.30874999999999997 0.45
2 0.29874999999999996 0.45999999999999996 0.28500000000000003 0.45999999999999996 0.28500000000000003 0.47375 0.29874999999999996 0.47375 0.29874999999999996 0.45999999999999996
2 0.29500000000000004 0.465 0.27999999999999997 0.465 0.27999999999999997 0.47874999999999995 0.29500000000000004 0.47874999999999995 0.29500000000000004 0.465
2 0.2875 0.46875 0.27625 0.46875 0.27625 0.48250000000000004 0.2875 0.48250000000000004 0.2875 0.46875
2 0.265 0.49375 0.25125000000000003 0.49375 0.25125000000000003 0.5075000000000001 0.265 0.5075000000000001 0.265 0.49375
2 0.32999999999999996 0.47125000000000006 0.3175 0.47125000000000006 0.3175 0.485 0.32999999999999996 0.485 0.32999999999999996 0.47125000000000006
2 0.34750000000000003 0.4575 0.33125 0.4575 0.33125 0.4725 0.34750000000000003 0.4725 0.34750000000000003 0.4575
2 0.31375000000000003 0.50125 0.30125 0.50125 0.30125 0.515 0.31375000000000003 0.515 0.31375000000000003 0.50125
2 0.31875 0.495 0.30625 0.495 0.30625 0.51 0.31875 0.51 0.31875 0.495
2 0.325 0.4925 0.3125 0.4925 0.3125 0.505 0.325 0.505 0.325 0.4925
2 0.33625 0.4875 0.32375 0.4875 0.32375 0.5 0.33625 0.5 0.33625 0.4875
2 0.34249999999999997 0.48250000000000004 0.32875 0.48250000000000004 0.32875 0.49749999999999994 0.34249999999999997 0.49749999999999994 0.34249999999999997 0.48250000000000004
2 0.34750000000000003 0.47750000000000004 0.33375 0.47750000000000004 0.33375 0.4925 0.34750000000000003 0.4925 0.34750000000000003 0.47750000000000004
2 0.3525 0.4725 0.3375 0.4725 0.3375 0.4875 0.3525 0.4875 0.3525 0.4725
2 0.36124999999999996 0.465 0.34750000000000003 0.465 0.34750000000000003 0.48 0.36124999999999996 0.48 0.36124999999999996 0.465
2 0.36625 0.45999999999999996 0.35125 0.45999999999999996 0.35125 0.475 0.36625 0.475 0.36625 0.45999999999999996
2 0.36875 0.45 0.355 0.45 0.355 0.4625 0.36875 0.4625 0.36875 0.45
2 0.34625 0.49749999999999994 0.33375 0.49749999999999994 0.33375 0.51 0.34625 0.51 0.34625 0.49749999999999994
2 0.35750000000000004 0.48875 0.34375 0.48875 0.34375 0.5 0.35750000000000004 0.5 0.35750000000000004 0.48875
2 0.3825 0.47125000000000006 0.37 0.47125000000000006 0.37 0.485 0.3825 0.485 0.3825 0.47125000000000006
2 0.55375 0.43624999999999997 0.5375 0.43624999999999997 0.5375 0.45125000000000004 0.55375 0.45125000000000004 0.55375 0.43624999999999997
2 0.8375 0.05125 0.82 0.05125 0.82 0.06625 0.8375 0.06625 0.8375 0.05125
2 0.8612500000000001 0.08125 0.8375 0.08125 0.8375 0.10500000000000001 0.8612500000000001 0.10500000000000001 0.8612500000000001 0.08125