2 0.74 0.475 0.7275 0.475 0.7275 0.48875 0.74 0.48875 0.74 0.475
2 0.8699999999999999 0.55 0.8625 0.55 0.8625 0.5650000000000001 0.8699999999999999 0.5650000000000001 0.8699999999999999 0.55
2 0.80375 0.61625 0.79 0.61625 0.79 0.6287499999999999 0.80375 0.6287499999999999 0.80375 0.61625
2 0.80375 0.5675 0.79125 0.5675 0.79125 0.58 0.80375 0.58 0.80375 0.5675
2 0.8099999999999999 0.53625 0.79625 0.53625 0.79625 0.54875 0.8099999999999999 0.54875 0.8099999999999999 0.53625
2 0.8 0.5287499999999999 0.7887500000000001 0.5287499999999999 0.7887500000000001 0.54125 0.8 0.54125 0.8 0.5287499999999999
2 0.79625 0.5225 0.7837500000000001 0.5225 0.7837500000000001 0.5337500000000001 0.79625 0.5337500000000001 0.79625 0.5225
2 0.8012499999999999 0.5525 0.7887500000000001 0.5525 0.7887500000000001 0.5650000000000001 0.8012499999999999 0.5650000000000001 0.8012499999999999 0.5525
2 0.8237500000000001 0.545 0.8099999999999999 0.545 0.8099999999999999 0.56125 0.8237500000000001 0.56125 0.8237500000000001 0.545
2 0.7474999999999999 0.5175 0.735 0.5175 0.735 0.5287499999999999 0.7474999999999999 0.5287499999999999 0.7474999999999999 0.5175
2 0.79125 0.5175 0.7787499999999999 0.5175 0.7787499999999999 0.53125 0.79125 0.53125 0.79125 0.5175
2 0.7787499999999999 0.51125 0.7675 0.51125 0.7675 0.5237499999999999 0.7787499999999999 0.5237499999999999 0.7787499999999999 0.51125
2 0.76125 0.4925 0.75 0.4925 0.75 0.505 0.76125 0.505 0.76125 0.4925
2 0.7112499999999999 0.485 0.7 0.485 0.7 0.49625 0.7112499999999999 0.49625 0.7112499999999999 0.485
2 0.7 0.4725 0.6875 0.4725 0.6875 0.485 0.7 0.485 0.7 0.4725
2 0.7325 0.46749999999999997 0.72 0.46749999999999997 0.72 0.48 0.7325 0.48 0.7325 0.46749999999999997
2 0.7262500000000001 0.46125 0.71375 0.46125 0.71375 0.47375 0.7262500000000001 0.47375 0.7262500000000001 0.46125
2 0.7224999999999999 0.45375 0.7112499999999999 0.45375 0.7112499999999999 0.465 0.7224999999999999 0.465 0.7224999999999999 0.45375
2 0.6525000000000001 0.39125 0.64 0.39125 0.64 0.40499999999999997 0.6525000000000001 0.40499999999999997 0.6525000000000001 0.39125
2 0.6075 0.38625 0.595 0.38625 0.595 0.4 0.6075 0.4 0.6075 0.38625
2 0.5962500000000001 0.37625000000000003 0.585 0.37625000000000003 0.585 0.38875000000000004 0.5962500000000001 0.38875000000000004 0.5962500000000001 0.37625000000000003
2 0.60375 0.34875 0.5925 0.34875 0.5925 0.36124999999999996 0.60375 0.36124999999999996 0.60375 0.34875
2 0.625 0.35375 0.6125 0.35375 0.6125 0.36625 0.625 0.36625 0.625 0.35375
2 0.63375 0.375 0.6212500000000001 0.375 0.6212500000000001 0.3875 0.63375 0.3875 0.63375 0.375
2 0.61125 0.3525 0.59875 0.3525 0.59875 0.365 0.61125 0.365 0.61125 0.3525
2 0.5862499999999999 0.3275 0.57375 0.3275 0.57375 0.34125 0.5862499999999999 0.34125 0.5862499999999999 0.3275
2 0.5775 0.32125 0.56375 0.32125 0.56375 0.335 0.5775 0.335 0.5775 0.32125
2 0.5662499999999999 0.34875 0.5549999999999999 0.34875 0.5549999999999999 0.36124999999999996 0.5662499999999999 0.36124999999999996 0.5662499999999999 0.34875
2 0.39249999999999996 0.1325 0.3775 0.1325 0.3775 0.14375 0.39249999999999996 0.14375 0.39249999999999996 0.1325
2 0.36625 0.11374999999999999 0.35750000000000004 0.11374999999999999 0.35750000000000004 0.1275 0.36625 0.1275 0.36625 0.11374999999999999
2 0.35 0.06625 0.34249999999999997 0.06625 0.34249999999999997 0.08 0.35 0.08 0.35 0.06625
2 0.3175 0.06375 0.30375 0.06375 0.30375 0.07375000000000001 0.3175 0.07375000000000001 0.3175 0.06375
2 0.9662499999999999 0.1925 0.95375 0.1925 0.95375 0.19875 0.9662499999999999 0.19875 0.9662499999999999 0.1925
2 0.9662499999999999 0.20249999999999999 0.95375 0.20249999999999999 0.95375 0.20875 0.9662499999999999 0.20875 0.9662499999999999 0.20249999999999999
2 0.8787499999999999 0.125 0.865 0.125 0.865 0.1325 0.8787499999999999 0.1325 0.8787499999999999 0.125
2 0.8787499999999999 0.09375 0.865 0.09375 0.865 0.09875 0.8787499999999999 0.09875 0.8787499999999999 0.09375
2 0.8787499999999999 0.08625000000000001 0.86625 0.08625000000000001 0.86625 0.0925 0.8787499999999999 0.0925 0.8787499999999999 0.08625000000000001
2 0.8775000000000001 0.08 0.86625 0.08 0.86625 0.08625000000000001 0.8775000000000001 0.08625000000000001 0.8775000000000001 0.08
2 0.8787499999999999 0.06 0.865 0.06 0.865 0.06625 0.8787499999999999 0.06625 0.8787499999999999 0.06
2 0.8787499999999999 0.052500000000000005 0.865 0.052500000000000005 0.865 0.058750000000000004 0.8787499999999999 0.058750000000000004 0.8787499999999999 0.052500000000000005
2 0.8787499999999999 0.03875 0.86625 0.03875 0.86625 0.045 0.8787499999999999 0.045 0.8787499999999999 0.03875
2 0.9962500000000001 0.1375 0.9824999999999999 0.1375 0.9824999999999999 0.14375 0.9962500000000001 0.14375 0.9962500000000001 0.1375
2 0.9962500000000001 0.15 0.98125 0.15 0.98125 0.15625 0.9962500000000001 0.15625 0.9962500000000001 0.15
2 0.9949999999999999 0.1575 0.98125 0.1575 0.98125 0.16375 0.9949999999999999 0.16375 0.9949999999999999 0.1575
2 1 0.17124999999999999 0.99875 0.17124999999999999 0.99875 0.1775 1 0.1775 1 0.17124999999999999
2 0.99375 0.1775 0.98125 0.1775 0.98125 0.18375 0.99375 0.18375 0.99375 0.1775
2 1 0.17875000000000002 0.99875 0.17875000000000002 0.99875 0.18375 1 0.18375 1 0.17875000000000002
2 1 0.20249999999999999 0.99875 0.20249999999999999 0.99875 0.20875 1 0.20875 1 0.20249999999999999
2 1 0.20875 0.99875 0.20875 0.99875 0.21375000000000002 1 0.21375000000000002 1 0.20875
2 0.9962500000000001 0.21749999999999997 0.98375 0.21749999999999997 0.98375 0.22374999999999998 0.9962500000000001 0.22374999999999998 0.9962500000000001 0.21749999999999997
2 0.9962500000000001 0.21000000000000002 0.98375 0.21000000000000002 0.98375 0.215 0.9962500000000001 0.215 0.9962500000000001 0.21000000000000002
2 0.9962500000000001 0.20249999999999999 0.9824999999999999 0.20249999999999999 0.9824999999999999 0.21000000000000002 0.9962500000000001 0.21000000000000002 0.9962500000000001 0.20249999999999999
2 0.9949999999999999 0.19624999999999998 0.9824999999999999 0.19624999999999998 0.9824999999999999 0.20375000000000001 0.9949999999999999 0.20375000000000001 0.9949999999999999 0.19624999999999998
2 0.8150000000000001 0.9637499999999999 0.79875 0.9637499999999999 0.79875 0.9737500000000001 0.8150000000000001 0.9737500000000001 0.8150000000000001 0.9637499999999999
2 0.7787499999999999 1 0.7787499999999999 0.99125 0.76875 0.99125 0.76875 1 0.7787499999999999 1
2 0.82 0.99 0.80625 0.99 0.80625 0.9962500000000001 0.82 0.9962500000000001 0.82 0.99
2 0.8175000000000001 0.98125 0.80625 0.98125 0.80625 0.9887499999999999 0.8175000000000001 0.9887499999999999 0.8175000000000001 0.98125
2 0.81875 0.9712500000000001 0.80375 0.9712500000000001 0.80375 0.98125 0.81875 0.98125 0.81875 0.9712500000000001
2 0.7787499999999999 0.9512499999999999 0.77125 0.9512499999999999 0.77125 0.9675 0.7787499999999999 0.9675 0.7787499999999999 0.9512499999999999
2 0.8099999999999999 0.95625 0.79375 0.95625 0.79375 0.9675 0.8099999999999999 0.9675 0.8099999999999999 0.95625
2 0.8087500000000001 0.945 0.7887500000000001 0.945 0.7887500000000001 0.96125 0.8087500000000001 0.96125 0.8087500000000001 0.945
2 0.8025 0.9375 0.7849999999999999 0.9375 0.7849999999999999 0.95375 0.8025 0.95375 0.8025 0.9375
2 0.7975 0.93125 0.78 0.93125 0.78 0.94625 0.7975 0.94625 0.7975 0.93125
2 0.99125 0.8324999999999999 0.98125 0.8324999999999999 0.98125 0.845 0.99125 0.845 0.99125 0.8324999999999999
2 0.9824999999999999 0.73875 0.9724999999999999 0.73875 0.9724999999999999 0.755 0.9824999999999999 0.755 0.9824999999999999 0.73875
2 0.7075 0.44625000000000004 0.6975 0.44625000000000004 0.6975 0.4575 0.7075 0.4575 0.7075 0.44625000000000004
2 0.7 0.44000000000000006 0.6912499999999999 0.44000000000000006 0.6912499999999999 0.45 0.7 0.45 0.7 0.44000000000000006