2 0.026250000000000002 0.97 0.013750000000000002 0.97 0.013750000000000002 0.9775 0.026250000000000002 0.9775 0.026250000000000002 0.97
2 0.028749999999999998 0.9625 0.01625 0.9625 0.01625 0.97 0.028749999999999998 0.97 0.028749999999999998 0.9625
2 0.03125 0.9487500000000001 0.01875 0.9487500000000001 0.01875 0.95625 0.03125 0.95625 0.03125 0.9487500000000001
2 0.034999999999999996 0.9412499999999999 0.021249999999999998 0.9412499999999999 0.021249999999999998 0.9512499999999999 0.034999999999999996 0.9512499999999999 0.034999999999999996 0.9412499999999999
2 0.041249999999999995 0.9199999999999999 0.028749999999999998 0.9199999999999999 0.028749999999999998 0.92875 0.041249999999999995 0.92875 0.041249999999999995 0.9199999999999999
2 0.03875 0.9262499999999999 0.02375 0.9262499999999999 0.02375 0.93625 0.03875 0.93625 0.03875 0.9262499999999999
2 0.027500000000000004 0.89375 0.0125 0.89375 0.0125 0.9037499999999999 0.027500000000000004 0.9037499999999999 0.027500000000000004 0.89375
2 0.028749999999999998 0.8862500000000001 0.013750000000000002 0.8862500000000001 0.013750000000000002 0.8975 0.028749999999999998 0.8975 0.028749999999999998 0.8862500000000001
2 0.0325 0.8724999999999999 0.01875 0.8724999999999999 0.01875 0.88125 0.0325 0.88125 0.0325 0.8724999999999999
2 0.034999999999999996 0.865 0.02375 0.865 0.02375 0.87375 0.034999999999999996 0.87375 0.034999999999999996 0.865
2 0.042499999999999996 0.8487500000000001 0.02375 0.8487500000000001 0.02375 0.8612500000000001 0.042499999999999996 0.8612500000000001 0.042499999999999996 0.8487500000000001
2 0.04375 0.83625 0.027500000000000004 0.83625 0.027500000000000004 0.845 0.04375 0.845 0.04375 0.83625
2 0.9262499999999999 0.9775 0.91875 0.9775 0.91875 0.99375 0.9262499999999999 0.99375 0.9262499999999999 0.9775
2 0.9550000000000001 0.945 0.94625 0.945 0.94625 0.9625 0.9550000000000001 0.9625 0.9550000000000001 0.945
2 0.91875 0.8699999999999999 0.9125 0.8699999999999999 0.9125 0.885 0.91875 0.885 0.91875 0.8699999999999999
2 0.9075 0.6537499999999999 0.9012499999999999 0.6537499999999999 0.9012499999999999 0.66875 0.9075 0.66875 0.9075 0.6537499999999999
2 0.9375 0.60625 0.93125 0.60625 0.93125 0.62 0.9375 0.62 0.9375 0.60625
2 0.94625 0.41875 0.9375 0.41875 0.9375 0.43375 0.94625 0.43375 0.94625 0.41875
2 0.9025000000000001 0.46375 0.89125 0.46375 0.89125 0.51125 0.9025000000000001 0.51125 0.9025000000000001 0.46375
2 0.92125 0.28375 0.9075 0.28375 0.9075 0.33125 0.92125 0.33125 0.92125 0.28375
2 0.96125 0.10500000000000001 0.93875 0.10500000000000001 0.93875 0.16 0.96125 0.16 0.96125 0.10500000000000001
2 0.905 0.8 0.8975 0.8 0.8975 0.8275 0.905 0.8275 0.905 0.8
2 0.057499999999999996 0.7875 0.04 0.7875 0.04 0.79625 0.057499999999999996 0.79625 0.057499999999999996 0.7875
2 0.06 0.775 0.0475 0.775 0.0475 0.7837500000000001 0.06 0.7837500000000001 0.06 0.775
2 0.18625 0.765 0.17124999999999999 0.765 0.17124999999999999 0.7737499999999999 0.18625 0.7737499999999999 0.18625 0.765
2 0.027500000000000004 0.75875 0.015 0.75875 0.015 0.7675 0.027500000000000004 0.7675 0.027500000000000004 0.75875
2 0.025 0.77 0.0125 0.77 0.0125 0.78125 0.025 0.78125 0.025 0.77
2 0.021249999999999998 0.78625 0.008749999999999999 0.78625 0.008749999999999999 0.795 0.021249999999999998 0.795 0.021249999999999998 0.78625
2 0.01625 0.7975 0.0025 0.7975 0.0025 0.8074999999999999 0.01625 0.8074999999999999 0.01625 0.7975
2 0.008749999999999999 0.81875 0.00125 0.81875 0.00125 0.8300000000000001 0.008749999999999999 0.8300000000000001 0.008749999999999999 0.81875
2 0.0125 0.9400000000000001 0.00125 0.9400000000000001 0.00125 0.95 0.0125 0.95 0.0125 0.9400000000000001