2 0.9525 0.6625 0.93875 0.6625 0.93875 0.66875 0.9525 0.66875 0.9525 0.6625
2 0.86625 0.61125 0.8525 0.61125 0.8525 0.6224999999999999 0.86625 0.6224999999999999 0.86625 0.61125
2 0.86625 0.62 0.8525 0.62 0.8525 0.6287499999999999 0.86625 0.6287499999999999 0.86625 0.62
2 0.86875 0.6375 0.85625 0.6375 0.85625 0.64375 0.86875 0.64375 0.86875 0.6375
2 0.85 0.6625 0.835 0.6625 0.835 0.6775 0.85 0.6775 0.85 0.6625
2 0.8724999999999999 0.645 0.86 0.645 0.86 0.6525000000000001 0.8724999999999999 0.6525000000000001 0.8724999999999999 0.645
2 0.9525 0.6537499999999999 0.93875 0.6537499999999999 0.93875 0.66125 0.9525 0.66125 0.9525 0.6537499999999999
2 0.9550000000000001 0.67625 0.9400000000000001 0.67625 0.9400000000000001 0.6837500000000001 0.9550000000000001 0.6837500000000001 0.9550000000000001 0.67625
2 0.83375 0.575 0.82125 0.575 0.82125 0.58125 0.83375 0.58125 0.83375 0.575
2 0.8787499999999999 0.67375 0.86625 0.67375 0.86625 0.6825 0.8787499999999999 0.6825 0.8787499999999999 0.67375
2 0.88125 0.68125 0.86625 0.68125 0.86625 0.6925 0.88125 0.6925 0.88125 0.68125
2 0.8462500000000001 0.7424999999999999 0.8324999999999999 0.7424999999999999 0.8324999999999999 0.75 0.8462500000000001 0.75 0.8462500000000001 0.7424999999999999
2 0.8525 0.77125 0.8400000000000001 0.77125 0.8400000000000001 0.7787499999999999 0.8525 0.7787499999999999 0.8525 0.77125
2 0.8175000000000001 0.81875 0.8074999999999999 0.81875 0.8074999999999999 0.83625 0.8175000000000001 0.83625 0.8175000000000001 0.81875
2 0.8237500000000001 0.8574999999999999 0.8175000000000001 0.8574999999999999 0.8175000000000001 0.8712500000000001 0.8237500000000001 0.8712500000000001 0.8237500000000001 0.8574999999999999
2 0.9125 0.93 0.89875 0.93 0.89875 0.93875 0.9125 0.93875 0.9125 0.93
2 0.8400000000000001 0.61375 0.8262499999999999 0.61375 0.8262499999999999 0.6212500000000001 0.8400000000000001 0.6212500000000001 0.8400000000000001 0.61375
2 0.83375 0.5675 0.82 0.5675 0.82 0.575 0.83375 0.575 0.83375 0.5675
2 0.86 0.52 0.8462500000000001 0.52 0.8462500000000001 0.5275000000000001 0.86 0.5275000000000001 0.86 0.52
2 0.9650000000000001 0.4625 0.9574999999999999 0.4625 0.9574999999999999 0.475 0.9650000000000001 0.475 0.9650000000000001 0.4625
2 0.9574999999999999 0.4625 0.9512499999999999 0.4625 0.9512499999999999 0.475 0.9574999999999999 0.475 0.9574999999999999 0.4625
2 0.95 0.4625 0.94375 0.4625 0.94375 0.475 0.95 0.475 0.95 0.4625
2 1 0.51125 0.9949999999999999 0.51125 0.9949999999999999 0.51875 1 0.51875 1 0.51125
2 1 0.51875 0.99375 0.51875 0.99375 0.525 1 0.525 1 0.51875
2 1 0.5549999999999999 0.99375 0.5549999999999999 0.99375 0.5625 1 0.5625 1 0.5549999999999999
2 1 0.5700000000000001 0.9962500000000001 0.5700000000000001 0.9962500000000001 0.575 1 0.575 1 0.5700000000000001
2 0.8887499999999999 0.47125000000000006 0.8825 0.47125000000000006 0.8825 0.48375 0.8887499999999999 0.48375 0.8887499999999999 0.47125000000000006
2 0.8574999999999999 0.51125 0.845 0.51125 0.845 0.52 0.8574999999999999 0.52 0.8574999999999999 0.51125
2 0.86 0.5275000000000001 0.8462500000000001 0.5275000000000001 0.8462500000000001 0.5337500000000001 0.86 0.5337500000000001 0.86 0.5275000000000001
2 0.86 0.54625 0.8474999999999999 0.54625 0.8474999999999999 0.55375 0.86 0.55375 0.86 0.54625
2 0.86 0.54 0.8474999999999999 0.54 0.8474999999999999 0.54625 0.86 0.54625 0.86 0.54
2 0.86 0.5337500000000001 0.8462500000000001 0.5337500000000001 0.8462500000000001 0.54 0.86 0.54 0.86 0.5337500000000001
2 0.825 0.49874999999999997 0.81125 0.49874999999999997 0.81125 0.505 0.825 0.505 0.825 0.49874999999999997
2 0.8237500000000001 0.505 0.8099999999999999 0.505 0.8099999999999999 0.51125 0.8237500000000001 0.51125 0.8237500000000001 0.505
2 0.8262499999999999 0.51625 0.8125 0.51625 0.8125 0.5237499999999999 0.8262499999999999 0.5237499999999999 0.8262499999999999 0.51625
2 0.8275 0.5237499999999999 0.8125 0.5237499999999999 0.8125 0.53125 0.8275 0.53125 0.8275 0.5237499999999999
2 0.8275 0.53625 0.81375 0.53625 0.81375 0.54375 0.8275 0.54375 0.8275 0.53625
2 0.83125 0.55125 0.8162499999999999 0.55125 0.8162499999999999 0.5575 0.83125 0.5575 0.83125 0.55125
2 0.83125 0.5575 0.8175000000000001 0.5575 0.8175000000000001 0.5650000000000001 0.83125 0.5650000000000001 0.83125 0.5575
2 0.8425 0.94625 0.8324999999999999 0.94625 0.8324999999999999 0.96125 0.8425 0.96125 0.8425 0.94625
2 0.9412499999999999 0.93 0.93 0.93 0.93 0.9375 0.9412499999999999 0.9375 0.9412499999999999 0.93
2 0.8712500000000001 0.9175000000000001 0.85875 0.9175000000000001 0.85875 0.925 0.8712500000000001 0.925 0.8712500000000001 0.9175000000000001
2 0.85 0.94375 0.8387499999999999 0.94375 0.8387499999999999 0.95875 0.85 0.95875 0.85 0.94375
2 0.5237499999999999 0.3825 0.51125 0.3825 0.51125 0.38875000000000004 0.5237499999999999 0.38875000000000004 0.5237499999999999 0.3825
2 0.51 0.3825 0.495 0.3825 0.495 0.39 0.51 0.39 0.51 0.3825
2 0.45 0.3875 0.4375 0.3875 0.4375 0.395 0.45 0.395 0.45 0.3875
2 0.42125 0.39 0.40625 0.39 0.40625 0.39625 0.42125 0.39625 0.42125 0.39
2 0.21125 0.06999999999999999 0.19624999999999998 0.06999999999999999 0.19624999999999998 0.0775 0.21125 0.0775 0.21125 0.06999999999999999
2 0.22875 0.5650000000000001 0.22000000000000003 0.5650000000000001 0.22000000000000003 0.57875 0.22875 0.57875 0.22875 0.5650000000000001
2 0.2575 0.61625 0.24375 0.61625 0.24375 0.625 0.2575 0.625 0.2575 0.61625
2 0.26 0.63 0.2475 0.63 0.2475 0.63875 0.26 0.63875 0.26 0.63
2 0.09625 0.7462500000000001 0.08875 0.7462500000000001 0.08875 0.76 0.09625 0.76 0.09625 0.7462500000000001
2 0.16499999999999998 0.74875 0.15 0.74875 0.15 0.7575000000000001 0.16499999999999998 0.7575000000000001 0.16499999999999998 0.74875
2 0.145 0.735 0.135 0.735 0.135 0.75125 0.145 0.75125 0.145 0.735
2 0.13874999999999998 0.7375 0.12875 0.7375 0.12875 0.7525000000000001 0.13874999999999998 0.7525000000000001 0.13874999999999998 0.7375
2 0.1325 0.74 0.12375 0.74 0.12375 0.7537499999999999 0.1325 0.7537499999999999 0.1325 0.74
2 0.12625 0.7424999999999999 0.11750000000000001 0.7424999999999999 0.11750000000000001 0.75625 0.12625 0.75625 0.12625 0.7424999999999999
2 0.12 0.7424999999999999 0.11125 0.7424999999999999 0.11125 0.7575000000000001 0.12 0.7575000000000001 0.12 0.7424999999999999
2 0.15125 0.78 0.1375 0.78 0.1375 0.78625 0.15125 0.78625 0.15125 0.78
2 0.13625 0.7837500000000001 0.12250000000000001 0.7837500000000001 0.12250000000000001 0.7925 0.13625 0.7925 0.13625 0.7837500000000001
2 0.10375000000000001 0.7462500000000001 0.095 0.7462500000000001 0.095 0.76125 0.10375000000000001 0.76125 0.10375000000000001 0.7462500000000001
2 0.09 0.75 0.08125 0.75 0.08125 0.76375 0.09 0.76375 0.09 0.75
2 0.26375000000000004 0.64375 0.2525 0.64375 0.2525 0.6525000000000001 0.26375000000000004 0.6525000000000001 0.26375000000000004 0.64375
2 0.06625 0.7575000000000001 0.057499999999999996 0.7575000000000001 0.057499999999999996 0.77125 0.06625 0.77125 0.06625 0.7575000000000001
2 0.12125 0.78625 0.10500000000000001 0.78625 0.10500000000000001 0.79625 0.12125 0.79625 0.12125 0.78625
2 0.27125 0.6775 0.25875 0.6775 0.25875 0.6875 0.27125 0.6875 0.27125 0.6775
2 0.27125 0.6725 0.2575 0.6725 0.2575 0.68125 0.27125 0.68125 0.27125 0.6725
2 0.27 0.665 0.25875 0.665 0.25875 0.67125 0.27 0.67125 0.27 0.665
2 0.26749999999999996 0.6587500000000001 0.2575 0.6587500000000001 0.2575 0.66625 0.26749999999999996 0.66625 0.26749999999999996 0.6587500000000001
2 0.26749999999999996 0.6487499999999999 0.25375000000000003 0.6487499999999999 0.25375000000000003 0.6587500000000001 0.26749999999999996 0.6587500000000001 0.26749999999999996 0.6487499999999999
2 0.24375 0.6975 0.23500000000000001 0.6975 0.23500000000000001 0.7112499999999999 0.24375 0.7112499999999999 0.24375 0.6975
2 0.23500000000000001 0.6625 0.22749999999999998 0.6625 0.22749999999999998 0.675 0.23500000000000001 0.675 0.23500000000000001 0.6625
2 0.16499999999999998 0.755 0.15125 0.755 0.15125 0.76375 0.16499999999999998 0.76375 0.16499999999999998 0.755
2 0.1775 0.75 0.16625 0.75 0.16625 0.7575000000000001 0.1775 0.7575000000000001 0.1775 0.75
2 0.1875 0.735 0.17875000000000002 0.735 0.17875000000000002 0.74875 0.1875 0.74875 0.1875 0.735
2 0.6912499999999999 1 0.6912499999999999 0.9925 0.6837500000000001 0.9925 0.6837500000000001 1 0.6912499999999999 1
2 0.725 0.985 0.7175 0.985 0.7175 0.9974999999999999 0.725 0.9974999999999999 0.725 0.985
2 0.705 1 0.705 0.9875 0.6975 0.9875 0.6975 1 0.705 1
2 0.79125 0.9625 0.7837500000000001 0.9625 0.7837500000000001 0.97625 0.79125 0.97625 0.79125 0.9625
2 0.74375 0.97625 0.735 0.97625 0.735 0.99 0.74375 0.99 0.74375 0.97625
2 0.79 0.93875 0.7787499999999999 0.93875 0.7787499999999999 0.94625 0.79 0.94625 0.79 0.93875
2 0.7775000000000001 0.94375 0.765 0.94375 0.765 0.9525 0.7775000000000001 0.9525 0.7775000000000001 0.94375
2 0.74 0.9512499999999999 0.7275 0.9512499999999999 0.7275 0.9625 0.74 0.9625 0.74 0.9512499999999999
2 0.6849999999999999 0.9675 0.67125 0.9675 0.67125 0.9775 0.6849999999999999 0.9775 0.6849999999999999 0.9675
2 0.6675 0.9724999999999999 0.65125 0.9724999999999999 0.65125 0.98375 0.6675 0.98375 0.6675 0.9724999999999999
2 0.58875 0.9512499999999999 0.57375 0.9512499999999999 0.57375 0.9574999999999999 0.58875 0.9574999999999999 0.58875 0.9512499999999999
2 0.6275000000000001 0.91375 0.615 0.91375 0.615 0.92125 0.6275000000000001 0.92125 0.6275000000000001 0.91375
2 0.645 0.9099999999999999 0.63125 0.9099999999999999 0.63125 0.9175000000000001 0.645 0.9175000000000001 0.645 0.9099999999999999
2 0.61125 0.91875 0.6 0.91875 0.6 0.9262499999999999 0.61125 0.9262499999999999 0.61125 0.91875
2 0.19375 0.7325 0.18625 0.7325 0.18625 0.745 0.19375 0.745 0.19375 0.7325
2 0.22125 0.775 0.21375000000000002 0.775 0.21375000000000002 0.7887500000000001 0.22125 0.7887500000000001 0.22125 0.775
2 0.315 0.75 0.30625 0.75 0.30625 0.76375 0.315 0.76375 0.315 0.75
2 0.32875 0.7150000000000001 0.315 0.7150000000000001 0.315 0.7224999999999999 0.32875 0.7224999999999999 0.32875 0.7150000000000001
2 0.2975 0.7212500000000001 0.28500000000000003 0.7212500000000001 0.28500000000000003 0.73 0.2975 0.73 0.2975 0.7212500000000001
2 0.28500000000000003 0.7224999999999999 0.27125 0.7224999999999999 0.27125 0.7325 0.28500000000000003 0.7325 0.28500000000000003 0.7224999999999999
2 0.2425 0.67125 0.23500000000000001 0.67125 0.23500000000000001 0.6849999999999999 0.2425 0.6849999999999999 0.2425 0.67125
2 0.19375 0.7825 0.185 0.7825 0.185 0.79625 0.19375 0.79625 0.19375 0.7825
2 0.2 0.78 0.19125 0.78 0.19125 0.79375 0.2 0.79375 0.2 0.78
2 0.20750000000000002 0.7787499999999999 0.19875 0.7787499999999999 0.19875 0.795 0.20750000000000002 0.795 0.20750000000000002 0.7787499999999999
2 0.215 0.77625 0.20750000000000002 0.77625 0.20750000000000002 0.79 0.215 0.79 0.215 0.77625
2 0.22749999999999998 0.7725 0.22000000000000003 0.7725 0.22000000000000003 0.7849999999999999 0.22749999999999998 0.7849999999999999 0.22749999999999998 0.7725
2 0.32999999999999996 0.745 0.32 0.745 0.32 0.76125 0.32999999999999996 0.76125 0.32999999999999996 0.745
2 0.23625 0.77125 0.22749999999999998 0.77125 0.22749999999999998 0.7875 0.23625 0.7875 0.23625 0.77125
2 0.24375 0.77125 0.23500000000000001 0.77125 0.23500000000000001 0.7849999999999999 0.24375 0.7849999999999999 0.24375 0.77125
2 0.25125000000000003 0.77 0.2425 0.77 0.2425 0.7837500000000001 0.25125000000000003 0.7837500000000001 0.25125000000000003 0.77
2 0.25875 0.7537499999999999 0.24500000000000002 0.7537499999999999 0.24500000000000002 0.76375 0.25875 0.76375 0.25875 0.7537499999999999
2 0.24500000000000002 0.7212500000000001 0.23500000000000001 0.7212500000000001 0.23500000000000001 0.735 0.24500000000000002 0.735 0.24500000000000002 0.7212500000000001
2 0.22749999999999998 0.7262500000000001 0.21875 0.7262500000000001 0.21875 0.74 0.22749999999999998 0.74 0.22749999999999998 0.7262500000000001
2 0.22125 0.7275 0.21125 0.7275 0.21125 0.7424999999999999 0.22125 0.7424999999999999 0.22125 0.7275
2 0.20750000000000002 0.72875 0.19875 0.72875 0.19875 0.7424999999999999 0.20750000000000002 0.7424999999999999 0.20750000000000002 0.72875
2 0.20125 0.72875 0.1925 0.72875 0.1925 0.74375 0.20125 0.74375 0.20125 0.72875
2 0.32125 0.7462500000000001 0.31375000000000003 0.7462500000000001 0.31375000000000003 0.76125 0.32125 0.76125 0.32125 0.7462500000000001
2 0.33625 0.745 0.32875 0.745 0.32875 0.76 0.33625 0.76 0.33625 0.745
2 0.5974999999999999 0.92125 0.585 0.92125 0.585 0.92875 0.5974999999999999 0.92875 0.5974999999999999 0.92125
2 0.29874999999999996 0.58125 0.28500000000000003 0.58125 0.28500000000000003 0.5912499999999999 0.29874999999999996 0.5912499999999999 0.29874999999999996 0.58125
2 0.58125 0.925 0.56875 0.925 0.56875 0.9337500000000001 0.58125 0.9337500000000001 0.58125 0.925
2 0.5650000000000001 0.92875 0.55 0.92875 0.55 0.9375 0.5650000000000001 0.9375 0.5650000000000001 0.92875
2 0.45 0.95375 0.43624999999999997 0.95375 0.43624999999999997 0.9637499999999999 0.45 0.9637499999999999 0.45 0.95375
2 0.43624999999999997 0.95625 0.42374999999999996 0.95625 0.42374999999999996 0.9650000000000001 0.43624999999999997 0.9650000000000001 0.43624999999999997 0.95625
2 0.42000000000000004 0.96 0.40625 0.96 0.40625 0.96875 0.42000000000000004 0.96875 0.42000000000000004 0.96
2 0.39 0.96875 0.37875000000000003 0.96875 0.37875000000000003 0.97625 0.39 0.97625 0.39 0.96875
2 0.28500000000000003 0.585 0.26875 0.585 0.26875 0.59375 0.28500000000000003 0.59375 0.28500000000000003 0.585
2 0.36 0.72375 0.34625 0.72375 0.34625 0.7325 0.36 0.7325 0.36 0.72375
2 0.33999999999999997 0.66875 0.32999999999999996 0.66875 0.32999999999999996 0.6849999999999999 0.33999999999999997 0.6849999999999999 0.33999999999999997 0.66875
2 0.35 0.67125 0.34125 0.67125 0.34125 0.68625 0.35 0.68625 0.35 0.67125
2 0.35375 0.6849999999999999 0.34625 0.6849999999999999 0.34625 0.69625 0.35375 0.69625 0.35375 0.6849999999999999
2 0.39375 0.73375 0.3875 0.73375 0.3875 0.7462500000000001 0.39375 0.7462500000000001 0.39375 0.73375
2 0.3875 0.73 0.38 0.73 0.38 0.745 0.3875 0.745 0.3875 0.73
2 0.38 0.73 0.3725 0.73 0.3725 0.745 0.38 0.745 0.38 0.73
2 0.3725 0.73 0.36375 0.73 0.36375 0.74375 0.3725 0.74375 0.3725 0.73
2 0.40499999999999997 0.7162499999999999 0.39125 0.7162499999999999 0.39125 0.72375 0.40499999999999997 0.72375 0.40499999999999997 0.7162499999999999
2 0.38 0.70375 0.36625 0.70375 0.36625 0.7112499999999999 0.38 0.7112499999999999 0.38 0.70375
2 0.9712500000000001 0.45875000000000005 0.9637499999999999 0.45875000000000005 0.9637499999999999 0.47375 0.9712500000000001 0.47375 0.9712500000000001 0.45875000000000005
2 0.83625 0.33875 0.8225 0.33875 0.8225 0.34750000000000003 0.83625 0.34750000000000003 0.83625 0.33875
2 0.85375 0.33625 0.8400000000000001 0.33625 0.8400000000000001 0.34375 0.85375 0.34375 0.85375 0.33625
2 0.865 0.31625000000000003 0.85625 0.31625000000000003 0.85625 0.33125 0.865 0.33125 0.865 0.31625000000000003
2 0.86 0.3025 0.85125 0.3025 0.85125 0.31625000000000003 0.86 0.31625000000000003 0.86 0.3025
2 0.88125 0.32999999999999996 0.8699999999999999 0.32999999999999996 0.8699999999999999 0.33625 0.88125 0.33625 0.88125 0.32999999999999996
2 0.9125 0.30375 0.905 0.30375 0.905 0.32 0.9125 0.32 0.9125 0.30375
2 0.9025000000000001 0.23500000000000001 0.89375 0.23500000000000001 0.89375 0.24874999999999997 0.9025000000000001 0.24874999999999997 0.9025000000000001 0.23500000000000001
2 0.99375 0.27875 0.98125 0.27875 0.98125 0.28500000000000003 0.99375 0.28500000000000003 0.99375 0.27875
2 0.9550000000000001 0.29375 0.9425000000000001 0.29375 0.9425000000000001 0.3 0.9550000000000001 0.3 0.9550000000000001 0.29375
2 0.98125 0.33999999999999997 0.9675 0.33999999999999997 0.9675 0.34750000000000003 0.98125 0.34750000000000003 0.98125 0.33999999999999997
2 0.9775 0.45875000000000005 0.97 0.45875000000000005 0.97 0.47125000000000006 0.9775 0.47125000000000006 0.9775 0.45875000000000005
2 0.67875 0.63625 0.66125 0.63625 0.66125 0.64625 0.67875 0.64625 0.67875 0.63625
2 0.68125 0.6537499999999999 0.6675 0.6537499999999999 0.6675 0.6637500000000001 0.68125 0.6637500000000001 0.68125 0.6537499999999999
2 0.585 0.78 0.5725 0.78 0.5725 0.7875 0.585 0.7875 0.585 0.78
2 0.60875 0.7175 0.595 0.7175 0.595 0.725 0.60875 0.725 0.60875 0.7175
2 0.62375 0.7737499999999999 0.61125 0.7737499999999999 0.61125 0.7825 0.62375 0.7825 0.62375 0.7737499999999999
2 0.5875 0.79875 0.575 0.79875 0.575 0.80625 0.5875 0.80625 0.5875 0.79875
2 0.6825 0.66625 0.6725 0.66625 0.6725 0.68125 0.6825 0.68125 0.6825 0.66625
2 0.67375 0.66875 0.6675 0.66875 0.6675 0.68125 0.67375 0.68125 0.67375 0.66875
2 0.6900000000000001 0.66625 0.68125 0.66625 0.68125 0.68125 0.6900000000000001 0.68125 0.6900000000000001 0.66625
2 0.7150000000000001 0.66125 0.70625 0.66125 0.70625 0.675 0.7150000000000001 0.675 0.7150000000000001 0.66125
2 0.7224999999999999 0.6587500000000001 0.7150000000000001 0.6587500000000001 0.7150000000000001 0.67375 0.7224999999999999 0.67375 0.7224999999999999 0.6587500000000001
2 0.6950000000000001 0.61375 0.6837500000000001 0.61375 0.6837500000000001 0.63125 0.6950000000000001 0.63125 0.6950000000000001 0.61375
2 0.6575 0.61875 0.6475 0.61875 0.6475 0.635 0.6575 0.635 0.6575 0.61875
2 0.76375 0.625 0.7575000000000001 0.625 0.7575000000000001 0.64 0.76375 0.64 0.76375 0.625
2 0.75625 0.6275000000000001 0.74875 0.6275000000000001 0.74875 0.64 0.75625 0.64 0.75625 0.6275000000000001
2 0.77125 0.62375 0.765 0.62375 0.765 0.6375 0.77125 0.6375 0.77125 0.62375
2 0.75625 0.25375000000000003 0.7474999999999999 0.25375000000000003 0.7474999999999999 0.26749999999999996 0.75625 0.26749999999999996 0.75625 0.25375000000000003
2 0.5549999999999999 0.28625 0.54625 0.28625 0.54625 0.3025 0.5549999999999999 0.3025 0.5549999999999999 0.28625