2 0.49874999999999997 0.9099999999999999 0.485 0.9099999999999999 0.485 0.91625 0.49874999999999997 0.91625 0.49874999999999997 0.9099999999999999
2 0.49874999999999997 0.9025000000000001 0.485 0.9025000000000001 0.485 0.9112500000000001 0.49874999999999997 0.9112500000000001 0.49874999999999997 0.9025000000000001
2 0.44375 0.87625 0.43624999999999997 0.87625 0.43624999999999997 0.89 0.44375 0.89 0.44375 0.87625
2 0.5025000000000001 0.5962500000000001 0.48624999999999996 0.5962500000000001 0.48624999999999996 0.605 0.5025000000000001 0.605 0.5025000000000001 0.5962500000000001
2 0.46125 0.5675 0.45375 0.5675 0.45375 0.58 0.46125 0.58 0.46125 0.5675
2 0.46125 0.58125 0.45375 0.58125 0.45375 0.5962500000000001 0.46125 0.5962500000000001 0.46125 0.58125
2 0.50125 0.60625 0.48624999999999996 0.60625 0.48624999999999996 0.6125 0.50125 0.6125 0.50125 0.60625
2 0.5075000000000001 0.7837500000000001 0.49375 0.7837500000000001 0.49375 0.79125 0.5075000000000001 0.79125 0.5075000000000001 0.7837500000000001
2 0.505 0.79 0.49000000000000005 0.79 0.49000000000000005 0.7975 0.505 0.7975 0.505 0.79
2 0.5025000000000001 0.85 0.49000000000000005 0.85 0.49000000000000005 0.85625 0.5025000000000001 0.85625 0.5025000000000001 0.85
2 0.5025000000000001 0.8574999999999999 0.49000000000000005 0.8574999999999999 0.49000000000000005 0.8637499999999999 0.5025000000000001 0.8637499999999999 0.5025000000000001 0.8574999999999999
2 0.5037499999999999 0.8637499999999999 0.4875 0.8637499999999999 0.4875 0.86875 0.5037499999999999 0.86875 0.5037499999999999 0.8637499999999999
2 0.5025000000000001 0.8699999999999999 0.4875 0.8699999999999999 0.4875 0.87625 0.5025000000000001 0.87625 0.5025000000000001 0.8699999999999999
2 0.50125 0.87625 0.48624999999999996 0.87625 0.48624999999999996 0.88375 0.50125 0.88375 0.50125 0.87625
2 0.50125 0.88375 0.485 0.88375 0.485 0.8887499999999999 0.50125 0.8887499999999999 0.50125 0.88375
2 0.50125 0.89125 0.4875 0.89125 0.4875 0.8975 0.50125 0.8975 0.50125 0.89125
2 0.50625 0.5575 0.49124999999999996 0.5575 0.49124999999999996 0.5650000000000001 0.50625 0.5650000000000001 0.50625 0.5575
2 0.5075000000000001 0.54875 0.49000000000000005 0.54875 0.49000000000000005 0.55625 0.5075000000000001 0.55625 0.5075000000000001 0.54875
2 0.51 0.52125 0.49375 0.52125 0.49375 0.5287499999999999 0.51 0.5287499999999999 0.51 0.52125
2 0.5275000000000001 0.465 0.515 0.465 0.515 0.4725 0.5275000000000001 0.4725 0.5275000000000001 0.465
2 0.5275000000000001 0.45875000000000005 0.515 0.45875000000000005 0.515 0.465 0.5275000000000001 0.465 0.5275000000000001 0.45875000000000005
2 0.85625 0.3225 0.845 0.3225 0.845 0.33125 0.85625 0.33125 0.85625 0.3225
2 0.8525 0.28375 0.8462500000000001 0.28375 0.8462500000000001 0.29625 0.8525 0.29625 0.8525 0.28375
2 0.49124999999999996 0.18 0.485 0.18 0.485 0.19375 0.49124999999999996 0.19375 0.49124999999999996 0.18
2 0.86625 0.3325 0.8487500000000001 0.3325 0.8487500000000001 0.33999999999999997 0.86625 0.33999999999999997 0.86625 0.3325
2 0.865 0.35 0.8474999999999999 0.35 0.8474999999999999 0.35625 0.865 0.35625 0.865 0.35
2 0.865 0.35875 0.8474999999999999 0.35875 0.8474999999999999 0.36625 0.865 0.36625 0.865 0.35875
2 0.44125 0.8925000000000001 0.43375 0.8925000000000001 0.43375 0.905 0.44125 0.905 0.44125 0.8925000000000001