2 0.33875 0.44749999999999995 0.325 0.44749999999999995 0.325 0.45375 0.33875 0.45375 0.33875 0.44749999999999995
2 0.2 0.10124999999999999 0.1875 0.10124999999999999 0.1875 0.11499999999999999 0.2 0.11499999999999999 0.2 0.10124999999999999
2 0.21625 0.1125 0.20375000000000001 0.1125 0.20375000000000001 0.12625 0.21625 0.12625 0.21625 0.1125
2 0.22374999999999998 0.11499999999999999 0.21125 0.11499999999999999 0.21125 0.13 0.22374999999999998 0.13 0.22374999999999998 0.11499999999999999
2 0.35625 0.1825 0.35 0.1825 0.35 0.195 0.35625 0.195 0.35625 0.1825
2 0.08125 0.42374999999999996 0.06875 0.42374999999999996 0.06875 0.43875000000000003 0.08125 0.43875000000000003 0.08125 0.42374999999999996
2 0.33999999999999997 0.44000000000000006 0.325 0.44000000000000006 0.325 0.44749999999999995 0.33999999999999997 0.44749999999999995 0.33999999999999997 0.44000000000000006
2 0.35625 0.45375 0.34249999999999997 0.45375 0.34249999999999997 0.46125 0.35625 0.46125 0.35625 0.45375
2 0.21625 0.06375 0.205 0.06375 0.205 0.0775 0.21625 0.0775 0.21625 0.06375
2 0.33875 0.45499999999999996 0.325 0.45499999999999996 0.325 0.46375 0.33875 0.46375 0.33875 0.45499999999999996
2 0.355 0.46125 0.34125 0.46125 0.34125 0.46875 0.355 0.46875 0.355 0.46125
2 0.33875 0.46375 0.32625000000000004 0.46375 0.32625000000000004 0.47000000000000003 0.33875 0.47000000000000003 0.33875 0.46375
2 0.33625 0.47125000000000006 0.32125 0.47125000000000006 0.32125 0.47750000000000004 0.33625 0.47750000000000004 0.33625 0.47125000000000006
2 0.35125 0.47375 0.33875 0.47375 0.33875 0.48 0.35125 0.48 0.35125 0.47375
2 0.335 0.47750000000000004 0.32375 0.47750000000000004 0.32375 0.485 0.335 0.485 0.335 0.47750000000000004
2 0.14375 0.08375 0.1325 0.08375 0.1325 0.095 0.14375 0.095 0.14375 0.08375
2 0.20875 0.057499999999999996 0.19875 0.057499999999999996 0.19875 0.06999999999999999 0.20875 0.06999999999999999 0.20875 0.057499999999999996
2 0.19875 0.04875 0.1875 0.04875 0.1875 0.0625 0.19875 0.0625 0.19875 0.04875
2 0.09875 0.03125 0.08375 0.03125 0.08375 0.04625 0.09875 0.04625 0.09875 0.03125
2 0.12 0.05625 0.10500000000000001 0.05625 0.10500000000000001 0.07125000000000001 0.12 0.07125000000000001 0.12 0.05625
2 0.17875000000000002 0.034999999999999996 0.16625 0.034999999999999996 0.16625 0.0475 0.17875000000000002 0.0475 0.17875000000000002 0.034999999999999996
2 0.1875 0.03875 0.17375000000000002 0.03875 0.17375000000000002 0.05375 0.1875 0.05375 0.1875 0.03875
2 0.19375 0.04375 0.18125 0.04375 0.18125 0.058750000000000004 0.19375 0.058750000000000004 0.19375 0.04375
2 0.33375 0.485 0.32125 0.485 0.32125 0.49124999999999996 0.33375 0.49124999999999996 0.33375 0.485
2 0.335 0.49124999999999996 0.3225 0.49124999999999996 0.3225 0.49874999999999997 0.335 0.49874999999999997 0.335 0.49124999999999996
2 0.33125 0.5 0.31875 0.5 0.31875 0.50625 0.33125 0.50625 0.33125 0.5
2 0.2475 0.50625 0.23500000000000001 0.50625 0.23500000000000001 0.51375 0.2475 0.51375 0.2475 0.50625
2 0.23500000000000001 0.49000000000000005 0.22125 0.49000000000000005 0.22125 0.49749999999999994 0.23500000000000001 0.49749999999999994 0.23500000000000001 0.49000000000000005
2 0.23625 0.475 0.22125 0.475 0.22125 0.48375 0.23625 0.48375 0.23625 0.475
2 0.25375000000000003 0.47625 0.23875000000000002 0.47625 0.23875000000000002 0.485 0.25375000000000003 0.485 0.25375000000000003 0.47625
2 0.2525 0.48250000000000004 0.23875000000000002 0.48250000000000004 0.23875000000000002 0.49000000000000005 0.2525 0.49000000000000005 0.2525 0.48250000000000004
2 0.25375000000000003 0.49124999999999996 0.23875000000000002 0.49124999999999996 0.23875000000000002 0.5 0.25375000000000003 0.5 0.25375000000000003 0.49124999999999996
2 0.24874999999999997 0.5 0.23625 0.5 0.23625 0.505 0.24874999999999997 0.505 0.24874999999999997 0.5
2 0.2475 0.515 0.23374999999999999 0.515 0.23374999999999999 0.5225 0.2475 0.5225 0.2475 0.515
2 0.30375 0.45375 0.29125 0.45375 0.29125 0.46125 0.30375 0.46125 0.30375 0.45375
2 0.20125 0.49625 0.1875 0.49625 0.1875 0.5037499999999999 0.20125 0.5037499999999999 0.20125 0.49625
2 0.23125 0.53 0.21875 0.53 0.21875 0.5375 0.23125 0.5375 0.23125 0.53
2 0.2975 0.51 0.28500000000000003 0.51 0.28500000000000003 0.51625 0.2975 0.51625 0.2975 0.51
2 0.28375 0.51375 0.26749999999999996 0.51375 0.26749999999999996 0.5225 0.28375 0.5225 0.28375 0.51375
2 0.28125 0.5225 0.26875 0.5225 0.26875 0.53 0.28125 0.53 0.28125 0.5225
2 0.2975 0.525 0.28375 0.525 0.28375 0.5325 0.2975 0.5325 0.2975 0.525
2 0.23500000000000001 0.49749999999999994 0.2225 0.49749999999999994 0.2225 0.5037499999999999 0.23500000000000001 0.5037499999999999 0.23500000000000001 0.49749999999999994
2 0.20125 0.48624999999999996 0.1875 0.48624999999999996 0.1875 0.49375 0.20125 0.49375 0.20125 0.48624999999999996
2 0.2 0.47874999999999995 0.185 0.47874999999999995 0.185 0.48624999999999996 0.2 0.48624999999999996 0.2 0.47874999999999995
2 0.20125 0.47125000000000006 0.185 0.47125000000000006 0.185 0.47750000000000004 0.20125 0.47750000000000004 0.20125 0.47125000000000006
2 0.28250000000000003 0.5025000000000001 0.27125 0.5025000000000001 0.27125 0.50875 0.28250000000000003 0.50875 0.28250000000000003 0.5025000000000001
2 0.28500000000000003 0.4925 0.27125 0.4925 0.27125 0.49874999999999997 0.28500000000000003 0.49874999999999997 0.28500000000000003 0.4925
2 0.28625 0.48624999999999996 0.2725 0.48624999999999996 0.2725 0.4925 0.28625 0.4925 0.28625 0.48624999999999996
2 0.28625 0.47750000000000004 0.2725 0.47750000000000004 0.2725 0.485 0.28625 0.485 0.28625 0.47750000000000004
2 0.30125 0.47874999999999995 0.28875 0.47874999999999995 0.28875 0.48624999999999996 0.30125 0.48624999999999996 0.30125 0.47874999999999995
2 0.3 0.4875 0.2875 0.4875 0.2875 0.49375 0.3 0.49375 0.3 0.4875
2 0.3 0.49375 0.28625 0.49375 0.28625 0.50125 0.3 0.50125 0.3 0.49375
2 0.29874999999999996 0.50125 0.28500000000000003 0.50125 0.28500000000000003 0.50875 0.29874999999999996 0.50875 0.29874999999999996 0.50125
2 0.33125 0.5075000000000001 0.3175 0.5075000000000001 0.3175 0.51375 0.33125 0.51375 0.33125 0.5075000000000001
2 0.2875 0.47000000000000003 0.275 0.47000000000000003 0.275 0.47750000000000004 0.2875 0.47750000000000004 0.2875 0.47000000000000003
2 0.30375 0.46749999999999997 0.29 0.46749999999999997 0.29 0.47625 0.30375 0.47625 0.30375 0.46749999999999997
2 0.2875 0.46375 0.275 0.46375 0.275 0.47125000000000006 0.2875 0.47125000000000006 0.2875 0.46375
2 0.305 0.45999999999999996 0.29125 0.45999999999999996 0.29125 0.46749999999999997 0.305 0.46749999999999997 0.305 0.45999999999999996
2 0.29874999999999996 0.5325 0.28375 0.5325 0.28375 0.54 0.29874999999999996 0.54 0.29874999999999996 0.5325
2 0.2975 0.54 0.27999999999999997 0.54 0.27999999999999997 0.5475 0.2975 0.5475 0.2975 0.54
2 0.27749999999999997 0.5475 0.26375000000000004 0.5475 0.26375000000000004 0.5549999999999999 0.27749999999999997 0.5549999999999999 0.27749999999999997 0.5475
2 0.65 0.775 0.60625 0.775 0.60625 0.8099999999999999 0.65 0.8099999999999999 0.65 0.775
2 0.27749999999999997 0.5587500000000001 0.265 0.5587500000000001 0.265 0.5650000000000001 0.27749999999999997 0.5650000000000001 0.27749999999999997 0.5587500000000001
2 0.3225 0.6012500000000001 0.30874999999999997 0.6012500000000001 0.30874999999999997 0.60625 0.3225 0.60625 0.3225 0.6012500000000001
2 0.37875000000000003 0.54 0.365 0.54 0.365 0.5475 0.37875000000000003 0.5475 0.37875000000000003 0.54
2 0.32999999999999996 0.54125 0.315 0.54125 0.315 0.55 0.32999999999999996 0.55 0.32999999999999996 0.54125
2 0.34500000000000003 0.54375 0.3325 0.54375 0.3325 0.55 0.34500000000000003 0.55 0.34500000000000003 0.54375
2 0.34500000000000003 0.54875 0.3325 0.54875 0.3325 0.5549999999999999 0.34500000000000003 0.5549999999999999 0.34500000000000003 0.54875
2 0.32999999999999996 0.5575 0.315 0.5575 0.315 0.56375 0.32999999999999996 0.56375 0.32999999999999996 0.5575
2 0.32125 0.6224999999999999 0.30625 0.6224999999999999 0.30625 0.63 0.32125 0.63 0.32125 0.6224999999999999
2 0.37625000000000003 0.5900000000000001 0.3625 0.5900000000000001 0.3625 0.5974999999999999 0.37625000000000003 0.5974999999999999 0.37625000000000003 0.5900000000000001
2 0.205 0.70125 0.19624999999999998 0.70125 0.19624999999999998 0.7150000000000001 0.205 0.7150000000000001 0.205 0.70125
2 0.41500000000000004 0.195 0.38125 0.195 0.38125 0.23625 0.41500000000000004 0.23625 0.41500000000000004 0.195
2 0.42625 0.5825 0.4 0.5825 0.4 0.6287499999999999 0.42625 0.6287499999999999 0.42625 0.5825
2 0.37875000000000003 0.5337500000000001 0.36625 0.5337500000000001 0.36625 0.54 0.37875000000000003 0.54 0.37875000000000003 0.5337500000000001
2 0.38125 0.5237499999999999 0.36625 0.5237499999999999 0.36625 0.53125 0.38125 0.53125 0.38125 0.5237499999999999
2 0.38375 0.5075000000000001 0.3675 0.5075000000000001 0.3675 0.515 0.38375 0.515 0.38375 0.5075000000000001
2 0.3825 0.5 0.36875 0.5 0.36875 0.5075000000000001 0.3825 0.5075000000000001 0.3825 0.5
2 0.38625 0.49375 0.37124999999999997 0.49375 0.37124999999999997 0.50125 0.38625 0.50125 0.38625 0.49375
2 0.3875 0.48624999999999996 0.3725 0.48624999999999996 0.3725 0.495 0.3875 0.495 0.3875 0.48624999999999996
2 0.3875 0.4725 0.3725 0.4725 0.3725 0.48125 0.3875 0.48125 0.3875 0.4725
2 0.34625 0.5349999999999999 0.33125 0.5349999999999999 0.33125 0.54375 0.34625 0.54375 0.34625 0.5349999999999999
2 0.32999999999999996 0.5325 0.31875 0.5325 0.31875 0.54 0.32999999999999996 0.54 0.32999999999999996 0.5325
2 0.34750000000000003 0.5237499999999999 0.33375 0.5237499999999999 0.33375 0.53 0.34750000000000003 0.53 0.34750000000000003 0.5237499999999999
2 0.34875 0.515 0.335 0.515 0.335 0.5225 0.34875 0.5225 0.34875 0.515
2 0.35 0.5075000000000001 0.335 0.5075000000000001 0.335 0.515 0.35 0.515 0.35 0.5075000000000001
2 0.35 0.50125 0.335 0.50125 0.335 0.50875 0.35 0.50875 0.35 0.50125
2 0.35125 0.4925 0.3375 0.4925 0.3375 0.49874999999999997 0.35125 0.49874999999999997 0.35125 0.4925
2 0.35375 0.48250000000000004 0.33875 0.48250000000000004 0.33875 0.49124999999999996 0.35375 0.49124999999999996 0.35375 0.48250000000000004
2 0.24125000000000002 0.58 0.22749999999999998 0.58 0.22749999999999998 0.5862499999999999 0.24125000000000002 0.5862499999999999 0.24125000000000002 0.58
2 0.24500000000000002 0.5549999999999999 0.22999999999999998 0.5549999999999999 0.22999999999999998 0.5625 0.24500000000000002 0.5625 0.24500000000000002 0.5549999999999999
2 0.05500000000000001 0.475 0.041249999999999995 0.475 0.041249999999999995 0.48375 0.05500000000000001 0.48375 0.05500000000000001 0.475
2 0.05125 0.4625 0.03875 0.4625 0.03875 0.47125000000000006 0.05125 0.47125000000000006 0.05125 0.4625
2 0.061250000000000006 0.54375 0.045 0.54375 0.045 0.5549999999999999 0.061250000000000006 0.5549999999999999 0.061250000000000006 0.54375
2 0.0075 0.47874999999999995 0.00125 0.47874999999999995 0.00125 0.4925 0.0075 0.4925 0.0075 0.47874999999999995
2 0.013750000000000002 0.43375 0.00125 0.43375 0.00125 0.44000000000000006 0.013750000000000002 0.44000000000000006 0.013750000000000002 0.43375
2 0.008749999999999999 0.42374999999999996 0.00125 0.42374999999999996 0.00125 0.43375 0.008749999999999999 0.43375 0.008749999999999999 0.42374999999999996
2 0.0025 0.41624999999999995 0.00125 0.41624999999999995 0.00125 0.4225 0.0025 0.4225 0.0025 0.41624999999999995
2 0.06 0.48 0.045 0.48 0.045 0.49000000000000005 0.06 0.49000000000000005 0.06 0.48
2 0.06375 0.48875 0.05125 0.48875 0.05125 0.49749999999999994 0.06375 0.49749999999999994 0.06375 0.48875
2 0.0925 0.7675 0.08249999999999999 0.7675 0.08249999999999999 0.78125 0.0925 0.78125 0.0925 0.7675
2 0.10124999999999999 0.765 0.09 0.765 0.09 0.78 0.10124999999999999 0.78 0.10124999999999999 0.765
2 0.11125 0.7625 0.0975 0.7625 0.0975 0.77625 0.11125 0.77625 0.11125 0.7625
2 0.12125 0.7849999999999999 0.10500000000000001 0.7849999999999999 0.10500000000000001 0.79375 0.12125 0.79375 0.12125 0.7849999999999999
2 0.12 0.79375 0.10500000000000001 0.79375 0.10500000000000001 0.8 0.12 0.8 0.12 0.79375
2 0.11625 0.63125 0.095 0.63125 0.095 0.67625 0.11625 0.67625 0.11625 0.63125
2 0.06999999999999999 0.36 0.03875 0.36 0.03875 0.4 0.06999999999999999 0.4 0.06999999999999999 0.36