2 0.4875 0.9737500000000001 0.47874999999999995 0.9737500000000001 0.47874999999999995 0.9875 0.4875 0.9875 0.4875 0.9737500000000001
2 0.48375 1 0.48375 0.99 0.4725 0.99 0.4725 1 0.48375 1
2 0.41624999999999995 0.09875 0.41 0.09875 0.41 0.11125 0.41624999999999995 0.11125 0.41624999999999995 0.09875
2 0.41125 0.10124999999999999 0.4025 0.10124999999999999 0.4025 0.11374999999999999 0.41125 0.11374999999999999 0.41125 0.10124999999999999
2 0.1075 0.14875 0.09125 0.14875 0.09125 0.16125 0.1075 0.16125 0.1075 0.14875
2 0.34375 0.26749999999999996 0.3375 0.26749999999999996 0.3375 0.27875 0.34375 0.27875 0.34375 0.26749999999999996
2 0.35 0.28250000000000003 0.34375 0.28250000000000003 0.34375 0.29500000000000004 0.35 0.29500000000000004 0.35 0.28250000000000003
2 0.23875000000000002 0.41500000000000004 0.22374999999999998 0.41500000000000004 0.22374999999999998 0.42374999999999996 0.23875000000000002 0.42374999999999996 0.23875000000000002 0.41500000000000004
2 0.38375 0.50125 0.37625000000000003 0.50125 0.37625000000000003 0.51375 0.38375 0.51375 0.38375 0.50125
2 0.355 0.5275000000000001 0.34750000000000003 0.5275000000000001 0.34750000000000003 0.54 0.355 0.54 0.355 0.5275000000000001
2 0.5 0.55375 0.49000000000000005 0.55375 0.49000000000000005 0.5675 0.5 0.5675 0.5 0.55375
2 0.50875 0.55625 0.49749999999999994 0.55625 0.49749999999999994 0.5700000000000001 0.50875 0.5700000000000001 0.50875 0.55625
2 0.505 0.5862499999999999 0.4875 0.5862499999999999 0.4875 0.5974999999999999 0.505 0.5974999999999999 0.505 0.5862499999999999
2 0.18625 0.6125 0.16875 0.6125 0.16875 0.61875 0.18625 0.61875 0.18625 0.6125
2 0.12375 0.7575000000000001 0.11499999999999999 0.7575000000000001 0.11499999999999999 0.77125 0.12375 0.77125 0.12375 0.7575000000000001
2 0.026250000000000002 0.7262500000000001 0.0125 0.7262500000000001 0.0125 0.73875 0.026250000000000002 0.73875 0.026250000000000002 0.7262500000000001
2 0.03625 0.73 0.02375 0.73 0.02375 0.74125 0.03625 0.74125 0.03625 0.73
2 0.04875 0.73375 0.03375 0.73375 0.03375 0.745 0.04875 0.745 0.04875 0.73375
2 0.042499999999999996 0.74375 0.028749999999999998 0.74375 0.028749999999999998 0.7575000000000001 0.042499999999999996 0.7575000000000001 0.042499999999999996 0.74375
2 0.0325 0.7424999999999999 0.017499999999999998 0.7424999999999999 0.017499999999999998 0.75625 0.0325 0.75625 0.0325 0.7424999999999999
2 0.021249999999999998 0.74125 0.0075 0.74125 0.0075 0.7537499999999999 0.021249999999999998 0.7537499999999999 0.021249999999999998 0.74125
2 0.07125000000000001 0.8825 0.05500000000000001 0.8825 0.05500000000000001 0.8925000000000001 0.07125000000000001 0.8925000000000001 0.07125000000000001 0.8825
2 0.13625 0.905 0.1275 0.905 0.1275 0.91875 0.13625 0.91875 0.13625 0.905
2 0.6849999999999999 0.11000000000000001 0.675 0.11000000000000001 0.675 0.125 0.6849999999999999 0.125 0.6849999999999999 0.11000000000000001
2 0.67125 0.10625 0.6637500000000001 0.10625 0.6637500000000001 0.12 0.67125 0.12 0.67125 0.10625
2 0.6587500000000001 0.1025 0.65 0.1025 0.65 0.11625 0.6587500000000001 0.11625 0.6587500000000001 0.1025
2 0.67875 0.08 0.67125 0.08 0.67125 0.0925 0.67875 0.0925 0.67875 0.08
2 0.6849999999999999 0.058750000000000004 0.67625 0.058750000000000004 0.67625 0.0725 0.6849999999999999 0.0725 0.6849999999999999 0.058750000000000004
2 0.73625 0.72375 0.7224999999999999 0.72375 0.7224999999999999 0.73 0.73625 0.73 0.73625 0.72375
2 0.7424999999999999 0.7112499999999999 0.7275 0.7112499999999999 0.7275 0.7224999999999999 0.7424999999999999 0.7224999999999999 0.7424999999999999 0.7112499999999999
2 0.7474999999999999 0.70375 0.7325 0.70375 0.7325 0.7175 0.7474999999999999 0.7175 0.7474999999999999 0.70375
2 0.75125 0.6975 0.74125 0.6975 0.74125 0.7112499999999999 0.75125 0.7112499999999999 0.75125 0.6975
2 0.7575000000000001 0.6950000000000001 0.7474999999999999 0.6950000000000001 0.7474999999999999 0.7075 0.7575000000000001 0.7075 0.7575000000000001 0.6950000000000001
2 0.76625 0.6950000000000001 0.7575000000000001 0.6950000000000001 0.7575000000000001 0.7075 0.76625 0.7075 0.76625 0.6950000000000001
2 0.7737499999999999 0.69375 0.76625 0.69375 0.76625 0.70625 0.7737499999999999 0.70625 0.7737499999999999 0.69375
2 0.78 0.69375 0.7737499999999999 0.69375 0.7737499999999999 0.70625 0.78 0.70625 0.78 0.69375
2 0.7887500000000001 0.6950000000000001 0.78125 0.6950000000000001 0.78125 0.70625 0.7887500000000001 0.70625 0.7887500000000001 0.6950000000000001
2 0.79875 0.69375 0.7887500000000001 0.69375 0.7887500000000001 0.70875 0.79875 0.70875 0.79875 0.69375
2 0.805 0.69875 0.79375 0.69875 0.79375 0.7125 0.805 0.7125 0.805 0.69875
2 0.8125 0.69875 0.8012499999999999 0.69875 0.8012499999999999 0.7150000000000001 0.8125 0.7150000000000001 0.8125 0.69875
2 0.81875 0.7025 0.8074999999999999 0.7025 0.8074999999999999 0.7150000000000001 0.81875 0.7150000000000001 0.81875 0.7025
2 0.79125 0.725 0.78 0.725 0.78 0.73875 0.79125 0.73875 0.79125 0.725
2 0.8 0.7275 0.78625 0.7275 0.78625 0.74375 0.8 0.74375 0.8 0.7275
2 0.8300000000000001 0.76625 0.8175000000000001 0.76625 0.8175000000000001 0.78 0.8300000000000001 0.78 0.8300000000000001 0.76625
2 0.7537499999999999 0.75125 0.74 0.75125 0.74 0.76625 0.7537499999999999 0.76625 0.7537499999999999 0.75125
2 0.76 0.7575000000000001 0.7474999999999999 0.7575000000000001 0.7474999999999999 0.77125 0.76 0.77125 0.76 0.7575000000000001
2 0.76375 0.7625 0.7537499999999999 0.7625 0.7537499999999999 0.7737499999999999 0.76375 0.7737499999999999 0.76375 0.7625
2 0.77125 0.765 0.76125 0.765 0.76125 0.7775000000000001 0.77125 0.7775000000000001 0.77125 0.765
2 0.7775000000000001 0.7675 0.7675 0.7675 0.7675 0.78125 0.7775000000000001 0.78125 0.7775000000000001 0.7675
2 0.7825 0.7725 0.7725 0.7725 0.7725 0.7849999999999999 0.7825 0.7849999999999999 0.7825 0.7725
2 0.8237500000000001 0.705 0.81375 0.705 0.81375 0.71875 0.8237500000000001 0.71875 0.8237500000000001 0.705
2 0.8300000000000001 0.71 0.81875 0.71 0.81875 0.7224999999999999 0.8300000000000001 0.7224999999999999 0.8300000000000001 0.71
2 0.8425 0.7162499999999999 0.8300000000000001 0.7162499999999999 0.8300000000000001 0.73 0.8425 0.73 0.8425 0.7162499999999999
2 0.8699999999999999 0.7375 0.8574999999999999 0.7375 0.8574999999999999 0.7525000000000001 0.8699999999999999 0.7525000000000001 0.8699999999999999 0.7375
2 0.885 0.75 0.87375 0.75 0.87375 0.76375 0.885 0.76375 0.885 0.75
2 0.8925000000000001 0.7525000000000001 0.8800000000000001 0.7525000000000001 0.8800000000000001 0.7675 0.8925000000000001 0.7675 0.8925000000000001 0.7525000000000001
2 0.8975 0.7575000000000001 0.8862500000000001 0.7575000000000001 0.8862500000000001 0.77 0.8975 0.77 0.8975 0.7575000000000001
2 0.8637499999999999 0.73375 0.8487500000000001 0.73375 0.8487500000000001 0.74875 0.8637499999999999 0.74875 0.8637499999999999 0.73375
2 0.85125 0.8574999999999999 0.835 0.8574999999999999 0.835 0.8699999999999999 0.85125 0.8699999999999999 0.85125 0.8574999999999999
2 0.86875 0.8699999999999999 0.8525 0.8699999999999999 0.8525 0.88375 0.86875 0.88375 0.86875 0.8699999999999999
2 0.8862500000000001 0.88125 0.8699999999999999 0.88125 0.8699999999999999 0.89375 0.8862500000000001 0.89375 0.8862500000000001 0.88125
2 0.9012499999999999 0.89125 0.8875 0.89125 0.8875 0.9012499999999999 0.9012499999999999 0.9012499999999999 0.9012499999999999 0.89125
2 0.91375 0.89875 0.9 0.89875 0.9 0.9099999999999999 0.91375 0.9099999999999999 0.91375 0.89875
2 0.93875 0.9099999999999999 0.925 0.9099999999999999 0.925 0.9225 0.93875 0.9225 0.93875 0.9099999999999999
2 0.9625 0.9199999999999999 0.9475 0.9199999999999999 0.9475 0.93125 0.9625 0.93125 0.9625 0.9199999999999999
2 0.9974999999999999 0.93625 0.9862500000000001 0.93625 0.9862500000000001 0.94375 0.9974999999999999 0.94375 0.9974999999999999 0.93625
2 0.665 0.75875 0.65125 0.75875 0.65125 0.77 0.665 0.77 0.665 0.75875
2 0.7474999999999999 0.7474999999999999 0.73375 0.7474999999999999 0.73375 0.7625 0.7474999999999999 0.7625 0.7474999999999999 0.7474999999999999
2 0.7424999999999999 0.7424999999999999 0.73 0.7424999999999999 0.73 0.75625 0.7424999999999999 0.75625 0.7424999999999999 0.7424999999999999
2 0.73875 0.7375 0.72375 0.7375 0.72375 0.7462500000000001 0.73875 0.7462500000000001 0.73875 0.7375
2 0.825 0.79625 0.81375 0.79625 0.81375 0.81125 0.825 0.81125 0.825 0.79625
2 0.8550000000000001 0.78125 0.8412499999999999 0.78125 0.8412499999999999 0.79625 0.8550000000000001 0.79625 0.8550000000000001 0.78125
2 0.8675 0.7725 0.8550000000000001 0.7725 0.8550000000000001 0.7849999999999999 0.8675 0.7849999999999999 0.8675 0.7725
2 0.8412499999999999 0.775 0.82875 0.775 0.82875 0.7887500000000001 0.8412499999999999 0.7887500000000001 0.8412499999999999 0.775
2 0.875 0.795 0.8625 0.795 0.8625 0.8087500000000001 0.875 0.8087500000000001 0.875 0.795
2 0.88375 0.8324999999999999 0.875 0.8324999999999999 0.875 0.8462500000000001 0.88375 0.8462500000000001 0.88375 0.8324999999999999
2 0.875 0.8324999999999999 0.86875 0.8324999999999999 0.86875 0.84375 0.875 0.84375 0.875 0.8324999999999999
2 0.85625 0.81875 0.8474999999999999 0.81875 0.8474999999999999 0.83375 0.85625 0.83375 0.85625 0.81875
2 0.845 0.8125 0.8375 0.8125 0.8375 0.8275 0.845 0.8275 0.845 0.8125
2 0.8675 0.82875 0.8612500000000001 0.82875 0.8612500000000001 0.8412499999999999 0.8675 0.8412499999999999 0.8675 0.82875
2 0.8300000000000001 0.8 0.8175000000000001 0.8 0.8175000000000001 0.8150000000000001 0.8300000000000001 0.8150000000000001 0.8300000000000001 0.8
2 0.81875 0.7925 0.80625 0.7925 0.80625 0.8087500000000001 0.81875 0.8087500000000001 0.81875 0.7925
2 0.7675 0.7262500000000001 0.7537499999999999 0.7262500000000001 0.7537499999999999 0.74125 0.7675 0.74125 0.7675 0.7262500000000001
2 0.8125 0.79 0.8 0.79 0.8 0.805 0.8125 0.805 0.8125 0.79
2 0.8074999999999999 0.7837500000000001 0.79625 0.7837500000000001 0.79625 0.8 0.8074999999999999 0.8 0.8074999999999999 0.7837500000000001
2 0.81375 0.74 0.8025 0.74 0.8025 0.7525000000000001 0.81375 0.7525000000000001 0.81375 0.74
2 0.8087500000000001 0.735 0.79625 0.735 0.79625 0.75 0.8087500000000001 0.75 0.8087500000000001 0.735
2 0.825 0.7474999999999999 0.8150000000000001 0.7474999999999999 0.8150000000000001 0.76 0.825 0.76 0.825 0.7474999999999999
2 0.8375 0.7525000000000001 0.825 0.7525000000000001 0.825 0.76625 0.8375 0.76625 0.8375 0.7525000000000001
2 0.79375 0.745 0.7849999999999999 0.745 0.7849999999999999 0.7575000000000001 0.79375 0.7575000000000001 0.79375 0.745
2 0.79 0.74125 0.7787499999999999 0.74125 0.7787499999999999 0.755 0.79 0.755 0.79 0.74125
2 0.7825 0.7375 0.77125 0.7375 0.77125 0.75125 0.7825 0.75125 0.7825 0.7375
2 0.775 0.73 0.7625 0.73 0.7625 0.745 0.775 0.745 0.775 0.73
2 0.43125 0.08375 0.42374999999999996 0.08375 0.42374999999999996 0.09625 0.43125 0.09625 0.43125 0.08375
2 0.20750000000000002 0.39249999999999996 0.19875 0.39249999999999996 0.19875 0.40625 0.20750000000000002 0.40625 0.20750000000000002 0.39249999999999996
2 0.39375 0.44000000000000006 0.3825 0.44000000000000006 0.3825 0.45125000000000004 0.39375 0.45125000000000004 0.39375 0.44000000000000006
2 0.39249999999999996 0.34500000000000003 0.385 0.34500000000000003 0.385 0.35750000000000004 0.39249999999999996 0.35750000000000004 0.39249999999999996 0.34500000000000003