2 0.27625 0.63 0.26 0.63 0.26 0.64625 0.27625 0.64625 0.27625 0.63
2 0.3 0.6575 0.28375 0.6575 0.28375 0.67125 0.3 0.67125 0.3 0.6575
2 0.36625 0.585 0.34875 0.585 0.34875 0.5962500000000001 0.36625 0.5962500000000001 0.36625 0.585
2 0.37875000000000003 0.5900000000000001 0.36375 0.5900000000000001 0.36375 0.5974999999999999 0.37875000000000003 0.5974999999999999 0.37875000000000003 0.5900000000000001
2 0.4025 0.59375 0.38375 0.59375 0.38375 0.60375 0.4025 0.60375 0.4025 0.59375
2 0.4325 0.6 0.41500000000000004 0.6 0.41500000000000004 0.60875 0.4325 0.60875 0.4325 0.6
2 0.45375 0.60625 0.43875000000000003 0.60625 0.43875000000000003 0.61375 0.45375 0.61375 0.45375 0.60625
2 0.47874999999999995 0.61 0.45875000000000005 0.61 0.45875000000000005 0.62 0.47874999999999995 0.62 0.47874999999999995 0.61
2 0.505 0.61625 0.48875 0.61625 0.48875 0.62375 0.505 0.62375 0.505 0.61625
2 0.45 0.6325000000000001 0.4425 0.6325000000000001 0.4425 0.64625 0.45 0.64625 0.45 0.6325000000000001
2 0.42625 0.625 0.41624999999999995 0.625 0.41624999999999995 0.64 0.42625 0.64 0.42625 0.625
2 0.35 0.8300000000000001 0.33625 0.8300000000000001 0.33625 0.8412499999999999 0.35 0.8412499999999999 0.35 0.8300000000000001
2 0.5599999999999999 0.81875 0.5425 0.81875 0.5425 0.8275 0.5599999999999999 0.8275 0.5599999999999999 0.81875
2 0.81375 0.85625 0.805 0.85625 0.805 0.86875 0.81375 0.86875 0.81375 0.85625
2 0.6487499999999999 0.645 0.63375 0.645 0.63375 0.6525000000000001 0.6487499999999999 0.6525000000000001 0.6487499999999999 0.645
2 0.675 0.6537499999999999 0.66125 0.6537499999999999 0.66125 0.66125 0.675 0.66125 0.675 0.6537499999999999
2 0.6625 0.6212500000000001 0.6525000000000001 0.6212500000000001 0.6525000000000001 0.635 0.6625 0.635 0.6625 0.6212500000000001
2 0.66875 0.6224999999999999 0.6599999999999999 0.6224999999999999 0.6599999999999999 0.63625 0.66875 0.63625 0.66875 0.6224999999999999
2 0.675 0.62375 0.66625 0.62375 0.66625 0.6375 0.675 0.6375 0.675 0.62375
2 0.6837500000000001 0.625 0.67375 0.625 0.67375 0.63875 0.6837500000000001 0.63875 0.6837500000000001 0.625
2 0.72875 0.6325000000000001 0.7112499999999999 0.6325000000000001 0.7112499999999999 0.6425 0.72875 0.6425 0.72875 0.6325000000000001
2 0.5 0.465 0.48624999999999996 0.465 0.48624999999999996 0.4725 0.5 0.4725 0.5 0.465
2 0.50125 0.45125000000000004 0.4875 0.45125000000000004 0.4875 0.45875000000000005 0.50125 0.45875000000000005 0.50125 0.45125000000000004
2 0.5075000000000001 0.43125 0.4925 0.43125 0.4925 0.44000000000000006 0.5075000000000001 0.44000000000000006 0.5075000000000001 0.43125
2 0.50875 0.42374999999999996 0.49375 0.42374999999999996 0.49375 0.4325 0.50875 0.4325 0.50875 0.42374999999999996
2 0.08 0.01625 0.0675 0.01625 0.0675 0.03 0.08 0.03 0.08 0.01625
2 0.01 0.0075 0.00125 0.0075 0.00125 0.01875 0.01 0.01875 0.01 0.0075
2 0.013750000000000002 0.0125 0.00375 0.0125 0.00375 0.02375 0.013750000000000002 0.02375 0.013750000000000002 0.0125
2 0.021249999999999998 0.015 0.01125 0.015 0.01125 0.027500000000000004 0.021249999999999998 0.027500000000000004 0.021249999999999998 0.015
2 0.027500000000000004 0.017499999999999998 0.017499999999999998 0.017499999999999998 0.017499999999999998 0.03125 0.027500000000000004 0.03125 0.027500000000000004 0.017499999999999998
2 0.0325 0.0225 0.0225 0.0225 0.0225 0.034999999999999996 0.0325 0.034999999999999996 0.0325 0.0225
2 0.135 0.00125 0.12375 0.00125 0.12375 0.013750000000000002 0.135 0.013750000000000002 0.135 0.00125
2 0.14250000000000002 0.0025 0.13 0.0025 0.13 0.017499999999999998 0.14250000000000002 0.017499999999999998 0.14250000000000002 0.0025
2 0.14750000000000002 0.0075 0.13625 0.0075 0.13625 0.02 0.14750000000000002 0.02 0.14750000000000002 0.0075
2 0.10124999999999999 0.1075 0.08499999999999999 0.1075 0.08499999999999999 0.12 0.10124999999999999 0.12 0.10124999999999999 0.1075
2 0.11875 0.12 0.1025 0.12 0.1025 0.13374999999999998 0.11875 0.13374999999999998 0.11875 0.12
2 0.13625 0.13125 0.12 0.13125 0.12 0.14375 0.13625 0.14375 0.13625 0.13125
2 0.15125 0.14125000000000001 0.1375 0.14125000000000001 0.1375 0.15125 0.15125 0.15125 0.15125 0.14125000000000001
2 0.16375 0.14875 0.15 0.14875 0.15 0.16 0.16375 0.16 0.16375 0.14875
2 0.18875 0.16 0.175 0.16 0.175 0.17250000000000001 0.18875 0.17250000000000001 0.18875 0.16
2 0.2125 0.16999999999999998 0.1975 0.16999999999999998 0.1975 0.18125 0.2125 0.18125 0.2125 0.16999999999999998
2 0.2475 0.18625 0.23625 0.18625 0.23625 0.19375 0.2475 0.19375 0.2475 0.18625
2 0.075 0.04625 0.06375 0.04625 0.06375 0.061250000000000006 0.075 0.061250000000000006 0.075 0.04625
2 0.10500000000000001 0.03125 0.09125 0.03125 0.09125 0.04625 0.10500000000000001 0.04625 0.10500000000000001 0.03125
2 0.11750000000000001 0.0225 0.10500000000000001 0.0225 0.10500000000000001 0.034999999999999996 0.11750000000000001 0.034999999999999996 0.11750000000000001 0.0225
2 0.09125 0.025 0.07875 0.025 0.07875 0.03875 0.09125 0.03875 0.09125 0.025
2 0.125 0.045 0.1125 0.045 0.1125 0.058750000000000004 0.125 0.058750000000000004 0.125 0.045
2 0.13374999999999998 0.08249999999999999 0.125 0.08249999999999999 0.125 0.09625 0.13374999999999998 0.09625 0.13374999999999998 0.08249999999999999
2 0.125 0.08249999999999999 0.11875 0.08249999999999999 0.11875 0.09375 0.125 0.09375 0.125 0.08249999999999999
2 0.10625 0.06875 0.0975 0.06875 0.0975 0.08375 0.10625 0.08375 0.10625 0.06875
2 0.095 0.0625 0.0875 0.0625 0.0875 0.0775 0.095 0.0775 0.095 0.0625
2 0.11750000000000001 0.07875 0.11125 0.07875 0.11125 0.09125 0.11750000000000001 0.09125 0.11750000000000001 0.07875
2 0.08 0.05 0.0675 0.05 0.0675 0.065 0.08 0.065 0.08 0.05
2 0.06875 0.042499999999999996 0.05625 0.042499999999999996 0.05625 0.058750000000000004 0.06875 0.058750000000000004 0.06875 0.042499999999999996
2 0.0625 0.04 0.05 0.04 0.05 0.05500000000000001 0.0625 0.05500000000000001 0.0625 0.04
2 0.057499999999999996 0.03375 0.04625 0.03375 0.04625 0.05 0.057499999999999996 0.05 0.057499999999999996 0.03375
2 0.07375000000000001 0.00125 0.065 0.00125 0.065 0.01 0.07375000000000001 0.01 0.07375000000000001 0.00125
2 0.09 0.0025 0.075 0.0025 0.075 0.01625 0.09 0.01625 0.09 0.0025
2 0.042499999999999996 0.00125 0.034999999999999996 0.00125 0.034999999999999996 0.0075 0.042499999999999996 0.0075 0.042499999999999996 0.00125
2 0.03625 0.00125 0.028749999999999998 0.00125 0.028749999999999998 0.005 0.03625 0.005 0.03625 0.00125
2 0.8387499999999999 0.00125 0.83125 0.00125 0.83125 0.0025 0.8387499999999999 0.0025 0.8387499999999999 0.00125
2 0.845 0.00125 0.8387499999999999 0.00125 0.8387499999999999 0.0025 0.845 0.0025 0.845 0.00125
2 0.8525 0.00125 0.8462500000000001 0.00125 0.8462500000000001 0.00375 0.8525 0.00375 0.8525 0.00125
2 0.86 0.00125 0.8525 0.00125 0.8525 0.0025 0.86 0.0025 0.86 0.00125
2 0.8675 0.00125 0.85875 0.00125 0.85875 0.00375 0.8675 0.00375 0.8675 0.00125
2 0.87625 0.00125 0.86875 0.00125 0.86875 0.00375 0.87625 0.00375 0.87625 0.00125
2 0.8825 0.00125 0.87625 0.00125 0.87625 0.00375 0.8825 0.00375 0.8825 0.00125
2 0.8949999999999999 0.00125 0.8875 0.00125 0.8875 0.005 0.8949999999999999 0.005 0.8949999999999999 0.00125
2 0.9025000000000001 0.00125 0.89625 0.00125 0.89625 0.005 0.9025000000000001 0.005 0.9025000000000001 0.00125
2 0.9099999999999999 0.00125 0.9037499999999999 0.00125 0.9037499999999999 0.00625 0.9099999999999999 0.00625 0.9099999999999999 0.00125
2 0.9175000000000001 0.00125 0.9112500000000001 0.00125 0.9112500000000001 0.00625 0.9175000000000001 0.00625 0.9175000000000001 0.00125
2 0.925 0.00125 0.9175000000000001 0.00125 0.9175000000000001 0.00625 0.925 0.00625 0.925 0.00125
2 0.93875 0.00125 0.93 0.00125 0.93 0.008749999999999999 0.93875 0.008749999999999999 0.93875 0.00125
2 0.94625 0.00125 0.93875 0.00125 0.93875 0.008749999999999999 0.94625 0.008749999999999999 0.94625 0.00125
2 0.9525 0.00125 0.945 0.00125 0.945 0.01125 0.9525 0.01125 0.9525 0.00125
2 0.96 0.00125 0.95375 0.00125 0.95375 0.01 0.96 0.01 0.96 0.00125
2 0.9800000000000001 0.00125 0.9737500000000001 0.00125 0.9737500000000001 0.013750000000000002 0.9800000000000001 0.013750000000000002 0.9800000000000001 0.00125
2 0.97 0.28125 0.96125 0.28125 0.96125 0.29500000000000004 0.97 0.29500000000000004 0.97 0.28125
2 0.9262499999999999 0.25625 0.9112500000000001 0.25625 0.9112500000000001 0.2625 0.9262499999999999 0.2625 0.9262499999999999 0.25625
2 0.6325000000000001 0.80375 0.61625 0.80375 0.61625 0.8125 0.6325000000000001 0.8125 0.6325000000000001 0.80375