2 0.35 0.12125 0.33625 0.12125 0.33625 0.1325 0.35 0.1325 0.35 0.12125
2 0.5599999999999999 0.11000000000000001 0.5425 0.11000000000000001 0.5425 0.11875 0.5599999999999999 0.11875 0.5599999999999999 0.11000000000000001
2 0.48 0.29500000000000004 0.4625 0.29500000000000004 0.4625 0.305 0.48 0.305 0.48 0.29500000000000004
2 0.6425 0.32125 0.6287499999999999 0.32125 0.6287499999999999 0.3275 0.6425 0.3275 0.6425 0.32125
2 0.81375 0.14750000000000002 0.805 0.14750000000000002 0.805 0.16 0.81375 0.16 0.81375 0.14750000000000002
2 0.51875 0.31625000000000003 0.49874999999999997 0.31625000000000003 0.49874999999999997 0.325 0.51875 0.325 0.51875 0.31625000000000003
2 0.5525 0.3075 0.53 0.3075 0.53 0.315 0.5525 0.315 0.5525 0.3075
2 0.6837500000000001 0.6875 0.67625 0.6875 0.67625 0.7 0.6837500000000001 0.7 0.6837500000000001 0.6875
2 0.93875 0.6224999999999999 0.9237500000000001 0.6224999999999999 0.9237500000000001 0.6325000000000001 0.93875 0.6325000000000001 0.93875 0.6224999999999999
2 0.63125 0.095 0.615 0.095 0.615 0.1025 0.63125 0.1025 0.63125 0.095
2 0.9012499999999999 0.8262499999999999 0.89 0.8262499999999999 0.89 0.8375 0.9012499999999999 0.8375 0.9012499999999999 0.8262499999999999
2 0.88375 0.8412499999999999 0.87375 0.8412499999999999 0.87375 0.85125 0.88375 0.85125 0.88375 0.8412499999999999
2 0.8637499999999999 0.8612500000000001 0.85375 0.8612500000000001 0.85375 0.87375 0.8637499999999999 0.87375 0.8637499999999999 0.8612500000000001
2 0.845 0.89375 0.835 0.89375 0.835 0.9075 0.845 0.9075 0.845 0.89375
2 0.8400000000000001 0.9075 0.82875 0.9075 0.82875 0.9199999999999999 0.8400000000000001 0.9199999999999999 0.8400000000000001 0.9075