2 0.70875 0.6425 0.70125 0.6425 0.70125 0.6575 0.70875 0.6575 0.70875 0.6425
2 0.70125 0.8675 0.69375 0.8675 0.69375 0.8800000000000001 0.70125 0.8800000000000001 0.70125 0.8675
2 0.835 1 0.835 0.99375 0.8300000000000001 0.99375 0.8300000000000001 1 0.835 1
2 0.75125 0.175 0.71875 0.175 0.71875 0.1825 0.75125 0.1825 0.75125 0.175
2 0.8875 0.7787499999999999 0.8800000000000001 0.7787499999999999 0.8800000000000001 0.79125 0.8875 0.79125 0.8875 0.7787499999999999
2 0.8862500000000001 0.7525000000000001 0.8800000000000001 0.7525000000000001 0.8800000000000001 0.76375 0.8862500000000001 0.76375 0.8862500000000001 0.7525000000000001
2 0.7975 0.625 0.7849999999999999 0.625 0.7849999999999999 0.63625 0.7975 0.63625 0.7975 0.625
2 0.78125 0.00125 0.765 0.00125 0.765 0.0225 0.78125 0.0225 0.78125 0.00125
2 0.44749999999999995 0.27749999999999997 0.42874999999999996 0.27749999999999997 0.42874999999999996 0.29125 0.44749999999999995 0.29125 0.44749999999999995 0.27749999999999997
2 0.3825 0.25625 0.36625 0.25625 0.36625 0.26875 0.3825 0.26875 0.3825 0.25625
2 0.14875 0.5599999999999999 0.13374999999999998 0.5599999999999999 0.13374999999999998 0.57125 0.14875 0.57125 0.14875 0.5599999999999999
2 0.1325 0.9099999999999999 0.12375 0.9099999999999999 0.12375 0.9237500000000001 0.1325 0.9237500000000001 0.1325 0.9099999999999999
2 0.135 0.865 0.12875 0.865 0.12875 0.8775000000000001 0.135 0.8775000000000001 0.135 0.865
2 0.16375 0.76125 0.155 0.76125 0.155 0.7737499999999999 0.16375 0.7737499999999999 0.16375 0.76125
2 0.16625 0.7462500000000001 0.1575 0.7462500000000001 0.1575 0.76 0.16625 0.76 0.16625 0.7462500000000001
2 0.1675 0.73 0.15875 0.73 0.15875 0.745 0.1675 0.745 0.1675 0.73
2 0.18625 0.6025 0.1775 0.6025 0.1775 0.6174999999999999 0.18625 0.6174999999999999 0.18625 0.6025
2 0.13374999999999998 0.8787499999999999 0.1275 0.8787499999999999 0.1275 0.8887499999999999 0.13374999999999998 0.8887499999999999 0.13374999999999998 0.8787499999999999
2 0.13 0.93 0.12375 0.93 0.12375 0.94375 0.13 0.94375 0.13 0.93
2 0.58125 0.16375 0.54875 0.16375 0.54875 0.17375000000000002 0.58125 0.17375000000000002 0.58125 0.16375
2 0.885 0.73875 0.8775000000000001 0.73875 0.8775000000000001 0.74875 0.885 0.74875 0.885 0.73875
2 0.46375 0.7175 0.45 0.7175 0.45 0.725 0.46375 0.725 0.46375 0.7175
2 0.40125 0.7075 0.39 0.7075 0.39 0.71375 0.40125 0.71375 0.40125 0.7075
2 0.70125 0.7212500000000001 0.6950000000000001 0.7212500000000001 0.6950000000000001 0.7325 0.70125 0.7325 0.70125 0.7212500000000001
2 0.30625 0.845 0.29500000000000004 0.845 0.29500000000000004 0.86 0.30625 0.86 0.30625 0.845
2 0.12875 0.9637499999999999 0.12250000000000001 0.9637499999999999 0.12250000000000001 0.98125 0.12875 0.98125 0.12875 0.9637499999999999
2 0.315 0.16 0.30125 0.16 0.30125 0.16875 0.315 0.16875 0.315 0.16
2 0.79 0.08125 0.78 0.08125 0.78 0.09 0.79 0.09 0.79 0.08125
2 0.78625 0.08375 0.7775000000000001 0.08375 0.7775000000000001 0.0925 0.78625 0.0925 0.78625 0.08375
2 0.7737499999999999 0.12 0.76125 0.12 0.76125 0.1275 0.7737499999999999 0.1275 0.7737499999999999 0.12
2 0.14875 0.49874999999999997 0.13874999999999998 0.49874999999999997 0.13874999999999998 0.5125 0.14875 0.5125 0.14875 0.49874999999999997
2 0.2525 0.48 0.23374999999999999 0.48 0.23374999999999999 0.48875 0.2525 0.48875 0.2525 0.48
2 0.21125 0.32625000000000004 0.1975 0.32625000000000004 0.1975 0.335 0.21125 0.335 0.21125 0.32625000000000004
2 0.1825 0.3175 0.16875 0.3175 0.16875 0.3275 0.1825 0.3275 0.1825 0.3175
2 0.24625 0.31875 0.23125 0.31875 0.23125 0.32625000000000004 0.24625 0.32625000000000004 0.24625 0.31875
2 0.16875 0.7925 0.16 0.7925 0.16 0.805 0.16875 0.805 0.16875 0.7925
2 0.005 0.7474999999999999 0.00125 0.7474999999999999 0.00125 0.76375 0.005 0.76375 0.005 0.7474999999999999
2 0.44125 0.9225 0.42750000000000005 0.9225 0.42750000000000005 0.93125 0.44125 0.93125 0.44125 0.9225
2 0.3825 0.7025 0.36875 0.7025 0.36875 0.7125 0.3825 0.7125 0.3825 0.7025
2 0.9800000000000001 0.9262499999999999 0.9737500000000001 0.9262499999999999 0.9737500000000001 0.9375 0.9800000000000001 0.9375 0.9800000000000001 0.9262499999999999