2 0.6849999999999999 0.6425 0.6775 0.6425 0.6775 0.6575 0.6849999999999999 0.6575 0.6849999999999999 0.6425
2 0.6775 0.8675 0.67 0.8675 0.67 0.8800000000000001 0.6775 0.8800000000000001 0.6775 0.8675
2 0.81125 1 0.81125 0.99375 0.80625 0.99375 0.80625 1 0.81125 1
2 0.7275 0.175 0.6950000000000001 0.175 0.6950000000000001 0.1825 0.7275 0.1825 0.7275 0.175
2 0.99375 0.19 0.98125 0.19 0.98125 0.19624999999999998 0.99375 0.19624999999999998 0.99375 0.19
2 0.8637499999999999 0.7787499999999999 0.85625 0.7787499999999999 0.85625 0.79125 0.8637499999999999 0.79125 0.8637499999999999 0.7787499999999999
2 0.8625 0.7525000000000001 0.85625 0.7525000000000001 0.85625 0.76375 0.8625 0.76375 0.8625 0.7525000000000001
2 0.7737499999999999 0.625 0.76125 0.625 0.76125 0.63625 0.7737499999999999 0.63625 0.7737499999999999 0.625
2 0.7575000000000001 0.00125 0.74125 0.00125 0.74125 0.0225 0.7575000000000001 0.0225 0.7575000000000001 0.00125
2 0.42374999999999996 0.27749999999999997 0.40499999999999997 0.27749999999999997 0.40499999999999997 0.29125 0.42374999999999996 0.29125 0.42374999999999996 0.27749999999999997
2 0.35875 0.25625 0.34249999999999997 0.25625 0.34249999999999997 0.26875 0.35875 0.26875 0.35875 0.25625
2 0.12375 0.5599999999999999 0.11000000000000001 0.5599999999999999 0.11000000000000001 0.56875 0.12375 0.56875 0.12375 0.5599999999999999
2 0.10874999999999999 0.9099999999999999 0.1 0.9099999999999999 0.1 0.9237500000000001 0.10874999999999999 0.9237500000000001 0.10874999999999999 0.9099999999999999
2 0.11125 0.865 0.10500000000000001 0.865 0.10500000000000001 0.8775000000000001 0.11125 0.8775000000000001 0.11125 0.865
2 0.13999999999999999 0.76125 0.13125 0.76125 0.13125 0.7737499999999999 0.13999999999999999 0.7737499999999999 0.13999999999999999 0.76125
2 0.14250000000000002 0.7462500000000001 0.13374999999999998 0.7462500000000001 0.13374999999999998 0.76 0.14250000000000002 0.76 0.14250000000000002 0.7462500000000001
2 0.14375 0.73 0.135 0.73 0.135 0.745 0.14375 0.745 0.14375 0.73
2 0.1625 0.6025 0.15375 0.6025 0.15375 0.6174999999999999 0.1625 0.6174999999999999 0.1625 0.6025
2 0.11000000000000001 0.8787499999999999 0.10375000000000001 0.8787499999999999 0.10375000000000001 0.8887499999999999 0.11000000000000001 0.8887499999999999 0.11000000000000001 0.8787499999999999
2 0.10625 0.93 0.1 0.93 0.1 0.94375 0.10625 0.94375 0.10625 0.93
2 0.5575 0.16375 0.525 0.16375 0.525 0.17375000000000002 0.5575 0.17375000000000002 0.5575 0.16375
2 0.8612500000000001 0.73875 0.85375 0.73875 0.85375 0.74875 0.8612500000000001 0.74875 0.8612500000000001 0.73875
2 0.44000000000000006 0.7175 0.42625 0.7175 0.42625 0.725 0.44000000000000006 0.725 0.44000000000000006 0.7175
2 0.3775 0.7075 0.36625 0.7075 0.36625 0.71375 0.3775 0.71375 0.3775 0.7075
2 0.67625 0.7212500000000001 0.67 0.7212500000000001 0.67 0.7325 0.67625 0.7325 0.67625 0.7212500000000001
2 0.28250000000000003 0.845 0.27125 0.845 0.27125 0.86 0.28250000000000003 0.86 0.28250000000000003 0.845
2 0.10500000000000001 0.9637499999999999 0.09875 0.9637499999999999 0.09875 0.98125 0.10500000000000001 0.98125 0.10500000000000001 0.9637499999999999
2 0.29 0.16 0.27749999999999997 0.16 0.27749999999999997 0.16875 0.29 0.16875 0.29 0.16
2 0.76625 0.08 0.75625 0.08 0.75625 0.08875 0.76625 0.08875 0.76625 0.08
2 0.75 0.11875 0.7375 0.11875 0.7375 0.1275 0.75 0.1275 0.75 0.11875
2 0.9574999999999999 0.9237500000000001 0.95 0.9237500000000001 0.95 0.93875 0.9574999999999999 0.93875 0.9574999999999999 0.9237500000000001
2 0.68875 0.9724999999999999 0.6825 0.9724999999999999 0.6825 0.9862500000000001 0.68875 0.9862500000000001 0.68875 0.9724999999999999
2 0.4175 0.92125 0.40499999999999997 0.92125 0.40499999999999997 0.9324999999999999 0.4175 0.9324999999999999 0.4175 0.92125
2 0.14375 0.79125 0.1375 0.79125 0.1375 0.80375 0.14375 0.80375 0.14375 0.79125
2 0.01125 0.575 0.00625 0.575 0.00625 0.5900000000000001 0.01125 0.5900000000000001 0.01125 0.575
2 0.12250000000000001 0.49749999999999994 0.11625 0.49749999999999994 0.11625 0.51125 0.12250000000000001 0.51125 0.12250000000000001 0.49749999999999994
2 0.22875 0.47874999999999995 0.20875 0.47874999999999995 0.20875 0.48875 0.22875 0.48875 0.22875 0.47874999999999995
2 0.16 0.3175 0.145 0.3175 0.145 0.3275 0.16 0.3275 0.16 0.3175
2 0.18625 0.3275 0.17375000000000002 0.3275 0.17375000000000002 0.335 0.18625 0.335 0.18625 0.3275
2 0.2225 0.31875 0.20875 0.31875 0.20875 0.32625000000000004 0.2225 0.32625000000000004 0.2225 0.31875