2 0.08125 0.07375000000000001 0.0675 0.07375000000000001 0.0675 0.08 0.08125 0.08 0.08125 0.07375000000000001
2 0.1675 0.061250000000000006 0.155 0.061250000000000006 0.155 0.06875 0.1675 0.06875 0.1675 0.061250000000000006
2 0.195 0.215 0.1825 0.215 0.1825 0.22374999999999998 0.195 0.22374999999999998 0.195 0.215
2 0.6849999999999999 0.28625 0.6725 0.28625 0.6725 0.2925 0.6849999999999999 0.2925 0.6849999999999999 0.28625
2 0.70125 0.28625 0.6900000000000001 0.28625 0.6900000000000001 0.2925 0.70125 0.2925 0.70125 0.28625
2 0.7175 0.28625 0.705 0.28625 0.705 0.29125 0.7175 0.29125 0.7175 0.28625
2 0.8387499999999999 0.315 0.8300000000000001 0.315 0.8300000000000001 0.3275 0.8387499999999999 0.3275 0.8387499999999999 0.315
2 0.50875 0.45999999999999996 0.505 0.45999999999999996 0.505 0.47375 0.50875 0.47375 0.50875 0.45999999999999996
2 0.74125 0.57625 0.7275 0.57625 0.7275 0.5825 0.74125 0.5825 0.74125 0.57625
2 0.9237500000000001 0.3525 0.9125 0.3525 0.9125 0.36375 0.9237500000000001 0.36375 0.9237500000000001 0.3525
2 0.9675 0.40625 0.9550000000000001 0.40625 0.9550000000000001 0.41624999999999995 0.9675 0.41624999999999995 0.9675 0.40625
2 0.975 0.4175 0.9637499999999999 0.4175 0.9637499999999999 0.42750000000000005 0.975 0.42750000000000005 0.975 0.4175
2 0.43 0.75625 0.41875 0.75625 0.41875 0.77125 0.43 0.77125 0.43 0.75625
2 0.7575000000000001 0.28375 0.7462500000000001 0.28375 0.7462500000000001 0.29 0.7575000000000001 0.29 0.7575000000000001 0.28375
2 0.50875 0.4375 0.505 0.4375 0.505 0.45875000000000005 0.50875 0.45875000000000005 0.50875 0.4375
2 0.06999999999999999 0.08499999999999999 0.05500000000000001 0.08499999999999999 0.05500000000000001 0.095 0.06999999999999999 0.095 0.06999999999999999 0.08499999999999999
2 0.25875 0.28375 0.24625 0.28375 0.24625 0.29375 0.25875 0.29375 0.25875 0.28375
2 0.44000000000000006 0.755 0.43 0.755 0.43 0.76875 0.44000000000000006 0.76875 0.44000000000000006 0.755