2 0.44625000000000004 0.13 0.43624999999999997 0.13 0.43624999999999997 0.13374999999999998 0.44625000000000004 0.13374999999999998 0.44625000000000004 0.13
2 0.2425 0.1125 0.2325 0.1125 0.2325 0.11750000000000001 0.2425 0.11750000000000001 0.2425 0.1125
2 0.9337500000000001 0.0125 0.92125 0.0125 0.92125 0.01875 0.9337500000000001 0.01875 0.9337500000000001 0.0125
2 0.53125 0.06875 0.51625 0.06875 0.51625 0.0725 0.53125 0.0725 0.53125 0.06875
2 0.5475 0.08 0.53125 0.08 0.53125 0.08625000000000001 0.5475 0.08625000000000001 0.5475 0.08
2 0.545 0.075 0.53125 0.075 0.53125 0.08125 0.545 0.08125 0.545 0.075
2 0.55 0.06875 0.53125 0.06875 0.53125 0.075 0.55 0.075 0.55 0.06875
2 0.5662499999999999 0.0725 0.5475 0.0725 0.5475 0.08 0.5662499999999999 0.08 0.5662499999999999 0.0725
2 0.5650000000000001 0.06875 0.545 0.06875 0.545 0.0775 0.5650000000000001 0.0775 0.5650000000000001 0.06875
2 0.5549999999999999 0.0625 0.5349999999999999 0.0625 0.5349999999999999 0.06999999999999999 0.5549999999999999 0.06999999999999999 0.5549999999999999 0.0625
2 0.6025 0.10124999999999999 0.595 0.10124999999999999 0.595 0.11374999999999999 0.6025 0.11374999999999999 0.6025 0.10124999999999999
2 0.43 0.355 0.42125 0.355 0.42125 0.35875 0.43 0.35875 0.43 0.355
2 0.5962500000000001 0.38125 0.58125 0.38125 0.58125 0.39125 0.5962500000000001 0.39125 0.5962500000000001 0.38125
2 0.53 0.0725 0.51625 0.0725 0.51625 0.0775 0.53 0.0775 0.53 0.0725
2 0.53 0.07625 0.51625 0.07625 0.51625 0.08499999999999999 0.53 0.08499999999999999 0.53 0.07625
2 0.45875000000000005 0.11625 0.4325 0.11625 0.4325 0.125 0.45875000000000005 0.125 0.45875000000000005 0.11625
2 0.21875 0.11374999999999999 0.20625 0.11374999999999999 0.20625 0.12125 0.21875 0.12125 0.21875 0.11374999999999999
2 0.41375 0.08875 0.4025 0.08875 0.4025 0.0975 0.41375 0.0975 0.41375 0.08875
2 0.18 0.11750000000000001 0.1575 0.11750000000000001 0.1575 0.12375 0.18 0.12375 0.18 0.11750000000000001