2 0.93 0.79875 0.9225 0.79875 0.9225 0.8175000000000001 0.93 0.8175000000000001 0.93 0.79875
2 0.8975 0.76 0.89375 0.76 0.89375 0.765 0.8975 0.765 0.8975 0.76
2 0.8925000000000001 0.5237499999999999 0.8887499999999999 0.5237499999999999 0.8887499999999999 0.53 0.8925000000000001 0.53 0.8925000000000001 0.5237499999999999
2 0.84375 0.5125 0.8387499999999999 0.5125 0.8387499999999999 0.51875 0.84375 0.51875 0.84375 0.5125
2 0.7275 0.7162499999999999 0.7212500000000001 0.7162499999999999 0.7212500000000001 0.7224999999999999 0.7275 0.7224999999999999 0.7275 0.7162499999999999
2 0.8462500000000001 0.6625 0.8400000000000001 0.6625 0.8400000000000001 0.6675 0.8462500000000001 0.6675 0.8462500000000001 0.6625
2 0.8262499999999999 0.6525000000000001 0.82 0.6525000000000001 0.82 0.65625 0.8262499999999999 0.65625 0.8262499999999999 0.6525000000000001
2 0.925 0.08625000000000001 0.91625 0.08625000000000001 0.91625 0.10625 0.925 0.10625 0.925 0.08625000000000001
2 0.915 0.8675 0.90625 0.8675 0.90625 0.8875 0.915 0.8875 0.915 0.8675
2 0.1625 0.39875 0.13999999999999999 0.39875 0.13999999999999999 0.41875 0.1625 0.41875 0.1625 0.39875
2 0.19624999999999998 0.42000000000000004 0.17250000000000001 0.42000000000000004 0.17250000000000001 0.43875000000000003 0.19624999999999998 0.43875000000000003 0.19624999999999998 0.42000000000000004
2 0.6675 0.75875 0.64625 0.75875 0.64625 0.775 0.6675 0.775 0.6675 0.75875
2 0.75125 0.6837500000000001 0.7375 0.6837500000000001 0.7375 0.7 0.75125 0.7 0.75125 0.6837500000000001
2 0.865 0.44000000000000006 0.86 0.44000000000000006 0.86 0.45625 0.865 0.45625 0.865 0.44000000000000006
2 0.9 0.29874999999999996 0.8949999999999999 0.29874999999999996 0.8949999999999999 0.3175 0.9 0.3175 0.9 0.29874999999999996
2 0.9862500000000001 0.83125 0.9675 0.83125 0.9675 0.8550000000000001 0.9862500000000001 0.8550000000000001 0.9862500000000001 0.83125
2 0.8724999999999999 0.61 0.865 0.61 0.865 0.63375 0.8724999999999999 0.63375 0.8724999999999999 0.61
2 0.8925000000000001 0.34750000000000003 0.8875 0.34750000000000003 0.8875 0.36375 0.8925000000000001 0.36375 0.8925000000000001 0.34750000000000003