2 0.52625 0.11750000000000001 0.51375 0.11750000000000001 0.51375 0.125 0.52625 0.125 0.52625 0.11750000000000001
2 0.5075000000000001 0.12125 0.495 0.12125 0.495 0.13125 0.5075000000000001 0.13125 0.5075000000000001 0.12125
2 0.46375 0.1275 0.45125000000000004 0.1275 0.45125000000000004 0.13625 0.46375 0.13625 0.46375 0.1275
2 0.6900000000000001 0.19875 0.6825 0.19875 0.6825 0.21125 0.6900000000000001 0.21125 0.6900000000000001 0.19875
2 0.6825 0.255 0.67625 0.255 0.67625 0.26749999999999996 0.6825 0.26749999999999996 0.6825 0.255
2 0.5425 0.465 0.53125 0.465 0.53125 0.475 0.5425 0.475 0.5425 0.465
2 0.5287499999999999 0.47125000000000006 0.5175 0.47125000000000006 0.5175 0.48250000000000004 0.5287499999999999 0.48250000000000004 0.5287499999999999 0.47125000000000006
2 0.51125 0.7025 0.49749999999999994 0.7025 0.49749999999999994 0.71 0.51125 0.71 0.51125 0.7025
2 0.42000000000000004 0.95375 0.4125 0.95375 0.4125 0.96875 0.42000000000000004 0.96875 0.42000000000000004 0.95375
2 0.81375 0.042499999999999996 0.80625 0.042499999999999996 0.80625 0.057499999999999996 0.81375 0.057499999999999996 0.81375 0.042499999999999996
2 0.49124999999999996 0.12625 0.47874999999999995 0.12625 0.47874999999999995 0.1325 0.49124999999999996 0.1325 0.49124999999999996 0.12625
2 0.5875 0.705 0.57625 0.705 0.57625 0.7125 0.5875 0.7125 0.5875 0.705
2 0.9375 0.9775 0.9175000000000001 0.9775 0.9175000000000001 0.985 0.9375 0.985 0.9375 0.9775
2 0.10500000000000001 0.06375 0.0975 0.06375 0.0975 0.07875 0.10500000000000001 0.07875 0.10500000000000001 0.06375
2 0.10500000000000001 0.08 0.0975 0.08 0.0975 0.09125 0.10500000000000001 0.09125 0.10500000000000001 0.08
2 0.1025 0.0975 0.09625 0.0975 0.09625 0.11125 0.1025 0.11125 0.1025 0.0975
2 0.2475 0.1625 0.23500000000000001 0.1625 0.23500000000000001 0.16875 0.2475 0.16875 0.2475 0.1625
2 0.6425 0.56125 0.62 0.56125 0.62 0.57875 0.6425 0.57875 0.6425 0.56125
2 0.48250000000000004 0.515 0.47125000000000006 0.515 0.47125000000000006 0.52125 0.48250000000000004 0.52125 0.48250000000000004 0.515
2 0.49375 0.505 0.48 0.505 0.48 0.51875 0.49375 0.51875 0.49375 0.505
2 0.57125 0.44749999999999995 0.55625 0.44749999999999995 0.55625 0.4575 0.57125 0.4575 0.57125 0.44749999999999995
2 0.10500000000000001 0.0125 0.09875 0.0125 0.09875 0.03 0.10500000000000001 0.03 0.10500000000000001 0.0125
2 0.1525 0.6975 0.13 0.6975 0.13 0.71375 0.1525 0.71375 0.1525 0.6975
2 0.12 0.32375 0.1125 0.32375 0.1125 0.33875 0.12 0.33875 0.12 0.32375
2 0.10500000000000001 0.13 0.0975 0.13 0.0975 0.14750000000000002 0.10500000000000001 0.14750000000000002 0.10500000000000001 0.13
2 0.11750000000000001 0.27749999999999997 0.11125 0.27749999999999997 0.11125 0.29 0.11750000000000001 0.29 0.11750000000000001 0.27749999999999997
2 0.11374999999999999 0.35875 0.10625 0.35875 0.10625 0.37 0.11374999999999999 0.37 0.11374999999999999 0.35875
2 0.11875 0.2925 0.11374999999999999 0.2925 0.11374999999999999 0.305 0.11875 0.305 0.11875 0.2925
2 0.0975 0.2925 0.08249999999999999 0.2925 0.08249999999999999 0.29874999999999996 0.0975 0.29874999999999996 0.0975 0.2925
2 0.0975 0.30125 0.08499999999999999 0.30125 0.08499999999999999 0.305 0.0975 0.305 0.0975 0.30125
2 0.0975 0.30874999999999997 0.08499999999999999 0.30874999999999997 0.08499999999999999 0.315 0.0975 0.315 0.0975 0.30874999999999997
2 0.10625 0.34125 0.09875 0.34125 0.09875 0.35375 0.10625 0.35375 0.10625 0.34125
2 0.10625 0.35625 0.1 0.35625 0.1 0.3675 0.10625 0.3675 0.10625 0.35625
2 0.51375 0.042499999999999996 0.50125 0.042499999999999996 0.50125 0.05500000000000001 0.51375 0.05500000000000001 0.51375 0.042499999999999996
2 0.15125 0.175 0.13625 0.175 0.13625 0.18375 0.15125 0.18375 0.15125 0.175
2 0.225 0.23875000000000002 0.21749999999999997 0.23875000000000002 0.21749999999999997 0.255 0.225 0.255 0.225 0.23875000000000002
2 0.2425 0.9237500000000001 0.23625 0.9237500000000001 0.23625 0.9375 0.2425 0.9375 0.2425 0.9237500000000001
2 0.515 0.8 0.49874999999999997 0.8 0.49874999999999997 0.8087500000000001 0.515 0.8087500000000001 0.515 0.8
2 0.51 0.825 0.49749999999999994 0.825 0.49749999999999994 0.8324999999999999 0.51 0.8324999999999999 0.51 0.825
2 0.57375 0.95 0.5625 0.95 0.5625 0.95875 0.57375 0.95875 0.57375 0.95
2 0.7175 0.95625 0.71 0.95625 0.71 0.9675 0.7175 0.9675 0.7175 0.95625
2 0.62375 0.7112499999999999 0.6125 0.7112499999999999 0.6125 0.7162499999999999 0.62375 0.7162499999999999 0.62375 0.7112499999999999
2 0.6849999999999999 0.6 0.67375 0.6 0.67375 0.61 0.6849999999999999 0.61 0.6849999999999999 0.6
2 0.6875 0.225 0.6799999999999999 0.225 0.6799999999999999 0.2375 0.6875 0.2375 0.6875 0.225
2 0.73375 0.0725 0.7275 0.0725 0.7275 0.08499999999999999 0.73375 0.08499999999999999 0.73375 0.0725