2 0.325 0.5525 0.31124999999999997 0.5525 0.31124999999999997 0.56125 0.325 0.56125 0.325 0.5525
2 0.58125 0.45999999999999996 0.57125 0.45999999999999996 0.57125 0.47375 0.58125 0.47375 0.58125 0.45999999999999996
2 0.2225 0.5662499999999999 0.21000000000000002 0.5662499999999999 0.21000000000000002 0.5825 0.2225 0.5825 0.2225 0.5662499999999999
2 0.3225 0.35625 0.3075 0.35625 0.3075 0.37625000000000003 0.3225 0.37625000000000003 0.3225 0.35625
2 0.445 0.9237500000000001 0.42750000000000005 0.9237500000000001 0.42750000000000005 0.93125 0.445 0.93125 0.445 0.9237500000000001
2 0.1925 0.63125 0.1775 0.63125 0.1775 0.65125 0.1925 0.65125 0.1925 0.63125
2 0.63125 0.465 0.6174999999999999 0.465 0.6174999999999999 0.47375 0.63125 0.47375 0.63125 0.465
2 0.9375 0.72375 0.9262499999999999 0.72375 0.9262499999999999 0.72875 0.9375 0.72875 0.9375 0.72375
2 0.97625 0.11499999999999999 0.9712500000000001 0.11499999999999999 0.9712500000000001 0.12625 0.97625 0.12625 0.97625 0.11499999999999999
2 0.4725 0.9112500000000001 0.45875000000000005 0.9112500000000001 0.45875000000000005 0.9237500000000001 0.4725 0.9237500000000001 0.4725 0.9112500000000001
2 0.6212500000000001 0.885 0.60875 0.885 0.60875 0.89375 0.6212500000000001 0.89375 0.6212500000000001 0.885
2 0.5900000000000001 0.8787499999999999 0.57625 0.8787499999999999 0.57625 0.8887499999999999 0.5900000000000001 0.8887499999999999 0.5900000000000001 0.8787499999999999
2 0.57375 0.8862500000000001 0.5587500000000001 0.8862500000000001 0.5587500000000001 0.89625 0.57375 0.89625 0.57375 0.8862500000000001
2 0.35625 0.3075 0.34500000000000003 0.3075 0.34500000000000003 0.325 0.35625 0.325 0.35625 0.3075
2 0.38375 0.4025 0.36875 0.4025 0.36875 0.41125 0.38375 0.41125 0.38375 0.4025
2 0.47625 0.43875000000000003 0.46624999999999994 0.43875000000000003 0.46624999999999994 0.45 0.47625 0.45 0.47625 0.43875000000000003
2 0.5275000000000001 0.4175 0.515 0.4175 0.515 0.42625 0.5275000000000001 0.42625 0.5275000000000001 0.4175
2 0.6025 0.44625000000000004 0.595 0.44625000000000004 0.595 0.45875000000000005 0.6025 0.45875000000000005 0.6025 0.44625000000000004
2 0.605 0.3075 0.59375 0.3075 0.59375 0.31625000000000003 0.605 0.31625000000000003 0.605 0.3075
2 0.62625 0.6375 0.60375 0.6375 0.60375 0.64625 0.62625 0.64625 0.62625 0.6375
2 0.66625 0.58875 0.6575 0.58875 0.6575 0.6025 0.66625 0.6025 0.66625 0.58875
2 0.5337500000000001 0.86875 0.52125 0.86875 0.52125 0.87625 0.5337500000000001 0.87625 0.5337500000000001 0.86875
2 0.23374999999999999 0.9800000000000001 0.22625 0.9800000000000001 0.22625 0.9925 0.23374999999999999 0.9925 0.23374999999999999 0.9800000000000001
2 0.9400000000000001 0.5375 0.93125 0.5375 0.93125 0.55 0.9400000000000001 0.55 0.9400000000000001 0.5375