2 0.22625 0.9412499999999999 0.21749999999999997 0.9412499999999999 0.21749999999999997 0.9550000000000001 0.22625 0.9550000000000001 0.22625 0.9412499999999999
2 0.74 0.5875 0.7275 0.5875 0.7275 0.59875 0.74 0.59875 0.74 0.5875
2 0.76 0.00375 0.7537499999999999 0.00375 0.7537499999999999 0.01625 0.76 0.01625 0.76 0.00375
2 0.75125 0.01875 0.745 0.01875 0.745 0.03 0.75125 0.03 0.75125 0.01875
2 0.7474999999999999 0.015 0.73875 0.015 0.73875 0.027500000000000004 0.7474999999999999 0.027500000000000004 0.7474999999999999 0.015
2 0.86625 0.15875 0.8525 0.15875 0.8525 0.1675 0.86625 0.1675 0.86625 0.15875
2 0.8775000000000001 0.11374999999999999 0.8637499999999999 0.11374999999999999 0.8637499999999999 0.12125 0.8775000000000001 0.12125 0.8775000000000001 0.11374999999999999
2 0.88125 0.08875 0.8675 0.08875 0.8675 0.0975 0.88125 0.0975 0.88125 0.08875
2 0.65 0.46125 0.64375 0.46125 0.64375 0.47125000000000006 0.65 0.47125000000000006 0.65 0.46125
2 0.6599999999999999 0.465 0.6537499999999999 0.465 0.6537499999999999 0.47874999999999995 0.6599999999999999 0.47874999999999995 0.6599999999999999 0.465
2 0.66875 0.47000000000000003 0.6587500000000001 0.47000000000000003 0.6587500000000001 0.48250000000000004 0.66875 0.48250000000000004 0.66875 0.47000000000000003
2 0.6775 0.475 0.6675 0.475 0.6675 0.48875 0.6775 0.48875 0.6775 0.475
2 0.6900000000000001 0.48375 0.6799999999999999 0.48375 0.6799999999999999 0.49749999999999994 0.6900000000000001 0.49749999999999994 0.6900000000000001 0.48375
2 0.6375 0.47375 0.6224999999999999 0.47375 0.6224999999999999 0.485 0.6375 0.485 0.6375 0.47375
2 0.73125 0.55 0.72 0.55 0.72 0.55625 0.73125 0.55625 0.73125 0.55
2 0.75625 0.5974999999999999 0.74375 0.5974999999999999 0.74375 0.61125 0.75625 0.61125 0.75625 0.5974999999999999
2 0.7675 0.60875 0.7537499999999999 0.60875 0.7537499999999999 0.6212500000000001 0.7675 0.6212500000000001 0.7675 0.60875
2 0.69375 0.51875 0.67875 0.51875 0.67875 0.53125 0.69375 0.53125 0.69375 0.51875
2 0.7112499999999999 0.5025000000000001 0.70375 0.5025000000000001 0.70375 0.51375 0.7112499999999999 0.51375 0.7112499999999999 0.5025000000000001
2 0.5237499999999999 0.49874999999999997 0.51125 0.49874999999999997 0.51125 0.51125 0.5237499999999999 0.51125 0.5237499999999999 0.49874999999999997
2 0.5337500000000001 0.5125 0.5225 0.5125 0.5225 0.52125 0.5337500000000001 0.52125 0.5337500000000001 0.5125
2 0.5425 0.5175 0.5275000000000001 0.5175 0.5275000000000001 0.5275000000000001 0.5425 0.5275000000000001 0.5425 0.5175
2 0.5425 0.48875 0.5349999999999999 0.48875 0.5349999999999999 0.5 0.5425 0.5 0.5425 0.48875
2 0.5349999999999999 0.48250000000000004 0.525 0.48250000000000004 0.525 0.49625 0.5349999999999999 0.49625 0.5349999999999999 0.48250000000000004
2 0.5287499999999999 0.47375 0.52 0.47375 0.52 0.4875 0.5287499999999999 0.4875 0.5287499999999999 0.47375
2 0.83125 0.8787499999999999 0.8225 0.8787499999999999 0.8225 0.8925000000000001 0.83125 0.8925000000000001 0.83125 0.8787499999999999
2 0.75875 0.017499999999999998 0.7525000000000001 0.017499999999999998 0.7525000000000001 0.03 0.75875 0.03 0.75875 0.017499999999999998
2 0.76875 0.01875 0.75875 0.01875 0.75875 0.0325 0.76875 0.0325 0.76875 0.01875
2 0.7787499999999999 0.021249999999999998 0.77125 0.021249999999999998 0.77125 0.03125 0.7787499999999999 0.03125 0.7787499999999999 0.021249999999999998
2 0.7875 0.02375 0.7787499999999999 0.02375 0.7787499999999999 0.034999999999999996 0.7875 0.034999999999999996 0.7875 0.02375
2 0.9475 0.5375 0.9337500000000001 0.5375 0.9337500000000001 0.55125 0.9475 0.55125 0.9475 0.5375
2 0.93625 0.5525 0.9237500000000001 0.5525 0.9237500000000001 0.56375 0.93625 0.56375 0.93625 0.5525
2 0.92875 0.54125 0.91625 0.54125 0.91625 0.5549999999999999 0.92875 0.5549999999999999 0.92875 0.54125
2 0.89875 0.175 0.8887499999999999 0.175 0.8887499999999999 0.1825 0.89875 0.1825 0.89875 0.175
2 0.8387499999999999 0.03 0.8300000000000001 0.03 0.8300000000000001 0.045 0.8387499999999999 0.045 0.8387499999999999 0.03
2 0.80375 0.026250000000000002 0.79625 0.026250000000000002 0.79625 0.03875 0.80375 0.03875 0.80375 0.026250000000000002
2 0.21749999999999997 0.09375 0.20875 0.09375 0.20875 0.10500000000000001 0.21749999999999997 0.10500000000000001 0.21749999999999997 0.09375
2 0.49124999999999996 0.49625 0.47625 0.49625 0.47625 0.51125 0.49124999999999996 0.51125 0.49124999999999996 0.49625
2 0.48 0.48875 0.46624999999999994 0.48875 0.46624999999999994 0.50125 0.48 0.50125 0.48 0.48875
2 0.4725 0.48624999999999996 0.45999999999999996 0.48624999999999996 0.45999999999999996 0.49874999999999997 0.4725 0.49874999999999997 0.4725 0.48624999999999996
2 0.23625 0.021249999999999998 0.22749999999999998 0.021249999999999998 0.22749999999999998 0.03625 0.23625 0.03625 0.23625 0.021249999999999998
2 0.24874999999999997 0.017499999999999998 0.24125000000000002 0.017499999999999998 0.24125000000000002 0.028749999999999998 0.24874999999999997 0.028749999999999998 0.24874999999999997 0.017499999999999998
2 0.25375000000000003 0.01125 0.2475 0.01125 0.2475 0.02375 0.25375000000000003 0.02375 0.25375000000000003 0.01125
2 0.265 0.00375 0.2575 0.00375 0.2575 0.01875 0.265 0.01875 0.265 0.00375
2 0.27125 0.0025 0.265 0.0025 0.265 0.015 0.27125 0.015 0.27125 0.0025
2 0.28375 0.05625 0.2725 0.05625 0.2725 0.06999999999999999 0.28375 0.06999999999999999 0.28375 0.05625
2 0.26125 0.0675 0.2525 0.0675 0.2525 0.07875 0.26125 0.07875 0.26125 0.0675
2 0.23875000000000002 0.08 0.22875 0.08 0.22875 0.0925 0.23875000000000002 0.0925 0.23875000000000002 0.08
2 0.22875 0.08499999999999999 0.22125 0.08499999999999999 0.22125 0.0975 0.22875 0.0975 0.22875 0.08499999999999999
2 0.2225 0.0875 0.21625 0.0875 0.21625 0.1 0.2225 0.1 0.2225 0.0875
2 0.20750000000000002 0.0975 0.2 0.0975 0.2 0.10874999999999999 0.20750000000000002 0.10874999999999999 0.20750000000000002 0.0975
2 0.5225 0.74375 0.515 0.74375 0.515 0.76125 0.5225 0.76125 0.5225 0.74375
2 0.2 0.1 0.1925 0.1 0.1925 0.1125 0.2 0.1125 0.2 0.1
2 0.18375 0.10500000000000001 0.1775 0.10500000000000001 0.1775 0.11750000000000001 0.18375 0.11750000000000001 0.18375 0.10500000000000001
2 0.17625 0.11000000000000001 0.16875 0.11000000000000001 0.16875 0.12125 0.17625 0.12125 0.17625 0.11000000000000001
2 0.15 0.12375 0.14125000000000001 0.12375 0.14125000000000001 0.1375 0.15 0.1375 0.15 0.12375
2 0.14250000000000002 0.12875 0.135 0.12875 0.135 0.14125000000000001 0.14250000000000002 0.14125000000000001 0.14250000000000002 0.12875
2 0.13625 0.13125 0.12875 0.13125 0.12875 0.14375 0.13625 0.14375 0.13625 0.13125
2 0.12375 0.135 0.11499999999999999 0.135 0.11499999999999999 0.15 0.12375 0.15 0.12375 0.135
2 0.057499999999999996 0.17375000000000002 0.04875 0.17375000000000002 0.04875 0.185 0.057499999999999996 0.185 0.057499999999999996 0.17375000000000002
2 0.05 0.17875000000000002 0.041249999999999995 0.17875000000000002 0.041249999999999995 0.19 0.05 0.19 0.05 0.17875000000000002
2 0.01875 0.19 0.01 0.19 0.01 0.20125 0.01875 0.20125 0.01875 0.19
2 0.19 0.14250000000000002 0.18 0.14250000000000002 0.18 0.1575 0.19 0.1575 0.19 0.14250000000000002
2 0.185 0.145 0.17375000000000002 0.145 0.17375000000000002 0.16 0.185 0.16 0.185 0.145
2 0.1775 0.15125 0.1675 0.15125 0.1675 0.1625 0.1775 0.1625 0.1775 0.15125
2 0.5349999999999999 0.7224999999999999 0.52 0.7224999999999999 0.52 0.7325 0.5349999999999999 0.7325 0.5349999999999999 0.7224999999999999
2 0.51375 0.74 0.5075000000000001 0.74 0.5075000000000001 0.7537499999999999 0.51375 0.7537499999999999 0.51375 0.74
2 0.5625 0.49749999999999994 0.55375 0.49749999999999994 0.55375 0.51625 0.5625 0.51625 0.5625 0.49749999999999994
2 0.6275000000000001 0.50625 0.6174999999999999 0.50625 0.6174999999999999 0.51625 0.6275000000000001 0.51625 0.6275000000000001 0.50625
2 0.64 0.51375 0.63 0.51375 0.63 0.5237499999999999 0.64 0.5237499999999999 0.64 0.51375
2 0.66625 0.5349999999999999 0.655 0.5349999999999999 0.655 0.545 0.66625 0.545 0.66625 0.5349999999999999
2 0.67875 0.5425 0.66875 0.5425 0.66875 0.55125 0.67875 0.55125 0.67875 0.5425
2 0.6625 0.5 0.65125 0.5 0.65125 0.51125 0.6625 0.51125 0.6625 0.5
2 0.505 0.34500000000000003 0.495 0.34500000000000003 0.495 0.35875 0.505 0.35875 0.505 0.34500000000000003
2 0.495 0.3525 0.48624999999999996 0.3525 0.48624999999999996 0.3625 0.495 0.3625 0.495 0.3525
2 0.49000000000000005 0.38625 0.47874999999999995 0.38625 0.47874999999999995 0.39625 0.49000000000000005 0.39625 0.49000000000000005 0.38625
2 0.3625 0.7175 0.35750000000000004 0.7175 0.35750000000000004 0.72875 0.3625 0.72875 0.3625 0.7175
2 0.41 0.63625 0.3975 0.63625 0.3975 0.6487499999999999 0.41 0.6487499999999999 0.41 0.63625
2 0.42125 0.61 0.40875000000000006 0.61 0.40875000000000006 0.6174999999999999 0.42125 0.6174999999999999 0.42125 0.61
2 0.42874999999999996 0.59375 0.41500000000000004 0.59375 0.41500000000000004 0.60375 0.42874999999999996 0.60375 0.42874999999999996 0.59375
2 0.45625 0.52625 0.4425 0.52625 0.4425 0.5325 0.45625 0.5325 0.45625 0.52625
2 0.34249999999999997 0.6675 0.32999999999999996 0.6675 0.32999999999999996 0.6837500000000001 0.34249999999999997 0.6837500000000001 0.34249999999999997 0.6675
2 0.5075000000000001 0.7325 0.5 0.7325 0.5 0.74875 0.5075000000000001 0.74875 0.5075000000000001 0.7325
2 0.14375 0.545 0.12875 0.545 0.12875 0.5587500000000001 0.14375 0.5587500000000001 0.14375 0.545
2 0.15625 0.57875 0.14250000000000002 0.57875 0.14250000000000002 0.59375 0.15625 0.59375 0.15625 0.57875
2 0.095 0.62 0.08375 0.62 0.08375 0.6375 0.095 0.6375 0.095 0.62
2 0.08875 0.54875 0.075 0.54875 0.075 0.56125 0.08875 0.56125 0.08875 0.54875
2 0.19375 0.40125 0.18 0.40125 0.18 0.41375 0.19375 0.41375 0.19375 0.40125
2 0.01 0.36375 0.00125 0.36375 0.00125 0.3775 0.01 0.3775 0.01 0.36375
2 0.135 0.2375 0.12625 0.2375 0.12625 0.25375000000000003 0.135 0.25375000000000003 0.135 0.2375
2 0.02 0.40499999999999997 0.00375 0.40499999999999997 0.00375 0.41624999999999995 0.02 0.41624999999999995 0.02 0.40499999999999997
2 0.017499999999999998 0.41375 0.005 0.41375 0.005 0.42125 0.017499999999999998 0.42125 0.017499999999999998 0.41375
2 0.013750000000000002 0.42000000000000004 0.00125 0.42000000000000004 0.00125 0.42750000000000005 0.013750000000000002 0.42750000000000005 0.013750000000000002 0.42000000000000004
2 0.48624999999999996 0.71875 0.47874999999999995 0.71875 0.47874999999999995 0.735 0.48624999999999996 0.735 0.48624999999999996 0.71875
2 0.49375 0.7224999999999999 0.485 0.7224999999999999 0.485 0.73875 0.49375 0.73875 0.49375 0.7224999999999999
2 0.5 0.72875 0.4925 0.72875 0.4925 0.745 0.5 0.745 0.5 0.72875
2 0.16999999999999998 0.155 0.15875 0.155 0.15875 0.1675 0.16999999999999998 0.1675 0.16999999999999998 0.155
2 0.16375 0.1575 0.15375 0.1575 0.15375 0.17250000000000001 0.16375 0.17250000000000001 0.16375 0.1575
2 0.155 0.16125 0.14875 0.16125 0.14875 0.175 0.155 0.175 0.155 0.16125
2 0.475 0.00375 0.4625 0.00375 0.4625 0.02 0.475 0.02 0.475 0.00375
2 0.21875 0.20249999999999999 0.20875 0.20249999999999999 0.20875 0.2125 0.21875 0.2125 0.21875 0.20249999999999999
2 0.22374999999999998 0.215 0.21375000000000002 0.215 0.21375000000000002 0.22374999999999998 0.22374999999999998 0.22374999999999998 0.22374999999999998 0.215
2 0.18875 0.18 0.1675 0.18 0.1675 0.1925 0.18875 0.1925 0.18875 0.18
2 0.18 0.1875 0.16875 0.1875 0.16875 0.19624999999999998 0.18 0.19624999999999998 0.18 0.1875
2 0.5387500000000001 0.26875 0.53 0.26875 0.53 0.28375 0.5387500000000001 0.28375 0.5387500000000001 0.26875
2 0.195 0.16625 0.1825 0.16625 0.1825 0.175 0.195 0.175 0.195 0.16625
2 0.34875 0.025 0.34249999999999997 0.025 0.34249999999999997 0.03625 0.34875 0.03625 0.34875 0.025
2 0.3675 0.01625 0.35875 0.01625 0.35875 0.027500000000000004 0.3675 0.027500000000000004 0.3675 0.01625
2 0.4125 0.0375 0.40374999999999994 0.0375 0.40374999999999994 0.0475 0.4125 0.0475 0.4125 0.0375
2 0.42374999999999996 0.03125 0.4125 0.03125 0.4125 0.041249999999999995 0.42374999999999996 0.041249999999999995 0.42374999999999996 0.03125
2 0.4375 0.026250000000000002 0.42750000000000005 0.026250000000000002 0.42750000000000005 0.0375 0.4375 0.0375 0.4375 0.026250000000000002
2 0.45125000000000004 0.017499999999999998 0.4425 0.017499999999999998 0.4425 0.03 0.45125000000000004 0.03 0.45125000000000004 0.017499999999999998
2 0.445 0.00375 0.43 0.00375 0.43 0.01625 0.445 0.01625 0.445 0.00375
2 0.6287499999999999 0.00625 0.61875 0.00625 0.61875 0.02 0.6287499999999999 0.02 0.6287499999999999 0.00625
2 0.14875 0.16375 0.13999999999999999 0.16375 0.13999999999999999 0.17625 0.14875 0.17625 0.14875 0.16375
2 0.645 0.01875 0.63625 0.01875 0.63625 0.03125 0.645 0.03125 0.645 0.01875
2 0.6575 0.017499999999999998 0.6487499999999999 0.017499999999999998 0.6487499999999999 0.0325 0.6575 0.0325 0.6575 0.017499999999999998
2 0.645 0.045 0.63625 0.045 0.63625 0.057499999999999996 0.645 0.057499999999999996 0.645 0.045
2 0.63 0.05625 0.62 0.05625 0.62 0.06875 0.63 0.06875 0.63 0.05625
2 0.615 0.045 0.605 0.045 0.605 0.057499999999999996 0.615 0.057499999999999996 0.615 0.045
2 0.6375 0.008749999999999999 0.6275000000000001 0.008749999999999999 0.6275000000000001 0.0225 0.6375 0.0225 0.6375 0.008749999999999999
2 0.13874999999999998 0.0925 0.1325 0.0925 0.1325 0.10375000000000001 0.13874999999999998 0.10375000000000001 0.13874999999999998 0.0925
2 0.18375 0.39 0.1675 0.39 0.1675 0.40625 0.18375 0.40625 0.18375 0.39
2 0.2325 0.4225 0.22125 0.4225 0.22125 0.44000000000000006 0.2325 0.44000000000000006 0.2325 0.4225
2 0.23625 0.68625 0.19875 0.68625 0.19875 0.725 0.23625 0.725 0.23625 0.68625
2 0.59375 0.94625 0.57125 0.94625 0.57125 0.9712500000000001 0.59375 0.9712500000000001 0.59375 0.94625
2 0.225 0.19624999999999998 0.2125 0.19624999999999998 0.2125 0.205 0.225 0.205 0.225 0.19624999999999998
2 0.22625 0.19 0.21625 0.19 0.21625 0.19875 0.22625 0.19875 0.22625 0.19
2 0.22999999999999998 0.18375 0.21749999999999997 0.18375 0.21749999999999997 0.19375 0.22999999999999998 0.19375 0.22999999999999998 0.18375
2 0.23875000000000002 0.1625 0.22625 0.1625 0.22625 0.17124999999999999 0.23875000000000002 0.17124999999999999 0.23875000000000002 0.1625
2 0.14375 0.16875 0.135 0.16875 0.135 0.17875000000000002 0.14375 0.17875000000000002 0.14375 0.16875
2 0.135 0.16999999999999998 0.125 0.16999999999999998 0.125 0.185 0.135 0.185 0.135 0.16999999999999998
2 0.09875 0.19 0.08875 0.19 0.08875 0.205 0.09875 0.205 0.09875 0.19
2 0.08625000000000001 0.195 0.07625 0.195 0.07625 0.21125 0.08625000000000001 0.21125 0.08625000000000001 0.195
2 0.07875 0.1975 0.06999999999999999 0.1975 0.06999999999999999 0.21375000000000002 0.07875 0.21375000000000002 0.07875 0.1975
2 0.06999999999999999 0.20625 0.0625 0.20625 0.0625 0.21749999999999997 0.06999999999999999 0.21749999999999997 0.06999999999999999 0.20625
2 0.17875000000000002 0.195 0.16499999999999998 0.195 0.16499999999999998 0.20750000000000002 0.17875000000000002 0.20750000000000002 0.17875000000000002 0.195
2 0.2125 0.2475 0.20375000000000001 0.2475 0.20375000000000001 0.2575 0.2125 0.2575 0.2125 0.2475
2 0.605 0.09375 0.5912499999999999 0.09375 0.5912499999999999 0.1125 0.605 0.1125 0.605 0.09375
2 0.48125 0.12125 0.47125000000000006 0.12125 0.47125000000000006 0.135 0.48125 0.135 0.48125 0.12125
2 0.495 0.12875 0.485 0.12875 0.485 0.14125000000000001 0.495 0.14125000000000001 0.495 0.12875
2 0.5275000000000001 0.057499999999999996 0.51875 0.057499999999999996 0.51875 0.06999999999999999 0.5275000000000001 0.06999999999999999 0.5275000000000001 0.057499999999999996
2 0.52125 0.052500000000000005 0.50875 0.052500000000000005 0.50875 0.06625 0.52125 0.06625 0.52125 0.052500000000000005
2 0.35875 0.0875 0.34875 0.0875 0.34875 0.10124999999999999 0.35875 0.10124999999999999 0.35875 0.0875
2 0.3625 0.0625 0.35125 0.0625 0.35125 0.07625 0.3625 0.07625 0.3625 0.0625
2 0.35375 0.06875 0.34375 0.06875 0.34375 0.07875 0.35375 0.07875 0.35375 0.06875
2 0.3375 0.07625 0.32875 0.07625 0.32875 0.0875 0.3375 0.0875 0.3375 0.07625
2 0.2875 0.09625 0.27749999999999997 0.09625 0.27749999999999997 0.1075 0.2875 0.1075 0.2875 0.09625
2 0.28250000000000003 0.09875 0.27125 0.09875 0.27125 0.11125 0.28250000000000003 0.11125 0.28250000000000003 0.09875
2 0.27625 0.1025 0.265 0.1025 0.265 0.11499999999999999 0.27625 0.11499999999999999 0.27625 0.1025
2 0.25375000000000003 0.11499999999999999 0.24 0.11499999999999999 0.24 0.12625 0.25375000000000003 0.12625 0.25375000000000003 0.11499999999999999
2 0.24625 0.11625 0.23875000000000002 0.11625 0.23875000000000002 0.1275 0.24625 0.1275 0.24625 0.11625
2 0.23875000000000002 0.12125 0.22999999999999998 0.12125 0.22999999999999998 0.1325 0.23875000000000002 0.1325 0.23875000000000002 0.12125
2 0.23374999999999999 0.12375 0.22374999999999998 0.12375 0.22374999999999998 0.13625 0.23374999999999999 0.13625 0.23374999999999999 0.12375
2 0.22625 0.12375 0.21749999999999997 0.12375 0.21749999999999997 0.1375 0.22625 0.1375 0.22625 0.12375
2 0.24 0.13999999999999999 0.22875 0.13999999999999999 0.22875 0.15125 0.24 0.15125 0.24 0.13999999999999999
2 0.24 0.15625 0.22749999999999998 0.15625 0.22749999999999998 0.16625 0.24 0.16625 0.24 0.15625
2 0.61625 0.49625 0.60375 0.49625 0.60375 0.50875 0.61625 0.50875 0.61625 0.49625
2 0.60375 0.63375 0.59375 0.63375 0.59375 0.6475 0.60375 0.6475 0.60375 0.63375
2 0.5862499999999999 0.62 0.5775 0.62 0.5775 0.6325000000000001 0.5862499999999999 0.6325000000000001 0.5862499999999999 0.62
2 0.26875 0.8462500000000001 0.2575 0.8462500000000001 0.2575 0.85375 0.26875 0.85375 0.26875 0.8462500000000001
2 0.21749999999999997 1 0.21749999999999997 0.99125 0.20375000000000001 0.99125 0.20375000000000001 1 0.21749999999999997 1
2 0.22374999999999998 0.97875 0.21125 0.97875 0.21125 0.9875 0.22374999999999998 0.9875 0.22374999999999998 0.97875
2 0.22625 0.9712500000000001 0.21375000000000002 0.9712500000000001 0.21375000000000002 0.97875 0.22625 0.97875 0.22625 0.9712500000000001
2 0.23500000000000001 0.95375 0.22125 0.95375 0.22125 0.9637499999999999 0.23500000000000001 0.9637499999999999 0.23500000000000001 0.95375
2 0.2475 0.985 0.2375 0.985 0.2375 0.9962500000000001 0.2475 0.9962500000000001 0.2475 0.985
2 0.275 0.91375 0.26625 0.91375 0.26625 0.9275 0.275 0.9275 0.275 0.91375
2 0.25125000000000003 0.9099999999999999 0.23875000000000002 0.9099999999999999 0.23875000000000002 0.9175000000000001 0.25125000000000003 0.9175000000000001 0.25125000000000003 0.9099999999999999
2 0.2525 0.905 0.2425 0.905 0.2425 0.9112500000000001 0.2525 0.9112500000000001 0.2525 0.905
2 0.26 0.88375 0.24874999999999997 0.88375 0.24874999999999997 0.8925000000000001 0.26 0.8925000000000001 0.26 0.88375
2 0.26125 0.8775000000000001 0.25 0.8775000000000001 0.25 0.885 0.26125 0.885 0.26125 0.8775000000000001
2 0.26749999999999996 0.86 0.25375000000000003 0.86 0.25375000000000003 0.8675 0.26749999999999996 0.8675 0.26749999999999996 0.86
2 0.26749999999999996 0.85375 0.255 0.85375 0.255 0.86 0.26749999999999996 0.86 0.26749999999999996 0.85375
2 0.2425 0.8574999999999999 0.23500000000000001 0.8574999999999999 0.23500000000000001 0.8675 0.2425 0.8675 0.2425 0.8574999999999999
2 0.5225 0.9712500000000001 0.5125 0.9712500000000001 0.5125 0.985 0.5225 0.985 0.5225 0.9712500000000001
2 0.2475 0.8400000000000001 0.24125000000000002 0.8400000000000001 0.24125000000000002 0.8525 0.2475 0.8525 0.2475 0.8400000000000001
2 0.26875 0.8275 0.25875 0.8275 0.25875 0.83375 0.26875 0.83375 0.26875 0.8275
2 0.26625 0.81375 0.25625 0.81375 0.25625 0.82125 0.26625 0.82125 0.26625 0.81375
2 0.24375 0.80625 0.23625 0.80625 0.23625 0.82 0.24375 0.82 0.24375 0.80625
2 0.24125000000000002 0.81875 0.23125 0.81875 0.23125 0.8300000000000001 0.24125000000000002 0.8300000000000001 0.24125000000000002 0.81875
2 0.23875000000000002 0.8275 0.22999999999999998 0.8275 0.22999999999999998 0.8400000000000001 0.23875000000000002 0.8400000000000001 0.23875000000000002 0.8275
2 0.18125 0.8150000000000001 0.17124999999999999 0.8150000000000001 0.17124999999999999 0.8262499999999999 0.18125 0.8262499999999999 0.18125 0.8150000000000001
2 0.265 0.86875 0.25125000000000003 0.86875 0.25125000000000003 0.8775000000000001 0.265 0.8775000000000001 0.265 0.86875
2 0.42750000000000005 0.83125 0.4175 0.83125 0.4175 0.8412499999999999 0.42750000000000005 0.8412499999999999 0.42750000000000005 0.83125
2 0.41500000000000004 0.8675 0.4 0.8675 0.4 0.875 0.41500000000000004 0.875 0.41500000000000004 0.8675
2 0.5125 0.8625 0.49874999999999997 0.8625 0.49874999999999997 0.87625 0.5125 0.87625 0.5125 0.8625
2 0.5237499999999999 0.88125 0.50875 0.88125 0.50875 0.89 0.5237499999999999 0.89 0.5237499999999999 0.88125
2 0.54375 0.92875 0.5325 0.92875 0.5325 0.93875 0.54375 0.93875 0.54375 0.92875
2 0.20750000000000002 0.9550000000000001 0.19875 0.9550000000000001 0.19875 0.9675 0.20750000000000002 0.9675 0.20750000000000002 0.9550000000000001
2 0.385 0.8099999999999999 0.3675 0.8099999999999999 0.3675 0.8275 0.385 0.8275 0.385 0.8099999999999999
2 0.45375 0.87375 0.44125 0.87375 0.44125 0.8862500000000001 0.45375 0.8862500000000001 0.45375 0.87375
2 0.37374999999999997 0.7625 0.36 0.7625 0.36 0.7787499999999999 0.37374999999999997 0.7787499999999999 0.37374999999999997 0.7625
2 0.50875 0.9400000000000001 0.49625 0.9400000000000001 0.49625 0.95375 0.50875 0.95375 0.50875 0.9400000000000001
2 0.54625 1 0.54625 0.9875 0.53625 0.9875 0.53625 1 0.54625 1
2 0.58 0.61375 0.5700000000000001 0.61375 0.5700000000000001 0.6287499999999999 0.58 0.6287499999999999 0.58 0.61375
2 0.56875 0.7474999999999999 0.5587500000000001 0.7474999999999999 0.5587500000000001 0.75875 0.56875 0.75875 0.56875 0.7474999999999999
2 0.54625 0.80625 0.5349999999999999 0.80625 0.5349999999999999 0.8175000000000001 0.54625 0.8175000000000001 0.54625 0.80625
2 0.5549999999999999 0.8324999999999999 0.54625 0.8324999999999999 0.54625 0.845 0.5549999999999999 0.845 0.5549999999999999 0.8324999999999999
2 0.5587500000000001 0.8275 0.55125 0.8275 0.55125 0.8400000000000001 0.5587500000000001 0.8400000000000001 0.5587500000000001 0.8275
2 0.5725 0.8175000000000001 0.5625 0.8175000000000001 0.5625 0.83125 0.5725 0.83125 0.5725 0.8175000000000001
2 0.5675 0.8225 0.5575 0.8225 0.5575 0.83375 0.5675 0.83375 0.5675 0.8225
2 0.595 0.80375 0.585 0.80375 0.585 0.8162499999999999 0.595 0.8162499999999999 0.595 0.80375
2 0.6 0.8 0.5912499999999999 0.8 0.5912499999999999 0.81125 0.6 0.81125 0.6 0.8
2 0.605 0.795 0.5962500000000001 0.795 0.5962500000000001 0.8087500000000001 0.605 0.8087500000000001 0.605 0.795
2 0.62625 0.78125 0.6174999999999999 0.78125 0.6174999999999999 0.79375 0.62625 0.79375 0.62625 0.78125
2 0.64125 0.7725 0.6287499999999999 0.7725 0.6287499999999999 0.7849999999999999 0.64125 0.7849999999999999 0.64125 0.7725
2 0.55375 0.73625 0.5425 0.73625 0.5425 0.745 0.55375 0.745 0.55375 0.73625
2 0.5587500000000001 0.73875 0.55 0.73875 0.55 0.75 0.5587500000000001 0.75 0.5587500000000001 0.73875
2 0.56125 0.745 0.5525 0.745 0.5525 0.7537499999999999 0.56125 0.7537499999999999 0.56125 0.745
2 0.58375 0.76 0.57375 0.76 0.57375 0.7725 0.58375 0.7725 0.58375 0.76
2 0.67 0.74875 0.6599999999999999 0.74875 0.6599999999999999 0.7625 0.67 0.7625 0.67 0.74875
2 0.6849999999999999 0.74125 0.67375 0.74125 0.67375 0.75125 0.6849999999999999 0.75125 0.6849999999999999 0.74125
2 0.6900000000000001 0.7375 0.68125 0.7375 0.68125 0.7474999999999999 0.6900000000000001 0.7474999999999999 0.6900000000000001 0.7375
2 0.5662499999999999 0.63625 0.5525 0.63625 0.5525 0.6487499999999999 0.5662499999999999 0.6487499999999999 0.5662499999999999 0.63625
2 0.58 0.65125 0.56875 0.65125 0.56875 0.66125 0.58 0.66125 0.58 0.65125
2 0.5037499999999999 0.6475 0.4925 0.6475 0.4925 0.6599999999999999 0.5037499999999999 0.6599999999999999 0.5037499999999999 0.6475
2 0.5375 0.6875 0.5287499999999999 0.6875 0.5287499999999999 0.7 0.5375 0.7 0.5375 0.6875
2 0.60375 0.705 0.59375 0.705 0.59375 0.7150000000000001 0.60375 0.7150000000000001 0.60375 0.705
2 0.56125 0.67 0.54875 0.67 0.54875 0.6825 0.56125 0.6825 0.56125 0.67
2 0.4125 0.5575 0.4025 0.5575 0.4025 0.5700000000000001 0.4125 0.5700000000000001 0.4125 0.5575
2 0.11499999999999999 0.54625 0.10500000000000001 0.54625 0.10500000000000001 0.5549999999999999 0.11499999999999999 0.5549999999999999 0.11499999999999999 0.54625
2 0.5599999999999999 0.55 0.54625 0.55 0.54625 0.5662499999999999 0.5599999999999999 0.5662499999999999 0.5599999999999999 0.55
2 0.50125 0.625 0.48875 0.625 0.48875 0.6375 0.50125 0.6375 0.50125 0.625
2 0.57375 0.78625 0.5625 0.78625 0.5625 0.79625 0.57375 0.79625 0.57375 0.78625
2 0.5662499999999999 0.78125 0.55625 0.78125 0.55625 0.7925 0.5662499999999999 0.7925 0.5662499999999999 0.78125
2 0.5599999999999999 0.7775000000000001 0.55125 0.7775000000000001 0.55125 0.7887500000000001 0.5599999999999999 0.7887500000000001 0.5599999999999999 0.7775000000000001
2 0.54375 0.765 0.53625 0.765 0.53625 0.775 0.54375 0.775 0.54375 0.765
2 0.6012500000000001 0.9875 0.5900000000000001 0.9875 0.5900000000000001 0.99875 0.6012500000000001 0.99875 0.6012500000000001 0.9875
2 0.5575 0.9012499999999999 0.54875 0.9012499999999999 0.54875 0.9087500000000001 0.5575 0.9087500000000001 0.5575 0.9012499999999999
2 0.5925 0.8875 0.58125 0.8875 0.58125 0.89875 0.5925 0.89875 0.5925 0.8875
2 0.41 0.58375 0.40125 0.58375 0.40125 0.59375 0.41 0.59375 0.41 0.58375
2 0.39875 0.6125 0.3875 0.6125 0.3875 0.6275000000000001 0.39875 0.6275000000000001 0.39875 0.6125
2 0.385 0.6487499999999999 0.37625000000000003 0.6487499999999999 0.37625000000000003 0.6587500000000001 0.385 0.6587500000000001 0.385 0.6487499999999999
2 0.34125 0.6912499999999999 0.33125 0.6912499999999999 0.33125 0.70375 0.34125 0.70375 0.34125 0.6912499999999999
2 0.465 0.8 0.45875000000000005 0.8 0.45875000000000005 0.8125 0.465 0.8125 0.465 0.8
2 0.45999999999999996 0.79625 0.45375 0.79625 0.45375 0.8074999999999999 0.45999999999999996 0.8074999999999999 0.45999999999999996 0.79625
2 0.45375 0.795 0.445 0.795 0.445 0.80625 0.45375 0.80625 0.45375 0.795
2 0.42874999999999996 0.77625 0.42000000000000004 0.77625 0.42000000000000004 0.7875 0.42874999999999996 0.7875 0.42874999999999996 0.77625
2 0.3975 0.71375 0.38125 0.71375 0.38125 0.725 0.3975 0.725 0.3975 0.71375
2 0.3325 0.03 0.32375 0.03 0.32375 0.042499999999999996 0.3325 0.042499999999999996 0.3325 0.03
2 0.14375 0.7025 0.1325 0.7025 0.1325 0.71 0.14375 0.71 0.14375 0.7025
2 0.14875 0.6950000000000001 0.135 0.6950000000000001 0.135 0.70625 0.14875 0.70625 0.14875 0.6950000000000001
2 0.15 0.6837500000000001 0.1375 0.6837500000000001 0.1375 0.69375 0.15 0.69375 0.15 0.6837500000000001
2 0.1525 0.6799999999999999 0.13999999999999999 0.6799999999999999 0.13999999999999999 0.68875 0.1525 0.68875 0.1525 0.6799999999999999
2 0.15375 0.6725 0.14250000000000002 0.6725 0.14250000000000002 0.6849999999999999 0.15375 0.6849999999999999 0.15375 0.6725
2 0.155 0.665 0.14375 0.665 0.14375 0.675 0.155 0.675 0.155 0.665
2 0.01875 0.47625 0.00625 0.47625 0.00625 0.48875 0.01875 0.48875 0.01875 0.47625
2 0.4375 0.57125 0.42750000000000005 0.57125 0.42750000000000005 0.57625 0.4375 0.57625 0.4375 0.57125
2 0.4725 0.5725 0.45999999999999996 0.5725 0.45999999999999996 0.5825 0.4725 0.5825 0.4725 0.5725
2 0.5025000000000001 0.5075000000000001 0.48875 0.5075000000000001 0.48875 0.52125 0.5025000000000001 0.52125 0.5025000000000001 0.5075000000000001
2 0.48375 0.3625 0.47375 0.3625 0.47375 0.3775 0.48375 0.3775 0.48375 0.3625
2 0.6212500000000001 0.15125 0.605 0.15125 0.605 0.15875 0.6212500000000001 0.15875 0.6212500000000001 0.15125
2 0.6275000000000001 0.1375 0.61 0.1375 0.61 0.15 0.6275000000000001 0.15 0.6275000000000001 0.1375
2 0.25125000000000003 0.725 0.24 0.725 0.24 0.73625 0.25125000000000003 0.73625 0.25125000000000003 0.725
2 0.47750000000000004 0.805 0.4725 0.805 0.4725 0.8162499999999999 0.47750000000000004 0.8162499999999999 0.47750000000000004 0.805
2 0.48624999999999996 0.80375 0.48125 0.80375 0.48125 0.8150000000000001 0.48624999999999996 0.8150000000000001 0.48624999999999996 0.80375
2 0.6675 0.96 0.65625 0.96 0.65625 0.9724999999999999 0.6675 0.9724999999999999 0.6675 0.96
2 0.16499999999999998 0.65125 0.1525 0.65125 0.1525 0.6637500000000001 0.16499999999999998 0.6637500000000001 0.16499999999999998 0.65125
2 0.18125 0.64 0.1625 0.64 0.1625 0.6625 0.18125 0.6625 0.18125 0.64
2 0.19624999999999998 0.67 0.1825 0.67 0.1825 0.6837500000000001 0.19624999999999998 0.6837500000000001 0.19624999999999998 0.67
2 0.3975 0.7275 0.38875000000000004 0.7275 0.38875000000000004 0.73375 0.3975 0.73375 0.3975 0.7275
2 0.09375 0.67875 0.08125 0.67875 0.08125 0.6900000000000001 0.09375 0.6900000000000001 0.09375 0.67875
2 0.13874999999999998 0.6599999999999999 0.13 0.6599999999999999 0.13 0.66625 0.13874999999999998 0.66625 0.13874999999999998 0.6599999999999999
2 0.14375 0.6525000000000001 0.13125 0.6525000000000001 0.13125 0.6587500000000001 0.14375 0.6587500000000001 0.14375 0.6525000000000001
2 0.12625 0.6875 0.11499999999999999 0.6875 0.11499999999999999 0.69625 0.12625 0.69625 0.12625 0.6875
2 0.12250000000000001 0.7 0.10874999999999999 0.7 0.10874999999999999 0.70875 0.12250000000000001 0.70875 0.12250000000000001 0.7
2 0.12 0.70625 0.1075 0.70625 0.1075 0.71375 0.12 0.71375 0.12 0.70625
2 0.11875 0.7112499999999999 0.1075 0.7112499999999999 0.1075 0.7224999999999999 0.11875 0.7224999999999999 0.11875 0.7112499999999999
2 0.5549999999999999 0.665 0.54375 0.665 0.54375 0.67875 0.5549999999999999 0.67875 0.5549999999999999 0.665
2 0.54375 0.6587500000000001 0.5325 0.6587500000000001 0.5325 0.67125 0.54375 0.67125 0.54375 0.6587500000000001
2 0.5337500000000001 0.65 0.51875 0.65 0.51875 0.6637500000000001 0.5337500000000001 0.6637500000000001 0.5337500000000001 0.65
2 0.57625 0.71875 0.5662499999999999 0.71875 0.5662499999999999 0.72875 0.57625 0.72875 0.57625 0.71875
2 0.5825 0.7224999999999999 0.57125 0.7224999999999999 0.57125 0.73375 0.5825 0.73375 0.5825 0.7224999999999999
2 0.61875 0.7125 0.605 0.7125 0.605 0.725 0.61875 0.725 0.61875 0.7125
2 0.6125 0.71 0.60375 0.71 0.60375 0.72 0.6125 0.72 0.6125 0.71
2 0.6587500000000001 0.75875 0.6487499999999999 0.75875 0.6487499999999999 0.77125 0.6587500000000001 0.77125 0.6587500000000001 0.75875
2 0.62375 0.645 0.61 0.645 0.61 0.66125 0.62375 0.66125 0.62375 0.645
2 0.5962500000000001 0.66125 0.585 0.66125 0.585 0.6725 0.5962500000000001 0.6725 0.5962500000000001 0.66125
2 0.60375 0.6625 0.5900000000000001 0.6625 0.5900000000000001 0.6775 0.60375 0.6775 0.60375 0.6625
2 0.60875 0.67 0.5974999999999999 0.67 0.5974999999999999 0.6825 0.60875 0.6825 0.60875 0.67
2 0.68625 0.6950000000000001 0.67625 0.6950000000000001 0.67625 0.70625 0.68625 0.70625 0.68625 0.6950000000000001
2 0.69375 0.7 0.6825 0.7 0.6825 0.70875 0.69375 0.70875 0.69375 0.7
2 0.5599999999999999 0.6012500000000001 0.54875 0.6012500000000001 0.54875 0.61125 0.5599999999999999 0.61125 0.5599999999999999 0.6012500000000001
2 0.55625 0.59375 0.54375 0.59375 0.54375 0.60625 0.55625 0.60625 0.55625 0.59375
2 0.34750000000000003 0.67375 0.33875 0.67375 0.33875 0.68625 0.34750000000000003 0.68625 0.34750000000000003 0.67375
2 0.35125 0.6625 0.34375 0.6625 0.34375 0.67125 0.35125 0.67125 0.35125 0.6625
2 0.76 0.92125 0.75125 0.92125 0.75125 0.9349999999999999 0.76 0.9349999999999999 0.76 0.92125
2 0.76875 0.9375 0.76125 0.9375 0.76125 0.9487500000000001 0.76875 0.9487500000000001 0.76875 0.9375
2 0.775 0.9425000000000001 0.76625 0.9425000000000001 0.76625 0.9550000000000001 0.775 0.9550000000000001 0.775 0.9425000000000001
2 0.7787499999999999 0.9512499999999999 0.77 0.9512499999999999 0.77 0.9625 0.7787499999999999 0.9625 0.7787499999999999 0.9512499999999999
2 0.7837500000000001 0.9625 0.775 0.9625 0.775 0.9712500000000001 0.7837500000000001 0.9712500000000001 0.7837500000000001 0.9625
2 0.79 0.96125 0.78125 0.96125 0.78125 0.97625 0.79 0.97625 0.79 0.96125
2 0.795 0.96875 0.7875 0.96875 0.7875 0.97875 0.795 0.97875 0.795 0.96875
2 0.8012499999999999 0.9712500000000001 0.795 0.9712500000000001 0.795 0.9824999999999999 0.8012499999999999 0.9824999999999999 0.8012499999999999 0.9712500000000001
2 0.76 0.985 0.745 0.985 0.745 0.9925 0.76 0.9925 0.76 0.985
2 0.7537499999999999 0.95625 0.74125 0.95625 0.74125 0.9637499999999999 0.7537499999999999 0.9637499999999999 0.7537499999999999 0.95625
2 0.7424999999999999 0.9349999999999999 0.72875 0.9349999999999999 0.72875 0.9425000000000001 0.7424999999999999 0.9425000000000001 0.7424999999999999 0.9349999999999999
2 0.7125 0.8637499999999999 0.70375 0.8637499999999999 0.70375 0.87375 0.7125 0.87375 0.7125 0.8637499999999999
2 0.6950000000000001 0.8675 0.6875 0.8675 0.6875 0.8787499999999999 0.6950000000000001 0.8787499999999999 0.6950000000000001 0.8675
2 0.67125 0.88375 0.6625 0.88375 0.6625 0.89625 0.67125 0.89625 0.67125 0.88375
2 0.64125 0.905 0.6325000000000001 0.905 0.6325000000000001 0.9199999999999999 0.64125 0.9199999999999999 0.64125 0.905
2 0.6587500000000001 0.71 0.6475 0.71 0.6475 0.7224999999999999 0.6587500000000001 0.7224999999999999 0.6587500000000001 0.71
2 0.67 0.6799999999999999 0.6599999999999999 0.6799999999999999 0.6599999999999999 0.6925 0.67 0.6925 0.67 0.6799999999999999
2 0.665 0.6775 0.6537499999999999 0.6775 0.6537499999999999 0.68875 0.665 0.68875 0.665 0.6775
2 0.6599999999999999 0.675 0.6475 0.675 0.6475 0.68625 0.6599999999999999 0.68625 0.6599999999999999 0.675
2 0.65625 0.67 0.6425 0.67 0.6425 0.6837500000000001 0.65625 0.6837500000000001 0.65625 0.67
2 0.64625 0.665 0.63625 0.665 0.63625 0.67625 0.64625 0.67625 0.64625 0.665
2 0.6375 0.6575 0.625 0.6575 0.625 0.67 0.6375 0.67 0.6375 0.6575
2 0.55125 0.625 0.53625 0.625 0.53625 0.64125 0.55125 0.64125 0.55125 0.625
2 0.65125 0.70125 0.63875 0.70125 0.63875 0.71375 0.65125 0.71375 0.65125 0.70125
2 0.775 1 0.775 0.9949999999999999 0.7625 0.9949999999999999 0.7625 1 0.775 1
2 0.65125 0.93125 0.63625 0.93125 0.63625 0.9425000000000001 0.65125 0.9425000000000001 0.65125 0.93125
2 0.6599999999999999 0.9275 0.6487499999999999 0.9275 0.6487499999999999 0.9375 0.6599999999999999 0.9375 0.6599999999999999 0.9275
2 0.66875 0.92125 0.655 0.92125 0.655 0.93125 0.66875 0.93125 0.66875 0.92125
2 0.6849999999999999 0.9125 0.67 0.9125 0.67 0.91875 0.6849999999999999 0.91875 0.6849999999999999 0.9125
2 0.72375 0.885 0.70875 0.885 0.70875 0.89375 0.72375 0.89375 0.72375 0.885
2 0.7375 0.8712500000000001 0.72375 0.8712500000000001 0.72375 0.88125 0.7375 0.88125 0.7375 0.8712500000000001
2 0.6275000000000001 0.91625 0.62 0.91625 0.62 0.9275 0.6275000000000001 0.9275 0.6275000000000001 0.91625
2 0.67375 0.9512499999999999 0.66875 0.9512499999999999 0.66875 0.9637499999999999 0.67375 0.9637499999999999 0.67375 0.9512499999999999
2 0.26875 0.83375 0.25625 0.83375 0.25625 0.8412499999999999 0.26875 0.8412499999999999 0.26875 0.83375
2 0.26875 0.8412499999999999 0.2575 0.8412499999999999 0.2575 0.8474999999999999 0.26875 0.8474999999999999 0.26875 0.8412499999999999
2 0.23374999999999999 0.8462500000000001 0.22374999999999998 0.8462500000000001 0.22374999999999998 0.8574999999999999 0.23374999999999999 0.8574999999999999 0.23374999999999999 0.8462500000000001
2 0.23125 0.96 0.21625 0.96 0.21625 0.9712500000000001 0.23125 0.9712500000000001 0.23125 0.96
2 0.22125 0.9862500000000001 0.20750000000000002 0.9862500000000001 0.20750000000000002 0.9949999999999999 0.22125 0.9949999999999999 0.22125 0.9862500000000001
2 0.19375 0.9737500000000001 0.18125 0.9737500000000001 0.18125 0.98375 0.19375 0.98375 0.19375 0.9737500000000001
2 0.57625 0.645 0.5625 0.645 0.5625 0.6599999999999999 0.57625 0.6599999999999999 0.57625 0.645
2 0.05 0.34500000000000003 0.03625 0.34500000000000003 0.03625 0.35625 0.05 0.35625 0.05 0.34500000000000003
2 0.04375 0.35875 0.03 0.35875 0.03 0.3675 0.04375 0.3675 0.04375 0.35875
2 0.6125 0.17124999999999999 0.59875 0.17124999999999999 0.59875 0.1825 0.6125 0.1825 0.6125 0.17124999999999999
2 0.2525 0.82125 0.24375 0.82125 0.24375 0.835 0.2525 0.835 0.2525 0.82125
2 0.305 0.85 0.29625 0.85 0.29625 0.8625 0.305 0.8625 0.305 0.85
2 0.33375 0.68625 0.32375 0.68625 0.32375 0.70125 0.33375 0.70125 0.33375 0.68625
2 0.45125000000000004 0.54 0.43624999999999997 0.54 0.43624999999999997 0.5475 0.45125000000000004 0.5475 0.45125000000000004 0.54
2 0.44875 0.54625 0.4325 0.54625 0.4325 0.55375 0.44875 0.55375 0.44875 0.54625
2 0.44625000000000004 0.55375 0.4325 0.55375 0.4325 0.5599999999999999 0.44625000000000004 0.5599999999999999 0.44625000000000004 0.55375
2 0.45375 0.5775 0.44375 0.5775 0.44375 0.5925 0.45375 0.5925 0.45375 0.5775
2 0.5912499999999999 0.47750000000000004 0.57875 0.47750000000000004 0.57875 0.48875 0.5912499999999999 0.48875 0.5912499999999999 0.47750000000000004
2 0.60375 0.4875 0.5925 0.4875 0.5925 0.49874999999999997 0.60375 0.49874999999999997 0.60375 0.4875
2 0.6575 0.49375 0.64625 0.49375 0.64625 0.5075000000000001 0.6575 0.5075000000000001 0.6575 0.49375
2 0.67 0.5037499999999999 0.6575 0.5037499999999999 0.6575 0.51375 0.67 0.51375 0.67 0.5037499999999999
2 0.64125 0.47874999999999995 0.6275000000000001 0.47874999999999995 0.6275000000000001 0.49124999999999996 0.64125 0.49124999999999996 0.64125 0.47874999999999995
2 0.54125 0.24375 0.53 0.24375 0.53 0.25875 0.54125 0.25875 0.54125 0.24375
2 0.61875 0.1575 0.60625 0.1575 0.60625 0.16499999999999998 0.61875 0.16499999999999998 0.61875 0.1575
2 0.04 0.365 0.028749999999999998 0.365 0.028749999999999998 0.37374999999999997 0.04 0.37374999999999997 0.04 0.365
2 0.23625 0.17250000000000001 0.2225 0.17250000000000001 0.2225 0.18125 0.23625 0.18125 0.23625 0.17250000000000001
2 0.2325 0.17875000000000002 0.21875 0.17875000000000002 0.21875 0.1875 0.2325 0.1875 0.2325 0.17875000000000002
2 0.32875 0.07875 0.3175 0.07875 0.3175 0.0925 0.32875 0.0925 0.32875 0.07875
2 0.31375000000000003 0.0875 0.30375 0.0875 0.30375 0.1 0.31375000000000003 0.1 0.31375000000000003 0.0875
2 0.2925 0.05625 0.28125 0.05625 0.28125 0.0675 0.2925 0.0675 0.2925 0.05625
2 0.16375 0.11750000000000001 0.15625 0.11750000000000001 0.15625 0.13125 0.16375 0.13125 0.16375 0.11750000000000001
2 0.075 0.16125 0.065 0.16125 0.065 0.175 0.075 0.175 0.075 0.16125
2 0.04 0.18125 0.028749999999999998 0.18125 0.028749999999999998 0.19624999999999998 0.04 0.19624999999999998 0.04 0.18125
2 0.13125 0.095 0.125 0.095 0.125 0.10874999999999999 0.13125 0.10874999999999999 0.13125 0.095
2 0.3725 0.0375 0.35750000000000004 0.0375 0.35750000000000004 0.05375 0.3725 0.05375 0.3725 0.0375
2 0.50875 0.08249999999999999 0.49749999999999994 0.08249999999999999 0.49749999999999994 0.1 0.50875 0.1 0.50875 0.08249999999999999
2 0.55375 0.08249999999999999 0.5387500000000001 0.08249999999999999 0.5387500000000001 0.0925 0.55375 0.0925 0.55375 0.08249999999999999
2 0.495 0.07625 0.485 0.07625 0.485 0.09 0.495 0.09 0.495 0.07625
2 0.26749999999999996 0.82125 0.25625 0.82125 0.25625 0.82875 0.26749999999999996 0.82875 0.26749999999999996 0.82125
2 0.585 0.80625 0.58 0.80625 0.58 0.8175000000000001 0.585 0.8175000000000001 0.585 0.80625
2 0.4575 0.8487500000000001 0.44749999999999995 0.8487500000000001 0.44749999999999995 0.85875 0.4575 0.85875 0.4575 0.8487500000000001
2 0.46125 0.8612500000000001 0.45 0.8612500000000001 0.45 0.8724999999999999 0.46125 0.8724999999999999 0.46125 0.8612500000000001
2 0.11750000000000001 0.41624999999999995 0.10500000000000001 0.41624999999999995 0.10500000000000001 0.42374999999999996 0.11750000000000001 0.42374999999999996 0.11750000000000001 0.41624999999999995
2 0.10625 0.43 0.0925 0.43 0.0925 0.43624999999999997 0.10625 0.43624999999999997 0.10625 0.43
2 0.1025 0.43875000000000003 0.09 0.43875000000000003 0.09 0.445 0.1025 0.445 0.1025 0.43875000000000003
2 0.0625 0.5125 0.0475 0.5125 0.0475 0.525 0.0625 0.525 0.0625 0.5125
2 0.08125 0.51875 0.07125000000000001 0.51875 0.07125000000000001 0.5287499999999999 0.08125 0.5287499999999999 0.08125 0.51875
2 0.0925 0.5275000000000001 0.08125 0.5275000000000001 0.08125 0.5375 0.0925 0.5375 0.0925 0.5275000000000001
2 0.10375000000000001 0.5375 0.0925 0.5375 0.0925 0.5475 0.10375000000000001 0.5475 0.10375000000000001 0.5375
2 0.13 0.55625 0.11750000000000001 0.55625 0.11750000000000001 0.5662499999999999 0.13 0.5662499999999999 0.13 0.55625
2 0.14250000000000002 0.5675 0.13 0.5675 0.13 0.5775 0.14250000000000002 0.5775 0.14250000000000002 0.5675
2 0.1775 0.57125 0.16875 0.57125 0.16875 0.585 0.1775 0.585 0.1775 0.57125
2 0.16375 0.5625 0.1525 0.5625 0.1525 0.57375 0.16375 0.57375 0.16375 0.5625
2 0.1975 0.61375 0.1875 0.61375 0.1875 0.62375 0.1975 0.62375 0.1975 0.61375
2 0.20625 0.6224999999999999 0.19624999999999998 0.6224999999999999 0.19624999999999998 0.63125 0.20625 0.63125 0.20625 0.6224999999999999
2 0.21875 0.6287499999999999 0.20625 0.6287499999999999 0.20625 0.64125 0.21875 0.64125 0.21875 0.6287499999999999
2 0.22875 0.6375 0.21625 0.6375 0.21625 0.65 0.22875 0.65 0.22875 0.6375
2 0.23875000000000002 0.6275000000000001 0.22999999999999998 0.6275000000000001 0.22999999999999998 0.64125 0.23875000000000002 0.64125 0.23875000000000002 0.6275000000000001
2 0.19875 0.6587500000000001 0.1875 0.6587500000000001 0.1875 0.67375 0.19875 0.67375 0.19875 0.6587500000000001
2 0.25125000000000003 0.70375 0.2375 0.70375 0.2375 0.7162499999999999 0.25125000000000003 0.7162499999999999 0.25125000000000003 0.70375
2 0.26625 0.71375 0.25 0.71375 0.25 0.7275 0.26625 0.7275 0.26625 0.71375
2 0.25875 0.7224999999999999 0.24874999999999997 0.7224999999999999 0.24874999999999997 0.73375 0.25875 0.73375 0.25875 0.7224999999999999
2 0.41500000000000004 0.56875 0.40625 0.56875 0.40625 0.58125 0.41500000000000004 0.58125 0.41500000000000004 0.56875
2 0.40499999999999997 0.5974999999999999 0.39625 0.5974999999999999 0.39625 0.61 0.40499999999999997 0.61 0.40499999999999997 0.5974999999999999
2 0.39249999999999996 0.63125 0.38375 0.63125 0.38375 0.6425 0.39249999999999996 0.6425 0.39249999999999996 0.63125
2 0.38 0.6587500000000001 0.3725 0.6587500000000001 0.3725 0.6725 0.38 0.6725 0.38 0.6587500000000001
2 0.40875000000000006 0.76375 0.4 0.76375 0.4 0.7787499999999999 0.40875000000000006 0.7787499999999999 0.40875000000000006 0.76375
2 0.41375 0.82 0.4025 0.82 0.4025 0.83125 0.41375 0.83125 0.41375 0.82
2 0.44000000000000006 0.8425 0.42750000000000005 0.8425 0.42750000000000005 0.85375 0.44000000000000006 0.85375 0.44000000000000006 0.8425
2 0.5700000000000001 0.6425 0.5575 0.6425 0.5575 0.655 0.5700000000000001 0.655 0.5700000000000001 0.6425
2 0.5900000000000001 0.65625 0.58 0.65625 0.58 0.6675 0.5900000000000001 0.6675 0.5900000000000001 0.65625
2 0.615 0.67375 0.6012500000000001 0.67375 0.6012500000000001 0.68625 0.615 0.68625 0.615 0.67375
2 0.28375 0.0325 0.275 0.0325 0.275 0.04875 0.28375 0.04875 0.28375 0.0325
2 0.4575 0.0125 0.44749999999999995 0.0125 0.44749999999999995 0.026250000000000002 0.4575 0.026250000000000002 0.4575 0.0125
2 0.17625 0.215 0.16375 0.215 0.16375 0.22875 0.17625 0.22875 0.17625 0.215
2 0.18125 0.22125 0.17124999999999999 0.22125 0.17124999999999999 0.23374999999999999 0.18125 0.23374999999999999 0.18125 0.22125
2 0.185 0.22625 0.17625 0.22625 0.17625 0.23625 0.185 0.23625 0.185 0.22625
2 0.1975 0.23374999999999999 0.185 0.23374999999999999 0.185 0.24625 0.1975 0.24625 0.1975 0.23374999999999999
2 0.205 0.23625 0.1925 0.23625 0.1925 0.2525 0.205 0.2525 0.205 0.23625
2 0.62 0.67625 0.61 0.67625 0.61 0.6900000000000001 0.62 0.6900000000000001 0.62 0.67625
2 0.57625 0.6125 0.5625 0.6125 0.5625 0.62625 0.57625 0.62625 0.57625 0.6125
2 0.56375 0.60375 0.55375 0.60375 0.55375 0.6174999999999999 0.56375 0.6174999999999999 0.56375 0.60375
2 0.625 0.7150000000000001 0.6125 0.7150000000000001 0.6125 0.73 0.625 0.73 0.625 0.7150000000000001
2 0.6275000000000001 0.7212500000000001 0.61875 0.7212500000000001 0.61875 0.7325 0.6275000000000001 0.7325 0.6275000000000001 0.7212500000000001
2 0.635 0.725 0.6224999999999999 0.725 0.6224999999999999 0.73875 0.635 0.73875 0.635 0.725
2 0.64 0.72875 0.6287499999999999 0.72875 0.6287499999999999 0.74 0.64 0.74 0.64 0.72875
2 0.64625 0.7325 0.6325000000000001 0.7325 0.6325000000000001 0.74375 0.64625 0.74375 0.64625 0.7325
2 0.6775 0.7462500000000001 0.66625 0.7462500000000001 0.66625 0.75875 0.6775 0.75875 0.6775 0.7462500000000001
2 0.66875 0.73875 0.65625 0.73875 0.65625 0.75 0.66875 0.75 0.66875 0.73875
2 0.6525000000000001 0.76125 0.64 0.76125 0.64 0.77625 0.6525000000000001 0.77625 0.6525000000000001 0.76125
2 0.6487499999999999 0.76625 0.63375 0.76625 0.63375 0.7825 0.6487499999999999 0.7825 0.6487499999999999 0.76625
2 0.63375 0.765 0.62 0.765 0.62 0.7775000000000001 0.63375 0.7775000000000001 0.63375 0.765
2 0.5349999999999999 0.755 0.5225 0.755 0.5225 0.76875 0.5349999999999999 0.76875 0.5349999999999999 0.755
2 0.55125 0.7675 0.54 0.7675 0.54 0.78125 0.55125 0.78125 0.55125 0.7675
2 0.55375 0.70125 0.5425 0.70125 0.5425 0.71375 0.55375 0.71375 0.55375 0.70125
2 0.5237499999999999 0.6799999999999999 0.51 0.6799999999999999 0.51 0.6912499999999999 0.5237499999999999 0.6912499999999999 0.5237499999999999 0.6799999999999999
2 0.5287499999999999 0.6799999999999999 0.51625 0.6799999999999999 0.51625 0.69375 0.5287499999999999 0.69375 0.5287499999999999 0.6799999999999999
2 0.5337500000000001 0.6849999999999999 0.52125 0.6849999999999999 0.52125 0.6975 0.5337500000000001 0.6975 0.5337500000000001 0.6849999999999999
2 0.54 0.72875 0.52625 0.72875 0.52625 0.73875 0.54 0.73875 0.54 0.72875
2 0.5650000000000001 0.79375 0.54375 0.79375 0.54375 0.8099999999999999 0.5650000000000001 0.8099999999999999 0.5650000000000001 0.79375
2 0.5175 0.8074999999999999 0.51 0.8074999999999999 0.51 0.8237500000000001 0.5175 0.8237500000000001 0.5175 0.8074999999999999
2 0.5075000000000001 0.8074999999999999 0.50125 0.8074999999999999 0.50125 0.82125 0.5075000000000001 0.82125 0.5075000000000001 0.8074999999999999
2 0.5 0.8074999999999999 0.49375 0.8074999999999999 0.49375 0.82125 0.5 0.82125 0.5 0.8074999999999999
2 0.575 1 0.575 0.9862500000000001 0.5625 0.9862500000000001 0.5625 1 0.575 1
2 0.8787499999999999 0.6275000000000001 0.865 0.6275000000000001 0.865 0.645 0.8787499999999999 0.645 0.8787499999999999 0.6275000000000001
2 0.9112500000000001 0.585 0.89875 0.585 0.89875 0.59875 0.9112500000000001 0.59875 0.9112500000000001 0.585
2 0.4 0.80625 0.385 0.80625 0.385 0.81875 0.4 0.81875 0.4 0.80625
2 0.23625 0.83625 0.22625 0.83625 0.22625 0.8487500000000001 0.23625 0.8487500000000001 0.23625 0.83625
2 0.08125 0.16125 0.07125000000000001 0.16125 0.07125000000000001 0.17250000000000001 0.08125 0.17250000000000001 0.08125 0.16125
2 0.7837500000000001 0.005 0.775 0.005 0.775 0.02 0.7837500000000001 0.02 0.7837500000000001 0.005
2 0.76 0.0025 0.755 0.0025 0.755 0.01625 0.76 0.01625 0.76 0.0025
2 0.9662499999999999 0.51375 0.9550000000000001 0.51375 0.9550000000000001 0.52625 0.9662499999999999 0.52625 0.9662499999999999 0.51375
2 0.7224999999999999 0.585 0.71 0.585 0.71 0.59875 0.7224999999999999 0.59875 0.7224999999999999 0.585