2 0.5025000000000001 0.034999999999999996 0.48250000000000004 0.034999999999999996 0.48250000000000004 0.042499999999999996 0.5025000000000001 0.042499999999999996 0.5025000000000001 0.034999999999999996
2 0.83125 0.78125 0.8262499999999999 0.78125 0.8262499999999999 0.79375 0.83125 0.79375 0.83125 0.78125
2 0.07125000000000001 0.86 0.04625 0.86 0.04625 0.8675 0.07125000000000001 0.8675 0.07125000000000001 0.86
2 0.3825 0.71375 0.37625000000000003 0.71375 0.37625000000000003 0.725 0.3825 0.725 0.3825 0.71375
2 0.21375000000000002 0.74125 0.20875 0.74125 0.20875 0.7525000000000001 0.21375000000000002 0.7525000000000001 0.21375000000000002 0.74125
2 0.23875000000000002 0.01875 0.22625 0.01875 0.22625 0.027500000000000004 0.23875000000000002 0.027500000000000004 0.23875000000000002 0.01875
2 0.54625 0.0225 0.5349999999999999 0.0225 0.5349999999999999 0.028749999999999998 0.54625 0.028749999999999998 0.54625 0.0225
2 0.5662499999999999 0.0225 0.5525 0.0225 0.5525 0.028749999999999998 0.5662499999999999 0.028749999999999998 0.5662499999999999 0.0225
2 0.22374999999999998 0.01125 0.20875 0.01125 0.20875 0.0225 0.22374999999999998 0.0225 0.22374999999999998 0.01125
2 0.30625 0.0375 0.29500000000000004 0.0375 0.29500000000000004 0.04375 0.30625 0.04375 0.30625 0.0375
2 0.09875 0.8525 0.07125000000000001 0.8525 0.07125000000000001 0.865 0.09875 0.865 0.09875 0.8525
2 0.42125 0.89125 0.40750000000000003 0.89125 0.40750000000000003 0.89875 0.42125 0.89875 0.42125 0.89125
2 0.2725 0.8875 0.25625 0.8875 0.25625 0.89875 0.2725 0.89875 0.2725 0.8875
2 0.28875 0.8887499999999999 0.275 0.8887499999999999 0.275 0.89625 0.28875 0.89625 0.28875 0.8887499999999999
2 0.29125 0.88125 0.27749999999999997 0.88125 0.27749999999999997 0.8875 0.29125 0.8875 0.29125 0.88125
2 0.3975 0.8237500000000001 0.38375 0.8237500000000001 0.38375 0.8300000000000001 0.3975 0.8300000000000001 0.3975 0.8237500000000001
2 0.6275000000000001 0.8712500000000001 0.6174999999999999 0.8712500000000001 0.6174999999999999 0.885 0.6275000000000001 0.885 0.6275000000000001 0.8712500000000001
2 0.7212500000000001 0.8975 0.71 0.8975 0.71 0.905 0.7212500000000001 0.905 0.7212500000000001 0.8975
2 0.7224999999999999 0.905 0.70875 0.905 0.70875 0.9112500000000001 0.7224999999999999 0.9112500000000001 0.7224999999999999 0.905