2 0.175 0.7474999999999999 0.16375 0.7474999999999999 0.16375 0.7537499999999999 0.175 0.7537499999999999 0.175 0.7474999999999999
2 0.03 0.67125 0.026250000000000002 0.67125 0.026250000000000002 0.67875 0.03 0.67875 0.03 0.67125
2 0.0125 0.67375 0.008749999999999999 0.67375 0.008749999999999999 0.6849999999999999 0.0125 0.6849999999999999 0.0125 0.67375
2 0.00625 0.67625 0.00125 0.67625 0.00125 0.6849999999999999 0.00625 0.6849999999999999 0.00625 0.67625
2 0.08 0.6925 0.0725 0.6925 0.0725 0.705 0.08 0.705 0.08 0.6925
2 0.18125 0.78125 0.16999999999999998 0.78125 0.16999999999999998 0.78625 0.18125 0.78625 0.18125 0.78125
2 0.1775 0.75625 0.16499999999999998 0.75625 0.16499999999999998 0.7625 0.1775 0.7625 0.1775 0.75625
2 0.16999999999999998 0.7125 0.1575 0.7125 0.1575 0.7212500000000001 0.16999999999999998 0.7212500000000001 0.16999999999999998 0.7125
2 0.05125 0.66625 0.04375 0.66625 0.04375 0.67875 0.05125 0.67875 0.05125 0.66625
2 0.12125 0.7025 0.11374999999999999 0.7025 0.11374999999999999 0.7162499999999999 0.12125 0.7162499999999999 0.12125 0.7025
2 0.0625 0.69375 0.05625 0.69375 0.05625 0.7075 0.0625 0.7075 0.0625 0.69375
2 0.08249999999999999 0.70625 0.0775 0.70625 0.0775 0.71875 0.08249999999999999 0.71875 0.08249999999999999 0.70625
2 0.01625 0.62625 0.0075 0.62625 0.0075 0.64 0.01625 0.64 0.01625 0.62625
2 0.04375 0.67125 0.0375 0.67125 0.0375 0.6825 0.04375 0.6825 0.04375 0.67125
2 0.0725 0.6475 0.065 0.6475 0.065 0.6599999999999999 0.0725 0.6599999999999999 0.0725 0.6475
2 0.03875 0.7150000000000001 0.0325 0.7150000000000001 0.0325 0.7275 0.03875 0.7275 0.03875 0.7150000000000001
2 0.0375 0.59875 0.027500000000000004 0.59875 0.027500000000000004 0.6125 0.0375 0.6125 0.0375 0.59875
2 0.05625 0.605 0.04875 0.605 0.04875 0.61875 0.05625 0.61875 0.05625 0.605
2 0.06875 0.61125 0.06 0.61125 0.06 0.62375 0.06875 0.62375 0.06875 0.61125
2 0.04625 0.7150000000000001 0.03875 0.7150000000000001 0.03875 0.725 0.04625 0.725 0.04625 0.7150000000000001
2 0.08 0.6625 0.0725 0.6625 0.0725 0.675 0.08 0.675 0.08 0.6625
2 0.052500000000000005 0.7125 0.045 0.7125 0.045 0.725 0.052500000000000005 0.725 0.052500000000000005 0.7125
2 0.095 0.7075 0.09 0.7075 0.09 0.7175 0.095 0.7175 0.095 0.7075
2 0.1125 0.68875 0.10625 0.68875 0.10625 0.7 0.1125 0.7 0.1125 0.68875
2 0.1 0.68875 0.09375 0.68875 0.09375 0.70125 0.1 0.70125 0.1 0.68875
2 0.10874999999999999 0.6212500000000001 0.1 0.6212500000000001 0.1 0.63375 0.10874999999999999 0.63375 0.10874999999999999 0.6212500000000001
2 0.11499999999999999 0.62375 0.1075 0.62375 0.1075 0.635 0.11499999999999999 0.635 0.11499999999999999 0.62375
2 0.0725 0.6637500000000001 0.06625 0.6637500000000001 0.06625 0.6775 0.0725 0.6775 0.0725 0.6637500000000001
2 0.09625 0.61875 0.0875 0.61875 0.0875 0.63125 0.09625 0.63125 0.09625 0.61875
2 0.6925 0.02 0.68125 0.02 0.68125 0.027500000000000004 0.6925 0.027500000000000004 0.6925 0.02
2 0.63625 0.6875 0.63 0.6875 0.63 0.69875 0.63625 0.69875 0.63625 0.6875
2 0.6425 0.6875 0.6375 0.6875 0.6375 0.7 0.6425 0.7 0.6425 0.6875
2 0.6487499999999999 0.68625 0.6425 0.68625 0.6425 0.7 0.6487499999999999 0.7 0.6487499999999999 0.68625
2 0.655 0.68625 0.6487499999999999 0.68625 0.6487499999999999 0.69875 0.655 0.69875 0.655 0.68625
2 0.47874999999999995 0.6 0.47125000000000006 0.6 0.47125000000000006 0.61 0.47874999999999995 0.61 0.47874999999999995 0.6
2 0.65625 0.61375 0.645 0.61375 0.645 0.6224999999999999 0.65625 0.6224999999999999 0.65625 0.61375
2 0.6587500000000001 0.375 0.6487499999999999 0.375 0.6487499999999999 0.38 0.6587500000000001 0.38 0.6587500000000001 0.375
2 0.6912499999999999 0.013750000000000002 0.67875 0.013750000000000002 0.67875 0.02 0.6912499999999999 0.02 0.6912499999999999 0.013750000000000002
2 0.6912499999999999 0.0075 0.67875 0.0075 0.67875 0.013750000000000002 0.6912499999999999 0.013750000000000002 0.6912499999999999 0.0075
2 0.6912499999999999 0.00125 0.67875 0.00125 0.67875 0.0075 0.6912499999999999 0.0075 0.6912499999999999 0.00125
2 0.9199999999999999 0.575 0.90625 0.575 0.90625 0.58375 0.9199999999999999 0.58375 0.9199999999999999 0.575
2 0.96875 0.5625 0.95875 0.5625 0.95875 0.5700000000000001 0.96875 0.5700000000000001 0.96875 0.5625
2 0.63 0.68875 0.62375 0.68875 0.62375 0.7025 0.63 0.7025 0.63 0.68875
2 0.6174999999999999 0.6912499999999999 0.61125 0.6912499999999999 0.61125 0.705 0.6174999999999999 0.705 0.6174999999999999 0.6912499999999999
2 0.5962500000000001 0.6950000000000001 0.5900000000000001 0.6950000000000001 0.5900000000000001 0.70875 0.5962500000000001 0.70875 0.5962500000000001 0.6950000000000001
2 0.525 0.73375 0.5075000000000001 0.73375 0.5075000000000001 0.74125 0.525 0.74125 0.525 0.73375
2 0.08125 0.03125 0.07625 0.03125 0.07625 0.04375 0.08125 0.04375 0.08125 0.03125
2 0.17375000000000002 0.73375 0.1625 0.73375 0.1625 0.74 0.17375000000000002 0.74 0.17375000000000002 0.73375
2 0.45999999999999996 0.68875 0.44625000000000004 0.68875 0.44625000000000004 0.7025 0.45999999999999996 0.7025 0.45999999999999996 0.68875
2 0.43499999999999994 0.6637500000000001 0.4225 0.6637500000000001 0.4225 0.67625 0.43499999999999994 0.67625 0.43499999999999994 0.6637500000000001
2 0.20875 0.45625 0.20375000000000001 0.45625 0.20375000000000001 0.46749999999999997 0.20875 0.46749999999999997 0.20875 0.45625
2 0.19875 0.4575 0.195 0.4575 0.195 0.46875 0.19875 0.46875 0.19875 0.4575
2 0.14750000000000002 0.45499999999999996 0.14125000000000001 0.45499999999999996 0.14125000000000001 0.465 0.14750000000000002 0.465 0.14750000000000002 0.45499999999999996
2 0.14125000000000001 0.45375 0.13625 0.45375 0.13625 0.465 0.14125000000000001 0.465 0.14125000000000001 0.45375
2 0.37875000000000003 0.90625 0.37 0.90625 0.37 0.9112500000000001 0.37875000000000003 0.9112500000000001 0.37875000000000003 0.90625
2 0.4025 0.97625 0.39125 0.97625 0.39125 0.98375 0.4025 0.98375 0.4025 0.97625
2 0.355 0.9712500000000001 0.34625 0.9712500000000001 0.34625 0.985 0.355 0.985 0.355 0.9712500000000001
2 0.34750000000000003 0.9737500000000001 0.33875 0.9737500000000001 0.33875 0.9875 0.34750000000000003 0.9875 0.34750000000000003 0.9737500000000001
2 0.27 0.9324999999999999 0.255 0.9324999999999999 0.255 0.945 0.27 0.945 0.27 0.9324999999999999
2 0.36375 0.92125 0.35750000000000004 0.92125 0.35750000000000004 0.9349999999999999 0.36375 0.9349999999999999 0.36375 0.92125
2 0.02375 0.5912499999999999 0.0125 0.5912499999999999 0.0125 0.6075 0.02375 0.6075 0.02375 0.5912499999999999
2 0.29500000000000004 0.675 0.28375 0.675 0.28375 0.6875 0.29500000000000004 0.6875 0.29500000000000004 0.675
2 0.36875 0.9237500000000001 0.36375 0.9237500000000001 0.36375 0.9337500000000001 0.36875 0.9337500000000001 0.36875 0.9237500000000001
2 0.4125 0.79375 0.40750000000000003 0.79375 0.40750000000000003 0.8074999999999999 0.4125 0.8074999999999999 0.4125 0.79375
2 0.35 0.76 0.33999999999999997 0.76 0.33999999999999997 0.77625 0.35 0.77625 0.35 0.76
2 0.34249999999999997 0.76 0.335 0.76 0.335 0.7725 0.34249999999999997 0.7725 0.34249999999999997 0.76
2 0.3275 0.75875 0.32125 0.75875 0.32125 0.77 0.3275 0.77 0.3275 0.75875
2 0.335 0.75875 0.32999999999999996 0.75875 0.32999999999999996 0.77125 0.335 0.77125 0.335 0.75875
2 0.38125 0.94375 0.36875 0.94375 0.36875 0.9512499999999999 0.38125 0.9512499999999999 0.38125 0.94375
2 0.38125 0.92125 0.37 0.92125 0.37 0.92875 0.38125 0.92875 0.38125 0.92125
2 0.38375 0.93125 0.37 0.93125 0.37 0.93625 0.38375 0.93625 0.38375 0.93125
2 0.47874999999999995 0.45375 0.46624999999999994 0.45375 0.46624999999999994 0.45999999999999996 0.47874999999999995 0.45999999999999996 0.47874999999999995 0.45375
2 0.49124999999999996 0.4525 0.48125 0.4525 0.48125 0.45875000000000005 0.49124999999999996 0.45875000000000005 0.49124999999999996 0.4525
2 0.21625 0.4575 0.20875 0.4575 0.20875 0.4725 0.21625 0.4725 0.21625 0.4575
2 0.15375 0.6837500000000001 0.13999999999999999 0.6837500000000001 0.13999999999999999 0.6912499999999999 0.15375 0.6912499999999999 0.15375 0.6837500000000001
2 0.015 0.5912499999999999 0.00625 0.5912499999999999 0.00625 0.605 0.015 0.605 0.015 0.5912499999999999
2 0.061250000000000006 0.7112499999999999 0.052500000000000005 0.7112499999999999 0.052500000000000005 0.7262500000000001 0.061250000000000006 0.7262500000000001 0.061250000000000006 0.7112499999999999
2 0.06625 0.7112499999999999 0.058750000000000004 0.7112499999999999 0.058750000000000004 0.7224999999999999 0.06625 0.7224999999999999 0.06625 0.7112499999999999
2 0.0775 0.70875 0.06999999999999999 0.70875 0.06999999999999999 0.7224999999999999 0.0775 0.7224999999999999 0.0775 0.70875
2 0.0125 0.6599999999999999 0.00375 0.6599999999999999 0.00375 0.67375 0.0125 0.67375 0.0125 0.6599999999999999
2 0.1325 0.63 0.12375 0.63 0.12375 0.6425 0.1325 0.6425 0.1325 0.63
2 0.15375 0.69375 0.14125000000000001 0.69375 0.14125000000000001 0.7025 0.15375 0.7025 0.15375 0.69375
2 0.15125 0.67 0.13874999999999998 0.67 0.13874999999999998 0.6775 0.15125 0.6775 0.15125 0.67
2 0.15 0.67875 0.13874999999999998 0.67875 0.13874999999999998 0.6837500000000001 0.15 0.6837500000000001 0.15 0.67875
2 0.08125 0.61375 0.07375000000000001 0.61375 0.07375000000000001 0.6275000000000001 0.08125 0.6275000000000001 0.08125 0.61375
2 0.60875 0.6925 0.60375 0.6925 0.60375 0.70625 0.60875 0.70625 0.60875 0.6925
2 0.3075 0.8300000000000001 0.2925 0.8300000000000001 0.2925 0.8375 0.3075 0.8375 0.3075 0.8300000000000001
2 0.008749999999999999 0.5862499999999999 0.00125 0.5862499999999999 0.00125 0.6 0.008749999999999999 0.6 0.008749999999999999 0.5862499999999999
2 0.02 0.64625 0.008749999999999999 0.64625 0.008749999999999999 0.6525000000000001 0.02 0.6525000000000001 0.02 0.64625
2 0.11750000000000001 0.64125 0.10375000000000001 0.64125 0.10375000000000001 0.6525000000000001 0.11750000000000001 0.6525000000000001 0.11750000000000001 0.64125
2 0.013750000000000002 0.70625 0.00625 0.70625 0.00625 0.72 0.013750000000000002 0.72 0.013750000000000002 0.70625
2 0.042499999999999996 0.6849999999999999 0.03 0.6849999999999999 0.03 0.69875 0.042499999999999996 0.69875 0.042499999999999996 0.6849999999999999
2 0.028749999999999998 0.6575 0.021249999999999998 0.6575 0.021249999999999998 0.67 0.028749999999999998 0.67 0.028749999999999998 0.6575
2 0.058750000000000004 0.6675 0.05125 0.6675 0.05125 0.67875 0.058750000000000004 0.67875 0.058750000000000004 0.6675
2 0.57625 0.18125 0.56375 0.18125 0.56375 0.18875 0.57625 0.18875 0.57625 0.18125
2 0.68875 0.03125 0.6775 0.03125 0.6775 0.042499999999999996 0.68875 0.042499999999999996 0.68875 0.03125
2 0.08875 0.5675 0.07375000000000001 0.5675 0.07375000000000001 0.5775 0.08875 0.5775 0.08875 0.5675
2 0.021249999999999998 0.71875 0.015 0.71875 0.015 0.73125 0.021249999999999998 0.73125 0.021249999999999998 0.71875
2 0.015 0.71875 0.0075 0.71875 0.0075 0.73375 0.015 0.73375 0.015 0.71875
2 0.1375 0.85 0.12375 0.85 0.12375 0.86 0.1375 0.86 0.1375 0.85
2 0.49124999999999996 0.80375 0.48125 0.80375 0.48125 0.82 0.49124999999999996 0.82 0.49124999999999996 0.80375
2 0.525 0.67 0.515 0.67 0.515 0.6837500000000001 0.525 0.6837500000000001 0.525 0.67
2 0.67375 0.39375 0.6675 0.39375 0.6675 0.40750000000000003 0.67375 0.40750000000000003 0.67375 0.39375