2 0.9887499999999999 0.4875 0.9737500000000001 0.4875 0.9737500000000001 0.5025000000000001 0.9887499999999999 0.5025000000000001 0.9887499999999999 0.4875
2 1 0.33875 0.9974999999999999 0.33875 0.9974999999999999 0.34625 1 0.34625 1 0.33875
2 1 0.33125 0.9949999999999999 0.33125 0.9949999999999999 0.33875 1 0.33875 1 0.33125
2 1 0.31625000000000003 0.9925 0.31625000000000003 0.9925 0.325 1 0.325 1 0.31625000000000003
2 1 0.29874999999999996 0.9875 0.29874999999999996 0.9875 0.3075 1 0.3075 1 0.29874999999999996
2 1 0.3075 0.99125 0.3075 0.99125 0.3175 1 0.3175 1 0.3075
2 0.05125 0.615 0.04 0.615 0.04 0.62375 0.05125 0.62375 0.05125 0.615
2 0.5075000000000001 0.49749999999999994 0.49625 0.49749999999999994 0.49625 0.51375 0.5075000000000001 0.51375 0.5075000000000001 0.49749999999999994
2 0.08125 0.6 0.06875 0.6 0.06875 0.61 0.08125 0.61 0.08125 0.6
2 0.4175 0.38 0.40374999999999994 0.38 0.40374999999999994 0.39125 0.4175 0.39125 0.4175 0.38
2 0.49000000000000005 0.50875 0.48125 0.50875 0.48125 0.52125 0.49000000000000005 0.52125 0.49000000000000005 0.50875
2 0.5125 0.51625 0.5025000000000001 0.51625 0.5025000000000001 0.5287499999999999 0.5125 0.5287499999999999 0.5125 0.51625
2 0.46875 0.97875 0.44749999999999995 0.97875 0.44749999999999995 0.99375 0.46875 0.99375 0.46875 0.97875
2 0.59875 0.84375 0.58125 0.84375 0.58125 0.85875 0.59875 0.85875 0.59875 0.84375
2 0.625 0.82 0.61375 0.82 0.61375 0.82875 0.625 0.82875 0.625 0.82
2 0.5862499999999999 0.8425 0.57375 0.8425 0.57375 0.8550000000000001 0.5862499999999999 0.8550000000000001 0.5862499999999999 0.8425
2 0.09875 0.5925 0.08375 0.5925 0.08375 0.6025 0.09875 0.6025 0.09875 0.5925
2 0.17124999999999999 0.52625 0.15625 0.52625 0.15625 0.5375 0.17124999999999999 0.5375 0.17124999999999999 0.52625
2 0.6012500000000001 0.32999999999999996 0.585 0.32999999999999996 0.585 0.34375 0.6012500000000001 0.34375 0.6012500000000001 0.32999999999999996
2 0.6325000000000001 0.00125 0.6174999999999999 0.00125 0.6174999999999999 0.01625 0.6325000000000001 0.01625 0.6325000000000001 0.00125
2 0.14750000000000002 0.4875 0.1375 0.4875 0.1375 0.49874999999999997 0.14750000000000002 0.49874999999999997 0.14750000000000002 0.4875
2 0.14375 0.46624999999999994 0.13125 0.46624999999999994 0.13125 0.48125 0.14375 0.48125 0.14375 0.46624999999999994
2 0.14875 0.50875 0.1375 0.50875 0.1375 0.51625 0.14875 0.51625 0.14875 0.50875
2 0.1575 0.49874999999999997 0.14375 0.49874999999999997 0.14375 0.5075000000000001 0.1575 0.5075000000000001 0.1575 0.49874999999999997
2 0.5962500000000001 0.29375 0.58375 0.29375 0.58375 0.30375 0.5962500000000001 0.30375 0.5962500000000001 0.29375
2 0.5037499999999999 0.185 0.49874999999999997 0.185 0.49874999999999997 0.195 0.5037499999999999 0.195 0.5037499999999999 0.185
2 0.52625 0.15625 0.52 0.15625 0.52 0.16625 0.52625 0.16625 0.52625 0.15625
2 0.5599999999999999 0.09375 0.54625 0.09375 0.54625 0.11000000000000001 0.5599999999999999 0.11000000000000001 0.5599999999999999 0.09375
2 0.625 0.034999999999999996 0.61125 0.034999999999999996 0.61125 0.04625 0.625 0.04625 0.625 0.034999999999999996
2 0.5912499999999999 0.05125 0.5775 0.05125 0.5775 0.0625 0.5912499999999999 0.0625 0.5912499999999999 0.05125
2 0.06625 0.60625 0.05625 0.60625 0.05625 0.615 0.06625 0.615 0.06625 0.60625
2 0.034999999999999996 0.6224999999999999 0.02 0.6224999999999999 0.02 0.63375 0.034999999999999996 0.63375 0.034999999999999996 0.6224999999999999
2 0.9225 0.09125 0.9 0.09125 0.9 0.1075 0.9225 0.1075 0.9225 0.09125
2 1 0.10375000000000001 0.9925 0.10375000000000001 0.9925 0.11125 1 0.11125 1 0.10375000000000001
2 0.7787499999999999 0.24125000000000002 0.76375 0.24125000000000002 0.76375 0.2525 0.7787499999999999 0.2525 0.7787499999999999 0.24125000000000002
2 0.75125 0.21125 0.7375 0.21125 0.7375 0.2225 0.75125 0.2225 0.75125 0.21125
2 0.9487500000000001 0.28625 0.9425000000000001 0.28625 0.9425000000000001 0.2975 0.9487500000000001 0.2975 0.9487500000000001 0.28625
2 0.94375 0.32999999999999996 0.93625 0.32999999999999996 0.93625 0.34375 0.94375 0.34375 0.94375 0.32999999999999996
2 0.83625 0.52125 0.8237500000000001 0.52125 0.8237500000000001 0.53625 0.83625 0.53625 0.83625 0.52125
2 0.6012500000000001 0.4325 0.5912499999999999 0.4325 0.5912499999999999 0.4425 0.6012500000000001 0.4425 0.6012500000000001 0.4325
2 0.6775 0.49375 0.665 0.49375 0.665 0.505 0.6775 0.505 0.6775 0.49375
2 0.82875 0.58875 0.82125 0.58875 0.82125 0.60375 0.82875 0.60375 0.82875 0.58875
2 0.8712500000000001 0.45499999999999996 0.86 0.45499999999999996 0.86 0.46624999999999994 0.8712500000000001 0.46624999999999994 0.8712500000000001 0.45499999999999996
2 0.69375 0.26749999999999996 0.65 0.26749999999999996 0.65 0.29500000000000004 0.69375 0.29500000000000004 0.69375 0.26749999999999996
2 0.915 0.3775 0.8975 0.3775 0.8975 0.39625 0.915 0.39625 0.915 0.3775
2 0.9087500000000001 0.40875000000000006 0.89 0.40875000000000006 0.89 0.43 0.9087500000000001 0.43 0.9087500000000001 0.40875000000000006
2 0.8675 0.51125 0.8487500000000001 0.51125 0.8487500000000001 0.525 0.8675 0.525 0.8675 0.51125
2 0.01875 0.6325000000000001 0.0025 0.6325000000000001 0.0025 0.6425 0.01875 0.6425 0.01875 0.6325000000000001
2 0.735 0.00125 0.7275 0.00125 0.7275 0.005 0.735 0.005 0.735 0.00125
2 0.87625 0.04875 0.8712500000000001 0.04875 0.8712500000000001 0.06 0.87625 0.06 0.87625 0.04875
2 0.8425 0.05 0.8324999999999999 0.05 0.8324999999999999 0.0625 0.8425 0.0625 0.8425 0.05
2 0.8474999999999999 0.12625 0.8375 0.12625 0.8375 0.14250000000000002 0.8474999999999999 0.14250000000000002 0.8474999999999999 0.12625
2 0.9512499999999999 0.11000000000000001 0.9412499999999999 0.11000000000000001 0.9412499999999999 0.11499999999999999 0.9512499999999999 0.11499999999999999 0.9512499999999999 0.11000000000000001
2 0.9012499999999999 0.0775 0.89 0.0775 0.89 0.0875 0.9012499999999999 0.0875 0.9012499999999999 0.0775
2 0.8875 0.06 0.8775000000000001 0.06 0.8775000000000001 0.0725 0.8875 0.0725 0.8875 0.06
2 0.9375 0.25625 0.925 0.25625 0.925 0.27125 0.9375 0.27125 0.9375 0.25625
2 0.81125 0.2225 0.79875 0.2225 0.79875 0.23374999999999999 0.81125 0.23374999999999999 0.81125 0.2225
2 0.9550000000000001 0.90625 0.9425000000000001 0.90625 0.9425000000000001 0.915 0.9550000000000001 0.915 0.9550000000000001 0.90625
2 0.83375 0.8724999999999999 0.81875 0.8724999999999999 0.81875 0.8825 0.83375 0.8825 0.83375 0.8724999999999999
2 0.8 0.8487500000000001 0.79 0.8487500000000001 0.79 0.8574999999999999 0.8 0.8574999999999999 0.8 0.8487500000000001
2 0.8574999999999999 0.8825 0.8462500000000001 0.8825 0.8462500000000001 0.89 0.8574999999999999 0.89 0.8574999999999999 0.8825
2 0.9075 0.89875 0.89375 0.89875 0.89375 0.90625 0.9075 0.90625 0.9075 0.89875
2 0.9775 0.87625 0.9675 0.87625 0.9675 0.8875 0.9775 0.8875 0.9775 0.87625
2 0.99875 0.7525000000000001 0.985 0.7525000000000001 0.985 0.76125 0.99875 0.76125 0.99875 0.7525000000000001
2 0.9225 0.9 0.9125 0.9 0.9125 0.9075 0.9225 0.9075 0.9225 0.9
2 0.021249999999999998 0.0025 0.008749999999999999 0.0025 0.008749999999999999 0.013750000000000002 0.021249999999999998 0.013750000000000002 0.021249999999999998 0.0025
2 0.93625 0.9012499999999999 0.9262499999999999 0.9012499999999999 0.9262499999999999 0.9112500000000001 0.93625 0.9112500000000001 0.93625 0.9012499999999999
2 0.91375 0.88125 0.9 0.88125 0.9 0.8887499999999999 0.91375 0.8887499999999999 0.91375 0.88125
2 1 0.7725 0.9974999999999999 0.7725 0.9974999999999999 0.7787499999999999 1 0.7787499999999999 1 0.7725
2 1 0.29 0.9887499999999999 0.29 0.9887499999999999 0.2975 1 0.2975 1 0.29
2 0.88375 0.8887499999999999 0.86875 0.8887499999999999 0.86875 0.89875 0.88375 0.89875 0.88375 0.8887499999999999
2 0.8699999999999999 0.885 0.86 0.885 0.86 0.8925000000000001 0.8699999999999999 0.8925000000000001 0.8699999999999999 0.885
2 0.61 0.31375000000000003 0.59375 0.31375000000000003 0.59375 0.32375 0.61 0.32375 0.61 0.31375000000000003
2 0.5075000000000001 0.27 0.50125 0.27 0.50125 0.28250000000000003 0.5075000000000001 0.28250000000000003 0.5075000000000001 0.27
2 0.8400000000000001 0.00125 0.8324999999999999 0.00125 0.8324999999999999 0.00375 0.8400000000000001 0.00375 0.8400000000000001 0.00125
2 0.21125 0.5037499999999999 0.2 0.5037499999999999 0.2 0.5125 0.21125 0.5125 0.21125 0.5037499999999999
2 0.27625 0.45625 0.2625 0.45625 0.2625 0.46875 0.27625 0.46875 0.27625 0.45625
2 0.36124999999999996 0.41375 0.34625 0.41375 0.34625 0.42625 0.36124999999999996 0.42625 0.36124999999999996 0.41375
2 0.3825 0.41125 0.3675 0.41125 0.3675 0.42125 0.3825 0.42125 0.3825 0.41125
2 0.86625 0.04375 0.8574999999999999 0.04375 0.8574999999999999 0.058750000000000004 0.86625 0.058750000000000004 0.86625 0.04375
2 1 0.28250000000000003 0.9862500000000001 0.28250000000000003 0.9862500000000001 0.29125 1 0.29125 1 0.28250000000000003
2 0.9625 0.28250000000000003 0.95875 0.28250000000000003 0.95875 0.29500000000000004 0.9625 0.29500000000000004 0.9625 0.28250000000000003
2 0.25375000000000003 0.48250000000000004 0.2425 0.48250000000000004 0.2425 0.49000000000000005 0.25375000000000003 0.49000000000000005 0.25375000000000003 0.48250000000000004
2 0.57125 0.365 0.5599999999999999 0.365 0.5599999999999999 0.37875000000000003 0.57125 0.37875000000000003 0.57125 0.365
2 0.8375 0.8637499999999999 0.825 0.8637499999999999 0.825 0.8712500000000001 0.8375 0.8712500000000001 0.8375 0.8637499999999999