2 0.335 0.675 0.32375 0.675 0.32375 0.68125 0.335 0.68125 0.335 0.675
2 0.49874999999999997 0.5962500000000001 0.4875 0.5962500000000001 0.4875 0.605 0.49874999999999997 0.605 0.49874999999999997 0.5962500000000001
2 0.48624999999999996 0.6012500000000001 0.47375 0.6012500000000001 0.47375 0.6125 0.48624999999999996 0.6125 0.48624999999999996 0.6012500000000001
2 0.4725 0.61 0.46125 0.61 0.46125 0.61875 0.4725 0.61875 0.4725 0.61
2 0.45499999999999996 0.6125 0.44000000000000006 0.6125 0.44000000000000006 0.625 0.45499999999999996 0.625 0.45499999999999996 0.6125
2 0.43875000000000003 0.6224999999999999 0.42625 0.6224999999999999 0.42625 0.63125 0.43875000000000003 0.63125 0.43875000000000003 0.6224999999999999
2 0.38125 0.6599999999999999 0.37374999999999997 0.6599999999999999 0.37374999999999997 0.67125 0.38125 0.67125 0.38125 0.6599999999999999
2 0.3525 0.6637500000000001 0.33999999999999997 0.6637500000000001 0.33999999999999997 0.67 0.3525 0.67 0.3525 0.6637500000000001
2 0.355 0.67125 0.34249999999999997 0.67125 0.34249999999999997 0.67875 0.355 0.67875 0.355 0.67125
2 0.28250000000000003 0.6725 0.27 0.6725 0.27 0.6799999999999999 0.28250000000000003 0.6799999999999999 0.28250000000000003 0.6725
2 0.4325 0.595 0.42000000000000004 0.595 0.42000000000000004 0.60375 0.4325 0.60375 0.4325 0.595
2 0.16125 0.6425 0.14875 0.6425 0.14875 0.65125 0.16125 0.65125 0.16125 0.6425
2 0.3825 0.6950000000000001 0.37625000000000003 0.6950000000000001 0.37625000000000003 0.7075 0.3825 0.7075 0.3825 0.6950000000000001
2 0.39249999999999996 0.7075 0.38625 0.7075 0.38625 0.72 0.39249999999999996 0.72 0.39249999999999996 0.7075
2 0.39375 0.725 0.3875 0.725 0.3875 0.7375 0.39375 0.7375 0.39375 0.725
2 0.39 0.78125 0.3825 0.78125 0.3825 0.79625 0.39 0.79625 0.39 0.78125
2 0.40625 0.8025 0.4 0.8025 0.4 0.81375 0.40625 0.81375 0.40625 0.8025
2 0.39125 0.825 0.38375 0.825 0.38375 0.8400000000000001 0.39125 0.8400000000000001 0.39125 0.825
2 0.39125 0.8525 0.38625 0.8525 0.38625 0.8637499999999999 0.39125 0.8637499999999999 0.39125 0.8525
2 0.44625000000000004 0.6 0.43499999999999994 0.6 0.43499999999999994 0.60625 0.44625000000000004 0.60625 0.44625000000000004 0.6
2 0.39625 0.6075 0.39125 0.6075 0.39125 0.61875 0.39625 0.61875 0.39625 0.6075
2 0.87375 0.005 0.85625 0.005 0.85625 0.028749999999999998 0.87375 0.028749999999999998 0.87375 0.005
2 0.1125 0.19375 0.10625 0.19375 0.10625 0.21000000000000002 0.1125 0.21000000000000002 0.1125 0.19375
2 0.35875 0.19375 0.3525 0.19375 0.3525 0.20625 0.35875 0.20625 0.35875 0.19375
2 0.36 0.20875 0.3525 0.20875 0.3525 0.2225 0.36 0.2225 0.36 0.20875
2 0.36124999999999996 0.22749999999999998 0.355 0.22749999999999998 0.355 0.24 0.36124999999999996 0.24 0.36124999999999996 0.22749999999999998
2 0.3625 0.2575 0.35625 0.2575 0.35625 0.27375 0.3625 0.27375 0.3625 0.2575
2 0.38 0.26749999999999996 0.37374999999999997 0.26749999999999996 0.37374999999999997 0.27875 0.38 0.27875 0.38 0.26749999999999996
2 0.36375 0.30125 0.35625 0.30125 0.35625 0.31124999999999997 0.36375 0.31124999999999997 0.36375 0.30125
2 0.36375 0.3225 0.35875 0.3225 0.35875 0.33375 0.36375 0.33375 0.36375 0.3225
2 0.40750000000000003 0.35375 0.39625 0.35375 0.39625 0.36124999999999996 0.40750000000000003 0.36124999999999996 0.40750000000000003 0.35375
2 0.515 0.37625000000000003 0.50125 0.37625000000000003 0.50125 0.385 0.515 0.385 0.515 0.37625000000000003
2 0.38875000000000004 0.60375 0.38375 0.60375 0.38375 0.615 0.38875000000000004 0.615 0.38875000000000004 0.60375
2 0.32125 0.41125 0.30625 0.41125 0.30625 0.41875 0.32125 0.41875 0.32125 0.41125
2 0.33125 0.4175 0.31625000000000003 0.4175 0.31625000000000003 0.425 0.33125 0.425 0.33125 0.4175
2 0.37374999999999997 0.43125 0.36625 0.43125 0.36625 0.44625000000000004 0.37374999999999997 0.44625000000000004 0.37374999999999997 0.43125
2 0.375 0.47750000000000004 0.36625 0.47750000000000004 0.36625 0.4925 0.375 0.4925 0.375 0.47750000000000004
2 0.11750000000000001 0.46749999999999997 0.1 0.46749999999999997 0.1 0.47750000000000004 0.11750000000000001 0.47750000000000004 0.11750000000000001 0.46749999999999997
2 0.375 0.50875 0.37 0.50875 0.37 0.5225 0.375 0.5225 0.375 0.50875
2 0.37124999999999997 0.5475 0.36625 0.5475 0.36625 0.55625 0.37124999999999997 0.55625 0.37124999999999997 0.5475
2 0.3875 0.58 0.38125 0.58 0.38125 0.595 0.3875 0.595 0.3875 0.58
2 0.3975 0.9262499999999999 0.38875000000000004 0.9262499999999999 0.38875000000000004 0.9412499999999999 0.3975 0.9412499999999999 0.3975 0.9262499999999999
2 0.021249999999999998 0.41125 0.01 0.41125 0.01 0.42125 0.021249999999999998 0.42125 0.021249999999999998 0.41125
2 0.01125 0.4875 0.00125 0.4875 0.00125 0.495 0.01125 0.495 0.01125 0.4875
2 0.37625000000000003 0.20750000000000002 0.37 0.20750000000000002 0.37 0.21625 0.37625000000000003 0.21625 0.37625000000000003 0.20750000000000002
2 0.39125 0.20750000000000002 0.38125 0.20750000000000002 0.38125 0.215 0.39125 0.215 0.39125 0.20750000000000002
2 0.35750000000000004 0.17375000000000002 0.35125 0.17375000000000002 0.35125 0.18625 0.35750000000000004 0.18625 0.35750000000000004 0.17375000000000002
2 1 0.34625 0.985 0.34625 0.985 0.35125 1 0.35125 1 0.34625
2 0.95375 0.32875 0.9400000000000001 0.32875 0.9400000000000001 0.33625 0.95375 0.33625 0.95375 0.32875
2 0.83125 0.30375 0.81875 0.30375 0.81875 0.3125 0.83125 0.3125 0.83125 0.30375
2 0.7875 0.3175 0.7775000000000001 0.3175 0.7775000000000001 0.3225 0.7875 0.3225 0.7875 0.3175
2 0.78625 0.34249999999999997 0.77 0.34249999999999997 0.77 0.3525 0.78625 0.3525 0.78625 0.34249999999999997
2 0.6537499999999999 0.35875 0.63875 0.35875 0.63875 0.3675 0.6537499999999999 0.3675 0.6537499999999999 0.35875
2 0.63375 0.315 0.6224999999999999 0.315 0.6224999999999999 0.32125 0.63375 0.32125 0.63375 0.315
2 0.35875 0.15625 0.3525 0.15625 0.3525 0.1675 0.35875 0.1675 0.35875 0.15625
2 0.34375 0.0025 0.33625 0.0025 0.33625 0.01625 0.34375 0.01625 0.34375 0.0025
2 0.34625 0.02375 0.3375 0.02375 0.3375 0.0375 0.34625 0.0375 0.34625 0.02375
2 0.34875 0.04375 0.33999999999999997 0.04375 0.33999999999999997 0.058750000000000004 0.34875 0.058750000000000004 0.34875 0.04375
2 0.35875 0.05125 0.3525 0.05125 0.3525 0.065 0.35875 0.065 0.35875 0.05125
2 0.35125 0.0675 0.34249999999999997 0.0675 0.34249999999999997 0.08249999999999999 0.35125 0.08249999999999999 0.35125 0.0675
2 0.3525 0.12375 0.34750000000000003 0.12375 0.34750000000000003 0.1375 0.3525 0.1375 0.3525 0.12375
2 0.35375 0.13625 0.34750000000000003 0.13625 0.34750000000000003 0.14875 0.35375 0.14875 0.35375 0.13625
2 0.37124999999999997 0.13125 0.365 0.13125 0.365 0.14375 0.37124999999999997 0.14375 0.37124999999999997 0.13125
2 0.38 0.6174999999999999 0.3725 0.6174999999999999 0.3725 0.63125 0.38 0.63125 0.38 0.6174999999999999