2 0.8425 0.885 0.83125 0.885 0.83125 0.8975 0.8425 0.8975 0.8425 0.885
2 0.82875 0.89125 0.8175000000000001 0.89125 0.8175000000000001 0.9037499999999999 0.82875 0.9037499999999999 0.82875 0.89125
2 0.8237500000000001 0.89625 0.8125 0.89625 0.8125 0.9087500000000001 0.8237500000000001 0.9087500000000001 0.8237500000000001 0.89625
2 0.7625 0.8925000000000001 0.7525000000000001 0.8925000000000001 0.7525000000000001 0.89875 0.7625 0.89875 0.7625 0.8925000000000001
2 0.7375 0.9075 0.73 0.9075 0.73 0.9199999999999999 0.7375 0.9199999999999999 0.7375 0.9075
2 0.75875 0.87375 0.7474999999999999 0.87375 0.7474999999999999 0.8825 0.75875 0.8825 0.75875 0.87375
2 0.71375 0.9262499999999999 0.6950000000000001 0.9262499999999999 0.6950000000000001 0.93625 0.71375 0.93625 0.71375 0.9262499999999999
2 0.7575000000000001 0.9675 0.7462500000000001 0.9675 0.7462500000000001 0.9775 0.7575000000000001 0.9775 0.7575000000000001 0.9675
2 0.85375 0.87625 0.8412499999999999 0.87625 0.8412499999999999 0.89 0.85375 0.89 0.85375 0.87625
2 0.8487500000000001 0.8800000000000001 0.83625 0.8800000000000001 0.83625 0.8949999999999999 0.8487500000000001 0.8949999999999999 0.8487500000000001 0.8800000000000001
2 0.81875 0.8787499999999999 0.8087500000000001 0.8787499999999999 0.8087500000000001 0.8875 0.81875 0.8875 0.81875 0.8787499999999999
2 0.91375 0.83625 0.9025000000000001 0.83625 0.9025000000000001 0.8474999999999999 0.91375 0.8474999999999999 0.91375 0.83625
2 0.775 0.62375 0.76625 0.62375 0.76625 0.6375 0.775 0.6375 0.775 0.62375
2 0.7537499999999999 0.65 0.745 0.65 0.745 0.6637500000000001 0.7537499999999999 0.6637500000000001 0.7537499999999999 0.65
2 0.75125 0.795 0.73625 0.795 0.73625 0.80375 0.75125 0.80375 0.75125 0.795
2 0.9237500000000001 0.78125 0.9125 0.78125 0.9125 0.7925 0.9237500000000001 0.7925 0.9237500000000001 0.78125
2 0.9275 0.8087500000000001 0.91625 0.8087500000000001 0.91625 0.8175000000000001 0.9275 0.8175000000000001 0.9275 0.8087500000000001
2 0.92875 0.8162499999999999 0.91875 0.8162499999999999 0.91875 0.82125 0.92875 0.82125 0.92875 0.8162499999999999
2 0.9324999999999999 0.82 0.9199999999999999 0.82 0.9199999999999999 0.8275 0.9324999999999999 0.8275 0.9324999999999999 0.82
2 0.9099999999999999 0.8387499999999999 0.9 0.8387499999999999 0.9 0.85125 0.9099999999999999 0.85125 0.9099999999999999 0.8387499999999999
2 0.8550000000000001 0.85125 0.8462500000000001 0.85125 0.8462500000000001 0.8625 0.8550000000000001 0.8625 0.8550000000000001 0.85125
2 0.9037499999999999 0.8412499999999999 0.89375 0.8412499999999999 0.89375 0.8525 0.9037499999999999 0.8525 0.9037499999999999 0.8412499999999999
2 0.9 0.84375 0.8887499999999999 0.84375 0.8887499999999999 0.85625 0.9 0.85625 0.9 0.84375
2 0.89375 0.8462500000000001 0.88375 0.8462500000000001 0.88375 0.86 0.89375 0.86 0.89375 0.8462500000000001
2 0.87625 0.8637499999999999 0.86625 0.8637499999999999 0.86625 0.87375 0.87625 0.87375 0.87625 0.8637499999999999
2 0.905 0.85125 0.8949999999999999 0.85125 0.8949999999999999 0.8612500000000001 0.905 0.8612500000000001 0.905 0.85125
2 0.8724999999999999 0.86 0.8637499999999999 0.86 0.8637499999999999 0.86875 0.8724999999999999 0.86875 0.8724999999999999 0.86
2 0.86875 0.85 0.8574999999999999 0.85 0.8574999999999999 0.85875 0.86875 0.85875 0.86875 0.85
2 0.8637499999999999 0.8462500000000001 0.85375 0.8462500000000001 0.85375 0.85375 0.8637499999999999 0.85375 0.8637499999999999 0.8462500000000001
2 0.865 0.8400000000000001 0.85375 0.8400000000000001 0.85375 0.85 0.865 0.85 0.865 0.8400000000000001
2 0.94625 0.39625 0.93875 0.39625 0.93875 0.41125 0.94625 0.41125 0.94625 0.39625