2 0.12 0.5825 0.11000000000000001 0.5825 0.11000000000000001 0.5962500000000001 0.12 0.5962500000000001 0.12 0.5825
2 0.11125 0.79125 0.09375 0.79125 0.09375 0.7975 0.11125 0.7975 0.11125 0.79125
2 0.06999999999999999 0.45 0.061250000000000006 0.45 0.061250000000000006 0.46375 0.06999999999999999 0.46375 0.06999999999999999 0.45
2 0.11125 0.00125 0.10625 0.00125 0.10625 0.01 0.11125 0.01 0.11125 0.00125
2 0.10124999999999999 0.027500000000000004 0.08375 0.027500000000000004 0.08375 0.03875 0.10124999999999999 0.03875 0.10124999999999999 0.027500000000000004
2 0.065 0.38375 0.057499999999999996 0.38375 0.057499999999999996 0.39375 0.065 0.39375 0.065 0.38375
2 0.2725 0.12 0.26375000000000004 0.12 0.26375000000000004 0.13374999999999998 0.2725 0.13374999999999998 0.2725 0.12
2 0.1625 0.17625 0.1525 0.17625 0.1525 0.18875 0.1625 0.18875 0.1625 0.17625
2 0.2 0.15625 0.19 0.15625 0.19 0.16999999999999998 0.2 0.16999999999999998 0.2 0.15625
2 0.026250000000000002 0.28125 0.01625 0.28125 0.01625 0.29375 0.026250000000000002 0.29375 0.026250000000000002 0.28125
2 0.03375 0.27625 0.025 0.27625 0.025 0.29 0.03375 0.29 0.03375 0.27625
2 0.027500000000000004 0.2625 0.02 0.2625 0.02 0.275 0.027500000000000004 0.275 0.027500000000000004 0.2625
2 0.04 0.29625 0.03125 0.29625 0.03125 0.30874999999999997 0.04 0.30874999999999997 0.04 0.29625
2 0.04625 0.31124999999999997 0.0375 0.31124999999999997 0.0375 0.325 0.04625 0.325 0.04625 0.31124999999999997
2 0.0625 0.36875 0.05375 0.36875 0.05375 0.3825 0.0625 0.3825 0.0625 0.36875