2 0.9099999999999999 0.6425 0.8975 0.6425 0.8975 0.65125 0.9099999999999999 0.65125 0.9099999999999999 0.6425
2 0.8625 0.19375 0.85625 0.19375 0.85625 0.21000000000000002 0.8625 0.21000000000000002 0.8625 0.19375
2 0.8675 0.46749999999999997 0.85 0.46749999999999997 0.85 0.47750000000000004 0.8675 0.47750000000000004 0.8675 0.46749999999999997
2 0.1575 0.83125 0.14625 0.83125 0.14625 0.8525 0.1575 0.8525 0.1575 0.83125
2 0.55375 0.7775000000000001 0.54 0.7775000000000001 0.54 0.7875 0.55375 0.7875 0.55375 0.7775000000000001
2 0.55 0.755 0.5375 0.755 0.5375 0.7625 0.55 0.7625 0.55 0.755
2 0.49874999999999997 0.76125 0.48375 0.76125 0.48375 0.76875 0.49874999999999997 0.76875 0.49874999999999997 0.76125
2 0.49749999999999994 0.755 0.48250000000000004 0.755 0.48250000000000004 0.7625 0.49749999999999994 0.7625 0.49749999999999994 0.755
2 0.49749999999999994 0.7424999999999999 0.48375 0.7424999999999999 0.48375 0.75125 0.49749999999999994 0.75125 0.49749999999999994 0.7424999999999999
2 0.034999999999999996 0.7849999999999999 0.02 0.7849999999999999 0.02 0.7975 0.034999999999999996 0.7975 0.034999999999999996 0.7849999999999999
2 0.09875 0.7525000000000001 0.08499999999999999 0.7525000000000001 0.08499999999999999 0.765 0.09875 0.765 0.09875 0.7525000000000001
2 0.21125 0.7537499999999999 0.19875 0.7537499999999999 0.19875 0.76375 0.21125 0.76375 0.21125 0.7537499999999999
2 0.35375 0.74 0.34625 0.74 0.34625 0.7525000000000001 0.35375 0.7525000000000001 0.35375 0.74
2 0.77125 0.41125 0.76 0.41125 0.76 0.42125 0.77125 0.42125 0.77125 0.41125
2 0.76125 0.4875 0.74875 0.4875 0.74875 0.495 0.76125 0.495 0.76125 0.4875
2 0.655 0.47000000000000003 0.6425 0.47000000000000003 0.6425 0.48 0.655 0.48 0.655 0.47000000000000003
2 0.42874999999999996 0.6012500000000001 0.41500000000000004 0.6012500000000001 0.41500000000000004 0.6125 0.42874999999999996 0.6125 0.42874999999999996 0.6012500000000001
2 0.4325 0.5587500000000001 0.42000000000000004 0.5587500000000001 0.42000000000000004 0.56875 0.4325 0.56875 0.4325 0.5587500000000001
2 0.29874999999999996 0.61375 0.28500000000000003 0.61375 0.28500000000000003 0.62375 0.29874999999999996 0.62375 0.29874999999999996 0.61375
2 0.15625 0.6900000000000001 0.145 0.6900000000000001 0.145 0.7 0.15625 0.7 0.15625 0.6900000000000001
2 0.14250000000000002 0.68625 0.13125 0.68625 0.13125 0.6950000000000001 0.14250000000000002 0.6950000000000001 0.14250000000000002 0.68625
2 0.19375 0.9775 0.185 0.9775 0.185 0.9925 0.19375 0.9925 0.19375 0.9775
2 0.595 0.4875 0.5525 0.4875 0.5525 0.51375 0.595 0.51375 0.595 0.4875