2 0.89 0.71375 0.8724999999999999 0.71375 0.8724999999999999 0.74 0.89 0.74 0.89 0.71375
2 0.87375 0.755 0.85625 0.755 0.85625 0.7787499999999999 0.87375 0.7787499999999999 0.87375 0.755
2 0.1125 0.94375 0.10625 0.94375 0.10625 0.96 0.1125 0.96 0.1125 0.94375
2 0.35875 0.94375 0.3525 0.94375 0.3525 0.95625 0.35875 0.95625 0.35875 0.94375
2 0.36 0.95875 0.3525 0.95875 0.3525 0.9724999999999999 0.36 0.9724999999999999 0.36 0.95875
2 0.36124999999999996 0.9775 0.355 0.9775 0.355 0.99 0.36124999999999996 0.99 0.36124999999999996 0.9775
2 0.37625000000000003 0.9574999999999999 0.37 0.9574999999999999 0.37 0.9662499999999999 0.37625000000000003 0.9662499999999999 0.37625000000000003 0.9574999999999999
2 0.39125 0.9574999999999999 0.38125 0.9574999999999999 0.38125 0.9650000000000001 0.39125 0.9650000000000001 0.39125 0.9574999999999999
2 0.35750000000000004 0.9237500000000001 0.35125 0.9237500000000001 0.35125 0.93625 0.35750000000000004 0.93625 0.35750000000000004 0.9237500000000001
2 0.35875 0.90625 0.3525 0.90625 0.3525 0.9175000000000001 0.35875 0.9175000000000001 0.35875 0.90625
2 0.34249999999999997 0.71 0.33375 0.71 0.33375 0.7224999999999999 0.34249999999999997 0.7224999999999999 0.34249999999999997 0.71
2 0.31124999999999997 0.39125 0.30375 0.39125 0.30375 0.40374999999999994 0.31124999999999997 0.40374999999999994 0.31124999999999997 0.39125
2 0.3075 0.46749999999999997 0.29874999999999996 0.46749999999999997 0.29874999999999996 0.48125 0.3075 0.48125 0.3075 0.46749999999999997
2 0.32625000000000004 0.58375 0.3175 0.58375 0.3175 0.59875 0.32625000000000004 0.59875 0.32625000000000004 0.58375
2 0.33625 0.67125 0.32875 0.67125 0.32875 0.6837500000000001 0.33625 0.6837500000000001 0.33625 0.67125
2 0.20625 0.73875 0.19375 0.73875 0.19375 0.75125 0.20625 0.75125 0.20625 0.73875
2 0.28875 0.7 0.275 0.7 0.275 0.7075 0.28875 0.7075 0.28875 0.7
2 0.31 0.7 0.2975 0.7 0.2975 0.70625 0.31 0.70625 0.31 0.7
2 0.33125 0.70125 0.315 0.70125 0.315 0.7112499999999999 0.33125 0.7112499999999999 0.33125 0.70125
2 0.34375 0.73625 0.335 0.73625 0.335 0.74875 0.34375 0.74875 0.34375 0.73625
2 0.34375 0.7525000000000001 0.33625 0.7525000000000001 0.33625 0.76625 0.34375 0.76625 0.34375 0.7525000000000001
2 0.34625 0.7737499999999999 0.3375 0.7737499999999999 0.3375 0.7875 0.34625 0.7875 0.34625 0.7737499999999999
2 0.34875 0.79375 0.33999999999999997 0.79375 0.33999999999999997 0.8087500000000001 0.34875 0.8087500000000001 0.34875 0.79375
2 0.35875 0.8012499999999999 0.3525 0.8012499999999999 0.3525 0.8150000000000001 0.35875 0.8150000000000001 0.35875 0.8012499999999999
2 0.35125 0.8175000000000001 0.34249999999999997 0.8175000000000001 0.34249999999999997 0.8324999999999999 0.35125 0.8324999999999999 0.35125 0.8175000000000001
2 0.3525 0.87375 0.34750000000000003 0.87375 0.34750000000000003 0.8875 0.3525 0.8875 0.3525 0.87375
2 0.355 0.8862500000000001 0.34875 0.8862500000000001 0.34875 0.89875 0.355 0.89875 0.355 0.8862500000000001
2 0.37124999999999997 0.88125 0.365 0.88125 0.365 0.89375 0.37124999999999997 0.89375 0.37124999999999997 0.88125
2 0.305 0.36 0.29874999999999996 0.36 0.29874999999999996 0.37374999999999997 0.305 0.37374999999999997 0.305 0.36
2 0.29500000000000004 0.31375000000000003 0.28625 0.31375000000000003 0.28625 0.32999999999999996 0.29500000000000004 0.32999999999999996 0.29500000000000004 0.31375000000000003
2 0.275 0.29874999999999996 0.26749999999999996 0.29874999999999996 0.26749999999999996 0.31124999999999997 0.275 0.31124999999999997 0.275 0.29874999999999996
2 0.28625 0.265 0.27749999999999997 0.265 0.27749999999999997 0.27749999999999997 0.28625 0.27749999999999997 0.28625 0.265
2 0.2225 0.00125 0.21375000000000002 0.00125 0.21375000000000002 0.0025 0.2225 0.0025 0.2225 0.00125
2 0.23374999999999999 0.0025 0.22625 0.0025 0.22625 0.015 0.23374999999999999 0.015 0.23374999999999999 0.0025
2 0.27 0.05 0.2625 0.05 0.2625 0.061250000000000006 0.27 0.061250000000000006 0.27 0.05
2 0.23875000000000002 0.06999999999999999 0.23125 0.06999999999999999 0.23125 0.08375 0.23875000000000002 0.08375 0.23875000000000002 0.06999999999999999
2 0.25125000000000003 0.15625 0.24125000000000002 0.15625 0.24125000000000002 0.17124999999999999 0.25125000000000003 0.17124999999999999 0.25125000000000003 0.15625