2 0.20249999999999999 0.00125 0.19624999999999998 0.00125 0.19624999999999998 0.00375 0.20249999999999999 0.00375 0.20249999999999999 0.00125
2 0.13374999999999998 0.027500000000000004 0.125 0.027500000000000004 0.125 0.04 0.13374999999999998 0.04 0.13374999999999998 0.027500000000000004
2 0.1125 0.04375 0.1 0.04375 0.1 0.052500000000000005 0.1125 0.052500000000000005 0.1125 0.04375
2 0.38875000000000004 0.09 0.3825 0.09 0.3825 0.1025 0.38875000000000004 0.1025 0.38875000000000004 0.09
2 0.39375 0.11125 0.3875 0.11125 0.3875 0.12375 0.39375 0.12375 0.39375 0.11125
2 0.305 0.14375 0.2925 0.14375 0.2925 0.1525 0.305 0.1525 0.305 0.14375
2 0.38125 0.21375000000000002 0.37 0.21375000000000002 0.37 0.22374999999999998 0.38125 0.22374999999999998 0.38125 0.21375000000000002
2 0.3375 0.1975 0.32625000000000004 0.1975 0.32625000000000004 0.205 0.3375 0.205 0.3375 0.1975
2 0.38875000000000004 0.27875 0.3775 0.27875 0.3775 0.28375 0.38875000000000004 0.28375 0.38875000000000004 0.27875
2 0.21125 0.00125 0.205 0.00125 0.205 0.005 0.21125 0.005 0.21125 0.00125
2 0.41875 0.5 0.40499999999999997 0.5 0.40499999999999997 0.51 0.41875 0.51 0.41875 0.5
2 0.23125 0.305 0.21875 0.305 0.21875 0.3175 0.23125 0.3175 0.23125 0.305
2 0.45625 0.51625 0.4425 0.51625 0.4425 0.5237499999999999 0.45625 0.5237499999999999 0.45625 0.51625
2 0.41 0.72875 0.39875 0.72875 0.39875 0.74375 0.41 0.74375 0.41 0.72875
2 0.42374999999999996 0.81375 0.41624999999999995 0.81375 0.41624999999999995 0.8262499999999999 0.42374999999999996 0.8262499999999999 0.42374999999999996 0.81375
2 0.375 0.9712500000000001 0.36875 0.9712500000000001 0.36875 0.9824999999999999 0.375 0.9824999999999999 0.375 0.9712500000000001
2 0.37374999999999997 0.9574999999999999 0.36625 0.9574999999999999 0.36625 0.9712500000000001 0.37374999999999997 0.9712500000000001 0.37374999999999997 0.9574999999999999
2 0.35375 0.9199999999999999 0.34125 0.9199999999999999 0.34125 0.9262499999999999 0.35375 0.9262499999999999 0.35375 0.9199999999999999
2 0.38625 0.8787499999999999 0.37875000000000003 0.8787499999999999 0.37875000000000003 0.8925000000000001 0.38625 0.8925000000000001 0.38625 0.8787499999999999
2 0.36 0.83125 0.35125 0.83125 0.35125 0.8425 0.36 0.8425 0.36 0.83125
2 0.365 0.8474999999999999 0.355 0.8474999999999999 0.355 0.8625 0.365 0.8625 0.365 0.8474999999999999
2 0.355 0.8324999999999999 0.34249999999999997 0.8324999999999999 0.34249999999999997 0.85 0.355 0.85 0.355 0.8324999999999999
2 0.3025 0.89 0.2925 0.89 0.2925 0.9037499999999999 0.3025 0.9037499999999999 0.3025 0.89
2 0.28875 0.9112500000000001 0.27125 0.9112500000000001 0.27125 0.9225 0.28875 0.9225 0.28875 0.9112500000000001
2 0.12375 0.9712500000000001 0.11374999999999999 0.9712500000000001 0.11374999999999999 0.985 0.12375 0.985 0.12375 0.9712500000000001
2 0.23625 0.90625 0.225 0.90625 0.225 0.92125 0.23625 0.92125 0.23625 0.90625
2 0.8474999999999999 0.38875000000000004 0.83625 0.38875000000000004 0.83625 0.4025 0.8474999999999999 0.4025 0.8474999999999999 0.38875000000000004
2 0.8 0.35125 0.7875 0.35125 0.7875 0.36 0.8 0.36 0.8 0.35125
2 0.9875 0.46749999999999997 0.9724999999999999 0.46749999999999997 0.9724999999999999 0.47750000000000004 0.9875 0.47750000000000004 0.9875 0.46749999999999997
2 0.5337500000000001 0.9262499999999999 0.52125 0.9262499999999999 0.52125 0.93875 0.5337500000000001 0.93875 0.5337500000000001 0.9262499999999999
2 0.62 0.9199999999999999 0.60625 0.9199999999999999 0.60625 0.9275 0.62 0.9275 0.62 0.9199999999999999
2 0.9275 0.8300000000000001 0.92125 0.8300000000000001 0.92125 0.8412499999999999 0.9275 0.8412499999999999 0.9275 0.8300000000000001
2 0.5175 0.8262499999999999 0.5037499999999999 0.8262499999999999 0.5037499999999999 0.8474999999999999 0.5175 0.8474999999999999 0.5175 0.8262499999999999
2 0.50875 0.8012499999999999 0.5 0.8012499999999999 0.5 0.8162499999999999 0.50875 0.8162499999999999 0.50875 0.8012499999999999
2 0.4925 0.7462500000000001 0.48250000000000004 0.7462500000000001 0.48250000000000004 0.76125 0.4925 0.76125 0.4925 0.7462500000000001
2 0.4875 0.73125 0.47874999999999995 0.73125 0.47874999999999995 0.745 0.4875 0.745 0.4875 0.73125
2 0.6012500000000001 0.67125 0.5875 0.67125 0.5875 0.6825 0.6012500000000001 0.6825 0.6012500000000001 0.67125
2 0.8462500000000001 0.0125 0.8375 0.0125 0.8375 0.025 0.8462500000000001 0.025 0.8462500000000001 0.0125
2 0.37875000000000003 0.04875 0.37 0.04875 0.37 0.06375 0.37875000000000003 0.06375 0.37875000000000003 0.04875
2 0.4875 0.0375 0.47375 0.0375 0.47375 0.0475 0.4875 0.0475 0.4875 0.0375
2 0.85125 0.04625 0.8375 0.04625 0.8375 0.05375 0.85125 0.05375 0.85125 0.04625
2 0.8162499999999999 0.10375000000000001 0.79875 0.10375000000000001 0.79875 0.11499999999999999 0.8162499999999999 0.11499999999999999 0.8162499999999999 0.10375000000000001
2 0.78125 0.11125 0.7675 0.11125 0.7675 0.12125 0.78125 0.12125 0.78125 0.11125
2 0.5575 0.31124999999999997 0.545 0.31124999999999997 0.545 0.32 0.5575 0.32 0.5575 0.31124999999999997
2 0.9 0.62625 0.89 0.62625 0.89 0.6425 0.9 0.6425 0.9 0.62625
2 0.8787499999999999 0.4875 0.865 0.4875 0.865 0.50125 0.8787499999999999 0.50125 0.8787499999999999 0.4875
2 0.8462500000000001 0.45375 0.8324999999999999 0.45375 0.8324999999999999 0.46624999999999994 0.8462500000000001 0.46624999999999994 0.8462500000000001 0.45375
2 0.8225 0.39625 0.8074999999999999 0.39625 0.8074999999999999 0.40750000000000003 0.8225 0.40750000000000003 0.8225 0.39625
2 0.78625 0.30125 0.77625 0.30125 0.77625 0.3125 0.78625 0.3125 0.78625 0.30125
2 0.7575000000000001 0.2875 0.745 0.2875 0.745 0.3 0.7575000000000001 0.3 0.7575000000000001 0.2875
2 0.6599999999999999 0.35875 0.6525000000000001 0.35875 0.6525000000000001 0.3675 0.6599999999999999 0.3675 0.6599999999999999 0.35875
2 0.68625 0.34500000000000003 0.67625 0.34500000000000003 0.67625 0.355 0.68625 0.355 0.68625 0.34500000000000003
2 0.5375 0.38625 0.525 0.38625 0.525 0.395 0.5375 0.395 0.5375 0.38625
2 0.5375 0.31625000000000003 0.5275000000000001 0.31625000000000003 0.5275000000000001 0.32999999999999996 0.5375 0.32999999999999996 0.5375 0.31625000000000003
2 0.7625 0.11374999999999999 0.75 0.11374999999999999 0.75 0.12375 0.7625 0.12375 0.7625 0.11374999999999999
2 0.5349999999999999 0.2975 0.52625 0.2975 0.52625 0.3125 0.5349999999999999 0.3125 0.5349999999999999 0.2975
2 0.54125 0.28375 0.53125 0.28375 0.53125 0.29625 0.54125 0.29625 0.54125 0.28375
2 0.5375 0.25875 0.525 0.25875 0.525 0.27125 0.5375 0.27125 0.5375 0.25875
2 0.5625 0.2225 0.5525 0.2225 0.5525 0.23625 0.5625 0.23625 0.5625 0.2225
2 0.7424999999999999 0.2525 0.72875 0.2525 0.72875 0.26375000000000004 0.7424999999999999 0.26375000000000004 0.7424999999999999 0.2525
2 0.73 0.23374999999999999 0.7175 0.23374999999999999 0.7175 0.24375 0.73 0.24375 0.73 0.23374999999999999
2 0.7075 0.20875 0.6950000000000001 0.20875 0.6950000000000001 0.21749999999999997 0.7075 0.21749999999999997 0.7075 0.20875
2 0.70625 0.1975 0.69375 0.1975 0.69375 0.20625 0.70625 0.20625 0.70625 0.1975
2 0.70125 0.1875 0.68875 0.1875 0.68875 0.19624999999999998 0.70125 0.19624999999999998 0.70125 0.1875
2 0.53 0.12125 0.52125 0.12125 0.52125 0.135 0.53 0.135 0.53 0.12125
2 0.21749999999999997 0.1525 0.20625 0.1525 0.20625 0.1625 0.21749999999999997 0.1625 0.21749999999999997 0.1525
2 0.465 0.5125 0.45499999999999996 0.5125 0.45499999999999996 0.5225 0.465 0.5225 0.465 0.5125