2 0.9025000000000001 0.3675 0.8949999999999999 0.3675 0.8949999999999999 0.38125 0.9025000000000001 0.38125 0.9025000000000001 0.3675
2 0.9324999999999999 0.5125 0.92125 0.5125 0.92125 0.5275000000000001 0.9324999999999999 0.5275000000000001 0.9324999999999999 0.5125
2 0.91375 0.40499999999999997 0.9037499999999999 0.40499999999999997 0.9037499999999999 0.42125 0.91375 0.42125 0.91375 0.40499999999999997
2 0.9675 0.445 0.9525 0.445 0.9525 0.45375 0.9675 0.45375 0.9675 0.445
2 0.985 0.41125 0.97625 0.41125 0.97625 0.425 0.985 0.425 0.985 0.41125
2 0.97625 0.6224999999999999 0.9675 0.6224999999999999 0.9675 0.635 0.97625 0.635 0.97625 0.6224999999999999
2 0.9550000000000001 0.63875 0.9425000000000001 0.63875 0.9425000000000001 0.6475 0.9550000000000001 0.6475 0.9550000000000001 0.63875
2 0.9412499999999999 0.5875 0.92875 0.5875 0.92875 0.59875 0.9412499999999999 0.59875 0.9412499999999999 0.5875
2 0.9875 0.365 0.98125 0.365 0.98125 0.375 0.9875 0.375 0.9875 0.365
2 0.89375 0.0225 0.8862500000000001 0.0225 0.8862500000000001 0.034999999999999996 0.89375 0.034999999999999996 0.89375 0.0225
2 0.885 0.025 0.8787499999999999 0.025 0.8787499999999999 0.03625 0.885 0.03625 0.885 0.025
2 0.8775000000000001 0.026250000000000002 0.8724999999999999 0.026250000000000002 0.8724999999999999 0.0375 0.8775000000000001 0.0375 0.8775000000000001 0.026250000000000002
2 0.8637499999999999 0.028749999999999998 0.85875 0.028749999999999998 0.85875 0.04 0.8637499999999999 0.04 0.8637499999999999 0.028749999999999998
2 0.9662499999999999 0.08625000000000001 0.96125 0.08625000000000001 0.96125 0.09625 0.9662499999999999 0.09625 0.9662499999999999 0.08625000000000001
2 0.9574999999999999 0.08249999999999999 0.9512499999999999 0.08249999999999999 0.9512499999999999 0.0975 0.9574999999999999 0.0975 0.9574999999999999 0.08249999999999999
2 0.9650000000000001 0.1075 0.95375 0.1075 0.95375 0.12375 0.9650000000000001 0.12375 0.9650000000000001 0.1075
2 0.99 0.17375000000000002 0.98125 0.17375000000000002 0.98125 0.19 0.99 0.19 0.99 0.17375000000000002
2 0.9800000000000001 0.17375000000000002 0.9737500000000001 0.17375000000000002 0.9737500000000001 0.18625 0.9800000000000001 0.18625 0.9800000000000001 0.17375000000000002
2 0.95625 0.175 0.9475 0.175 0.9475 0.19 0.95625 0.19 0.95625 0.175
2 0.9425000000000001 0.17875000000000002 0.93625 0.17875000000000002 0.93625 0.19 0.9425000000000001 0.19 0.9425000000000001 0.17875000000000002
2 0.9349999999999999 0.1775 0.93 0.1775 0.93 0.18875 0.9349999999999999 0.18875 0.9349999999999999 0.1775
2 0.8724999999999999 0.335 0.86 0.335 0.86 0.34249999999999997 0.8724999999999999 0.34249999999999997 0.8724999999999999 0.335
2 0.95875 0.008749999999999999 0.945 0.008749999999999999 0.945 0.021249999999999998 0.95875 0.021249999999999998 0.95875 0.008749999999999999
2 0.9875 0.015 0.97625 0.015 0.97625 0.028749999999999998 0.9875 0.028749999999999998 0.9875 0.015
2 0.885 0.00125 0.8787499999999999 0.00125 0.8787499999999999 0.00625 0.885 0.00625 0.885 0.00125
2 0.90625 0.00125 0.8975 0.00125 0.8975 0.008749999999999999 0.90625 0.008749999999999999 0.90625 0.00125
2 0.89875 0.00125 0.89125 0.00125 0.89125 0.0075 0.89875 0.0075 0.89875 0.00125
2 0.8925000000000001 0.00125 0.8862500000000001 0.00125 0.8862500000000001 0.0075 0.8925000000000001 0.0075 0.8925000000000001 0.00125
2 0.56375 0.00125 0.5475 0.00125 0.5475 0.02375 0.56375 0.02375 0.56375 0.00125
2 0.5225 0.05 0.50875 0.05 0.50875 0.06625 0.5225 0.06625 0.5225 0.05
2 0.5325 0.05 0.51875 0.05 0.51875 0.06625 0.5325 0.06625 0.5325 0.05
2 0.5025000000000001 0.07375000000000001 0.48875 0.07375000000000001 0.48875 0.0875 0.5025000000000001 0.0875 0.5025000000000001 0.07375000000000001
2 0.5125 0.07375000000000001 0.5 0.07375000000000001 0.5 0.0875 0.5125 0.0875 0.5125 0.07375000000000001
2 0.52125 0.0725 0.51 0.0725 0.51 0.08499999999999999 0.52125 0.08499999999999999 0.52125 0.0725
2 0.5287499999999999 0.0725 0.51875 0.0725 0.51875 0.08499999999999999 0.5287499999999999 0.08499999999999999 0.5287499999999999 0.0725
2 0.6174999999999999 0.11625 0.60625 0.11625 0.60625 0.12250000000000001 0.6174999999999999 0.12250000000000001 0.6174999999999999 0.11625
2 0.6 0.11875 0.5875 0.11875 0.5875 0.12375 0.6 0.12375 0.6 0.11875
2 0.58375 0.11875 0.57375 0.11875 0.57375 0.125 0.58375 0.125 0.58375 0.11875
2 0.56875 0.11875 0.5587500000000001 0.11875 0.5587500000000001 0.125 0.56875 0.125 0.56875 0.11875
2 0.53 0.09 0.51625 0.09 0.51625 0.1025 0.53 0.1025 0.53 0.09
2 0.52125 0.09125 0.51125 0.09125 0.51125 0.1025 0.52125 0.1025 0.52125 0.09125
2 0.51375 0.09125 0.5037499999999999 0.09125 0.5037499999999999 0.10375000000000001 0.51375 0.10375000000000001 0.51375 0.09125
2 0.50625 0.09125 0.495 0.09125 0.495 0.10375000000000001 0.50625 0.10375000000000001 0.50625 0.09125
2 0.49874999999999997 0.09125 0.485 0.09125 0.485 0.10500000000000001 0.49874999999999997 0.10500000000000001 0.49874999999999997 0.09125
2 0.5237499999999999 0.10625 0.5125 0.10625 0.5125 0.1125 0.5237499999999999 0.1125 0.5237499999999999 0.10625
2 0.5375 0.10500000000000001 0.5237499999999999 0.10500000000000001 0.5237499999999999 0.1125 0.5375 0.1125 0.5375 0.10500000000000001
2 0.5225 0.11625 0.51 0.11625 0.51 0.12875 0.5225 0.12875 0.5225 0.11625
2 0.51125 0.11750000000000001 0.5 0.11750000000000001 0.5 0.1275 0.51125 0.1275 0.51125 0.11750000000000001
2 0.49874999999999997 0.11625 0.4875 0.11625 0.4875 0.12625 0.49874999999999997 0.12625 0.49874999999999997 0.11625
2 0.4875 0.11750000000000001 0.47625 0.11750000000000001 0.47625 0.12875 0.4875 0.12875 0.4875 0.11750000000000001
2 0.51625 0.00375 0.50125 0.00375 0.50125 0.015 0.51625 0.015 0.51625 0.00375
2 0.5025000000000001 0.034999999999999996 0.4925 0.034999999999999996 0.4925 0.0475 0.5025000000000001 0.0475 0.5025000000000001 0.034999999999999996
2 0.5475 0.17375000000000002 0.5325 0.17375000000000002 0.5325 0.1825 0.5475 0.1825 0.5475 0.17375000000000002
2 0.485 0.19125 0.47125000000000006 0.19125 0.47125000000000006 0.2 0.485 0.2 0.485 0.19125
2 0.45375 0.1775 0.4425 0.1775 0.4425 0.185 0.45375 0.185 0.45375 0.1775
2 0.38625 0.16 0.3725 0.16 0.3725 0.17124999999999999 0.38625 0.17124999999999999 0.38625 0.16
2 0.5225 0.03375 0.51625 0.03375 0.51625 0.0475 0.5225 0.0475 0.5225 0.03375
2 0.515 0.034999999999999996 0.50875 0.034999999999999996 0.50875 0.04875 0.515 0.04875 0.515 0.034999999999999996
2 0.50875 0.034999999999999996 0.5025000000000001 0.034999999999999996 0.5025000000000001 0.05 0.50875 0.05 0.50875 0.034999999999999996
2 0.4175 0.09125 0.40499999999999997 0.09125 0.40499999999999997 0.1 0.4175 0.1 0.4175 0.09125
2 0.38 0.08125 0.37 0.08125 0.37 0.09625 0.38 0.09625 0.38 0.08125
2 0.39 0.09 0.38 0.09 0.38 0.1025 0.39 0.1025 0.39 0.09
2 0.41875 0.10124999999999999 0.40875000000000006 0.10124999999999999 0.40875000000000006 0.11499999999999999 0.41875 0.11499999999999999 0.41875 0.10124999999999999
2 0.225 0.1 0.2125 0.1 0.2125 0.1125 0.225 0.1125 0.225 0.1
2 0.34625 0.24375 0.3325 0.24375 0.3325 0.25875 0.34625 0.25875 0.34625 0.24375
2 0.29625 0.215 0.28375 0.215 0.28375 0.2225 0.29625 0.2225 0.29625 0.215
2 0.265 0.20125 0.25125000000000003 0.20125 0.25125000000000003 0.21000000000000002 0.265 0.21000000000000002 0.265 0.20125
2 0.1625 0.23125 0.15 0.23125 0.15 0.2375 0.1625 0.2375 0.1625 0.23125
2 0.11875 0.2375 0.10124999999999999 0.2375 0.10124999999999999 0.24625 0.11875 0.24625 0.11875 0.2375
2 0.07625 0.24625 0.0625 0.24625 0.0625 0.25375000000000003 0.07625 0.25375000000000003 0.07625 0.24625