2 0.40125 0.25625 0.3875 0.25625 0.3875 0.28250000000000003 0.40125 0.28250000000000003 0.40125 0.25625
2 0.6475 0.67125 0.6325000000000001 0.67125 0.6325000000000001 0.6950000000000001 0.6475 0.6950000000000001 0.6475 0.67125
2 0.47874999999999995 0.83125 0.45875000000000005 0.83125 0.45875000000000005 0.8487500000000001 0.47874999999999995 0.8487500000000001 0.47874999999999995 0.83125
2 0.4325 0.34750000000000003 0.41875 0.34750000000000003 0.41875 0.38125 0.4325 0.38125 0.4325 0.34750000000000003
2 0.44749999999999995 0.48125 0.42874999999999996 0.48125 0.42874999999999996 0.5075000000000001 0.44749999999999995 0.5075000000000001 0.44749999999999995 0.48125
2 0.50875 0.56375 0.49749999999999994 0.56375 0.49749999999999994 0.57875 0.50875 0.57875 0.50875 0.56375
2 0.545 0.6012500000000001 0.53125 0.6012500000000001 0.53125 0.62 0.545 0.62 0.545 0.6012500000000001
2 0.5775 0.6537499999999999 0.5700000000000001 0.6537499999999999 0.5700000000000001 0.6675 0.5775 0.6675 0.5775 0.6537499999999999
2 0.51375 0.67 0.49375 0.67 0.49375 0.6799999999999999 0.51375 0.6799999999999999 0.51375 0.67
2 0.42000000000000004 0.7537499999999999 0.40875000000000006 0.7537499999999999 0.40875000000000006 0.76875 0.42000000000000004 0.76875 0.42000000000000004 0.7537499999999999
2 0.43875000000000003 0.77 0.42625 0.77 0.42625 0.7837500000000001 0.43875000000000003 0.7837500000000001 0.43875000000000003 0.77
2 0.82875 0.93 0.80375 0.93 0.80375 0.94625 0.82875 0.94625 0.82875 0.93
2 0.74375 0.9075 0.725 0.9075 0.725 0.92875 0.74375 0.92875 0.74375 0.9075
2 0.8487500000000001 0.93 0.8400000000000001 0.93 0.8400000000000001 0.9400000000000001 0.8487500000000001 0.9400000000000001 0.8487500000000001 0.93
2 0.845 0.7837500000000001 0.8262499999999999 0.7837500000000001 0.8262499999999999 0.80625 0.845 0.80625 0.845 0.7837500000000001
2 0.9075 0.70625 0.8875 0.70625 0.8875 0.7275 0.9075 0.7275 0.9075 0.70625