2 0.22374999999999998 0.19125 0.21625 0.19125 0.21625 0.20375000000000001 0.22374999999999998 0.20375000000000001 0.22374999999999998 0.19125
2 0.28375 0.515 0.275 0.515 0.275 0.5275000000000001 0.28375 0.5275000000000001 0.28375 0.515
2 0.275 0.4625 0.26875 0.4625 0.26875 0.475 0.275 0.475 0.275 0.4625
2 0.24625 0.41500000000000004 0.2375 0.41500000000000004 0.2375 0.43 0.24625 0.43 0.24625 0.41500000000000004
2 0.26625 0.35750000000000004 0.25875 0.35750000000000004 0.25875 0.37 0.26625 0.37 0.26625 0.35750000000000004
2 0.24 0.34500000000000003 0.23125 0.34500000000000003 0.23125 0.35875 0.24 0.35875 0.24 0.34500000000000003
2 0.26749999999999996 0.27875 0.26 0.27875 0.26 0.2925 0.26749999999999996 0.2925 0.26749999999999996 0.27875
2 0.255 0.24500000000000002 0.2475 0.24500000000000002 0.2475 0.25875 0.255 0.25875 0.255 0.24500000000000002
2 0.205 0.005 0.19624999999999998 0.005 0.19624999999999998 0.017499999999999998 0.205 0.017499999999999998 0.205 0.005
2 0.20625 0.0925 0.19375 0.0925 0.19375 0.11499999999999999 0.20625 0.11499999999999999 0.20625 0.0925
2 0.2975 0.5625 0.29125 0.5625 0.29125 0.57375 0.2975 0.57375 0.2975 0.5625
2 0.2925 0.63 0.28375 0.63 0.28375 0.64375 0.2925 0.64375 0.2925 0.63
2 0.27 0.6425 0.2625 0.6425 0.2625 0.6575 0.27 0.6575 0.27 0.6425
2 0.31375000000000003 0.73375 0.30375 0.73375 0.30375 0.755 0.31375000000000003 0.755 0.31375000000000003 0.73375
2 0.33375 0.97 0.3275 0.97 0.3275 0.9862500000000001 0.33375 0.9862500000000001 0.33375 0.97
2 0.29 0.975 0.28125 0.975 0.28125 0.99125 0.29 0.99125 0.29 0.975
2 0.32125 0.92125 0.31375000000000003 0.92125 0.31375000000000003 0.9349999999999999 0.32125 0.9349999999999999 0.32125 0.92125
2 0.325 0.85 0.3125 0.85 0.3125 0.8724999999999999 0.325 0.8724999999999999 0.325 0.85
2 0.31124999999999997 0.8412499999999999 0.305 0.8412499999999999 0.305 0.8550000000000001 0.31124999999999997 0.8550000000000001 0.31124999999999997 0.8412499999999999
2 0.305 0.755 0.2975 0.755 0.2975 0.7675 0.305 0.7675 0.305 0.755