2 0.13999999999999999 0.96125 0.1325 0.96125 0.1325 0.975 0.13999999999999999 0.975 0.13999999999999999 0.96125
2 0.21875 0.9662499999999999 0.21375000000000002 0.9662499999999999 0.21375000000000002 0.9775 0.21875 0.9775 0.21875 0.9662499999999999
2 0.20375000000000001 0.97 0.1975 0.97 0.1975 0.9824999999999999 0.20375000000000001 0.9824999999999999 0.20375000000000001 0.97
2 0.1975 0.95625 0.19125 0.95625 0.19125 0.9675 0.1975 0.9675 0.1975 0.95625
2 0.20625 0.9525 0.19875 0.9525 0.19875 0.9662499999999999 0.20625 0.9662499999999999 0.20625 0.9525
2 0.2125 0.9512499999999999 0.20625 0.9512499999999999 0.20625 0.9650000000000001 0.2125 0.9650000000000001 0.2125 0.9512499999999999
2 0.23625 0.92875 0.22625 0.92875 0.22625 0.9349999999999999 0.23625 0.9349999999999999 0.23625 0.92875
2 0.2375 0.9412499999999999 0.22374999999999998 0.9412499999999999 0.22374999999999998 0.9475 0.2375 0.9475 0.2375 0.9412499999999999
2 0.1275 0.9775 0.12 0.9775 0.12 0.99375 0.1275 0.99375 0.1275 0.9775
2 0.12 0.97875 0.1125 0.97875 0.1125 0.9962500000000001 0.12 0.9962500000000001 0.12 0.97875
2 0.22000000000000003 0.9525 0.21375000000000002 0.9525 0.21375000000000002 0.9662499999999999 0.22000000000000003 0.9662499999999999 0.22000000000000003 0.9525
2 0.5862499999999999 0.9112500000000001 0.5775 0.9112500000000001 0.5775 0.9262499999999999 0.5862499999999999 0.9262499999999999 0.5862499999999999 0.9112500000000001
2 0.58125 0.88125 0.57375 0.88125 0.57375 0.8949999999999999 0.58125 0.8949999999999999 0.58125 0.88125
2 0.335 0.8712500000000001 0.3225 0.8712500000000001 0.3225 0.8787499999999999 0.335 0.8787499999999999 0.335 0.8712500000000001
2 0.07625 0.017499999999999998 0.061250000000000006 0.017499999999999998 0.061250000000000006 0.026250000000000002 0.07625 0.026250000000000002 0.07625 0.017499999999999998
2 0.03 0.08249999999999999 0.015 0.08249999999999999 0.015 0.09125 0.03 0.09125 0.03 0.08249999999999999
2 0.052500000000000005 0.041249999999999995 0.041249999999999995 0.041249999999999995 0.041249999999999995 0.05375 0.052500000000000005 0.05375 0.052500000000000005 0.041249999999999995
2 0.05125 0.03 0.0375 0.03 0.0375 0.04375 0.05125 0.04375 0.05125 0.03
2 0.05125 0.021249999999999998 0.034999999999999996 0.021249999999999998 0.034999999999999996 0.03625 0.05125 0.03625 0.05125 0.021249999999999998
2 0.0475 0.01625 0.034999999999999996 0.01625 0.034999999999999996 0.028749999999999998 0.0475 0.028749999999999998 0.0475 0.01625
2 0.045 0.0075 0.0325 0.0075 0.0325 0.021249999999999998 0.045 0.021249999999999998 0.045 0.0075
2 0.075 0.01 0.06 0.01 0.06 0.01875 0.075 0.01875 0.075 0.01
2 0.0775 0.025 0.06375 0.025 0.06375 0.03125 0.0775 0.03125 0.0775 0.025
2 0.0725 0.9862500000000001 0.06625 0.9862500000000001 0.06625 0.99875 0.0725 0.99875 0.0725 0.9862500000000001
2 0.0775 0.03125 0.06375 0.03125 0.06375 0.04 0.0775 0.04 0.0775 0.03125
2 0.08 0.04 0.065 0.04 0.065 0.045 0.08 0.045 0.08 0.04
2 0.07375000000000001 0.0025 0.058750000000000004 0.0025 0.058750000000000004 0.01125 0.07375000000000001 0.01125 0.07375000000000001 0.0025
2 0.028749999999999998 0.06875 0.0125 0.06875 0.0125 0.0775 0.028749999999999998 0.0775 0.028749999999999998 0.06875
2 0.025 0.061250000000000006 0.01 0.061250000000000006 0.01 0.06875 0.025 0.06875 0.025 0.061250000000000006
2 0.02375 0.052500000000000005 0.0075 0.052500000000000005 0.0075 0.061250000000000006 0.02375 0.061250000000000006 0.02375 0.052500000000000005
2 0.0225 0.041249999999999995 0.005 0.041249999999999995 0.005 0.04875 0.0225 0.04875 0.0225 0.041249999999999995
2 0.065 1 0.065 0.9875 0.057499999999999996 0.9875 0.057499999999999996 1 0.065 1
2 0.11750000000000001 0.93125 0.1125 0.93125 0.1125 0.94375 0.11750000000000001 0.94375 0.11750000000000001 0.93125
2 0.125 0.93 0.11875 0.93 0.11875 0.94375 0.125 0.94375 0.125 0.93
2 0.13125 0.93 0.125 0.93 0.125 0.9425000000000001 0.13125 0.9425000000000001 0.13125 0.93
2 0.15125 0.9262499999999999 0.145 0.9262499999999999 0.145 0.93875 0.15125 0.93875 0.15125 0.9262499999999999
2 0.15875 0.925 0.15375 0.925 0.15375 0.9375 0.15875 0.9375 0.15875 0.925
2 0.175 0.9225 0.16875 0.9225 0.16875 0.9337500000000001 0.175 0.9337500000000001 0.175 0.9225
2 0.18125 0.92125 0.175 0.92125 0.175 0.9337500000000001 0.18125 0.9337500000000001 0.18125 0.92125
2 0.18875 0.9199999999999999 0.1825 0.9199999999999999 0.1825 0.9349999999999999 0.18875 0.9349999999999999 0.18875 0.9199999999999999
2 0.20625 0.9199999999999999 0.2 0.9199999999999999 0.2 0.9324999999999999 0.20625 0.9324999999999999 0.20625 0.9199999999999999
2 0.21375000000000002 0.9175000000000001 0.20625 0.9175000000000001 0.20625 0.9324999999999999 0.21375000000000002 0.9324999999999999 0.21375000000000002 0.9175000000000001
2 0.095 0.3675 0.08375 0.3675 0.08375 0.38125 0.095 0.38125 0.095 0.3675
2 0.02 0.33875 0.013750000000000002 0.33875 0.013750000000000002 0.34875 0.02 0.34875 0.02 0.33875
2 0.013750000000000002 0.18 0.00125 0.18 0.00125 0.1925 0.013750000000000002 0.1925 0.013750000000000002 0.18
2 0.0375 0.11374999999999999 0.017499999999999998 0.11374999999999999 0.017499999999999998 0.12250000000000001 0.0375 0.12250000000000001 0.0375 0.11374999999999999
2 0.76625 0.057499999999999996 0.74875 0.057499999999999996 0.74875 0.0875 0.76625 0.0875 0.76625 0.057499999999999996
2 0.85375 0.34375 0.83375 0.34375 0.83375 0.355 0.85375 0.355 0.85375 0.34375
2 0.04875 0.00125 0.03 0.00125 0.03 0.013750000000000002 0.04875 0.013750000000000002 0.04875 0.00125
2 0.14125000000000001 0.97625 0.135 0.97625 0.135 0.99 0.14125000000000001 0.99 0.14125000000000001 0.97625
2 0.135 0.97625 0.1275 0.97625 0.1275 0.99125 0.135 0.99125 0.135 0.97625
2 0.24125000000000002 0.9175000000000001 0.225 0.9175000000000001 0.225 0.9262499999999999 0.24125000000000002 0.9262499999999999 0.24125000000000002 0.9175000000000001