2 0.07625 0 0.07625 0.0125 0.10500000000000001 0.0125 0.10500000000000001 0 0.07625 0
2 0.01875 0.12 0.008749999999999999 0.12 0.008749999999999999 0.14375 0.01875 0.14375 0.01875 0.12
2 0.32875 0.005 0.3025 0.005 0.3025 0.015 0.32875 0.015 0.32875 0.005
2 0.27125 0.005 0.24625 0.005 0.24625 0.01875 0.27125 0.01875 0.27125 0.005
2 0.2425 0.00375 0.21625 0.00375 0.21625 0.015 0.2425 0.015 0.2425 0.00375
2 0.075 0.00375 0.045 0.00375 0.045 0.02 0.075 0.02 0.075 0.00375
2 0.21749999999999997 0.00125 0.1875 0.00125 0.1875 0.013750000000000002 0.21749999999999997 0.013750000000000002 0.21749999999999997 0.00125
2 0.3025 0.00625 0.2725 0.00625 0.2725 0.017499999999999998 0.3025 0.017499999999999998 0.3025 0.00625
2 0.35625 0.00375 0.32875 0.00375 0.32875 0.015 0.35625 0.015 0.35625 0.00375
2 0.4025 0.00625 0.365 0.00625 0.365 0.02 0.4025 0.02 0.4025 0.00625
2 0.62 0.215 0.60375 0.215 0.60375 0.24 0.62 0.24 0.62 0.215
2 0.51875 0.013750000000000002 0.48375 0.013750000000000002 0.48375 0.028749999999999998 0.51875 0.028749999999999998 0.51875 0.013750000000000002
2 0.60625 0.017499999999999998 0.575 0.017499999999999998 0.575 0.027500000000000004 0.60625 0.027500000000000004 0.60625 0.017499999999999998
2 0.4225 0.008749999999999999 0.40125 0.008749999999999999 0.40125 0.01875 0.4225 0.01875 0.4225 0.008749999999999999