2 0.46875 0.395 0.44125 0.395 0.44125 0.41875 0.46875 0.41875 0.46875 0.395
2 0.69375 0.92875 0.6675 0.92875 0.6675 0.9475 0.69375 0.9475 0.69375 0.92875
2 0.70625 0.7775000000000001 0.6875 0.7775000000000001 0.6875 0.805 0.70625 0.805 0.70625 0.7775000000000001
2 0.6012500000000001 0.57875 0.57375 0.57875 0.57375 0.595 0.6012500000000001 0.595 0.6012500000000001 0.57875
2 0.5875 0.5662499999999999 0.5625 0.5662499999999999 0.5625 0.58125 0.5875 0.58125 0.5875 0.5662499999999999
2 0.575 0.5525 0.5525 0.5525 0.5525 0.56375 0.575 0.56375 0.575 0.5525
2 0.5675 0.53625 0.54125 0.53625 0.54125 0.54875 0.5675 0.54875 0.5675 0.53625
2 0.5549999999999999 0.52125 0.5275000000000001 0.52125 0.5275000000000001 0.5337500000000001 0.5549999999999999 0.5337500000000001 0.5549999999999999 0.52125
2 0.54375 0.5075000000000001 0.51625 0.5075000000000001 0.51625 0.5225 0.54375 0.5225 0.54375 0.5075000000000001
2 0.5349999999999999 0.49625 0.5075000000000001 0.49625 0.5075000000000001 0.51 0.5349999999999999 0.51 0.5349999999999999 0.49625
2 0.525 0.48125 0.50125 0.48125 0.50125 0.495 0.525 0.495 0.525 0.48125
2 0.14375 0.29874999999999996 0.11750000000000001 0.29874999999999996 0.11750000000000001 0.31625000000000003 0.14375 0.31625000000000003 0.14375 0.29874999999999996