2 0.20125 0.69875 0.18875 0.69875 0.18875 0.7224999999999999 0.20125 0.7224999999999999 0.20125 0.69875
2 0.08125 0.73 0.06625 0.73 0.06625 0.75625 0.08125 0.75625 0.08125 0.73
2 0.07625 0.8150000000000001 0.06375 0.8150000000000001 0.06375 0.8425 0.07625 0.8425 0.07625 0.8150000000000001
2 0.20875 0.85875 0.19375 0.85875 0.19375 0.8925000000000001 0.20875 0.8925000000000001 0.20875 0.85875
2 0.145 0.85875 0.13125 0.85875 0.13125 0.8825 0.145 0.8825 0.145 0.85875
2 0.1 0.8550000000000001 0.08625000000000001 0.8550000000000001 0.08625000000000001 0.8862500000000001 0.1 0.8862500000000001 0.1 0.8550000000000001
2 0.07125000000000001 0.93625 0.058750000000000004 0.93625 0.058750000000000004 0.96125 0.07125000000000001 0.96125 0.07125000000000001 0.93625
2 0.15875 0.9412499999999999 0.14875 0.9412499999999999 0.14875 0.9675 0.15875 0.9675 0.15875 0.9412499999999999
2 0.12875 0.6950000000000001 0.11625 0.6950000000000001 0.11625 0.7212500000000001 0.12875 0.7212500000000001 0.12875 0.6950000000000001
2 0.052500000000000005 0.6912499999999999 0.04 0.6912499999999999 0.04 0.7212500000000001 0.052500000000000005 0.7212500000000001 0.052500000000000005 0.6912499999999999
2 0.22374999999999998 0.6174999999999999 0.21000000000000002 0.6174999999999999 0.21000000000000002 0.64625 0.22374999999999998 0.64625 0.22374999999999998 0.6174999999999999
2 0.5349999999999999 0.9225 0.5225 0.9225 0.5225 0.95375 0.5349999999999999 0.95375 0.5349999999999999 0.9225
2 0.44875 0.26 0.43499999999999994 0.26 0.43499999999999994 0.29125 0.44875 0.29125 0.44875 0.26
2 0.45 0.22999999999999998 0.4375 0.22999999999999998 0.4375 0.2575 0.45 0.2575 0.45 0.22999999999999998
2 0.41875 0.25625 0.40499999999999997 0.25625 0.40499999999999997 0.28500000000000003 0.41875 0.28500000000000003 0.41875 0.25625
2 0.34249999999999997 0.255 0.33125 0.255 0.33125 0.28500000000000003 0.34249999999999997 0.28500000000000003 0.34249999999999997 0.255
2 0.31375000000000003 0.25375000000000003 0.3 0.25375000000000003 0.3 0.28500000000000003 0.31375000000000003 0.28500000000000003 0.31375000000000003 0.25375000000000003
2 0.7162499999999999 0.58 0.70375 0.58 0.70375 0.60625 0.7162499999999999 0.60625 0.7162499999999999 0.58
2 0.6900000000000001 0.61 0.6775 0.61 0.6775 0.6375 0.6900000000000001 0.6375 0.6900000000000001 0.61
2 0.6125 0.7112499999999999 0.6 0.7112499999999999 0.6 0.74 0.6125 0.74 0.6125 0.7112499999999999
2 0.31124999999999997 0.9112500000000001 0.29625 0.9112500000000001 0.29625 0.9400000000000001 0.31124999999999997 0.9400000000000001 0.31124999999999997 0.9112500000000001
2 0.15375 0.73625 0.13999999999999999 0.73625 0.13999999999999999 0.7675 0.15375 0.7675 0.15375 0.73625
2 0.34125 0.885 0.32875 0.885 0.32875 0.91625 0.34125 0.91625 0.34125 0.885
2 0.35750000000000004 0.8825 0.34500000000000003 0.8825 0.34500000000000003 0.9112500000000001 0.35750000000000004 0.9112500000000001 0.35750000000000004 0.8825
2 0.3875 0.88375 0.37625000000000003 0.88375 0.37625000000000003 0.9125 0.3875 0.9125 0.3875 0.88375
2 0.43624999999999997 0.81125 0.42000000000000004 0.81125 0.42000000000000004 0.8474999999999999 0.43624999999999997 0.8474999999999999 0.43624999999999997 0.81125
2 0.40875000000000006 0.7825 0.39249999999999996 0.7825 0.39249999999999996 0.8150000000000001 0.40875000000000006 0.8150000000000001 0.40875000000000006 0.7825
2 0.36124999999999996 0.8162499999999999 0.34625 0.8162499999999999 0.34625 0.845 0.36124999999999996 0.845 0.36124999999999996 0.8162499999999999
2 0.3175 0.80625 0.305 0.80625 0.305 0.83625 0.3175 0.83625 0.3175 0.80625
2 0.35125 0.7112499999999999 0.33625 0.7112499999999999 0.33625 0.745 0.35125 0.745 0.35125 0.7112499999999999
2 0.32125 0.71 0.3075 0.71 0.3075 0.745 0.32125 0.745 0.32125 0.71
2 0.30375 0.7125 0.29125 0.7125 0.29125 0.74375 0.30375 0.74375 0.30375 0.7125
2 0.09375 0.73375 0.08249999999999999 0.73375 0.08249999999999999 0.7625 0.09375 0.7625 0.09375 0.73375
2 0.7 0.85 0.68875 0.85 0.68875 0.8775000000000001 0.7 0.8775000000000001 0.7 0.85
2 0.6012500000000001 0.9125 0.58875 0.9125 0.58875 0.9425000000000001 0.6012500000000001 0.9425000000000001 0.6012500000000001 0.9125
2 0.73 0.35 0.7150000000000001 0.35 0.7150000000000001 0.37875000000000003 0.73 0.37875000000000003 0.73 0.35
2 0.76625 0.925 0.75 0.925 0.75 0.9512499999999999 0.76625 0.9512499999999999 0.76625 0.925
2 0.8474999999999999 0.8525 0.8300000000000001 0.8525 0.8300000000000001 0.885 0.8474999999999999 0.885 0.8474999999999999 0.8525
2 0.87375 0.85875 0.8574999999999999 0.85875 0.8574999999999999 0.8887499999999999 0.87375 0.8887499999999999 0.87375 0.85875
2 0.75 0.8487500000000001 0.7325 0.8487500000000001 0.7325 0.8787499999999999 0.75 0.8787499999999999 0.75 0.8487500000000001
2 0.7875 0.84375 0.7737499999999999 0.84375 0.7737499999999999 0.8800000000000001 0.7875 0.8800000000000001 0.7875 0.84375
2 0.94375 0.72875 0.9087500000000001 0.72875 0.9087500000000001 0.7462500000000001 0.94375 0.7462500000000001 0.94375 0.72875
2 0.9400000000000001 0.7112499999999999 0.90625 0.7112499999999999 0.90625 0.7262500000000001 0.9400000000000001 0.7262500000000001 0.9400000000000001 0.7112499999999999
2 0.9375 0.675 0.9075 0.675 0.9075 0.6900000000000001 0.9375 0.6900000000000001 0.9375 0.675
2 0.93625 0.5962500000000001 0.90625 0.5962500000000001 0.90625 0.60875 0.93625 0.60875 0.93625 0.5962500000000001
2 0.8675 0.57375 0.8400000000000001 0.57375 0.8400000000000001 0.5862499999999999 0.8675 0.5862499999999999 0.8675 0.57375
2 0.9425000000000001 0.3 0.9099999999999999 0.3 0.9099999999999999 0.3125 0.9425000000000001 0.3125 0.9425000000000001 0.3
2 0.4325 0.25625 0.42125 0.25625 0.42125 0.29 0.4325 0.29 0.4325 0.25625
2 0.43624999999999997 0.22749999999999998 0.42625 0.22749999999999998 0.42625 0.255 0.43624999999999997 0.255 0.43624999999999997 0.22749999999999998
2 0.4125 0.14875 0.39875 0.14875 0.39875 0.1775 0.4125 0.1775 0.4125 0.14875
2 0.61125 0.79625 0.59375 0.79625 0.59375 0.8275 0.61125 0.8275 0.61125 0.79625
2 0.17875000000000002 0.615 0.16625 0.615 0.16625 0.64375 0.17875000000000002 0.64375 0.17875000000000002 0.615
2 0.05625 0.92875 0.04375 0.92875 0.04375 0.9662499999999999 0.05625 0.9662499999999999 0.05625 0.92875
2 0.04 0.925 0.026250000000000002 0.925 0.026250000000000002 0.96125 0.04 0.96125 0.04 0.925
2 0.71375 0.61125 0.6950000000000001 0.61125 0.6950000000000001 0.6475 0.71375 0.6475 0.71375 0.61125
2 0.615 0.6775 0.6012500000000001 0.6775 0.6012500000000001 0.70375 0.615 0.70375 0.615 0.6775
2 0.6925 1 0.6925 0.99 0.68125 0.99 0.68125 1 0.6925 1
2 0.93625 0.75125 0.90625 0.75125 0.90625 0.765 0.93625 0.765 0.93625 0.75125
2 0.8887499999999999 0.51125 0.8625 0.51125 0.8625 0.525 0.8887499999999999 0.525 0.8887499999999999 0.51125
2 0.9199999999999999 0.51375 0.8949999999999999 0.51375 0.8949999999999999 0.52625 0.9199999999999999 0.52625 0.9199999999999999 0.51375
2 0.3725 0.2575 0.3625 0.2575 0.3625 0.28375 0.3725 0.28375 0.3725 0.2575
2 0.5 0.1575 0.4875 0.1575 0.4875 0.1825 0.5 0.1825 0.5 0.1575
2 0.49000000000000005 0.89375 0.47874999999999995 0.89375 0.47874999999999995 0.92125 0.49000000000000005 0.92125 0.49000000000000005 0.89375
2 0.29500000000000004 0.91375 0.28125 0.91375 0.28125 0.9425000000000001 0.29500000000000004 0.9425000000000001 0.29500000000000004 0.91375
2 0.29500000000000004 0.8787499999999999 0.28250000000000003 0.8787499999999999 0.28250000000000003 0.9125 0.29500000000000004 0.9125 0.29500000000000004 0.8787499999999999
2 0.30874999999999997 0.8875 0.3 0.8875 0.3 0.9087500000000001 0.30874999999999997 0.9087500000000001 0.30874999999999997 0.8875
2 0.325 0.8887499999999999 0.315 0.8887499999999999 0.315 0.9112500000000001 0.325 0.9112500000000001 0.325 0.8887499999999999
2 0.54125 0.8225 0.5275000000000001 0.8225 0.5275000000000001 0.85625 0.54125 0.85625 0.54125 0.8225
2 0.4625 0.89 0.45125000000000004 0.89 0.45125000000000004 0.91875 0.4625 0.91875 0.4625 0.89
2 0.35625 0.2575 0.34500000000000003 0.2575 0.34500000000000003 0.28250000000000003 0.35625 0.28250000000000003 0.35625 0.2575
2 0.37374999999999997 0.22625 0.3625 0.22625 0.3625 0.25125000000000003 0.37374999999999997 0.25125000000000003 0.37374999999999997 0.22625
2 0.38875000000000004 0.22374999999999998 0.3775 0.22374999999999998 0.3775 0.25125000000000003 0.38875000000000004 0.25125000000000003 0.38875000000000004 0.22374999999999998
2 0.32 0.15125 0.30625 0.15125 0.30625 0.17375000000000002 0.32 0.17375000000000002 0.32 0.15125
2 0.44125 0.15 0.42750000000000005 0.15 0.42750000000000005 0.1775 0.44125 0.1775 0.44125 0.15
2 0.45499999999999996 0.15125 0.4425 0.15125 0.4425 0.17875000000000002 0.45499999999999996 0.17875000000000002 0.45499999999999996 0.15125
2 0.47000000000000003 0.155 0.45875000000000005 0.155 0.45875000000000005 0.17875000000000002 0.47000000000000003 0.17875000000000002 0.47000000000000003 0.155
2 0.6174999999999999 0.64125 0.60375 0.64125 0.60375 0.67 0.6174999999999999 0.67 0.6174999999999999 0.64125
2 0.8487500000000001 0.8099999999999999 0.81375 0.8099999999999999 0.81375 0.8237500000000001 0.8487500000000001 0.8237500000000001 0.8487500000000001 0.8099999999999999
2 0.76625 0.8525 0.755 0.8525 0.755 0.8775000000000001 0.76625 0.8775000000000001 0.76625 0.8525
2 0.09625 0.1325 0.08 0.1325 0.08 0.16 0.09625 0.16 0.09625 0.1325
2 0.14750000000000002 0.615 0.13374999999999998 0.615 0.13374999999999998 0.6425 0.14750000000000002 0.6425 0.14750000000000002 0.615
2 0.515 0.1575 0.5025000000000001 0.1575 0.5025000000000001 0.19 0.515 0.19 0.515 0.1575
2 0.5337500000000001 0.51375 0.52 0.51375 0.52 0.54125 0.5337500000000001 0.54125 0.5337500000000001 0.51375
2 0.47874999999999995 0.47125000000000006 0.4625 0.47125000000000006 0.4625 0.50875 0.47874999999999995 0.50875 0.47874999999999995 0.47125000000000006
2 0.5662499999999999 0.5175 0.55375 0.5175 0.55375 0.54875 0.5662499999999999 0.54875 0.5662499999999999 0.5175