2 1 0.35125 0.99375 0.35125 0.99375 0.375 1 0.375 1 0.35125
2 0.8862500000000001 0.3825 0.8712500000000001 0.3825 0.8712500000000001 0.40875000000000006 0.8862500000000001 0.40875000000000006 0.8862500000000001 0.3825
2 0.88125 0.46749999999999997 0.86875 0.46749999999999997 0.86875 0.495 0.88125 0.495 0.88125 0.46749999999999997
2 0.95 0.51125 0.93625 0.51125 0.93625 0.5349999999999999 0.95 0.5349999999999999 0.95 0.51125
2 0.905 0.5075000000000001 0.89125 0.5075000000000001 0.89125 0.5387500000000001 0.905 0.5387500000000001 0.905 0.5075000000000001
2 0.87625 0.58875 0.8637499999999999 0.58875 0.8637499999999999 0.61375 0.87625 0.61375 0.87625 0.58875
2 0.9637499999999999 0.59375 0.95375 0.59375 0.95375 0.62 0.9637499999999999 0.62 0.9637499999999999 0.59375
2 0.865 0.7075 0.8387499999999999 0.7075 0.8387499999999999 0.72 0.865 0.72 0.865 0.7075
2 0.97875 0.75 0.95 0.75 0.95 0.76375 0.97875 0.76375 0.97875 0.75
2 0.9225 0.9087500000000001 0.9099999999999999 0.9087500000000001 0.9099999999999999 0.9324999999999999 0.9225 0.9324999999999999 0.9225 0.9087500000000001
2 0.9075 0.9075 0.8949999999999999 0.9075 0.8949999999999999 0.9337500000000001 0.9075 0.9337500000000001 0.9075 0.9075
2 0.87625 0.905 0.8637499999999999 0.905 0.8637499999999999 0.9324999999999999 0.87625 0.9324999999999999 0.87625 0.905
2 0.83125 0.9037499999999999 0.82 0.9037499999999999 0.82 0.92875 0.83125 0.92875 0.83125 0.9037499999999999
2 0.91375 0.82 0.9025000000000001 0.82 0.9025000000000001 0.8462500000000001 0.91375 0.8462500000000001 0.91375 0.82
2 0.93125 0.8225 0.91875 0.8225 0.91875 0.85 0.93125 0.85 0.93125 0.8225
2 0.8712500000000001 0.82125 0.8612500000000001 0.82125 0.8612500000000001 0.8462500000000001 0.8712500000000001 0.8462500000000001 0.8712500000000001 0.82125
2 0.82875 0.82125 0.8175000000000001 0.82125 0.8175000000000001 0.8474999999999999 0.82875 0.8474999999999999 0.82875 0.82125
2 0.9337500000000001 0.34750000000000003 0.92125 0.34750000000000003 0.92125 0.37374999999999997 0.9337500000000001 0.37374999999999997 0.9337500000000001 0.34750000000000003
2 0.8574999999999999 0.34375 0.845 0.34375 0.845 0.37374999999999997 0.8574999999999999 0.37374999999999997 0.8574999999999999 0.34375
2 0.95875 0.38875000000000004 0.945 0.38875000000000004 0.945 0.42000000000000004 0.95875 0.42000000000000004 0.95875 0.38875000000000004
2 0.89875 0.38625 0.8875 0.38625 0.8875 0.41500000000000004 0.89875 0.41500000000000004 0.89875 0.38625
2 0.29375 0.017499999999999998 0.27 0.017499999999999998 0.27 0.03 0.29375 0.03 0.29375 0.017499999999999998
2 0.29500000000000004 0.034999999999999996 0.26625 0.034999999999999996 0.26625 0.04875 0.29500000000000004 0.04875 0.29500000000000004 0.034999999999999996
2 0.29125 0.06875 0.26875 0.06875 0.26875 0.07875 0.29125 0.07875 0.29125 0.06875
2 0.29500000000000004 0.08375 0.26625 0.08375 0.26625 0.095 0.29500000000000004 0.095 0.29500000000000004 0.08375
2 0.34500000000000003 0.475 0.31875 0.475 0.31875 0.4875 0.34500000000000003 0.4875 0.34500000000000003 0.475
2 0.37 0.5349999999999999 0.34375 0.5349999999999999 0.34375 0.5475 0.37 0.5475 0.37 0.5349999999999999
2 0.3825 0.355 0.36 0.355 0.36 0.36875 0.3825 0.36875 0.3825 0.355
2 0.35125 0.32375 0.32625000000000004 0.32375 0.32625000000000004 0.33625 0.35125 0.33625 0.35125 0.32375
2 0.34875 0.33999999999999997 0.32375 0.33999999999999997 0.32375 0.3525 0.34875 0.3525 0.34875 0.33999999999999997
2 0.34500000000000003 0.42874999999999996 0.3175 0.42874999999999996 0.3175 0.4425 0.34500000000000003 0.4425 0.34500000000000003 0.42874999999999996
2 0.29375 0.09875 0.26875 0.09875 0.26875 0.11000000000000001 0.29375 0.11000000000000001 0.29375 0.09875
2 0.35125 0.38375 0.32375 0.38375 0.32375 0.39625 0.35125 0.39625 0.35125 0.38375
2 0.3525 0.3675 0.32375 0.3675 0.32375 0.38125 0.3525 0.38125 0.3525 0.3675
2 0.26749999999999996 0.52625 0.2425 0.52625 0.2425 0.54125 0.26749999999999996 0.54125 0.26749999999999996 0.52625
2 0.26875 0.5 0.24375 0.5 0.24375 0.51125 0.26875 0.51125 0.26875 0.5
2 0.27375 0.47125000000000006 0.24375 0.47125000000000006 0.24375 0.48250000000000004 0.27375 0.48250000000000004 0.27375 0.47125000000000006
2 0.36625 0.028749999999999998 0.33375 0.028749999999999998 0.33375 0.041249999999999995 0.36625 0.041249999999999995 0.36625 0.028749999999999998
2 0.36625 0.0125 0.33375 0.0125 0.33375 0.026250000000000002 0.36625 0.026250000000000002 0.36625 0.0125
2 0.28250000000000003 0.22000000000000003 0.25625 0.22000000000000003 0.25625 0.2325 0.28250000000000003 0.2325 0.28250000000000003 0.22000000000000003
2 0.29125 0.11374999999999999 0.26749999999999996 0.11374999999999999 0.26749999999999996 0.125 0.29125 0.125 0.29125 0.11374999999999999
2 0.2975 0.00125 0.26875 0.00125 0.26875 0.01 0.2975 0.01 0.2975 0.00125
2 0.36875 0.00125 0.3325 0.00125 0.3325 0.008749999999999999 0.36875 0.008749999999999999 0.36875 0.00125
2 0.3625 0.10375000000000001 0.33875 0.10375000000000001 0.33875 0.1125 0.3625 0.1125 0.3625 0.10375000000000001
2 0.36 0.11750000000000001 0.33375 0.11750000000000001 0.33375 0.13125 0.36 0.13125 0.36 0.11750000000000001
2 0.98375 0.26749999999999996 0.9712500000000001 0.26749999999999996 0.9712500000000001 0.29625 0.98375 0.29625 0.98375 0.26749999999999996
2 0.2875 0.17250000000000001 0.2575 0.17250000000000001 0.2575 0.18625 0.2875 0.18625 0.2875 0.17250000000000001
2 0.33875 0.5325 0.30625 0.5325 0.30625 0.54625 0.33875 0.54625 0.33875 0.5325
2 0.8612500000000001 0.58125 0.8487500000000001 0.58125 0.8487500000000001 0.61875 0.8612500000000001 0.61875 0.8612500000000001 0.58125
2 0.845 0.5775 0.83125 0.5775 0.83125 0.61375 0.845 0.61375 0.845 0.5775
2 0.9675 0.905 0.9512499999999999 0.905 0.9512499999999999 0.93875 0.9675 0.93875 0.9675 0.905
2 1 0.9087500000000001 0.9974999999999999 0.9087500000000001 0.9974999999999999 0.93875 1 0.93875 1 0.9087500000000001
2 0.8925000000000001 0.9037499999999999 0.8787499999999999 0.9037499999999999 0.8787499999999999 0.93625 0.8925000000000001 0.93625 0.8925000000000001 0.9037499999999999
2 0.89875 0.82 0.8887499999999999 0.82 0.8887499999999999 0.85125 0.89875 0.85125 0.89875 0.82
2 0.8875 0.8225 0.87625 0.8225 0.87625 0.85 0.8875 0.85 0.8875 0.8225
2 0.8550000000000001 0.82 0.8387499999999999 0.82 0.8387499999999999 0.8550000000000001 0.8550000000000001 0.8550000000000001 0.8550000000000001 0.82
2 0.2125 0.7112499999999999 0.18125 0.7112499999999999 0.18125 0.7224999999999999 0.2125 0.7224999999999999 0.2125 0.7112499999999999
2 0.7725 0.7424999999999999 0.73875 0.7424999999999999 0.73875 0.755 0.7725 0.755 0.7725 0.7424999999999999
2 0.3775 0.51875 0.35 0.51875 0.35 0.53 0.3775 0.53 0.3775 0.51875
2 0.36124999999999996 0.20625 0.33125 0.20625 0.33125 0.22000000000000003 0.36124999999999996 0.22000000000000003 0.36124999999999996 0.20625
2 0.3775 0.49000000000000005 0.34875 0.49000000000000005 0.34875 0.5025000000000001 0.3775 0.5025000000000001 0.3775 0.49000000000000005
2 0.38 0.47375 0.35 0.47375 0.35 0.49000000000000005 0.38 0.49000000000000005 0.38 0.47375
2 0.37875000000000003 0.45999999999999996 0.35 0.45999999999999996 0.35 0.47625 0.37875000000000003 0.47625 0.37875000000000003 0.45999999999999996
2 0.38125 0.4425 0.35125 0.4425 0.35125 0.45875000000000005 0.38125 0.45875000000000005 0.38125 0.4425
2 0.38125 0.4125 0.355 0.4125 0.355 0.42625 0.38125 0.42625 0.38125 0.4125
2 0.3825 0.39875 0.35375 0.39875 0.35375 0.4125 0.3825 0.4125 0.3825 0.39875
2 0.45999999999999996 0.35375 0.42874999999999996 0.35375 0.42874999999999996 0.36875 0.45999999999999996 0.36875 0.45999999999999996 0.35375
2 0.38375 0.3675 0.355 0.3675 0.355 0.38625 0.38375 0.38625 0.38375 0.3675
2 0.36 0.14875 0.335 0.14875 0.335 0.16125 0.36 0.16125 0.36 0.14875
2 0.28875 0.19125 0.25625 0.19125 0.25625 0.205 0.28875 0.205 0.28875 0.19125
2 0.28625 0.20625 0.25875 0.20625 0.25875 0.21875 0.28625 0.21875 0.28625 0.20625
2 0.5662499999999999 0.72875 0.54125 0.72875 0.54125 0.74375 0.5662499999999999 0.74375 0.5662499999999999 0.72875
2 0.34375 0.48875 0.3225 0.48875 0.3225 0.5037499999999999 0.34375 0.5037499999999999 0.34375 0.48875
2 0.2875 0.16 0.2575 0.16 0.2575 0.17124999999999999 0.2875 0.17124999999999999 0.2875 0.16
2 0.34375 0.5025000000000001 0.31625000000000003 0.5025000000000001 0.31625000000000003 0.5175 0.34375 0.5175 0.34375 0.5025000000000001
2 0.275 0.38625 0.25375000000000003 0.38625 0.25375000000000003 0.39875 0.275 0.39875 0.275 0.38625
2 0.27625 0.37 0.25125000000000003 0.37 0.25125000000000003 0.3825 0.27625 0.3825 0.27625 0.37
2 0.44625000000000004 0.46624999999999994 0.42374999999999996 0.46624999999999994 0.42374999999999996 0.48 0.44625000000000004 0.48 0.44625000000000004 0.46624999999999994
2 0.365 0.08875 0.3375 0.08875 0.3375 0.10124999999999999 0.365 0.10124999999999999 0.365 0.08875
2 0.3625 0.075 0.3375 0.075 0.3375 0.0875 0.3625 0.0875 0.3625 0.075
2 0.36124999999999996 0.06 0.33875 0.06 0.33875 0.07375000000000001 0.36124999999999996 0.07375000000000001 0.36124999999999996 0.06
2 0.36124999999999996 0.042499999999999996 0.33875 0.042499999999999996 0.33875 0.05500000000000001 0.36124999999999996 0.05500000000000001 0.36124999999999996 0.042499999999999996
2 0.28875 0.145 0.26125 0.145 0.26125 0.155 0.28875 0.155 0.28875 0.145
2 0.355 0.1925 0.32999999999999996 0.1925 0.32999999999999996 0.20625 0.355 0.20625 0.355 0.1925
2 0.35625 0.16499999999999998 0.33125 0.16499999999999998 0.33125 0.17875000000000002 0.35625 0.17875000000000002 0.35625 0.16499999999999998
2 0.35750000000000004 0.13374999999999998 0.32625000000000004 0.13374999999999998 0.32625000000000004 0.14625 0.35750000000000004 0.14625 0.35750000000000004 0.13374999999999998
2 0.50625 0.6849999999999999 0.4725 0.6849999999999999 0.4725 0.7 0.50625 0.7 0.50625 0.6849999999999999
2 0.4575 0.335 0.425 0.335 0.425 0.34875 0.4575 0.34875 0.4575 0.335
2 0.9525 0.26749999999999996 0.93875 0.26749999999999996 0.93875 0.29500000000000004 0.9525 0.29500000000000004 0.9525 0.26749999999999996