2 0.6212500000000001 0.9675 0.605 0.9675 0.605 0.98375 0.6212500000000001 0.98375 0.6212500000000001 0.9675
2 0.63125 0.9675 0.61625 0.9675 0.61625 0.9800000000000001 0.63125 0.9800000000000001 0.63125 0.9675
2 0.64 0.9637499999999999 0.62375 0.9637499999999999 0.62375 0.97875 0.64 0.97875 0.64 0.9637499999999999
2 0.6475 0.96125 0.63375 0.96125 0.63375 0.975 0.6475 0.975 0.6475 0.96125
2 0.6575 0.95875 0.64125 0.95875 0.64125 0.975 0.6575 0.975 0.6575 0.95875
2 0.73625 0.96 0.7275 0.96 0.7275 0.9800000000000001 0.73625 0.9800000000000001 0.73625 0.96
2 0.75 0.95375 0.74 0.95375 0.74 0.9724999999999999 0.75 0.9724999999999999 0.75 0.95375
2 0.6125 0.9712500000000001 0.59375 0.9712500000000001 0.59375 0.985 0.6125 0.985 0.6125 0.9712500000000001
2 0.6012500000000001 0.9724999999999999 0.585 0.9724999999999999 0.585 0.9862500000000001 0.6012500000000001 0.9862500000000001 0.6012500000000001 0.9724999999999999
2 0.58875 0.9737500000000001 0.57375 0.9737500000000001 0.57375 0.9875 0.58875 0.9875 0.58875 0.9737500000000001
2 0.58125 0.975 0.5650000000000001 0.975 0.5650000000000001 0.99 0.58125 0.99 0.58125 0.975
2 0.55625 0.96875 0.545 0.96875 0.545 0.98375 0.55625 0.98375 0.55625 0.96875
2 0.54625 0.97 0.53625 0.97 0.53625 0.98375 0.54625 0.98375 0.54625 0.97
2 0.5375 0.97 0.525 0.97 0.525 0.985 0.5375 0.985 0.5375 0.97
2 0.49625 0.97625 0.48375 0.97625 0.48375 0.9925 0.49625 0.9925 0.49625 0.97625
2 0.5037499999999999 0.975 0.495 0.975 0.495 0.99 0.5037499999999999 0.99 0.5037499999999999 0.975
2 0.5175 0.9737500000000001 0.505 0.9737500000000001 0.505 0.9875 0.5175 0.9875 0.5175 0.9737500000000001
2 0.52625 0.975 0.515 0.975 0.515 0.9875 0.52625 0.9875 0.52625 0.975
2 0.49749999999999994 1 0.49749999999999994 0.99375 0.48624999999999996 0.99375 0.48624999999999996 1 0.49749999999999994 1
2 0.51125 1 0.51125 0.99125 0.49625 0.99125 0.49625 1 0.51125 1
2 0.52 1 0.52 0.9862500000000001 0.505 0.9862500000000001 0.505 1 0.52 1
2 0.5325 1 0.5325 0.9875 0.51625 0.9875 0.51625 1 0.5325 1
2 0.54375 1 0.54375 0.98375 0.5275000000000001 0.98375 0.5275000000000001 1 0.54375 1
2 0.55375 0.98375 0.5375 0.98375 0.5375 0.9974999999999999 0.55375 0.9974999999999999 0.55375 0.98375
2 0.5625 0.9800000000000001 0.5475 0.9800000000000001 0.5475 0.9949999999999999 0.5625 0.9949999999999999 0.5625 0.9800000000000001
2 0.5725 0.97875 0.5549999999999999 0.97875 0.5549999999999999 0.9925 0.5725 0.9925 0.5725 0.97875
2 0.57625 0.9625 0.5650000000000001 0.9625 0.5650000000000001 0.975 0.57625 0.975 0.57625 0.9625
2 0.5650000000000001 0.9625 0.5549999999999999 0.9625 0.5549999999999999 0.9775 0.5650000000000001 0.9775 0.5650000000000001 0.9625
2 0.585 0.96125 0.575 0.96125 0.575 0.975 0.585 0.975 0.585 0.96125
2 0.59375 0.95875 0.58375 0.95875 0.58375 0.9737500000000001 0.59375 0.9737500000000001 0.59375 0.95875
2 0.61875 0.9225 0.6012500000000001 0.9225 0.6012500000000001 0.93625 0.61875 0.93625 0.61875 0.9225
2 0.545 0.9337500000000001 0.53 0.9337500000000001 0.53 0.9487500000000001 0.545 0.9487500000000001 0.545 0.9337500000000001
2 0.55625 0.9337500000000001 0.54125 0.9337500000000001 0.54125 0.9487500000000001 0.55625 0.9487500000000001 0.55625 0.9337500000000001
2 0.5675 0.9324999999999999 0.55125 0.9324999999999999 0.55125 0.94625 0.5675 0.94625 0.5675 0.9324999999999999
2 0.58 0.93125 0.5625 0.93125 0.5625 0.945 0.58 0.945 0.58 0.93125
2 0.58875 0.9275 0.57125 0.9275 0.57125 0.9412499999999999 0.58875 0.9412499999999999 0.58875 0.9275
2 0.5974999999999999 0.9262499999999999 0.5825 0.9262499999999999 0.5825 0.9400000000000001 0.5974999999999999 0.9400000000000001 0.5974999999999999 0.9262499999999999
2 0.60625 0.9237500000000001 0.5912499999999999 0.9237500000000001 0.5912499999999999 0.9375 0.60625 0.9375 0.60625 0.9237500000000001
2 0.625 0.9199999999999999 0.60875 0.9199999999999999 0.60875 0.9337500000000001 0.625 0.9337500000000001 0.625 0.9199999999999999
2 0.635 0.91625 0.61875 0.91625 0.61875 0.93 0.635 0.93 0.635 0.91625
2 0.65625 0.945 0.64375 0.945 0.64375 0.9574999999999999 0.65625 0.9574999999999999 0.65625 0.945
2 0.64625 0.9475 0.63375 0.9475 0.63375 0.96125 0.64625 0.96125 0.64625 0.9475
2 0.63375 0.95 0.62375 0.95 0.62375 0.9637499999999999 0.63375 0.9637499999999999 0.63375 0.95
2 0.625 0.95 0.6125 0.95 0.6125 0.9662499999999999 0.625 0.9662499999999999 0.625 0.95
2 0.61625 0.9525 0.60375 0.9525 0.60375 0.9675 0.61625 0.9675 0.61625 0.9525
2 0.60375 0.9550000000000001 0.59375 0.9550000000000001 0.59375 0.97 0.60375 0.97 0.60375 0.9550000000000001
2 0.5375 0.93625 0.52125 0.93625 0.52125 0.9512499999999999 0.5375 0.9512499999999999 0.5375 0.93625
2 0.5287499999999999 0.9412499999999999 0.51125 0.9412499999999999 0.51125 0.9525 0.5287499999999999 0.9525 0.5287499999999999 0.9412499999999999
2 0.51375 0.9400000000000001 0.49874999999999997 0.9400000000000001 0.49874999999999997 0.95375 0.51375 0.95375 0.51375 0.9400000000000001
2 0.50625 0.9425000000000001 0.48875 0.9425000000000001 0.48875 0.9574999999999999 0.50625 0.9574999999999999 0.50625 0.9425000000000001
2 0.45 0.95625 0.43 0.95625 0.43 0.9724999999999999 0.45 0.9724999999999999 0.45 0.95625
2 0.4575 0.9550000000000001 0.44125 0.9550000000000001 0.44125 0.97 0.4575 0.97 0.4575 0.9550000000000001
2 0.46749999999999997 0.95375 0.4525 0.95375 0.4525 0.9650000000000001 0.46749999999999997 0.9650000000000001 0.46749999999999997 0.95375
2 0.47625 0.9512499999999999 0.4625 0.9512499999999999 0.4625 0.9625 0.47625 0.9625 0.47625 0.9512499999999999
2 0.48375 0.95 0.47125000000000006 0.95 0.47125000000000006 0.96125 0.48375 0.96125 0.48375 0.95
2 0.495 0.94625 0.47874999999999995 0.94625 0.47874999999999995 0.95875 0.495 0.95875 0.495 0.94625
2 0.9875 0.34500000000000003 0.9625 0.34500000000000003 0.9625 0.35625 0.9875 0.35625 0.9875 0.34500000000000003
2 0.99 0.38 0.9662499999999999 0.38 0.9662499999999999 0.39249999999999996 0.99 0.39249999999999996 0.99 0.38
2 0.9962500000000001 0.4 0.9712500000000001 0.4 0.9712500000000001 0.41125 0.9962500000000001 0.41125 0.9962500000000001 0.4
2 0.9949999999999999 0.40625 0.975 0.40625 0.975 0.41875 0.9949999999999999 0.41875 0.9949999999999999 0.40625
2 0.88125 0.3175 0.8724999999999999 0.3175 0.8724999999999999 0.3375 0.88125 0.3375 0.88125 0.3175
2 1 0.1125 0.99 0.1125 0.99 0.1325 1 0.1325 1 0.1125
2 1 0.14250000000000002 0.99125 0.14250000000000002 0.99125 0.15625 1 0.15625 1 0.14250000000000002
2 0.9974999999999999 0.9012499999999999 0.99 0.9012499999999999 0.99 0.91625 0.9974999999999999 0.91625 0.9974999999999999 0.9012499999999999
2 1 0.89875 0.9925 0.89875 0.9925 0.9175000000000001 1 0.9175000000000001 1 0.89875
2 0.9037499999999999 0.33375 0.89 0.33375 0.89 0.34249999999999997 0.9037499999999999 0.34249999999999997 0.9037499999999999 0.33375