2 0.2425 0.8637499999999999 0.1925 0.8637499999999999 0.1925 0.8887499999999999 0.2425 0.8887499999999999 0.2425 0.8637499999999999
2 0.315 0.8487500000000001 0.27 0.8487500000000001 0.27 0.87625 0.315 0.87625 0.315 0.8487500000000001
2 0.15125 0.8862500000000001 0.10874999999999999 0.8862500000000001 0.10874999999999999 0.9037499999999999 0.15125 0.9037499999999999 0.15125 0.8862500000000001
2 0.155 0.8925000000000001 0.11499999999999999 0.8925000000000001 0.11499999999999999 0.91375 0.155 0.91375 0.155 0.8925000000000001
2 0.15875 0.905 0.11625 0.905 0.11625 0.9324999999999999 0.15875 0.9324999999999999 0.15875 0.905
2 0.68125 0.56375 0.625 0.56375 0.625 0.5875 0.68125 0.5875 0.68125 0.56375
2 0.215 0.8125 0.19375 0.8125 0.19375 0.825 0.215 0.825 0.215 0.8125
2 0.26625 0.8275 0.215 0.8275 0.215 0.85625 0.26625 0.85625 0.26625 0.8275
2 0.8637499999999999 1 0.8637499999999999 0.95875 0.83625 0.95875 0.83625 1 0.8637499999999999 1
2 0.026250000000000002 0.6825 0.015 0.6825 0.015 0.6950000000000001 0.026250000000000002 0.6950000000000001 0.026250000000000002 0.6825
2 0.03625 0.675 0.028749999999999998 0.675 0.028749999999999998 0.6925 0.03625 0.6925 0.03625 0.675
2 0.06999999999999999 0.6675 0.061250000000000006 0.6675 0.061250000000000006 0.68125 0.06999999999999999 0.68125 0.06999999999999999 0.6675
2 0.07625 0.6637500000000001 0.06875 0.6637500000000001 0.06875 0.6799999999999999 0.07625 0.6799999999999999 0.07625 0.6637500000000001
2 0.22875 0.82125 0.22125 0.82125 0.22125 0.8400000000000001 0.22875 0.8400000000000001 0.22875 0.82125
2 0.2425 0.82 0.23125 0.82 0.23125 0.8375 0.2425 0.8375 0.2425 0.82
2 0.24874999999999997 0.8162499999999999 0.23875000000000002 0.8162499999999999 0.23875000000000002 0.835 0.24874999999999997 0.835 0.24874999999999997 0.8162499999999999
2 0.25875 0.8150000000000001 0.24625 0.8150000000000001 0.24625 0.8324999999999999 0.25875 0.8324999999999999 0.25875 0.8150000000000001
2 0.26625 0.81125 0.25625 0.81125 0.25625 0.82875 0.26625 0.82875 0.26625 0.81125
2 0.23374999999999999 0.7887500000000001 0.22000000000000003 0.7887500000000001 0.22000000000000003 0.80625 0.23374999999999999 0.80625 0.23374999999999999 0.7887500000000001
2 0.2475 0.78625 0.23625 0.78625 0.23625 0.8 0.2475 0.8 0.2475 0.78625
2 0.25375000000000003 0.78125 0.24500000000000002 0.78125 0.24500000000000002 0.79875 0.25375000000000003 0.79875 0.25375000000000003 0.78125
2 0.26375000000000004 0.7775000000000001 0.2525 0.7775000000000001 0.2525 0.795 0.26375000000000004 0.795 0.26375000000000004 0.7775000000000001
2 0.27125 0.77625 0.25875 0.77625 0.25875 0.79375 0.27125 0.79375 0.27125 0.77625
2 0.28375 0.7725 0.2725 0.7725 0.2725 0.79125 0.28375 0.79125 0.28375 0.7725
2 0.41875 0.72375 0.40875000000000006 0.72375 0.40875000000000006 0.74 0.41875 0.74 0.41875 0.72375
2 0.42625 0.7224999999999999 0.4175 0.7224999999999999 0.4175 0.73875 0.42625 0.73875 0.42625 0.7224999999999999
2 0.43499999999999994 0.72 0.4225 0.72 0.4225 0.735 0.43499999999999994 0.735 0.43499999999999994 0.72
2 0.445 0.7150000000000001 0.43375 0.7150000000000001 0.43375 0.73125 0.445 0.73125 0.445 0.7150000000000001
2 0.45999999999999996 0.7112499999999999 0.44875 0.7112499999999999 0.44875 0.7262500000000001 0.45999999999999996 0.7262500000000001 0.45999999999999996 0.7112499999999999
2 0.49375 0.71375 0.47874999999999995 0.71375 0.47874999999999995 0.725 0.49375 0.725 0.49375 0.71375
2 0.49874999999999997 0.72375 0.48125 0.72375 0.48125 0.73375 0.49874999999999997 0.73375 0.49874999999999997 0.72375
2 0.48125 0.74125 0.47125000000000006 0.74125 0.47125000000000006 0.75625 0.48125 0.75625 0.48125 0.74125
2 0.47125000000000006 0.7424999999999999 0.45999999999999996 0.7424999999999999 0.45999999999999996 0.75875 0.47125000000000006 0.75875 0.47125000000000006 0.7424999999999999
2 0.45499999999999996 0.7462500000000001 0.44375 0.7462500000000001 0.44375 0.76375 0.45499999999999996 0.76375 0.45499999999999996 0.7462500000000001
2 0.44625000000000004 0.75 0.43375 0.75 0.43375 0.7675 0.44625000000000004 0.7675 0.44625000000000004 0.75
2 0.4375 0.7525000000000001 0.42625 0.7525000000000001 0.42625 0.76875 0.4375 0.76875 0.4375 0.7525000000000001
2 0.9175000000000001 0.375 0.905 0.375 0.905 0.38625 0.9175000000000001 0.38625 0.9175000000000001 0.375
2 0.0925 0.83375 0.08125 0.83375 0.08125 0.85 0.0925 0.85 0.0925 0.83375
2 0.19375 0.65 0.18125 0.65 0.18125 0.66875 0.19375 0.66875 0.19375 0.65
2 0.20875 0.6475 0.19624999999999998 0.6475 0.19624999999999998 0.6637500000000001 0.20875 0.6637500000000001 0.20875 0.6475
2 0.25 0.63125 0.24 0.63125 0.24 0.645 0.25 0.645 0.25 0.63125
2 0.23625 0.63875 0.225 0.63875 0.225 0.65125 0.23625 0.65125 0.23625 0.63875
2 0.25625 0.6287499999999999 0.2475 0.6287499999999999 0.2475 0.64125 0.25625 0.64125 0.25625 0.6287499999999999
2 0.265 0.6275000000000001 0.2575 0.6275000000000001 0.2575 0.64125 0.265 0.64125 0.265 0.6275000000000001
2 0.27125 0.62625 0.26375000000000004 0.62625 0.26375000000000004 0.64 0.27125 0.64 0.27125 0.62625
2 0.27999999999999997 0.6224999999999999 0.27125 0.6224999999999999 0.27125 0.63625 0.27999999999999997 0.63625 0.27999999999999997 0.6224999999999999
2 0.28625 0.61875 0.27625 0.61875 0.27625 0.63625 0.28625 0.63625 0.28625 0.61875
2 0.29500000000000004 0.6174999999999999 0.28500000000000003 0.6174999999999999 0.28500000000000003 0.6325000000000001 0.29500000000000004 0.6325000000000001 0.29500000000000004 0.6174999999999999
2 0.30125 0.61375 0.2925 0.61375 0.2925 0.6275000000000001 0.30125 0.6275000000000001 0.30125 0.61375
2 0.30874999999999997 0.61 0.3 0.61 0.3 0.625 0.30874999999999997 0.625 0.30874999999999997 0.61
2 0.3325 0.605 0.3225 0.605 0.3225 0.62 0.3325 0.62 0.3325 0.605
2 0.33999999999999997 0.6012500000000001 0.32999999999999996 0.6012500000000001 0.32999999999999996 0.61625 0.33999999999999997 0.61625 0.33999999999999997 0.6012500000000001
2 0.34625 0.59875 0.33875 0.59875 0.33875 0.61375 0.34625 0.61375 0.34625 0.59875
2 0.3625 0.59375 0.35125 0.59375 0.35125 0.61 0.3625 0.61 0.3625 0.59375
2 0.41624999999999995 0.575 0.40625 0.575 0.40625 0.5912499999999999 0.41624999999999995 0.5912499999999999 0.41624999999999995 0.575
2 0.42125 0.5725 0.41375 0.5725 0.41375 0.5862499999999999 0.42125 0.5862499999999999 0.42125 0.5725
2 0.43125 0.5700000000000001 0.42000000000000004 0.5700000000000001 0.42000000000000004 0.5862499999999999 0.43125 0.5862499999999999 0.43125 0.5700000000000001