2 0.44125 0.4625 0.41500000000000004 0.4625 0.41500000000000004 0.51625 0.44125 0.51625 0.44125 0.4625
2 0.56375 0.70125 0.5375 0.70125 0.5375 0.745 0.56375 0.745 0.56375 0.70125
2 0.6475 0.23625 0.58875 0.23625 0.58875 0.265 0.6475 0.265 0.6475 0.23625
2 0.6487499999999999 0.00125 0.62625 0.00125 0.62625 0.026250000000000002 0.6487499999999999 0.026250000000000002 0.6487499999999999 0.00125
2 0.028749999999999998 0.26375000000000004 0.00125 0.26375000000000004 0.00125 0.28625 0.028749999999999998 0.28625 0.028749999999999998 0.26375000000000004
2 0.16499999999999998 0.46125 0.15 0.46125 0.15 0.46624999999999994 0.16499999999999998 0.46624999999999994 0.16499999999999998 0.46125
2 0.1675 0.45375 0.15 0.45375 0.15 0.45999999999999996 0.1675 0.45999999999999996 0.1675 0.45375
2 0.16999999999999998 0.43125 0.155 0.43125 0.155 0.43624999999999997 0.16999999999999998 0.43624999999999997 0.16999999999999998 0.43125
2 0.17124999999999999 0.425 0.155 0.425 0.155 0.43125 0.17124999999999999 0.43125 0.17124999999999999 0.425
2 0.16 0.48875 0.13999999999999999 0.48875 0.13999999999999999 0.49625 0.16 0.49625 0.16 0.48875
2 0.15875 0.49749999999999994 0.13874999999999998 0.49749999999999994 0.13874999999999998 0.50625 0.15875 0.50625 0.15875 0.49749999999999994
2 0.14250000000000002 0.41 0.12375 0.41 0.12375 0.41875 0.14250000000000002 0.41875 0.14250000000000002 0.41
2 0.13625 0.42125 0.12 0.42125 0.12 0.42625 0.13625 0.42625 0.13625 0.42125
2 0.13374999999999998 0.4325 0.12125 0.4325 0.12125 0.4375 0.13374999999999998 0.4375 0.13374999999999998 0.4325
2 0.13374999999999998 0.44000000000000006 0.12 0.44000000000000006 0.12 0.44749999999999995 0.13374999999999998 0.44749999999999995 0.13374999999999998 0.44000000000000006
2 0.1325 0.45 0.11625 0.45 0.11625 0.45625 0.1325 0.45625 0.1325 0.45
2 0.13125 0.4575 0.11374999999999999 0.4575 0.11374999999999999 0.46375 0.13125 0.46375 0.13125 0.4575
2 0.12375 0.42374999999999996 0.10874999999999999 0.42374999999999996 0.10874999999999999 0.42874999999999996 0.12375 0.42874999999999996 0.12375 0.42374999999999996
2 0.12250000000000001 0.43 0.10375000000000001 0.43 0.10375000000000001 0.43499999999999994 0.12250000000000001 0.43499999999999994 0.12250000000000001 0.43
2 0.11875 0.4375 0.10375000000000001 0.4375 0.10375000000000001 0.44375 0.11875 0.44375 0.11875 0.4375
2 0.1775 0.40750000000000003 0.16 0.40750000000000003 0.16 0.41500000000000004 0.1775 0.41500000000000004 0.1775 0.40750000000000003
2 0.175 0.41624999999999995 0.1575 0.41624999999999995 0.1575 0.425 0.175 0.425 0.175 0.41624999999999995
2 0.16875 0.44000000000000006 0.1525 0.44000000000000006 0.1525 0.44749999999999995 0.16875 0.44749999999999995 0.16875 0.44000000000000006
2 0.1675 0.44625000000000004 0.1525 0.44625000000000004 0.1525 0.45 0.1675 0.45 0.1675 0.44625000000000004
2 0.16125 0.475 0.14375 0.475 0.14375 0.48375 0.16125 0.48375 0.16125 0.475
2 0.13 0.46875 0.11374999999999999 0.46875 0.11374999999999999 0.47750000000000004 0.13 0.47750000000000004 0.13 0.46875
2 0.08875 0.45375 0.06875 0.45375 0.06875 0.45999999999999996 0.08875 0.45999999999999996 0.08875 0.45375
2 0.08125 0.64125 0.06625 0.64125 0.06625 0.65125 0.08125 0.65125 0.08125 0.64125
2 0.08625000000000001 0.62375 0.06999999999999999 0.62375 0.06999999999999999 0.6325000000000001 0.08625000000000001 0.6325000000000001 0.08625000000000001 0.62375
2 0.10124999999999999 0.62625 0.08625000000000001 0.62625 0.08625000000000001 0.635 0.10124999999999999 0.635 0.10124999999999999 0.62625
2 0.08375 0.6325000000000001 0.06999999999999999 0.6325000000000001 0.06999999999999999 0.6375 0.08375 0.6375 0.08375 0.6325000000000001
2 0.1 0.635 0.08375 0.635 0.08375 0.64125 0.1 0.64125 0.1 0.635
2 0.08125 0.63625 0.06625 0.63625 0.06625 0.6425 0.08125 0.6425 0.08125 0.63625
2 0.09375 0.64125 0.08125 0.64125 0.08125 0.6475 0.09375 0.6475 0.09375 0.64125
2 0.095 0.65 0.07875 0.65 0.07875 0.65625 0.095 0.65625 0.095 0.65
2 0.075 0.6525000000000001 0.0625 0.6525000000000001 0.0625 0.6599999999999999 0.075 0.6599999999999999 0.075 0.6525000000000001
2 0.08625000000000001 0.46624999999999994 0.0675 0.46624999999999994 0.0675 0.4725 0.08625000000000001 0.4725 0.08625000000000001 0.46624999999999994
2 0.09375 0.6575 0.0775 0.6575 0.0775 0.665 0.09375 0.665 0.09375 0.6575
2 0.075 0.6599999999999999 0.061250000000000006 0.6599999999999999 0.061250000000000006 0.66625 0.075 0.66625 0.075 0.6599999999999999
2 0.0925 0.6637500000000001 0.07625 0.6637500000000001 0.07625 0.67125 0.0925 0.67125 0.0925 0.6637500000000001
2 0.09 0.67 0.07625 0.67 0.07625 0.67875 0.09 0.67875 0.09 0.67
2 0.075 0.66875 0.061250000000000006 0.66875 0.061250000000000006 0.675 0.075 0.675 0.075 0.66875
2 0.07375000000000001 0.6775 0.061250000000000006 0.6775 0.061250000000000006 0.6825 0.07375000000000001 0.6825 0.07375000000000001 0.6775
2 0.07375000000000001 0.6825 0.057499999999999996 0.6825 0.057499999999999996 0.68875 0.07375000000000001 0.68875 0.07375000000000001 0.6825
2 0.10375000000000001 0.61875 0.0875 0.61875 0.0875 0.6275000000000001 0.10375000000000001 0.6275000000000001 0.10375000000000001 0.61875
2 0.0875 0.61625 0.07125000000000001 0.61625 0.07125000000000001 0.6224999999999999 0.0875 0.6224999999999999 0.0875 0.61625
2 0.04 0.70875 0.025 0.70875 0.025 0.7162499999999999 0.04 0.7162499999999999 0.04 0.70875
2 0.0375 0.7150000000000001 0.021249999999999998 0.7150000000000001 0.021249999999999998 0.72375 0.0375 0.72375 0.0375 0.7150000000000001
2 0.04625 0.6625 0.028749999999999998 0.6625 0.028749999999999998 0.67 0.04625 0.67 0.04625 0.6625
2 0.04625 0.67 0.028749999999999998 0.67 0.028749999999999998 0.6775 0.04625 0.6775 0.04625 0.67
2 0.04375 0.67875 0.03 0.67875 0.03 0.6849999999999999 0.04375 0.6849999999999999 0.04375 0.67875
2 0.03 0.67375 0.013750000000000002 0.67375 0.013750000000000002 0.6837500000000001 0.03 0.6837500000000001 0.03 0.67375
2 0.042499999999999996 0.68625 0.025 0.68625 0.025 0.69375 0.042499999999999996 0.69375 0.042499999999999996 0.68625
2 0.027500000000000004 0.6912499999999999 0.0125 0.6912499999999999 0.0125 0.6975 0.027500000000000004 0.6975 0.027500000000000004 0.6912499999999999
2 0.04375 0.69375 0.027500000000000004 0.69375 0.027500000000000004 0.70375 0.04375 0.70375 0.04375 0.69375
2 0.025 0.69875 0.01125 0.69875 0.01125 0.705 0.025 0.705 0.025 0.69875
2 0.04 0.7025 0.025 0.7025 0.025 0.70875 0.04 0.70875 0.04 0.7025
2 0.02375 0.70375 0.00625 0.70375 0.00625 0.7112499999999999 0.02375 0.7112499999999999 0.02375 0.70375
2 0.021249999999999998 0.7112499999999999 0.0075 0.7112499999999999 0.0075 0.71875 0.021249999999999998 0.71875 0.021249999999999998 0.7112499999999999
2 0.02 0.71875 0.005 0.71875 0.005 0.7262500000000001 0.02 0.7262500000000001 0.02 0.71875
2 0.02 0.7262500000000001 0.00375 0.7262500000000001 0.00375 0.73625 0.02 0.73625 0.02 0.7262500000000001
2 0.03625 0.73125 0.02 0.73125 0.02 0.73875 0.03625 0.73875 0.03625 0.73125
2 0.03625 0.72375 0.021249999999999998 0.72375 0.021249999999999998 0.73 0.03625 0.73 0.03625 0.72375
2 0.09 0.67875 0.075 0.67875 0.075 0.6875 0.09 0.6875 0.09 0.67875
2 0.08875 0.6875 0.075 0.6875 0.075 0.6950000000000001 0.08875 0.6950000000000001 0.08875 0.6875
2 0.08875 0.6925 0.06999999999999999 0.6925 0.06999999999999999 0.70125 0.08875 0.70125 0.08875 0.6925
2 0.0925 0.5775 0.0775 0.5775 0.0775 0.5862499999999999 0.0925 0.5862499999999999 0.0925 0.5775
2 0.095 0.5700000000000001 0.07875 0.5700000000000001 0.07875 0.58 0.095 0.58 0.095 0.5700000000000001
2 0.1 0.56375 0.08249999999999999 0.56375 0.08249999999999999 0.5700000000000001 0.1 0.5700000000000001 0.1 0.56375
2 0.0975 0.55625 0.08125 0.55625 0.08125 0.56125 0.0975 0.56125 0.0975 0.55625
2 0.11499999999999999 0.5587500000000001 0.1 0.5587500000000001 0.1 0.5675 0.11499999999999999 0.5675 0.11499999999999999 0.5587500000000001
2 0.11374999999999999 0.5525 0.10124999999999999 0.5525 0.10124999999999999 0.5599999999999999 0.11374999999999999 0.5599999999999999 0.11374999999999999 0.5525
2 0.1 0.5475 0.08375 0.5475 0.08375 0.5575 0.1 0.5575 0.1 0.5475
2 0.1025 0.5337500000000001 0.08625000000000001 0.5337500000000001 0.08625000000000001 0.54 0.1025 0.54 0.1025 0.5337500000000001
2 0.12125 0.5275000000000001 0.1025 0.5275000000000001 0.1025 0.53625 0.12125 0.53625 0.12125 0.5275000000000001
2 0.12 0.5375 0.10375000000000001 0.5375 0.10375000000000001 0.545 0.12 0.545 0.12 0.5375
2 0.12 0.54625 0.1025 0.54625 0.1025 0.55375 0.12 0.55375 0.12 0.54625
2 0.14875 0.55 0.13 0.55 0.13 0.5549999999999999 0.14875 0.5549999999999999 0.14875 0.55
2 0.14625 0.55625 0.13 0.55625 0.13 0.5625 0.14625 0.5625 0.14625 0.55625
2 0.14625 0.5625 0.1275 0.5625 0.1275 0.57125 0.14625 0.57125 0.14625 0.5625
2 0.14250000000000002 0.57125 0.125 0.57125 0.125 0.5775 0.14250000000000002 0.5775 0.14250000000000002 0.57125
2 0.14125000000000001 0.57875 0.12375 0.57875 0.12375 0.585 0.14125000000000001 0.585 0.14125000000000001 0.57875
2 0.11000000000000001 0.5725 0.095 0.5725 0.095 0.58125 0.11000000000000001 0.58125 0.11000000000000001 0.5725
2 0.04625 0.57125 0.03 0.57125 0.03 0.58 0.04625 0.58 0.04625 0.57125
2 0.06999999999999999 0.6900000000000001 0.057499999999999996 0.6900000000000001 0.057499999999999996 0.6975 0.06999999999999999 0.6975 0.06999999999999999 0.6900000000000001
2 0.0675 0.575 0.05 0.575 0.05 0.58125 0.0675 0.58125 0.0675 0.575
2 0.08875 0.7 0.06875 0.7 0.06875 0.71 0.08875 0.71 0.08875 0.7
2 0.06875 0.70625 0.05500000000000001 0.70625 0.05500000000000001 0.7125 0.06875 0.7125 0.06875 0.70625
2 0.08499999999999999 0.71 0.06875 0.71 0.06875 0.7162499999999999 0.08499999999999999 0.7162499999999999 0.08499999999999999 0.71
2 0.08375 0.71875 0.06875 0.71875 0.06875 0.72375 0.08375 0.72375 0.08375 0.71875
2 0.0675 0.7125 0.05375 0.7125 0.05375 0.71875 0.0675 0.71875 0.0675 0.7125
2 0.06625 0.72 0.05125 0.72 0.05125 0.7262500000000001 0.06625 0.7262500000000001 0.06625 0.72
2 0.08249999999999999 0.72375 0.0675 0.72375 0.0675 0.72875 0.08249999999999999 0.72875 0.08249999999999999 0.72375
2 0.06375 0.7275 0.05 0.7275 0.05 0.73375 0.06375 0.73375 0.06375 0.7275
2 0.08125 0.72875 0.06625 0.72875 0.06625 0.73875 0.08125 0.73875 0.08125 0.72875
2 0.06625 0.73625 0.04875 0.73625 0.04875 0.74375 0.06625 0.74375 0.06625 0.73625
2 0.08 0.74 0.065 0.74 0.065 0.7462500000000001 0.08 0.7462500000000001 0.08 0.74
2 0.02 0.5650000000000001 0.0025 0.5650000000000001 0.0025 0.57125 0.02 0.57125 0.02 0.5650000000000001
2 0.04875 0.56375 0.03375 0.56375 0.03375 0.56875 0.04875 0.56875 0.04875 0.56375
2 0.0675 0.5662499999999999 0.05 0.5662499999999999 0.05 0.5725 0.0675 0.5725 0.0675 0.5662499999999999
2 0.12 0.7075 0.1025 0.7075 0.1025 0.71375 0.12 0.71375 0.12 0.7075
2 0.11499999999999999 0.7224999999999999 0.1 0.7224999999999999 0.1 0.72875 0.11499999999999999 0.72875 0.11499999999999999 0.7224999999999999
2 0.017499999999999998 0.755 0.008749999999999999 0.755 0.008749999999999999 0.77125 0.017499999999999998 0.77125 0.017499999999999998 0.755
2 0.8324999999999999 0.0025 0.8150000000000001 0.0025 0.8150000000000001 0.015 0.8324999999999999 0.015 0.8324999999999999 0.0025
2 0.81125 0.01 0.7975 0.01 0.7975 0.0225 0.81125 0.0225 0.81125 0.01
2 0.7925 0.017499999999999998 0.7775000000000001 0.017499999999999998 0.7775000000000001 0.026250000000000002 0.7925 0.026250000000000002 0.7925 0.017499999999999998
2 0.7837500000000001 0.0225 0.76625 0.0225 0.76625 0.03125 0.7837500000000001 0.03125 0.7837500000000001 0.0225
2 0.63 0.40499999999999997 0.6224999999999999 0.40499999999999997 0.6224999999999999 0.42125 0.63 0.42125 0.63 0.40499999999999997
2 0.5700000000000001 0.4 0.55375 0.4 0.55375 0.4125 0.5700000000000001 0.4125 0.5700000000000001 0.4
2 0.09125 0.60625 0.07125000000000001 0.60625 0.07125000000000001 0.61625 0.09125 0.61625 0.09125 0.60625
2 0.01625 0.595 0.00125 0.595 0.00125 0.60375 0.01625 0.60375 0.01625 0.595
2 0.042499999999999996 0.6012500000000001 0.027500000000000004 0.6012500000000001 0.027500000000000004 0.6075 0.042499999999999996 0.6075 0.042499999999999996 0.6012500000000001
2 0.845 0.00125 0.8262499999999999 0.00125 0.8262499999999999 0.01 0.845 0.01 0.845 0.00125
2 0.7725 0.021249999999999998 0.755 0.021249999999999998 0.755 0.03625 0.7725 0.03625 0.7725 0.021249999999999998
2 0.75625 0.0225 0.74 0.0225 0.74 0.03375 0.75625 0.03375 0.75625 0.0225
2 0.55375 0.08 0.54375 0.08 0.54375 0.0975 0.55375 0.0975 0.55375 0.08
2 0.5599999999999999 0.0775 0.54875 0.0775 0.54875 0.09375 0.5599999999999999 0.09375 0.5599999999999999 0.0775
2 0.56875 0.07375000000000001 0.5575 0.07375000000000001 0.5575 0.09 0.56875 0.09 0.56875 0.07375000000000001
2 0.57375 0.07375000000000001 0.5650000000000001 0.07375000000000001 0.5650000000000001 0.08875 0.57375 0.08875 0.57375 0.07375000000000001
2 0.57875 0.07125000000000001 0.56875 0.07125000000000001 0.56875 0.08625000000000001 0.57875 0.08625000000000001 0.57875 0.07125000000000001
2 0.5875 0.06875 0.575 0.06875 0.575 0.08499999999999999 0.5875 0.08499999999999999 0.5875 0.06875
2 0.595 0.06875 0.5862499999999999 0.06875 0.5862499999999999 0.08249999999999999 0.595 0.08249999999999999 0.595 0.06875
2 0.6025 0.065 0.595 0.065 0.595 0.07875 0.6025 0.07875 0.6025 0.065
2 0.6425 0.0475 0.63125 0.0475 0.63125 0.061250000000000006 0.6425 0.061250000000000006 0.6425 0.0475
2 0.60625 0.03875 0.59375 0.03875 0.59375 0.045 0.60625 0.045 0.60625 0.03875
2 0.605 0.03 0.5912499999999999 0.03 0.5912499999999999 0.03875 0.605 0.03875 0.605 0.03
2 0.60375 0.0225 0.5875 0.0225 0.5875 0.03125 0.60375 0.03125 0.60375 0.0225
2 0.061250000000000006 0.60375 0.04375 0.60375 0.04375 0.61125 0.061250000000000006 0.61125 0.061250000000000006 0.60375
2 0.10625 0.61 0.09 0.61 0.09 0.62 0.10625 0.62 0.10625 0.61
2 0.05375 0.61875 0.0375 0.61875 0.0375 0.625 0.05375 0.625 0.05375 0.61875
2 0.052500000000000005 0.62625 0.0375 0.62625 0.0375 0.63375 0.052500000000000005 0.63375 0.052500000000000005 0.62625
2 0.05125 0.63375 0.034999999999999996 0.63375 0.034999999999999996 0.64 0.05125 0.64 0.05125 0.63375
2 0.0475 0.64 0.0325 0.64 0.0325 0.6475 0.0475 0.6475 0.0475 0.64
2 0.05 0.6487499999999999 0.03 0.6487499999999999 0.03 0.65625 0.05 0.65625 0.05 0.6487499999999999
2 0.04625 0.655 0.03 0.655 0.03 0.66125 0.04625 0.66125 0.04625 0.655
2 0.0025 0.67125 0.00125 0.67125 0.00125 0.67875 0.0025 0.67875 0.0025 0.67125
2 0.01125 0.61875 0.00125 0.61875 0.00125 0.62625 0.01125 0.62625 0.01125 0.61875
2 0.057499999999999996 0.61125 0.04 0.61125 0.04 0.62 0.057499999999999996 0.62 0.057499999999999996 0.61125
2 0.03125 0.63625 0.01625 0.63625 0.01625 0.64375 0.03125 0.64375 0.03125 0.63625
2 0.0075 0.63375 0.00125 0.63375 0.00125 0.64125 0.0075 0.64125 0.0075 0.63375
2 0.00625 0.64125 0.00125 0.64125 0.00125 0.6487499999999999 0.00625 0.6487499999999999 0.00625 0.64125
2 0.0075 0.6487499999999999 0.00125 0.6487499999999999 0.00125 0.6537499999999999 0.0075 0.6537499999999999 0.0075 0.6487499999999999
2 0.0075 0.65625 0.00125 0.65625 0.00125 0.6625 0.0075 0.6625 0.0075 0.65625
2 0.005 0.6637500000000001 0.00125 0.6637500000000001 0.00125 0.67125 0.005 0.67125 0.005 0.6637500000000001
2 0.34625 0.005 0.33125 0.005 0.33125 0.017499999999999998 0.34625 0.017499999999999998 0.34625 0.005
2 0.55125 0.08249999999999999 0.5349999999999999 0.08249999999999999 0.5349999999999999 0.10625 0.55125 0.10625 0.55125 0.08249999999999999
2 0.5 0.11374999999999999 0.45499999999999996 0.11374999999999999 0.45499999999999996 0.1275 0.5 0.1275 0.5 0.11374999999999999
2 0.5825 0.13874999999999998 0.56375 0.13874999999999998 0.56375 0.15 0.5825 0.15 0.5825 0.13874999999999998
2 0.53625 0.08875 0.5225 0.08875 0.5225 0.1075 0.53625 0.1075 0.53625 0.08875
2 0.51 0.09625 0.49874999999999997 0.09625 0.49874999999999997 0.11374999999999999 0.51 0.11374999999999999 0.51 0.09625
2 0.38625 0.075 0.3675 0.075 0.3675 0.0875 0.38625 0.0875 0.38625 0.075