2 0.6637500000000001 0.25375000000000003 0.60625 0.25375000000000003 0.60625 0.28625 0.6637500000000001 0.28625 0.6637500000000001 0.25375000000000003
2 0.77125 0.26625 0.72 0.26625 0.72 0.2925 0.77125 0.2925 0.77125 0.26625
2 0.915 0.46125 0.9 0.46125 0.9 0.46624999999999994 0.915 0.46624999999999994 0.915 0.46125
2 0.9175000000000001 0.45375 0.9 0.45375 0.9 0.45999999999999996 0.9175000000000001 0.45999999999999996 0.9175000000000001 0.45375
2 0.9199999999999999 0.43125 0.905 0.43125 0.905 0.43624999999999997 0.9199999999999999 0.43624999999999997 0.9199999999999999 0.43125
2 0.92125 0.425 0.905 0.425 0.905 0.43125 0.92125 0.43125 0.92125 0.425
2 0.9099999999999999 0.48875 0.89 0.48875 0.89 0.49625 0.9099999999999999 0.49625 0.9099999999999999 0.48875
2 0.9087500000000001 0.49749999999999994 0.8887499999999999 0.49749999999999994 0.8887499999999999 0.50625 0.9087500000000001 0.50625 0.9087500000000001 0.49749999999999994
2 0.8925000000000001 0.41 0.87375 0.41 0.87375 0.41875 0.8925000000000001 0.41875 0.8925000000000001 0.41
2 0.8862500000000001 0.42125 0.8699999999999999 0.42125 0.8699999999999999 0.42625 0.8862500000000001 0.42625 0.8862500000000001 0.42125
2 0.88375 0.4325 0.8712500000000001 0.4325 0.8712500000000001 0.4375 0.88375 0.4375 0.88375 0.4325
2 0.88375 0.44000000000000006 0.8699999999999999 0.44000000000000006 0.8699999999999999 0.44749999999999995 0.88375 0.44749999999999995 0.88375 0.44000000000000006
2 0.8825 0.45 0.86625 0.45 0.86625 0.45625 0.8825 0.45625 0.8825 0.45
2 0.88125 0.4575 0.8637499999999999 0.4575 0.8637499999999999 0.46375 0.88125 0.46375 0.88125 0.4575
2 0.87375 0.42374999999999996 0.85875 0.42374999999999996 0.85875 0.42874999999999996 0.87375 0.42874999999999996 0.87375 0.42374999999999996
2 0.8724999999999999 0.43 0.85375 0.43 0.85375 0.43499999999999994 0.8724999999999999 0.43499999999999994 0.8724999999999999 0.43
2 0.86875 0.4375 0.85375 0.4375 0.85375 0.44375 0.86875 0.44375 0.86875 0.4375
2 0.9275 0.40750000000000003 0.9099999999999999 0.40750000000000003 0.9099999999999999 0.41500000000000004 0.9275 0.41500000000000004 0.9275 0.40750000000000003
2 0.925 0.41624999999999995 0.9075 0.41624999999999995 0.9075 0.425 0.925 0.425 0.925 0.41624999999999995
2 0.91875 0.44000000000000006 0.9025000000000001 0.44000000000000006 0.9025000000000001 0.44749999999999995 0.91875 0.44749999999999995 0.91875 0.44000000000000006
2 0.9175000000000001 0.44625000000000004 0.9025000000000001 0.44625000000000004 0.9025000000000001 0.45 0.9175000000000001 0.45 0.9175000000000001 0.44625000000000004
2 0.58 0.13625 0.56875 0.13625 0.56875 0.15625 0.58 0.15625 0.58 0.13625
2 0.45375 0.07625 0.43624999999999997 0.07625 0.43624999999999997 0.09 0.45375 0.09 0.45375 0.07625
2 0.47625 0.0075 0.45875000000000005 0.0075 0.45875000000000005 0.01625 0.47625 0.01625 0.47625 0.0075
2 0.47750000000000004 0.015 0.45999999999999996 0.015 0.45999999999999996 0.02375 0.47750000000000004 0.02375 0.47750000000000004 0.015
2 0.47874999999999995 0.0225 0.46375 0.0225 0.46375 0.03125 0.47874999999999995 0.03125 0.47874999999999995 0.0225
2 0.48 0.028749999999999998 0.465 0.028749999999999998 0.465 0.03875 0.48 0.03875 0.48 0.028749999999999998
2 0.44875 0.06 0.4325 0.06 0.4325 0.06999999999999999 0.44875 0.06999999999999999 0.44875 0.06
2 0.48250000000000004 0.04375 0.46624999999999994 0.04375 0.46624999999999994 0.05375 0.48250000000000004 0.05375 0.48250000000000004 0.04375
2 0.45 0.06999999999999999 0.43624999999999997 0.06999999999999999 0.43624999999999997 0.07875 0.45 0.07875 0.45 0.06999999999999999
2 0.45499999999999996 0.08625000000000001 0.44125 0.08625000000000001 0.44125 0.095 0.45499999999999996 0.095 0.45499999999999996 0.08625000000000001
2 0.4575 0.09875 0.44375 0.09875 0.44375 0.1025 0.4575 0.1025 0.4575 0.09875
2 0.4575 0.10375000000000001 0.44125 0.10375000000000001 0.44125 0.11625 0.4575 0.11625 0.4575 0.10375000000000001
2 0.45875000000000005 0.11374999999999999 0.445 0.11374999999999999 0.445 0.12 0.45875000000000005 0.12 0.45875000000000005 0.11374999999999999
2 0.45875000000000005 0.12250000000000001 0.44375 0.12250000000000001 0.44375 0.12875 0.45875000000000005 0.12875 0.45875000000000005 0.12250000000000001
2 0.5662499999999999 0.10625 0.55625 0.10625 0.55625 0.12125 0.5662499999999999 0.12125 0.5662499999999999 0.10625
2 0.5775 0.1 0.5662499999999999 0.1 0.5662499999999999 0.11625 0.5775 0.11625 0.5775 0.1
2 0.5425 0.15 0.5325 0.15 0.5325 0.16375 0.5425 0.16375 0.5425 0.15
2 0.47375 0.00125 0.45375 0.00125 0.45375 0.005 0.47375 0.005 0.47375 0.00125
2 0.44000000000000006 0.021249999999999998 0.42374999999999996 0.021249999999999998 0.42374999999999996 0.028749999999999998 0.44000000000000006 0.028749999999999998 0.44000000000000006 0.021249999999999998
2 0.44000000000000006 0.013750000000000002 0.4225 0.013750000000000002 0.4225 0.0225 0.44000000000000006 0.0225 0.44000000000000006 0.013750000000000002
2 0.43624999999999997 0.0025 0.4225 0.0025 0.4225 0.01125 0.43624999999999997 0.01125 0.43624999999999997 0.0025
2 0.9112500000000001 0.475 0.89375 0.475 0.89375 0.48375 0.9112500000000001 0.48375 0.9112500000000001 0.475
2 0.8800000000000001 0.46875 0.8637499999999999 0.46875 0.8637499999999999 0.47750000000000004 0.8800000000000001 0.47750000000000004 0.8800000000000001 0.46875
2 0.8387499999999999 0.45375 0.81875 0.45375 0.81875 0.45999999999999996 0.8387499999999999 0.45999999999999996 0.8387499999999999 0.45375
2 0.83125 0.64125 0.8162499999999999 0.64125 0.8162499999999999 0.65125 0.83125 0.65125 0.83125 0.64125
2 0.83625 0.62375 0.82 0.62375 0.82 0.6325000000000001 0.83625 0.6325000000000001 0.83625 0.62375
2 0.85125 0.62625 0.83625 0.62625 0.83625 0.635 0.85125 0.635 0.85125 0.62625
2 0.83375 0.6325000000000001 0.82 0.6325000000000001 0.82 0.6375 0.83375 0.6375 0.83375 0.6325000000000001
2 0.85 0.635 0.83375 0.635 0.83375 0.64125 0.85 0.64125 0.85 0.635
2 0.83125 0.63625 0.8162499999999999 0.63625 0.8162499999999999 0.6425 0.83125 0.6425 0.83125 0.63625
2 0.84375 0.64125 0.83125 0.64125 0.83125 0.6475 0.84375 0.6475 0.84375 0.64125
2 0.845 0.65 0.82875 0.65 0.82875 0.65625 0.845 0.65625 0.845 0.65
2 0.825 0.6525000000000001 0.8125 0.6525000000000001 0.8125 0.6599999999999999 0.825 0.6599999999999999 0.825 0.6525000000000001
2 0.83625 0.46624999999999994 0.8175000000000001 0.46624999999999994 0.8175000000000001 0.4725 0.83625 0.4725 0.83625 0.46624999999999994
2 0.84375 0.6575 0.8275 0.6575 0.8275 0.665 0.84375 0.665 0.84375 0.6575
2 0.825 0.6599999999999999 0.81125 0.6599999999999999 0.81125 0.66625 0.825 0.66625 0.825 0.6599999999999999
2 0.8425 0.6637500000000001 0.8262499999999999 0.6637500000000001 0.8262499999999999 0.67125 0.8425 0.67125 0.8425 0.6637500000000001
2 0.8400000000000001 0.67 0.8262499999999999 0.67 0.8262499999999999 0.67875 0.8400000000000001 0.67875 0.8400000000000001 0.67
2 0.825 0.66875 0.81125 0.66875 0.81125 0.675 0.825 0.675 0.825 0.66875
2 0.8237500000000001 0.6775 0.81125 0.6775 0.81125 0.6825 0.8237500000000001 0.6825 0.8237500000000001 0.6775
2 0.8237500000000001 0.6825 0.8074999999999999 0.6825 0.8074999999999999 0.68875 0.8237500000000001 0.68875 0.8237500000000001 0.6825
2 0.85375 0.61875 0.8375 0.61875 0.8375 0.6275000000000001 0.85375 0.6275000000000001 0.85375 0.61875
2 0.8375 0.61625 0.82125 0.61625 0.82125 0.6224999999999999 0.8375 0.6224999999999999 0.8375 0.61625
2 0.79 0.70875 0.775 0.70875 0.775 0.7162499999999999 0.79 0.7162499999999999 0.79 0.70875
2 0.7875 0.7150000000000001 0.77125 0.7150000000000001 0.77125 0.72375 0.7875 0.72375 0.7875 0.7150000000000001
2 0.79625 0.6625 0.7787499999999999 0.6625 0.7787499999999999 0.67 0.79625 0.67 0.79625 0.6625
2 0.79625 0.67 0.7787499999999999 0.67 0.7787499999999999 0.6775 0.79625 0.6775 0.79625 0.67
2 0.79375 0.67875 0.78 0.67875 0.78 0.6849999999999999 0.79375 0.6849999999999999 0.79375 0.67875
2 0.78 0.67375 0.76375 0.67375 0.76375 0.6837500000000001 0.78 0.6837500000000001 0.78 0.67375
2 0.7925 0.68625 0.775 0.68625 0.775 0.69375 0.7925 0.69375 0.7925 0.68625
2 0.7775000000000001 0.6912499999999999 0.7625 0.6912499999999999 0.7625 0.6975 0.7775000000000001 0.6975 0.7775000000000001 0.6912499999999999
2 0.79375 0.69375 0.7775000000000001 0.69375 0.7775000000000001 0.70375 0.79375 0.70375 0.79375 0.69375
2 0.775 0.69875 0.76125 0.69875 0.76125 0.705 0.775 0.705 0.775 0.69875
2 0.79 0.7025 0.775 0.7025 0.775 0.70875 0.79 0.70875 0.79 0.7025
2 0.7737499999999999 0.70375 0.75625 0.70375 0.75625 0.7112499999999999 0.7737499999999999 0.7112499999999999 0.7737499999999999 0.70375
2 0.77125 0.7112499999999999 0.7575000000000001 0.7112499999999999 0.7575000000000001 0.71875 0.77125 0.71875 0.77125 0.7112499999999999
2 0.77 0.71875 0.755 0.71875 0.755 0.7262500000000001 0.77 0.7262500000000001 0.77 0.71875
2 0.77 0.7262500000000001 0.7537499999999999 0.7262500000000001 0.7537499999999999 0.73625 0.77 0.73625 0.77 0.7262500000000001
2 0.78625 0.73125 0.77 0.73125 0.77 0.73875 0.78625 0.73875 0.78625 0.73125
2 0.78625 0.72375 0.77125 0.72375 0.77125 0.73 0.78625 0.73 0.78625 0.72375
2 0.8400000000000001 0.67875 0.825 0.67875 0.825 0.6875 0.8400000000000001 0.6875 0.8400000000000001 0.67875
2 0.8387499999999999 0.6875 0.825 0.6875 0.825 0.6950000000000001 0.8387499999999999 0.6950000000000001 0.8387499999999999 0.6875
2 0.8387499999999999 0.6925 0.82 0.6925 0.82 0.70125 0.8387499999999999 0.70125 0.8387499999999999 0.6925
2 0.8425 0.5775 0.8275 0.5775 0.8275 0.5862499999999999 0.8425 0.5862499999999999 0.8425 0.5775
2 0.845 0.5700000000000001 0.82875 0.5700000000000001 0.82875 0.58 0.845 0.58 0.845 0.5700000000000001
2 0.85 0.56375 0.8324999999999999 0.56375 0.8324999999999999 0.5700000000000001 0.85 0.5700000000000001 0.85 0.56375
2 0.8474999999999999 0.55625 0.83125 0.55625 0.83125 0.56125 0.8474999999999999 0.56125 0.8474999999999999 0.55625
2 0.865 0.5587500000000001 0.85 0.5587500000000001 0.85 0.5675 0.865 0.5675 0.865 0.5587500000000001
2 0.8637499999999999 0.5525 0.85125 0.5525 0.85125 0.5599999999999999 0.8637499999999999 0.5599999999999999 0.8637499999999999 0.5525
2 0.85 0.5475 0.83375 0.5475 0.83375 0.5575 0.85 0.5575 0.85 0.5475
2 0.8525 0.5337500000000001 0.83625 0.5337500000000001 0.83625 0.54 0.8525 0.54 0.8525 0.5337500000000001
2 0.8712500000000001 0.5275000000000001 0.8525 0.5275000000000001 0.8525 0.53625 0.8712500000000001 0.53625 0.8712500000000001 0.5275000000000001
2 0.8699999999999999 0.5375 0.85375 0.5375 0.85375 0.545 0.8699999999999999 0.545 0.8699999999999999 0.5375
2 0.8699999999999999 0.54625 0.8525 0.54625 0.8525 0.55375 0.8699999999999999 0.55375 0.8699999999999999 0.54625
2 0.89875 0.55 0.8800000000000001 0.55 0.8800000000000001 0.5549999999999999 0.89875 0.5549999999999999 0.89875 0.55
2 0.89625 0.55625 0.8800000000000001 0.55625 0.8800000000000001 0.5625 0.89625 0.5625 0.89625 0.55625
2 0.89625 0.5625 0.8775000000000001 0.5625 0.8775000000000001 0.57125 0.89625 0.57125 0.89625 0.5625
2 0.8925000000000001 0.57125 0.875 0.57125 0.875 0.5775 0.8925000000000001 0.5775 0.8925000000000001 0.57125
2 0.89125 0.57875 0.87375 0.57875 0.87375 0.585 0.89125 0.585 0.89125 0.57875
2 0.86 0.5725 0.845 0.5725 0.845 0.58125 0.86 0.58125 0.86 0.5725
2 0.79625 0.57125 0.78 0.57125 0.78 0.58 0.79625 0.58 0.79625 0.57125
2 0.82 0.6900000000000001 0.8074999999999999 0.6900000000000001 0.8074999999999999 0.6975 0.82 0.6975 0.82 0.6900000000000001
2 0.8175000000000001 0.575 0.8 0.575 0.8 0.58125 0.8175000000000001 0.58125 0.8175000000000001 0.575
2 0.8387499999999999 0.7 0.81875 0.7 0.81875 0.71 0.8387499999999999 0.71 0.8387499999999999 0.7
2 0.81875 0.70625 0.805 0.70625 0.805 0.7125 0.81875 0.7125 0.81875 0.70625
2 0.835 0.71 0.81875 0.71 0.81875 0.7162499999999999 0.835 0.7162499999999999 0.835 0.71
2 0.83375 0.71875 0.81875 0.71875 0.81875 0.72375 0.83375 0.72375 0.83375 0.71875
2 0.8175000000000001 0.7125 0.80375 0.7125 0.80375 0.71875 0.8175000000000001 0.71875 0.8175000000000001 0.7125
2 0.8162499999999999 0.72 0.8012499999999999 0.72 0.8012499999999999 0.7262500000000001 0.8162499999999999 0.7262500000000001 0.8162499999999999 0.72
2 0.8324999999999999 0.72375 0.8175000000000001 0.72375 0.8175000000000001 0.72875 0.8324999999999999 0.72875 0.8324999999999999 0.72375
2 0.81375 0.7275 0.8 0.7275 0.8 0.73375 0.81375 0.73375 0.81375 0.7275
2 0.83125 0.72875 0.8162499999999999 0.72875 0.8162499999999999 0.73875 0.83125 0.73875 0.83125 0.72875
2 0.8162499999999999 0.73625 0.79875 0.73625 0.79875 0.74375 0.8162499999999999 0.74375 0.8162499999999999 0.73625
2 0.8300000000000001 0.74 0.8150000000000001 0.74 0.8150000000000001 0.7462500000000001 0.8300000000000001 0.7462500000000001 0.8300000000000001 0.74
2 0.74125 0.5587500000000001 0.72375 0.5587500000000001 0.72375 0.5650000000000001 0.74125 0.5650000000000001 0.74125 0.5587500000000001
2 0.77 0.5650000000000001 0.7525000000000001 0.5650000000000001 0.7525000000000001 0.57125 0.77 0.57125 0.77 0.5650000000000001
2 0.79875 0.56375 0.7837500000000001 0.56375 0.7837500000000001 0.56875 0.79875 0.56875 0.79875 0.56375
2 0.8175000000000001 0.5662499999999999 0.8 0.5662499999999999 0.8 0.5725 0.8175000000000001 0.5725 0.8175000000000001 0.5662499999999999
2 0.55375 0.14625 0.5375 0.14625 0.5375 0.16499999999999998 0.55375 0.16499999999999998 0.55375 0.14625
2 0.59875 0.13125 0.5862499999999999 0.13125 0.5862499999999999 0.14625 0.59875 0.14625 0.59875 0.13125
2 0.8699999999999999 0.7075 0.8525 0.7075 0.8525 0.71375 0.8699999999999999 0.71375 0.8699999999999999 0.7075
2 0.26375000000000004 0.12875 0.25625 0.12875 0.25625 0.14250000000000002 0.26375000000000004 0.14250000000000002 0.26375000000000004 0.12875
2 0.24874999999999997 0.46624999999999994 0.2325 0.46624999999999994 0.2325 0.47375 0.24874999999999997 0.47375 0.24874999999999997 0.46624999999999994
2 0.23125 0.47125000000000006 0.21625 0.47125000000000006 0.21625 0.48125 0.23125 0.48125 0.23125 0.47125000000000006
2 0.46125 0.795 0.45 0.795 0.45 0.8150000000000001 0.46125 0.8150000000000001 0.46125 0.795
2 0.26625 0.45875000000000005 0.25 0.45875000000000005 0.25 0.46875 0.26625 0.46875 0.26625 0.45875000000000005
2 0.28250000000000003 0.43624999999999997 0.27 0.43624999999999997 0.27 0.4525 0.28250000000000003 0.4525 0.28250000000000003 0.43624999999999997
2 0.2625 0.4125 0.2475 0.4125 0.2475 0.42625 0.2625 0.42625 0.2625 0.4125
2 0.2875 0.42000000000000004 0.27625 0.42000000000000004 0.27625 0.43499999999999994 0.2875 0.43499999999999994 0.2875 0.42000000000000004
2 0.26749999999999996 0.14750000000000002 0.26 0.14750000000000002 0.26 0.16375 0.26749999999999996 0.16375 0.26749999999999996 0.14750000000000002
2 0.2725 0.16875 0.26375000000000004 0.16875 0.26375000000000004 0.18625 0.2725 0.18625 0.2725 0.16875
2 0.28250000000000003 0.21125 0.27 0.21125 0.27 0.22749999999999998 0.28250000000000003 0.22749999999999998 0.28250000000000003 0.21125
2 0.28625 0.23125 0.27625 0.23125 0.27625 0.2475 0.28625 0.2475 0.28625 0.23125
2 0.28625 0.25 0.27875 0.25 0.27875 0.2625 0.28625 0.2625 0.28625 0.25
2 0.2925 0.26749999999999996 0.28250000000000003 0.26749999999999996 0.28250000000000003 0.28250000000000003 0.2925 0.28250000000000003 0.2925 0.26749999999999996
2 0.29625 0.28500000000000003 0.2875 0.28500000000000003 0.2875 0.3 0.29625 0.3 0.29625 0.28500000000000003
2 0.2975 0.29874999999999996 0.29 0.29874999999999996 0.29 0.31124999999999997 0.2975 0.31124999999999997 0.2975 0.29874999999999996
2 0.28125 0.28875 0.2725 0.28875 0.2725 0.30874999999999997 0.28125 0.30874999999999997 0.28125 0.28875
2 0.3025 0.31375000000000003 0.2925 0.31375000000000003 0.2925 0.32999999999999996 0.3025 0.32999999999999996 0.3025 0.31375000000000003
2 0.305 0.32999999999999996 0.29625 0.32999999999999996 0.29625 0.34625 0.305 0.34625 0.305 0.32999999999999996
2 0.30375 0.34750000000000003 0.29500000000000004 0.34750000000000003 0.29500000000000004 0.3625 0.30375 0.3625 0.30375 0.34750000000000003
2 0.30625 0.3675 0.29375 0.3675 0.29375 0.38375 0.30625 0.38375 0.30625 0.3675
2 0.3 0.39125 0.2875 0.39125 0.2875 0.40750000000000003 0.3 0.40750000000000003 0.3 0.39125
2 0.29375 0.40499999999999997 0.28125 0.40499999999999997 0.28125 0.42125 0.29375 0.42125 0.29375 0.40499999999999997
2 0.865 0.7224999999999999 0.85 0.7224999999999999 0.85 0.72875 0.865 0.72875 0.865 0.7224999999999999
2 0.7675 0.755 0.75875 0.755 0.75875 0.77125 0.7675 0.77125 0.7675 0.755
2 0.75 0.7537499999999999 0.74375 0.7537499999999999 0.74375 0.76625 0.75 0.76625 0.75 0.7537499999999999
2 0.6837500000000001 0.7125 0.6675 0.7125 0.6675 0.7212500000000001 0.6837500000000001 0.7212500000000001 0.6837500000000001 0.7125
2 0.6837500000000001 0.7224999999999999 0.66625 0.7224999999999999 0.66625 0.7275 0.6837500000000001 0.7275 0.6837500000000001 0.7224999999999999
2 0.6849999999999999 0.70375 0.6675 0.70375 0.6675 0.7125 0.6849999999999999 0.7125 0.6849999999999999 0.70375
2 0.8412499999999999 0.60625 0.82125 0.60625 0.82125 0.61625 0.8412499999999999 0.61625 0.8412499999999999 0.60625
2 0.6875 0.6900000000000001 0.67375 0.6900000000000001 0.67375 0.6950000000000001 0.6875 0.6950000000000001 0.6875 0.6900000000000001
2 0.6900000000000001 0.68125 0.675 0.68125 0.675 0.68875 0.6900000000000001 0.68875 0.6900000000000001 0.68125
2 0.69375 0.66875 0.6799999999999999 0.66875 0.6799999999999999 0.675 0.69375 0.675 0.69375 0.66875
2 0.71875 0.6025 0.70125 0.6025 0.70125 0.6125 0.71875 0.6125 0.71875 0.6025
2 0.72875 0.5862499999999999 0.71 0.5862499999999999 0.71 0.595 0.72875 0.595 0.72875 0.5862499999999999
2 0.76625 0.595 0.74875 0.595 0.74875 0.60375 0.76625 0.60375 0.76625 0.595
2 0.7925 0.6012500000000001 0.7775000000000001 0.6012500000000001 0.7775000000000001 0.6075 0.7925 0.6075 0.7925 0.6012500000000001
2 0.81125 0.60375 0.79375 0.60375 0.79375 0.61125 0.81125 0.61125 0.81125 0.60375
2 0.85625 0.61 0.8400000000000001 0.61 0.8400000000000001 0.62 0.85625 0.62 0.85625 0.61
2 0.75125 0.67875 0.73375 0.67875 0.73375 0.6837500000000001 0.75125 0.6837500000000001 0.75125 0.67875
2 0.80375 0.61875 0.7875 0.61875 0.7875 0.625 0.80375 0.625 0.80375 0.61875
2 0.8025 0.62625 0.7875 0.62625 0.7875 0.63375 0.8025 0.63375 0.8025 0.62625
2 0.8012499999999999 0.63375 0.7849999999999999 0.63375 0.7849999999999999 0.64 0.8012499999999999 0.64 0.8012499999999999 0.63375
2 0.7975 0.64 0.7825 0.64 0.7825 0.6475 0.7975 0.6475 0.7975 0.64
2 0.8 0.6487499999999999 0.78 0.6487499999999999 0.78 0.65625 0.8 0.65625 0.8 0.6487499999999999
2 0.79625 0.655 0.78 0.655 0.78 0.66125 0.79625 0.66125 0.79625 0.655
2 0.7525000000000001 0.67125 0.73625 0.67125 0.73625 0.67875 0.7525000000000001 0.67875 0.7525000000000001 0.67125
2 0.7474999999999999 0.68125 0.73 0.68125 0.73 0.6925 0.7474999999999999 0.6925 0.7474999999999999 0.68125
2 0.76125 0.61875 0.7462500000000001 0.61875 0.7462500000000001 0.62625 0.76125 0.62625 0.76125 0.61875
2 0.7474999999999999 0.6912499999999999 0.73125 0.6912499999999999 0.73125 0.69875 0.7474999999999999 0.69875 0.7474999999999999 0.6912499999999999
2 0.74375 0.7 0.72875 0.7 0.72875 0.705 0.74375 0.705 0.74375 0.7
2 0.7424999999999999 0.7075 0.7262500000000001 0.7075 0.7262500000000001 0.7150000000000001 0.7424999999999999 0.7150000000000001 0.7424999999999999 0.7075
2 0.745 0.7150000000000001 0.7262500000000001 0.7150000000000001 0.7262500000000001 0.7224999999999999 0.745 0.7224999999999999 0.745 0.7150000000000001
2 0.74 0.72375 0.725 0.72375 0.725 0.73125 0.74 0.73125 0.74 0.72375
2 0.73625 0.75125 0.72875 0.75125 0.72875 0.765 0.73625 0.765 0.73625 0.75125
2 0.7424999999999999 0.75125 0.735 0.75125 0.735 0.76625 0.7424999999999999 0.76625 0.7424999999999999 0.75125
2 0.8074999999999999 0.61125 0.79 0.61125 0.79 0.62 0.8074999999999999 0.62 0.8074999999999999 0.61125
2 0.78125 0.63625 0.76625 0.63625 0.76625 0.64375 0.78125 0.64375 0.78125 0.63625
2 0.7275 0.75125 0.7212500000000001 0.75125 0.7212500000000001 0.7625 0.7275 0.7625 0.7275 0.75125
2 0.70875 0.745 0.70125 0.745 0.70125 0.76 0.70875 0.76 0.70875 0.745
2 0.7575000000000001 0.6325000000000001 0.745 0.6325000000000001 0.745 0.64125 0.7575000000000001 0.64125 0.7575000000000001 0.6325000000000001
2 0.75625 0.64125 0.74 0.64125 0.74 0.6487499999999999 0.75625 0.6487499999999999 0.75625 0.64125
2 0.7575000000000001 0.6487499999999999 0.74 0.6487499999999999 0.74 0.6537499999999999 0.7575000000000001 0.6537499999999999 0.7575000000000001 0.6487499999999999
2 0.7575000000000001 0.65625 0.74125 0.65625 0.74125 0.6625 0.7575000000000001 0.6625 0.7575000000000001 0.65625
2 0.755 0.6625 0.74 0.6625 0.74 0.67125 0.755 0.67125 0.755 0.6625
2 0.73625 0.66625 0.7212500000000001 0.66625 0.7212500000000001 0.675 0.73625 0.675 0.73625 0.66625
2 0.7325 0.675 0.71875 0.675 0.71875 0.6799999999999999 0.7325 0.6799999999999999 0.7325 0.675
2 0.73125 0.68125 0.7150000000000001 0.68125 0.7150000000000001 0.6900000000000001 0.73125 0.6900000000000001 0.73125 0.68125
2 0.73125 0.68875 0.7150000000000001 0.68875 0.7150000000000001 0.6975 0.73125 0.6975 0.73125 0.68875
2 0.7275 0.6975 0.7125 0.6975 0.7125 0.705 0.7275 0.705 0.7275 0.6975
2 0.7275 0.705 0.7125 0.705 0.7125 0.7125 0.7275 0.7125 0.7275 0.705
2 0.725 0.7112499999999999 0.7112499999999999 0.7112499999999999 0.7112499999999999 0.7175 0.725 0.7175 0.725 0.7112499999999999
2 0.72 0.7175 0.705 0.7175 0.705 0.725 0.72 0.725 0.72 0.7175
2 0.6912499999999999 0.74375 0.6849999999999999 0.74375 0.6849999999999999 0.7575000000000001 0.6912499999999999 0.7575000000000001 0.6912499999999999 0.74375
2 0.70125 0.74375 0.69375 0.74375 0.69375 0.7575000000000001 0.70125 0.7575000000000001 0.70125 0.74375