2 0.18875 0.46375 0.16499999999999998 0.46375 0.16499999999999998 0.5175 0.18875 0.5175 0.18875 0.46375
2 0.30874999999999997 0.7 0.29125 0.7 0.29125 0.74375 0.30874999999999997 0.74375 0.30874999999999997 0.7
2 0.39625 0.23625 0.3375 0.23625 0.3375 0.265 0.39625 0.265 0.39625 0.23625
2 0.3975 0.00125 0.375 0.00125 0.375 0.026250000000000002 0.3975 0.026250000000000002 0.3975 0.00125
2 0.58125 0.0025 0.56375 0.0025 0.56375 0.015 0.58125 0.015 0.58125 0.0025
2 0.5599999999999999 0.01 0.54625 0.01 0.54625 0.0225 0.5599999999999999 0.0225 0.5599999999999999 0.01
2 0.54125 0.017499999999999998 0.52625 0.017499999999999998 0.52625 0.026250000000000002 0.54125 0.026250000000000002 0.54125 0.017499999999999998
2 0.5325 0.0225 0.515 0.0225 0.515 0.03125 0.5325 0.03125 0.5325 0.0225
2 0.37875000000000003 0.40499999999999997 0.37124999999999997 0.40499999999999997 0.37124999999999997 0.42125 0.37875000000000003 0.42125 0.37875000000000003 0.40499999999999997
2 0.31875 0.4 0.3025 0.4 0.3025 0.4125 0.31875 0.4125 0.31875 0.4
2 0.59375 0.00125 0.575 0.00125 0.575 0.01 0.59375 0.01 0.59375 0.00125
2 0.52125 0.021249999999999998 0.5037499999999999 0.021249999999999998 0.5037499999999999 0.03625 0.52125 0.03625 0.52125 0.021249999999999998
2 0.505 0.0225 0.48875 0.0225 0.48875 0.03375 0.505 0.03375 0.505 0.0225
2 0.3025 0.08 0.2925 0.08 0.2925 0.0975 0.3025 0.0975 0.3025 0.08
2 0.30874999999999997 0.0775 0.2975 0.0775 0.2975 0.09375 0.30874999999999997 0.09375 0.30874999999999997 0.0775
2 0.3175 0.07375000000000001 0.30625 0.07375000000000001 0.30625 0.09 0.3175 0.09 0.3175 0.07375000000000001
2 0.3225 0.07375000000000001 0.31375000000000003 0.07375000000000001 0.31375000000000003 0.08875 0.3225 0.08875 0.3225 0.07375000000000001
2 0.3275 0.07125000000000001 0.3175 0.07125000000000001 0.3175 0.08625000000000001 0.3275 0.08625000000000001 0.3275 0.07125000000000001
2 0.33625 0.06875 0.32375 0.06875 0.32375 0.08499999999999999 0.33625 0.08499999999999999 0.33625 0.06875
2 0.34375 0.06875 0.335 0.06875 0.335 0.08249999999999999 0.34375 0.08249999999999999 0.34375 0.06875
2 0.35125 0.065 0.34375 0.065 0.34375 0.07875 0.35125 0.07875 0.35125 0.065
2 0.39125 0.0475 0.38 0.0475 0.38 0.061250000000000006 0.39125 0.061250000000000006 0.39125 0.0475
2 0.355 0.03875 0.34249999999999997 0.03875 0.34249999999999997 0.045 0.355 0.045 0.355 0.03875
2 0.35375 0.03 0.33999999999999997 0.03 0.33999999999999997 0.03875 0.35375 0.03875 0.35375 0.03
2 0.3525 0.0225 0.33625 0.0225 0.33625 0.03125 0.3525 0.03125 0.3525 0.0225
2 0.095 0.005 0.08 0.005 0.08 0.017499999999999998 0.095 0.017499999999999998 0.095 0.005
2 0.2975 0.08249999999999999 0.28375 0.08249999999999999 0.28375 0.10625 0.2975 0.10625 0.2975 0.08249999999999999
2 0.24874999999999997 0.11374999999999999 0.20375000000000001 0.11374999999999999 0.20375000000000001 0.1275 0.24874999999999997 0.1275 0.24874999999999997 0.11374999999999999
2 0.33125 0.13874999999999998 0.3125 0.13874999999999998 0.3125 0.15 0.33125 0.15 0.33125 0.13874999999999998
2 0.28500000000000003 0.08875 0.27125 0.08875 0.27125 0.1075 0.28500000000000003 0.1075 0.28500000000000003 0.08875
2 0.2575 0.09625 0.2475 0.09625 0.2475 0.11000000000000001 0.2575 0.11000000000000001 0.2575 0.09625
2 0.135 0.075 0.11625 0.075 0.11625 0.0875 0.135 0.0875 0.135 0.075