2 0.24625 0.11625 0.19375 0.11625 0.19375 0.13999999999999999 0.24625 0.13999999999999999 0.24625 0.11625
2 0.31875 0.09875 0.27 0.09875 0.27 0.1275 0.31875 0.1275 0.31875 0.09875
2 0.15625 0.13374999999999998 0.11000000000000001 0.13374999999999998 0.11000000000000001 0.15875 0.15625 0.15875 0.15625 0.13374999999999998
2 0.16125 0.14250000000000002 0.11000000000000001 0.14250000000000002 0.11000000000000001 0.16875 0.16125 0.16875 0.16125 0.14250000000000002
2 0.1625 0.155 0.11625 0.155 0.11625 0.1775 0.1625 0.1775 0.1625 0.155
2 0.21875 0.058750000000000004 0.1875 0.058750000000000004 0.1875 0.07875 0.21875 0.07875 0.21875 0.058750000000000004
2 0.26875 0.0775 0.215 0.0775 0.215 0.10500000000000001 0.26875 0.10500000000000001 0.26875 0.0775
2 0.8675 0.20875 0.83625 0.20875 0.83625 0.26 0.8675 0.26 0.8675 0.20875
2 0.16 0.6575 0.1075 0.6575 0.1075 0.6875 0.16 0.6875 0.16 0.6575
2 0.33999999999999997 0.93125 0.31625000000000003 0.93125 0.31625000000000003 0.975 0.33999999999999997 0.975 0.33999999999999997 0.93125
2 0.32875 0.93125 0.30125 0.93125 0.30125 0.97625 0.32875 0.97625 0.32875 0.93125
2 0.06375 0.95875 0.04375 0.95875 0.04375 0.9724999999999999 0.06375 0.9724999999999999 0.06375 0.95875
2 0.22875 0.07125000000000001 0.22125 0.07125000000000001 0.22125 0.09 0.22875 0.09 0.22875 0.07125000000000001
2 0.2425 0.06999999999999999 0.23125 0.06999999999999999 0.23125 0.0875 0.2425 0.0875 0.2425 0.06999999999999999
2 0.24874999999999997 0.06625 0.23875000000000002 0.06625 0.23875000000000002 0.08499999999999999 0.24874999999999997 0.08499999999999999 0.24874999999999997 0.06625
2 0.25875 0.065 0.24625 0.065 0.24625 0.08249999999999999 0.25875 0.08249999999999999 0.25875 0.065
2 0.26625 0.061250000000000006 0.25625 0.061250000000000006 0.25625 0.07875 0.26625 0.07875 0.26625 0.061250000000000006
2 0.23374999999999999 0.03875 0.22000000000000003 0.03875 0.22000000000000003 0.05625 0.23374999999999999 0.05625 0.23374999999999999 0.03875
2 0.2475 0.03625 0.23374999999999999 0.03625 0.23374999999999999 0.052500000000000005 0.2475 0.052500000000000005 0.2475 0.03625
2 0.25375000000000003 0.03125 0.24500000000000002 0.03125 0.24500000000000002 0.04875 0.25375000000000003 0.04875 0.25375000000000003 0.03125
2 0.26375000000000004 0.027500000000000004 0.2525 0.027500000000000004 0.2525 0.045 0.26375000000000004 0.045 0.26375000000000004 0.027500000000000004
2 0.33999999999999997 0.89125 0.32999999999999996 0.89125 0.32999999999999996 0.9025000000000001 0.33999999999999997 0.9025000000000001 0.33999999999999997 0.89125
2 0.3525 0.9199999999999999 0.33999999999999997 0.9199999999999999 0.33999999999999997 0.9400000000000001 0.3525 0.9400000000000001 0.3525 0.9199999999999999
2 0.35 0.90625 0.32125 0.90625 0.32125 0.9574999999999999 0.35 0.9574999999999999 0.35 0.90625
2 0.35 1 0.35 0.9824999999999999 0.3375 0.9824999999999999 0.3375 1 0.35 1
2 0.3375 1 0.3375 0.9925 0.3275 0.9925 0.3275 1 0.3375 1
2 0.29500000000000004 0.8775000000000001 0.275 0.8775000000000001 0.275 0.89 0.29500000000000004 0.89 0.29500000000000004 0.8775000000000001
2 0.33625 0.8699999999999999 0.3225 0.8699999999999999 0.3225 0.8887499999999999 0.33625 0.8887499999999999 0.33625 0.8699999999999999
2 0.82 0.75125 0.80375 0.75125 0.80375 0.76375 0.82 0.76375 0.82 0.75125
2 0.27125 0.026250000000000002 0.25875 0.026250000000000002 0.25875 0.04375 0.27125 0.04375 0.27125 0.026250000000000002
2 0.8099999999999999 0.74125 0.7975 0.74125 0.7975 0.7525000000000001 0.8099999999999999 0.7525000000000001 0.8099999999999999 0.74125
2 0.28250000000000003 0.021249999999999998 0.27 0.021249999999999998 0.27 0.041249999999999995 0.28250000000000003 0.041249999999999995 0.28250000000000003 0.021249999999999998
2 0.48125 0.00125 0.4725 0.00125 0.4725 0.00625 0.48125 0.00625 0.48125 0.00125
2 0.47125000000000006 0.00125 0.45999999999999996 0.00125 0.45999999999999996 0.008749999999999999 0.47125000000000006 0.008749999999999999 0.47125000000000006 0.00125
2 0.45499999999999996 0.00125 0.44375 0.00125 0.44375 0.013750000000000002 0.45499999999999996 0.013750000000000002 0.45499999999999996 0.00125
2 0.44625000000000004 0.00125 0.43375 0.00125 0.43375 0.017499999999999998 0.44625000000000004 0.017499999999999998 0.44625000000000004 0.00125
2 0.4375 0.0025 0.42625 0.0025 0.42625 0.01875 0.4375 0.01875 0.4375 0.0025
2 0.31625000000000003 0.8300000000000001 0.3025 0.8300000000000001 0.3025 0.8425 0.31625000000000003 0.8425 0.31625000000000003 0.8300000000000001
2 0.81125 0.7325 0.79625 0.7325 0.79625 0.7424999999999999 0.81125 0.7424999999999999 0.81125 0.7325