2 0.355 0.8 0.35 0.8 0.35 0.81125 0.355 0.81125 0.355 0.8
2 0.06 0.8574999999999999 0.05125 0.8574999999999999 0.05125 0.8724999999999999 0.06 0.8724999999999999 0.06 0.8574999999999999
2 0.385 0.8025 0.3775 0.8025 0.3775 0.8150000000000001 0.385 0.8150000000000001 0.385 0.8025
2 0.37124999999999997 0.79875 0.36625 0.79875 0.36625 0.81125 0.37124999999999997 0.81125 0.37124999999999997 0.79875
2 0.365 0.79875 0.36 0.79875 0.36 0.81125 0.365 0.81125 0.365 0.79875
2 0.34750000000000003 0.7975 0.34249999999999997 0.7975 0.34249999999999997 0.8099999999999999 0.34750000000000003 0.8099999999999999 0.34750000000000003 0.7975
2 0.18 0.745 0.17375000000000002 0.745 0.17375000000000002 0.755 0.18 0.755 0.18 0.745
2 0.39875 0.805 0.39249999999999996 0.805 0.39249999999999996 0.8162499999999999 0.39875 0.8162499999999999 0.39875 0.805
2 0.41 0.8087500000000001 0.40374999999999994 0.8087500000000001 0.40374999999999994 0.82 0.41 0.82 0.41 0.8087500000000001
2 0.42125 0.8087500000000001 0.41624999999999995 0.8087500000000001 0.41624999999999995 0.82125 0.42125 0.82125 0.42125 0.8087500000000001
2 0.41500000000000004 0.8074999999999999 0.41 0.8074999999999999 0.41 0.8225 0.41500000000000004 0.8225 0.41500000000000004 0.8074999999999999
2 0.42625 0.81125 0.42125 0.81125 0.42125 0.8225 0.42625 0.8225 0.42625 0.81125
2 0.49625 0.79125 0.48875 0.79125 0.48875 0.805 0.49625 0.805 0.49625 0.79125
2 0.46624999999999994 0.7875 0.45875000000000005 0.7875 0.45875000000000005 0.8 0.46624999999999994 0.8 0.46624999999999994 0.7875
2 0.44375 0.7825 0.43624999999999997 0.7825 0.43624999999999997 0.79375 0.44375 0.79375 0.44375 0.7825
2 0.37875000000000003 0.775 0.3725 0.775 0.3725 0.7849999999999999 0.37875000000000003 0.7849999999999999 0.37875000000000003 0.775
2 0.27 0.68125 0.25875 0.68125 0.25875 0.6925 0.27 0.6925 0.27 0.68125
2 0.25875 0.7150000000000001 0.2525 0.7150000000000001 0.2525 0.73 0.25875 0.73 0.25875 0.7150000000000001
2 0.25375000000000003 0.7162499999999999 0.24625 0.7162499999999999 0.24625 0.73125 0.25375000000000003 0.73125 0.25375000000000003 0.7162499999999999
2 0.14125000000000001 0.7112499999999999 0.13 0.7112499999999999 0.13 0.7224999999999999 0.14125000000000001 0.7224999999999999 0.14125000000000001 0.7112499999999999
2 0.16875 0.635 0.135 0.635 0.135 0.6675 0.16875 0.6675 0.16875 0.635
2 0.46875 0.8162499999999999 0.4625 0.8162499999999999 0.4625 0.8262499999999999 0.46875 0.8262499999999999 0.46875 0.8162499999999999
2 0.06625 0.86 0.06 0.86 0.06 0.87375 0.06625 0.87375 0.06625 0.86