2 0.925 0.58375 0.88125 0.58375 0.88125 0.635 0.925 0.635 0.925 0.58375
2 0.9225 0.615 0.89375 0.615 0.89375 0.6525000000000001 0.9225 0.6525000000000001 0.9225 0.615
2 0.9349999999999999 0.34625 0.9075 0.34625 0.9075 0.385 0.9349999999999999 0.385 0.9349999999999999 0.34625
2 0.3325 0.33125 0.2975 0.33125 0.2975 0.35375 0.3325 0.35375 0.3325 0.33125
2 0.91875 0.33875 0.8949999999999999 0.33875 0.8949999999999999 0.3675 0.91875 0.3675 0.91875 0.33875
2 0.71875 0.25625 0.6975 0.25625 0.6975 0.275 0.71875 0.275 0.71875 0.25625
2 0.91875 0.30625 0.8949999999999999 0.30625 0.8949999999999999 0.33875 0.91875 0.33875 0.91875 0.30625
2 0.93 0.5125 0.8887499999999999 0.5125 0.8887499999999999 0.5662499999999999 0.93 0.5662499999999999 0.93 0.5125
2 0.93 0.445 0.9012499999999999 0.445 0.9012499999999999 0.485 0.93 0.485 0.93 0.445
2 0.9324999999999999 0.385 0.9012499999999999 0.385 0.9012499999999999 0.4225 0.9324999999999999 0.4225 0.9324999999999999 0.385
2 0.9262499999999999 0.48375 0.8975 0.48375 0.8975 0.52125 0.9262499999999999 0.52125 0.9262499999999999 0.48375
2 0.8625 0.61875 0.85125 0.61875 0.85125 0.655 0.8625 0.655 0.8625 0.61875
2 0.925 0.64375 0.8800000000000001 0.64375 0.8800000000000001 0.705 0.925 0.705 0.925 0.64375
2 0.925 0.7075 0.8787499999999999 0.7075 0.8787499999999999 0.77125 0.925 0.77125 0.925 0.7075
2 0.8775000000000001 0.76625 0.865 0.76625 0.865 0.80375 0.8775000000000001 0.80375 0.8775000000000001 0.76625
2 0.72875 0.81875 0.72 0.81875 0.72 0.875 0.72875 0.875 0.72875 0.81875
2 0.91375 0.7849999999999999 0.885 0.7849999999999999 0.885 0.8225 0.91375 0.8225 0.91375 0.7849999999999999
2 0.9125 0.8775000000000001 0.8862500000000001 0.8775000000000001 0.8862500000000001 0.9125 0.9125 0.9125 0.9125 0.8775000000000001
2 0.6950000000000001 0.9237500000000001 0.6849999999999999 0.9237500000000001 0.6849999999999999 0.96125 0.6950000000000001 0.96125 0.6950000000000001 0.9237500000000001
2 0.7525000000000001 0.8087500000000001 0.74125 0.8087500000000001 0.74125 0.8125 0.7525000000000001 0.8125 0.7525000000000001 0.8087500000000001
2 0.8375 0.805 0.8225 0.805 0.8225 0.8099999999999999 0.8375 0.8099999999999999 0.8375 0.805
2 0.83625 0.81125 0.82125 0.81125 0.82125 0.8175000000000001 0.83625 0.8175000000000001 0.83625 0.81125
2 0.835 0.8175000000000001 0.8225 0.8175000000000001 0.8225 0.8225 0.835 0.8225 0.835 0.8175000000000001
2 0.7575000000000001 0.7725 0.74 0.7725 0.74 0.7825 0.7575000000000001 0.7825 0.7575000000000001 0.7725
2 0.755 0.7787499999999999 0.74125 0.7787499999999999 0.74125 0.7849999999999999 0.755 0.7849999999999999 0.755 0.7787499999999999
2 0.7537499999999999 0.7887500000000001 0.74 0.7887500000000001 0.74 0.79625 0.7537499999999999 0.79625 0.7537499999999999 0.7887500000000001
2 0.7537499999999999 0.7975 0.73875 0.7975 0.73875 0.8025 0.7537499999999999 0.8025 0.7537499999999999 0.7975
2 0.7525000000000001 0.80375 0.74 0.80375 0.74 0.8087500000000001 0.7525000000000001 0.8087500000000001 0.7525000000000001 0.80375
2 0.7537499999999999 0.81375 0.74 0.81375 0.74 0.82 0.7537499999999999 0.82 0.7537499999999999 0.81375
2 0.795 0.8262499999999999 0.79 0.8262499999999999 0.79 0.8375 0.795 0.8375 0.795 0.8262499999999999
2 0.75125 0.81875 0.74 0.81875 0.74 0.8237500000000001 0.75125 0.8237500000000001 0.75125 0.81875
2 0.7525000000000001 0.8237500000000001 0.74 0.8237500000000001 0.74 0.8300000000000001 0.7525000000000001 0.8300000000000001 0.7525000000000001 0.8237500000000001
2 0.75125 0.8300000000000001 0.73875 0.8300000000000001 0.73875 0.835 0.75125 0.835 0.75125 0.8300000000000001
2 0.7525000000000001 0.835 0.73875 0.835 0.73875 0.8425 0.7525000000000001 0.8425 0.7525000000000001 0.835
2 0.75125 0.84375 0.735 0.84375 0.735 0.8487500000000001 0.75125 0.8487500000000001 0.75125 0.84375
2 0.7737499999999999 0.8275 0.7675 0.8275 0.7675 0.8387499999999999 0.7737499999999999 0.8387499999999999 0.7737499999999999 0.8275
2 0.7787499999999999 0.8262499999999999 0.7737499999999999 0.8262499999999999 0.7737499999999999 0.8375 0.7787499999999999 0.8375 0.7787499999999999 0.8262499999999999
2 0.7875 0.8237500000000001 0.7787499999999999 0.8237500000000001 0.7787499999999999 0.8375 0.7875 0.8375 0.7875 0.8237500000000001
2 0.83625 0.79875 0.8237500000000001 0.79875 0.8237500000000001 0.80375 0.83625 0.80375 0.83625 0.79875
2 0.835 0.79 0.8225 0.79 0.8225 0.79375 0.835 0.79375 0.835 0.79
2 0.8375 0.7825 0.8237500000000001 0.7825 0.8237500000000001 0.7875 0.8375 0.7875 0.8375 0.7825
2 0.8162499999999999 0.7825 0.8025 0.7825 0.8025 0.7875 0.8162499999999999 0.7875 0.8162499999999999 0.7825
2 0.75875 0.71875 0.74375 0.71875 0.74375 0.7224999999999999 0.75875 0.7224999999999999 0.75875 0.71875
2 0.7575000000000001 0.7125 0.745 0.7125 0.745 0.7175 0.7575000000000001 0.7175 0.7575000000000001 0.7125
2 0.7575000000000001 0.7075 0.745 0.7075 0.745 0.7112499999999999 0.7575000000000001 0.7112499999999999 0.7575000000000001 0.7075
2 0.76 0.70125 0.7462500000000001 0.70125 0.7462500000000001 0.70625 0.76 0.70625 0.76 0.70125
2 0.78625 0.8 0.78125 0.8 0.78125 0.8125 0.78625 0.8125 0.78625 0.8
2 0.7925 0.8012499999999999 0.78625 0.8012499999999999 0.78625 0.8125 0.7925 0.8125 0.7925 0.8012499999999999
2 0.8 0.8 0.7925 0.8 0.7925 0.8125 0.8 0.8125 0.8 0.8
2 0.80375 0.8012499999999999 0.79875 0.8012499999999999 0.79875 0.8125 0.80375 0.8125 0.80375 0.8012499999999999
2 0.8099999999999999 0.8012499999999999 0.80375 0.8012499999999999 0.80375 0.8150000000000001 0.8099999999999999 0.8150000000000001 0.8099999999999999 0.8012499999999999
2 0.8099999999999999 0.7887500000000001 0.80375 0.7887500000000001 0.80375 0.8 0.8099999999999999 0.8 0.8099999999999999 0.7887500000000001
2 0.80375 0.7887500000000001 0.79625 0.7887500000000001 0.79625 0.8 0.80375 0.8 0.80375 0.7887500000000001
2 0.7925 0.7887500000000001 0.7875 0.7887500000000001 0.7875 0.8 0.7925 0.8 0.7925 0.7887500000000001
2 0.78625 0.78625 0.78 0.78625 0.78 0.8 0.78625 0.8 0.78625 0.78625
2 0.78 0.7875 0.775 0.7875 0.775 0.8 0.78 0.8 0.78 0.7875
2 0.775 0.7875 0.76875 0.7875 0.76875 0.8 0.775 0.8 0.775 0.7875
2 0.775 0.8025 0.76875 0.8025 0.76875 0.8150000000000001 0.775 0.8150000000000001 0.775 0.8025
2 0.7975 0.78125 0.78625 0.78125 0.78625 0.78625 0.7975 0.78625 0.7975 0.78125
2 0.79 0.8262499999999999 0.7849999999999999 0.8262499999999999 0.7849999999999999 0.8375 0.79 0.8375 0.79 0.8262499999999999
2 0.8025 0.8275 0.795 0.8275 0.795 0.8387499999999999 0.8025 0.8387499999999999 0.8025 0.8275
2 0.8275 0.98125 0.8150000000000001 0.98125 0.8150000000000001 0.985 0.8275 0.985 0.8275 0.98125
2 0.77625 0.875 0.7725 0.875 0.7725 0.8887499999999999 0.77625 0.8887499999999999 0.77625 0.875
2 0.75 0.86875 0.73625 0.86875 0.73625 0.87625 0.75 0.87625 0.75 0.86875
2 0.75 0.8775000000000001 0.7375 0.8775000000000001 0.7375 0.8825 0.75 0.8825 0.75 0.8775000000000001
2 0.83125 0.9075 0.81875 0.9075 0.81875 0.91375 0.83125 0.91375 0.83125 0.9075
2 0.8324999999999999 0.88375 0.82 0.88375 0.82 0.89 0.8324999999999999 0.89 0.8324999999999999 0.88375
2 0.8324999999999999 0.8787499999999999 0.8175000000000001 0.8787499999999999 0.8175000000000001 0.88375 0.8324999999999999 0.88375 0.8324999999999999 0.8787499999999999
2 0.8 0.8787499999999999 0.795 0.8787499999999999 0.795 0.8887499999999999 0.8 0.8887499999999999 0.8 0.8787499999999999
2 0.7887500000000001 0.87625 0.7825 0.87625 0.7825 0.89 0.7887500000000001 0.89 0.7887500000000001 0.87625
2 0.7825 0.87625 0.7775000000000001 0.87625 0.7775000000000001 0.8875 0.7825 0.8875 0.7825 0.87625
2 0.77 0.875 0.76375 0.875 0.76375 0.8875 0.77 0.8875 0.77 0.875
2 0.8087500000000001 0.8262499999999999 0.80375 0.8262499999999999 0.80375 0.8375 0.8087500000000001 0.8375 0.8087500000000001 0.8262499999999999
2 0.75125 0.89375 0.73875 0.89375 0.73875 0.89875 0.75125 0.89875 0.75125 0.89375
2 0.805 0.915 0.7975 0.915 0.7975 0.9262499999999999 0.805 0.9262499999999999 0.805 0.915
2 0.7875 0.91375 0.78 0.91375 0.78 0.9275 0.7875 0.9275 0.7875 0.91375
2 0.7975 0.91375 0.7925 0.91375 0.7925 0.9262499999999999 0.7975 0.9262499999999999 0.7975 0.91375
2 0.77 0.9112500000000001 0.7625 0.9112500000000001 0.7625 0.9262499999999999 0.77 0.9262499999999999 0.77 0.9112500000000001
2 0.82875 0.93625 0.8162499999999999 0.93625 0.8162499999999999 0.9425000000000001 0.82875 0.9425000000000001 0.82875 0.93625
2 0.82875 0.95875 0.81875 0.95875 0.81875 0.9637499999999999 0.82875 0.9637499999999999 0.82875 0.95875
2 0.8275 0.9637499999999999 0.8162499999999999 0.9637499999999999 0.8162499999999999 0.96875 0.8275 0.96875 0.8275 0.9637499999999999
2 0.75125 0.8574999999999999 0.7375 0.8574999999999999 0.7375 0.8637499999999999 0.75125 0.8637499999999999 0.75125 0.8574999999999999
2 0.7525000000000001 0.8487500000000001 0.7375 0.8487500000000001 0.7375 0.8550000000000001 0.7525000000000001 0.8550000000000001 0.7525000000000001 0.8487500000000001
2 0.7787499999999999 0.9037499999999999 0.77125 0.9037499999999999 0.77125 0.9175000000000001 0.7787499999999999 0.9175000000000001 0.7787499999999999 0.9037499999999999
2 0.77 0.8612500000000001 0.765 0.8612500000000001 0.765 0.8712500000000001 0.77 0.8712500000000001 0.77 0.8612500000000001
2 0.835 0.8262499999999999 0.82125 0.8262499999999999 0.82125 0.8324999999999999 0.835 0.8324999999999999 0.835 0.8262499999999999
2 0.835 0.83375 0.8225 0.83375 0.8225 0.8387499999999999 0.835 0.8387499999999999 0.835 0.83375
2 0.83375 0.8400000000000001 0.82 0.8400000000000001 0.82 0.84375 0.83375 0.84375 0.83375 0.8400000000000001
2 0.83625 0.845 0.82 0.845 0.82 0.85 0.83625 0.85 0.83625 0.845
2 0.80625 0.8400000000000001 0.8012499999999999 0.8400000000000001 0.8012499999999999 0.8525 0.80625 0.8525 0.80625 0.8400000000000001
2 0.8 0.8375 0.79625 0.8375 0.79625 0.85125 0.8 0.85125 0.8 0.8375
2 0.79625 0.83625 0.79 0.83625 0.79 0.85 0.79625 0.85 0.79625 0.83625
2 0.7887500000000001 0.8375 0.7837500000000001 0.8375 0.7837500000000001 0.8525 0.7887500000000001 0.8525 0.7887500000000001 0.8375
2 0.7737499999999999 0.8375 0.76625 0.8375 0.76625 0.85125 0.7737499999999999 0.85125 0.7737499999999999 0.8375
2 0.8324999999999999 0.85625 0.81875 0.85625 0.81875 0.8612500000000001 0.8324999999999999 0.8612500000000001 0.8324999999999999 0.85625
2 0.835 0.8612500000000001 0.81875 0.8612500000000001 0.81875 0.86875 0.835 0.86875 0.835 0.8612500000000001
2 0.8324999999999999 0.8675 0.81875 0.8675 0.81875 0.87375 0.8324999999999999 0.87375 0.8324999999999999 0.8675
2 0.8012499999999999 0.865 0.795 0.865 0.795 0.8775000000000001 0.8012499999999999 0.8775000000000001 0.8012499999999999 0.865
2 0.7925 0.865 0.7887500000000001 0.865 0.7887500000000001 0.8775000000000001 0.7925 0.8775000000000001 0.7925 0.865
2 0.7887500000000001 0.8637499999999999 0.7825 0.8637499999999999 0.7825 0.87625 0.7887500000000001 0.87625 0.7887500000000001 0.8637499999999999
2 0.7825 0.865 0.7775000000000001 0.865 0.7775000000000001 0.875 0.7825 0.875 0.7825 0.865
2 0.77625 0.8625 0.77125 0.8625 0.77125 0.87375 0.77625 0.87375 0.77625 0.8625
2 0.75875 0.725 0.74375 0.725 0.74375 0.73 0.75875 0.73 0.75875 0.725
2 0.7575000000000001 0.73125 0.74375 0.73125 0.74375 0.73625 0.7575000000000001 0.73625 0.7575000000000001 0.73125
2 0.7575000000000001 0.7375 0.74375 0.7375 0.74375 0.74375 0.7575000000000001 0.74375 0.7575000000000001 0.7375
2 0.8087500000000001 0.68125 0.7975 0.68125 0.7975 0.68625 0.8087500000000001 0.68625 0.8087500000000001 0.68125
2 0.8462500000000001 0.585 0.83125 0.585 0.83125 0.58875 0.8462500000000001 0.58875 0.8462500000000001 0.585
2 0.845 0.57875 0.83125 0.57875 0.83125 0.58375 0.845 0.58375 0.845 0.57875
2 0.8462500000000001 0.5575 0.8300000000000001 0.5575 0.8300000000000001 0.5650000000000001 0.8462500000000001 0.5650000000000001 0.8462500000000001 0.5575
2 0.84375 0.57125 0.8300000000000001 0.57125 0.8300000000000001 0.57625 0.84375 0.57625 0.84375 0.57125
2 0.81375 0.63375 0.8012499999999999 0.63375 0.8012499999999999 0.63875 0.81375 0.63875 0.81375 0.63375
2 0.81375 0.64 0.8 0.64 0.8 0.645 0.81375 0.645 0.81375 0.64
2 0.8087500000000001 0.6637500000000001 0.7975 0.6637500000000001 0.7975 0.66875 0.8087500000000001 0.66875 0.8087500000000001 0.6637500000000001
2 0.8087500000000001 0.675 0.795 0.675 0.795 0.6825 0.8087500000000001 0.6825 0.8087500000000001 0.675
2 0.81375 0.68875 0.8087500000000001 0.68875 0.8087500000000001 0.7 0.81375 0.7 0.81375 0.68875
2 0.75625 0.74375 0.745 0.74375 0.745 0.74875 0.75625 0.74875 0.75625 0.74375
2 0.8074999999999999 0.6875 0.8012499999999999 0.6875 0.8012499999999999 0.7 0.8074999999999999 0.7 0.8074999999999999 0.6875
2 0.8012499999999999 0.6875 0.79625 0.6875 0.79625 0.7 0.8012499999999999 0.7 0.8012499999999999 0.6875
2 0.79625 0.6875 0.79 0.6875 0.79 0.70125 0.79625 0.70125 0.79625 0.6875
2 0.7925 0.68625 0.7849999999999999 0.68625 0.7849999999999999 0.7 0.7925 0.7 0.7925 0.68625
2 0.78625 0.6849999999999999 0.78 0.6849999999999999 0.78 0.7 0.78625 0.7 0.78625 0.6849999999999999
2 0.78 0.6849999999999999 0.775 0.6849999999999999 0.775 0.6975 0.78 0.6975 0.78 0.6849999999999999
2 0.775 0.6849999999999999 0.76875 0.6849999999999999 0.76875 0.69875 0.775 0.69875 0.775 0.6849999999999999
2 0.76625 0.6849999999999999 0.76125 0.6849999999999999 0.76125 0.69875 0.76625 0.69875 0.76625 0.6849999999999999
2 0.845 0.5900000000000001 0.83125 0.5900000000000001 0.83125 0.595 0.845 0.595 0.845 0.5900000000000001
2 0.8425 0.59875 0.83125 0.59875 0.83125 0.6025 0.8425 0.6025 0.8425 0.59875
2 0.8425 0.6012500000000001 0.8300000000000001 0.6012500000000001 0.8300000000000001 0.60875 0.8425 0.60875 0.8425 0.6012500000000001
2 0.8425 0.61 0.83125 0.61 0.83125 0.615 0.8425 0.615 0.8425 0.61
2 0.825 0.45499999999999996 0.8150000000000001 0.45499999999999996 0.8150000000000001 0.46875 0.825 0.46875 0.825 0.45499999999999996
2 0.8300000000000001 0.43125 0.8162499999999999 0.43125 0.8162499999999999 0.4425 0.8300000000000001 0.4425 0.8300000000000001 0.43125
2 0.83125 0.42125 0.8175000000000001 0.42125 0.8175000000000001 0.43624999999999997 0.83125 0.43624999999999997 0.83125 0.42125
2 0.83375 0.40625 0.82125 0.40625 0.82125 0.42000000000000004 0.83375 0.42000000000000004 0.83375 0.40625
2 0.76 0.48 0.7537499999999999 0.48 0.7537499999999999 0.49375 0.76 0.49375 0.76 0.48
2 0.74125 0.5387500000000001 0.735 0.5387500000000001 0.735 0.55375 0.74125 0.55375 0.74125 0.5387500000000001
2 0.8150000000000001 0.5875 0.805 0.5875 0.805 0.5912499999999999 0.8150000000000001 0.5912499999999999 0.8150000000000001 0.5875
2 0.8162499999999999 0.5925 0.8025 0.5925 0.8025 0.5974999999999999 0.8162499999999999 0.5974999999999999 0.8162499999999999 0.5925
2 0.8150000000000001 0.6012500000000001 0.8 0.6012500000000001 0.8 0.60625 0.8150000000000001 0.60625 0.8150000000000001 0.6012500000000001
2 0.8150000000000001 0.6075 0.8012499999999999 0.6075 0.8012499999999999 0.6125 0.8150000000000001 0.6125 0.8150000000000001 0.6075
2 0.8150000000000001 0.6174999999999999 0.8012499999999999 0.6174999999999999 0.8012499999999999 0.62375 0.8150000000000001 0.62375 0.8150000000000001 0.6174999999999999
2 0.8125 0.62625 0.8012499999999999 0.62625 0.8012499999999999 0.63125 0.8125 0.63125 0.8125 0.62625
2 0.7787499999999999 0.71 0.7725 0.71 0.7725 0.725 0.7787499999999999 0.725 0.7787499999999999 0.71
2 0.7837500000000001 0.71375 0.7775000000000001 0.71375 0.7775000000000001 0.725 0.7837500000000001 0.725 0.7837500000000001 0.71375
2 0.795 0.71375 0.79 0.71375 0.79 0.725 0.795 0.725 0.795 0.71375
2 0.81125 0.765 0.80625 0.765 0.80625 0.77625 0.81125 0.77625 0.81125 0.765
2 0.79375 0.765 0.7887500000000001 0.765 0.7887500000000001 0.7737499999999999 0.79375 0.7737499999999999 0.79375 0.765
2 0.7875 0.76375 0.7825 0.76375 0.7825 0.7737499999999999 0.7875 0.7737499999999999 0.7875 0.76375
2 0.7825 0.76375 0.7775000000000001 0.76375 0.7775000000000001 0.775 0.7825 0.775 0.7825 0.76375
2 0.77625 0.7625 0.77 0.7625 0.77 0.7737499999999999 0.77625 0.7737499999999999 0.77625 0.7625
2 0.8412499999999999 0.725 0.8275 0.725 0.8275 0.73125 0.8412499999999999 0.73125 0.8412499999999999 0.725
2 0.8412499999999999 0.7212500000000001 0.8275 0.7212500000000001 0.8275 0.7262500000000001 0.8412499999999999 0.7262500000000001 0.8412499999999999 0.7212500000000001
2 0.8400000000000001 0.7150000000000001 0.8275 0.7150000000000001 0.8275 0.72 0.8400000000000001 0.72 0.8400000000000001 0.7150000000000001
2 0.8400000000000001 0.70875 0.8275 0.70875 0.8275 0.71375 0.8400000000000001 0.71375 0.8400000000000001 0.70875
2 0.8425 0.70125 0.8275 0.70125 0.8275 0.7075 0.8425 0.7075 0.8425 0.70125
2 0.8412499999999999 0.69875 0.82875 0.69875 0.82875 0.7025 0.8412499999999999 0.7025 0.8412499999999999 0.69875
2 0.8412499999999999 0.6925 0.82875 0.6925 0.82875 0.6975 0.8412499999999999 0.6975 0.8412499999999999 0.6925
2 0.8412499999999999 0.68625 0.82875 0.68625 0.82875 0.6925 0.8412499999999999 0.6925 0.8412499999999999 0.68625
2 0.8412499999999999 0.68125 0.82875 0.68125 0.82875 0.68625 0.8412499999999999 0.68625 0.8412499999999999 0.68125
2 0.8412499999999999 0.67625 0.8300000000000001 0.67625 0.8300000000000001 0.6799999999999999 0.8412499999999999 0.6799999999999999 0.8412499999999999 0.67625
2 0.8412499999999999 0.66875 0.8275 0.66875 0.8275 0.675 0.8412499999999999 0.675 0.8412499999999999 0.66875
2 0.84375 0.6637500000000001 0.8275 0.6637500000000001 0.8275 0.67 0.84375 0.67 0.84375 0.6637500000000001
2 0.75625 0.75 0.74375 0.75 0.74375 0.75625 0.75625 0.75625 0.75625 0.75
2 0.8 0.7625 0.795 0.7625 0.795 0.775 0.8 0.775 0.8 0.7625
2 0.8400000000000001 0.7325 0.8275 0.7325 0.8275 0.7375 0.8400000000000001 0.7375 0.8400000000000001 0.7325
2 0.8012499999999999 0.7125 0.79375 0.7125 0.79375 0.725 0.8012499999999999 0.725 0.8012499999999999 0.7125
2 0.8387499999999999 0.7375 0.8262499999999999 0.7375 0.8262499999999999 0.7424999999999999 0.8387499999999999 0.7424999999999999 0.8387499999999999 0.7375
2 0.80625 0.7150000000000001 0.8 0.7150000000000001 0.8 0.7262500000000001 0.80625 0.7262500000000001 0.80625 0.7150000000000001
2 0.81375 0.7112499999999999 0.8087500000000001 0.7112499999999999 0.8087500000000001 0.725 0.81375 0.725 0.81375 0.7112499999999999
2 0.8125 0.7275 0.8074999999999999 0.7275 0.8074999999999999 0.74 0.8125 0.74 0.8125 0.7275
2 0.80625 0.7262500000000001 0.8012499999999999 0.7262500000000001 0.8012499999999999 0.7375 0.80625 0.7375 0.80625 0.7262500000000001
2 0.8012499999999999 0.725 0.795 0.725 0.795 0.7375 0.8012499999999999 0.7375 0.8012499999999999 0.725
2 0.79375 0.725 0.79 0.725 0.79 0.7375 0.79375 0.7375 0.79375 0.725
2 0.7887500000000001 0.72375 0.7837500000000001 0.72375 0.7837500000000001 0.7375 0.7887500000000001 0.7375 0.7887500000000001 0.72375
2 0.7837500000000001 0.725 0.7787499999999999 0.725 0.7787499999999999 0.7375 0.7837500000000001 0.7375 0.7837500000000001 0.725
2 0.7775000000000001 0.725 0.77125 0.725 0.77125 0.7375 0.7775000000000001 0.7375 0.7775000000000001 0.725
2 0.8074999999999999 0.75125 0.8012499999999999 0.75125 0.8012499999999999 0.76375 0.8074999999999999 0.76375 0.8074999999999999 0.75125
2 0.81125 0.7525000000000001 0.805 0.7525000000000001 0.805 0.765 0.81125 0.765 0.81125 0.7525000000000001
2 0.79375 0.75125 0.7875 0.75125 0.7875 0.76375 0.79375 0.76375 0.79375 0.75125
2 0.7887500000000001 0.75125 0.7849999999999999 0.75125 0.7849999999999999 0.7625 0.7887500000000001 0.7625 0.7887500000000001 0.75125
2 0.7825 0.75125 0.7775000000000001 0.75125 0.7775000000000001 0.76375 0.7825 0.76375 0.7825 0.75125
2 0.77625 0.75125 0.77 0.75125 0.77 0.7625 0.77625 0.7625 0.77625 0.75125
2 0.8375 0.74875 0.8262499999999999 0.74875 0.8262499999999999 0.7525000000000001 0.8375 0.7525000000000001 0.8375 0.74875
2 0.8375 0.7424999999999999 0.8262499999999999 0.7424999999999999 0.8262499999999999 0.74875 0.8375 0.74875 0.8375 0.7424999999999999
2 0.8275 0.97 0.8162499999999999 0.97 0.8162499999999999 0.97625 0.8275 0.97625 0.8275 0.97
2 0.8275 0.9875 0.81375 0.9875 0.81375 0.99375 0.8275 0.99375 0.8275 0.9875
2 0.5037499999999999 0.38625 0.49000000000000005 0.38625 0.49000000000000005 0.3975 0.5037499999999999 0.3975 0.5037499999999999 0.38625
2 0.7575000000000001 0.29 0.74125 0.29 0.74125 0.29500000000000004 0.7575000000000001 0.29500000000000004 0.7575000000000001 0.29
2 0.6825 0.27999999999999997 0.6637500000000001 0.27999999999999997 0.6637500000000001 0.28875 0.6825 0.28875 0.6825 0.27999999999999997
2 0.5725 0.2875 0.55625 0.2875 0.55625 0.29500000000000004 0.5725 0.29500000000000004 0.5725 0.2875
2 0.49625 0.26125 0.48250000000000004 0.26125 0.48250000000000004 0.27375 0.49625 0.27375 0.49625 0.26125
2 0.41624999999999995 0.215 0.4025 0.215 0.4025 0.22625 0.41624999999999995 0.22625 0.41624999999999995 0.215
2 0.41500000000000004 0.1975 0.40374999999999994 0.1975 0.40374999999999994 0.21125 0.41500000000000004 0.21125 0.41500000000000004 0.1975
2 0.40499999999999997 0.19875 0.395 0.19875 0.395 0.21375000000000002 0.40499999999999997 0.21375000000000002 0.40499999999999997 0.19875
2 0.3975 0.17625 0.39125 0.17625 0.39125 0.1925 0.3975 0.1925 0.3975 0.17625
2 0.45375 0.18625 0.44749999999999995 0.18625 0.44749999999999995 0.2 0.45375 0.2 0.45375 0.18625
2 0.4375 0.18 0.42874999999999996 0.18 0.42874999999999996 0.19375 0.4375 0.19375 0.4375 0.18
2 0.43 0.17875000000000002 0.42125 0.17875000000000002 0.42125 0.19125 0.43 0.19125 0.43 0.17875000000000002
2 0.4025 0.15125 0.395 0.15125 0.395 0.16625 0.4025 0.16625 0.4025 0.15125
2 0.39375 0.1525 0.3875 0.1525 0.3875 0.16625 0.39375 0.16625 0.39375 0.1525
2 0.34125 0.1275 0.33375 0.1275 0.33375 0.13999999999999999 0.34125 0.13999999999999999 0.34125 0.1275
2 0.33875 0.1375 0.32875 0.1375 0.32875 0.15 0.33875 0.15 0.33875 0.1375
2 0.8012499999999999 1 0.8012499999999999 0.99 0.79375 0.99 0.79375 1 0.8012499999999999 1
2 0.50875 0.39249999999999996 0.49874999999999997 0.39249999999999996 0.49874999999999997 0.4025 0.50875 0.4025 0.50875 0.39249999999999996
2 0.5175 0.39875 0.5037499999999999 0.39875 0.5037499999999999 0.41125 0.5175 0.41125 0.5175 0.39875
2 0.52125 0.40499999999999997 0.50875 0.40499999999999997 0.50875 0.4175 0.52125 0.4175 0.52125 0.40499999999999997
2 0.7462500000000001 0.96125 0.735 0.96125 0.735 0.9675 0.7462500000000001 0.9675 0.7462500000000001 0.96125
2 0.7462500000000001 0.9737500000000001 0.73375 0.9737500000000001 0.73375 0.9800000000000001 0.7462500000000001 0.9800000000000001 0.7462500000000001 0.9737500000000001
2 0.7462500000000001 0.98125 0.7325 0.98125 0.7325 0.9862500000000001 0.7462500000000001 0.9862500000000001 0.7462500000000001 0.98125
2 0.7462500000000001 0.99 0.73375 0.99 0.73375 0.9962500000000001 0.7462500000000001 0.9962500000000001 0.7462500000000001 0.99
2 0.7474999999999999 1 0.7474999999999999 0.9974999999999999 0.7325 0.9974999999999999 0.7325 1 0.7474999999999999 1
2 0.6900000000000001 0.63125 0.6849999999999999 0.63125 0.6849999999999999 0.645 0.6900000000000001 0.645 0.6900000000000001 0.63125
2 0.7474999999999999 0.9550000000000001 0.73375 0.9550000000000001 0.73375 0.96 0.7474999999999999 0.96 0.7474999999999999 0.9550000000000001
2 0.7474999999999999 0.9487500000000001 0.7325 0.9487500000000001 0.7325 0.95625 0.7474999999999999 0.95625 0.7474999999999999 0.9487500000000001
2 0.74875 0.9400000000000001 0.735 0.9400000000000001 0.735 0.945 0.74875 0.945 0.74875 0.9400000000000001
2 0.7737499999999999 0.9375 0.7675 0.9375 0.7675 0.9512499999999999 0.7737499999999999 0.9512499999999999 0.7737499999999999 0.9375
2 0.79375 1 0.79375 0.9887499999999999 0.7875 0.9887499999999999 0.7875 1 0.79375 1
2 0.7875 1 0.7875 0.9887499999999999 0.7825 0.9887499999999999 0.7825 1 0.7875 1
2 0.7825 1 0.7825 0.9875 0.7775000000000001 0.9875 0.7775000000000001 1 0.7825 1
2 0.7775000000000001 0.9875 0.7725 0.9875 0.7725 0.99875 0.7775000000000001 0.99875 0.7775000000000001 0.9875
2 0.77125 0.9875 0.76625 0.9875 0.76625 0.99875 0.77125 0.99875 0.77125 0.9875
2 0.76625 1 0.76625 0.9875 0.76 0.9875 0.76 1 0.76625 1
2 0.8025 0.9775 0.795 0.9775 0.795 0.9887499999999999 0.8025 0.9887499999999999 0.8025 0.9775
2 0.795 0.975 0.79 0.975 0.79 0.9875 0.795 0.9875 0.795 0.975
2 0.7875 0.975 0.7825 0.975 0.7825 0.9862500000000001 0.7875 0.9862500000000001 0.7875 0.975
2 0.7825 0.9724999999999999 0.7787499999999999 0.9724999999999999 0.7787499999999999 0.9862500000000001 0.7825 0.9862500000000001 0.7825 0.9724999999999999
2 0.7675 0.9737500000000001 0.75875 0.9737500000000001 0.75875 0.9862500000000001 0.7675 0.9862500000000001 0.7675 0.9737500000000001
2 0.79875 0.93875 0.79 0.93875 0.79 0.9512499999999999 0.79875 0.9512499999999999 0.79875 0.93875
2 0.8025 0.9512499999999999 0.7975 0.9512499999999999 0.7975 0.9650000000000001 0.8025 0.9650000000000001 0.8025 0.9512499999999999
2 0.7925 0.9512499999999999 0.78625 0.9512499999999999 0.78625 0.9650000000000001 0.7925 0.9650000000000001 0.7925 0.9512499999999999
2 0.775 0.95 0.76875 0.95 0.76875 0.9625 0.775 0.9625 0.775 0.95
2 0.76875 0.9512499999999999 0.7625 0.9512499999999999 0.7625 0.9625 0.76875 0.9625 0.76875 0.9512499999999999
2 0.78 0.93875 0.7737499999999999 0.93875 0.7737499999999999 0.95 0.78 0.95 0.78 0.93875
2 0.675 0.96875 0.67 0.96875 0.67 0.97875 0.675 0.97875 0.675 0.96875
2 0.6775 0.9512499999999999 0.67 0.9512499999999999 0.67 0.9662499999999999 0.6775 0.9662499999999999 0.6775 0.9512499999999999
2 0.675 0.9800000000000001 0.6675 0.9800000000000001 0.6675 0.9949999999999999 0.675 0.9949999999999999 0.675 0.9800000000000001
2 0.6799999999999999 0.9324999999999999 0.67 0.9324999999999999 0.67 0.9487500000000001 0.6799999999999999 0.9487500000000001 0.6799999999999999 0.9324999999999999
2 0.6825 0.8125 0.675 0.8125 0.675 0.8262499999999999 0.6825 0.8262499999999999 0.6825 0.8125
2 0.65125 0.8 0.63625 0.8 0.63625 0.80625 0.65125 0.80625 0.65125 0.8
2 0.65125 0.78 0.63625 0.78 0.63625 0.78625 0.65125 0.78625 0.65125 0.78
2 0.6525000000000001 0.75875 0.63875 0.75875 0.63875 0.76375 0.6525000000000001 0.76375 0.6525000000000001 0.75875
2 0.6525000000000001 0.75125 0.64 0.75125 0.64 0.75625 0.6525000000000001 0.75625 0.6525000000000001 0.75125
2 0.7275 0.6012500000000001 0.7212500000000001 0.6012500000000001 0.7212500000000001 0.61625 0.7275 0.61625 0.7275 0.6012500000000001
2 0.70625 0.6837500000000001 0.6975 0.6837500000000001 0.6975 0.69875 0.70625 0.69875 0.70625 0.6837500000000001
2 0.6900000000000001 0.6575 0.6825 0.6575 0.6825 0.675 0.6900000000000001 0.675 0.6900000000000001 0.6575
2 0.53125 0.35 0.51125 0.35 0.51125 0.36 0.53125 0.36 0.53125 0.35