2 0.39875 0.5349999999999999 0.39125 0.5349999999999999 0.39125 0.54875 0.39875 0.54875 0.39875 0.5349999999999999
2 0.36 0.475 0.34875 0.475 0.34875 0.485 0.36 0.485 0.36 0.475
2 0.3725 0.48250000000000004 0.36 0.48250000000000004 0.36 0.4875 0.3725 0.4875 0.3725 0.48250000000000004
2 0.4325 0.4875 0.425 0.4875 0.425 0.5025000000000001 0.4325 0.5025000000000001 0.4325 0.4875
2 0.33125 0.48125 0.3175 0.48125 0.3175 0.4875 0.33125 0.4875 0.33125 0.48125
2 0.33375 0.48875 0.31875 0.48875 0.31875 0.49375 0.33375 0.49375 0.33375 0.48875
2 0.33375 0.49625 0.32 0.49625 0.32 0.50125 0.33375 0.50125 0.33375 0.49625
2 0.38625 0.53125 0.38125 0.53125 0.38125 0.5475 0.38625 0.5475 0.38625 0.53125
2 0.39249999999999996 0.5337500000000001 0.38625 0.5337500000000001 0.38625 0.54875 0.39249999999999996 0.54875 0.39249999999999996 0.5337500000000001
2 0.4125 0.5375 0.40625 0.5375 0.40625 0.55375 0.4125 0.55375 0.4125 0.5375
2 0.42374999999999996 0.29500000000000004 0.42000000000000004 0.29500000000000004 0.42000000000000004 0.30874999999999997 0.42374999999999996 0.30874999999999997 0.42374999999999996 0.29500000000000004
2 0.36124999999999996 0.54625 0.34875 0.54625 0.34875 0.5587500000000001 0.36124999999999996 0.5587500000000001 0.36124999999999996 0.54625
2 0.35 0.5425 0.33875 0.5425 0.33875 0.55625 0.35 0.55625 0.35 0.5425
2 0.33999999999999997 0.5425 0.32999999999999996 0.5425 0.32999999999999996 0.55625 0.33999999999999997 0.55625 0.33999999999999997 0.5425
2 0.335 0.54125 0.325 0.54125 0.325 0.55375 0.335 0.55375 0.335 0.54125
2 0.175 0.5862499999999999 0.16 0.5862499999999999 0.16 0.59375 0.175 0.59375 0.175 0.5862499999999999
2 0.2125 0.5925 0.20625 0.5925 0.20625 0.60625 0.2125 0.60625 0.2125 0.5925
2 0.19624999999999998 0.6487499999999999 0.19 0.6487499999999999 0.19 0.6625 0.19624999999999998 0.6625 0.19624999999999998 0.6487499999999999
2 0.19375 0.6325000000000001 0.1875 0.6325000000000001 0.1875 0.645 0.19375 0.645 0.19375 0.6325000000000001
2 0.48125 0.51 0.475 0.51 0.475 0.52125 0.48125 0.52125 0.48125 0.51
2 0.46375 0.5 0.45 0.5 0.45 0.5075000000000001 0.46375 0.5075000000000001 0.46375 0.5
2 0.49000000000000005 0.47375 0.48375 0.47375 0.48375 0.48624999999999996 0.49000000000000005 0.48624999999999996 0.49000000000000005 0.47375
2 0.14750000000000002 0.54625 0.135 0.54625 0.135 0.5525 0.14750000000000002 0.5525 0.14750000000000002 0.54625
2 0.24375 0.26749999999999996 0.2375 0.26749999999999996 0.2375 0.27749999999999997 0.24375 0.27749999999999997 0.24375 0.26749999999999996
2 0.24375 0.27875 0.24 0.27875 0.24 0.28875 0.24375 0.28875 0.24375 0.27875
2 0.24625 0.29500000000000004 0.24125000000000002 0.29500000000000004 0.24125000000000002 0.30625 0.24625 0.30625 0.24625 0.29500000000000004
2 0.24874999999999997 0.3225 0.24500000000000002 0.3225 0.24500000000000002 0.335 0.24874999999999997 0.335 0.24874999999999997 0.3225
2 0.42874999999999996 0.32999999999999996 0.4225 0.32999999999999996 0.4225 0.34375 0.42874999999999996 0.34375 0.42874999999999996 0.32999999999999996
2 0.4375 0.33999999999999997 0.4325 0.33999999999999997 0.4325 0.35625 0.4375 0.35625 0.4375 0.33999999999999997
2 0.4325 0.36875 0.42625 0.36875 0.42625 0.38125 0.4325 0.38125 0.4325 0.36875
2 0.4725 0.38625 0.45875000000000005 0.38625 0.45875000000000005 0.39125 0.4725 0.39125 0.4725 0.38625
2 0.24125000000000002 0.44125 0.22875 0.44125 0.22875 0.45 0.24125000000000002 0.45 0.24125000000000002 0.44125
2 0.305 0.43125 0.29375 0.43125 0.29375 0.43499999999999994 0.305 0.43499999999999994 0.305 0.43125
2 0.33125 0.4125 0.325 0.4125 0.325 0.42374999999999996 0.33125 0.42374999999999996 0.33125 0.4125
2 0.34500000000000003 0.45875000000000005 0.32999999999999996 0.45875000000000005 0.32999999999999996 0.465 0.34500000000000003 0.465 0.34500000000000003 0.45875000000000005
2 0.44000000000000006 0.46125 0.43375 0.46125 0.43375 0.47375 0.44000000000000006 0.47375 0.44000000000000006 0.46125
2 0.18125 0.49375 0.175 0.49375 0.175 0.5075000000000001 0.18125 0.5075000000000001 0.18125 0.49375
2 0.20875 0.525 0.20249999999999999 0.525 0.20249999999999999 0.5387500000000001 0.20875 0.5387500000000001 0.20875 0.525
2 0.18625 0.5587500000000001 0.18 0.5587500000000001 0.18 0.57375 0.18625 0.57375 0.18625 0.5587500000000001
2 0.21125 0.5587500000000001 0.20625 0.5587500000000001 0.20625 0.57125 0.21125 0.57125 0.21125 0.5587500000000001
2 0.35125 0.55625 0.335 0.55625 0.335 0.56375 0.35125 0.56375 0.35125 0.55625
2 0.33375 0.56125 0.32625000000000004 0.56125 0.32625000000000004 0.57625 0.33375 0.57625 0.33375 0.56125
2 0.33999999999999997 0.5650000000000001 0.3325 0.5650000000000001 0.3325 0.5775 0.33999999999999997 0.5775 0.33999999999999997 0.5650000000000001
2 0.35375 0.70375 0.33999999999999997 0.70375 0.33999999999999997 0.70875 0.35375 0.70875 0.35375 0.70375
2 0.44875 0.66125 0.44125 0.66125 0.44125 0.675 0.44875 0.675 0.44875 0.66125
2 0.46125 0.6587500000000001 0.45625 0.6587500000000001 0.45625 0.67 0.46125 0.67 0.46125 0.6587500000000001
2 0.4575 0.6174999999999999 0.45125000000000004 0.6174999999999999 0.45125000000000004 0.63125 0.4575 0.63125 0.4575 0.6174999999999999
2 0.46875 0.66875 0.46375 0.66875 0.46375 0.6825 0.46875 0.6825 0.46875 0.66875
2 0.4625 0.6925 0.4575 0.6925 0.4575 0.70625 0.4625 0.70625 0.4625 0.6925
2 0.4525 0.705 0.44749999999999995 0.705 0.44749999999999995 0.7175 0.4525 0.7175 0.4525 0.705
2 0.44375 0.7075 0.4375 0.7075 0.4375 0.7175 0.44375 0.7175 0.44375 0.7075
2 0.445 0.7224999999999999 0.44000000000000006 0.7224999999999999 0.44000000000000006 0.7325 0.445 0.7325 0.445 0.7224999999999999
2 0.22999999999999998 0.75 0.22374999999999998 0.75 0.22374999999999998 0.765 0.22999999999999998 0.765 0.22999999999999998 0.75
2 0.19375 0.7775000000000001 0.18 0.7775000000000001 0.18 0.7837500000000001 0.19375 0.7837500000000001 0.19375 0.7775000000000001
2 0.20625 0.7625 0.20125 0.7625 0.20125 0.77625 0.20625 0.77625 0.20625 0.7625
2 0.21000000000000002 0.7887500000000001 0.20249999999999999 0.7887500000000001 0.20249999999999999 0.8025 0.21000000000000002 0.8025 0.21000000000000002 0.7887500000000001
2 0.21000000000000002 0.8025 0.20375000000000001 0.8025 0.20375000000000001 0.8162499999999999 0.21000000000000002 0.8162499999999999 0.21000000000000002 0.8025
2 0.21375000000000002 0.8400000000000001 0.20750000000000002 0.8400000000000001 0.20750000000000002 0.85375 0.21375000000000002 0.85375 0.21375000000000002 0.8400000000000001
2 0.11875 0.85125 0.11125 0.85125 0.11125 0.8637499999999999 0.11875 0.8637499999999999 0.11875 0.85125
2 0.13999999999999999 0.8550000000000001 0.13374999999999998 0.8550000000000001 0.13374999999999998 0.86625 0.13999999999999999 0.86625 0.13999999999999999 0.8550000000000001
2 0.14750000000000002 0.85375 0.13874999999999998 0.85375 0.13874999999999998 0.86625 0.14750000000000002 0.86625 0.14750000000000002 0.85375
2 0.3525 0.7112499999999999 0.33875 0.7112499999999999 0.33875 0.7175 0.3525 0.7175 0.3525 0.7112499999999999
2 0.355 0.69875 0.34125 0.69875 0.34125 0.70375 0.355 0.70375 0.355 0.69875
2 0.34625 0.5675 0.33999999999999997 0.5675 0.33999999999999997 0.58 0.34625 0.58 0.34625 0.5675
2 0.3525 0.68625 0.34125 0.68625 0.34125 0.6925 0.3525 0.6925 0.3525 0.68625
2 0.35375 0.5675 0.34625 0.5675 0.34625 0.58 0.35375 0.58 0.35375 0.5675
2 0.44875 0.53 0.4425 0.53 0.4425 0.54375 0.44875 0.54375 0.44875 0.53
2 0.43 0.55625 0.4225 0.55625 0.4225 0.5700000000000001 0.43 0.5700000000000001 0.43 0.55625
2 0.4375 0.5575 0.43375 0.5575 0.43375 0.5700000000000001 0.4375 0.5700000000000001 0.4375 0.5575
2 0.4525 0.5675 0.44375 0.5675 0.44375 0.58375 0.4525 0.58375 0.4525 0.5675
2 0.45999999999999996 0.56375 0.45375 0.56375 0.45375 0.575 0.45999999999999996 0.575 0.45999999999999996 0.56375
2 0.5125 0.57125 0.505 0.57125 0.505 0.585 0.5125 0.585 0.5125 0.57125
2 0.43375 0.59375 0.42750000000000005 0.59375 0.42750000000000005 0.60875 0.43375 0.60875 0.43375 0.59375
2 0.43375 0.61 0.42874999999999996 0.61 0.42874999999999996 0.625 0.43375 0.625 0.43375 0.61
2 0.4425 0.60375 0.43624999999999997 0.60375 0.43624999999999997 0.62 0.4425 0.62 0.4425 0.60375
2 0.175 0.68625 0.16125 0.68625 0.16125 0.6925 0.175 0.6925 0.175 0.68625
2 0.20249999999999999 0.71875 0.19624999999999998 0.71875 0.19624999999999998 0.73125 0.20249999999999999 0.73125 0.20249999999999999 0.71875
2 0.43875000000000003 0.6575 0.43375 0.6575 0.43375 0.67125 0.43875000000000003 0.67125 0.43875000000000003 0.6575
2 0.34125 0.60625 0.32625000000000004 0.60625 0.32625000000000004 0.61625 0.34125 0.61625 0.34125 0.60625
2 0.34375 0.6375 0.33125 0.6375 0.33125 0.645 0.34375 0.645 0.34375 0.6375
2 0.35125 0.6625 0.33875 0.6625 0.33875 0.66875 0.35125 0.66875 0.35125 0.6625
2 0.35125 0.67625 0.3375 0.67625 0.3375 0.68125 0.35125 0.68125 0.35125 0.67625
2 0.2425 0.25125000000000003 0.23625 0.25125000000000003 0.23625 0.26375000000000004 0.2425 0.26375000000000004 0.2425 0.25125000000000003
2 0.38375 0.2925 0.37875000000000003 0.2925 0.37875000000000003 0.3075 0.38375 0.3075 0.38375 0.2925
2 0.11125 0.8712500000000001 0.09875 0.8712500000000001 0.09875 0.8775000000000001 0.11125 0.8775000000000001 0.11125 0.8712500000000001
2 0.375 0.29500000000000004 0.37124999999999997 0.29500000000000004 0.37124999999999997 0.3075 0.375 0.3075 0.375 0.29500000000000004
2 0.41375 0.12625 0.40750000000000003 0.12625 0.40750000000000003 0.13874999999999998 0.41375 0.13874999999999998 0.41375 0.12625
2 0.24625 0.16875 0.2425 0.16875 0.2425 0.18 0.24625 0.18 0.24625 0.16875
2 0.22999999999999998 0.18125 0.21875 0.18125 0.21875 0.18625 0.22999999999999998 0.18625 0.22999999999999998 0.18125
2 0.44375 0.1525 0.43 0.1525 0.43 0.1575 0.44375 0.1575 0.44375 0.1525
2 0.3775 0.15875 0.3625 0.15875 0.3625 0.16499999999999998 0.3775 0.16499999999999998 0.3775 0.15875
2 0.4025 0.17124999999999999 0.395 0.17124999999999999 0.395 0.18375 0.4025 0.18375 0.4025 0.17124999999999999
2 0.39249999999999996 0.1825 0.3875 0.1825 0.3875 0.19375 0.39249999999999996 0.19375 0.39249999999999996 0.1825
2 0.395 0.21125 0.39 0.21125 0.39 0.22374999999999998 0.395 0.22374999999999998 0.395 0.21125
2 0.03375 0.11625 0.028749999999999998 0.11625 0.028749999999999998 0.1275 0.03375 0.1275 0.03375 0.11625
2 0.03125 0.13125 0.026250000000000002 0.13125 0.026250000000000002 0.14250000000000002 0.03125 0.14250000000000002 0.03125 0.13125
2 0.028749999999999998 0.14625 0.0225 0.14625 0.0225 0.15875 0.028749999999999998 0.15875 0.028749999999999998 0.14625
2 0.026250000000000002 0.16 0.02 0.16 0.02 0.17375000000000002 0.026250000000000002 0.17375000000000002 0.026250000000000002 0.16
2 0.2525 0.22374999999999998 0.2475 0.22374999999999998 0.2475 0.24 0.2525 0.24 0.2525 0.22374999999999998
2 0.3825 0.225 0.375 0.225 0.375 0.23875000000000002 0.3825 0.23875000000000002 0.3825 0.225
2 0.40750000000000003 0.2575 0.4025 0.2575 0.4025 0.26749999999999996 0.40750000000000003 0.26749999999999996 0.40750000000000003 0.2575
2 0.43125 0.25875 0.425 0.25875 0.425 0.27125 0.43125 0.27125 0.43125 0.25875
2 0.42750000000000005 0.22625 0.42125 0.22625 0.42125 0.23875000000000002 0.42750000000000005 0.23875000000000002 0.42750000000000005 0.22625
2 0.365 0.29375 0.36124999999999996 0.29375 0.36124999999999996 0.30625 0.365 0.30625 0.365 0.29375
2 0.2325 0.1375 0.22625 0.1375 0.22625 0.15125 0.2325 0.15125 0.2325 0.1375
2 0.5375 0.05 0.525 0.05 0.525 0.06 0.5375 0.06 0.5375 0.05
2 0.51375 0.05 0.5 0.05 0.5 0.0625 0.51375 0.0625 0.51375 0.05
2 0.0475 0.034999999999999996 0.0375 0.034999999999999996 0.0375 0.0475 0.0475 0.0475 0.0475 0.034999999999999996
2 0.39 0.0625 0.38375 0.0625 0.38375 0.07625 0.39 0.07625 0.39 0.0625
2 0.45499999999999996 0.08 0.44000000000000006 0.08 0.44000000000000006 0.08625000000000001 0.45499999999999996 0.08625000000000001 0.45499999999999996 0.08
2 0.2 0.8550000000000001 0.185 0.8550000000000001 0.185 0.8612500000000001 0.2 0.8612500000000001 0.2 0.8550000000000001
2 0.44749999999999995 0.7375 0.44125 0.7375 0.44125 0.75 0.44749999999999995 0.75 0.44749999999999995 0.7375
2 0.645 0.2625 0.64 0.2625 0.64 0.27625 0.645 0.27625 0.645 0.2625
2 0.89125 0.27375 0.885 0.27375 0.885 0.2875 0.89125 0.2875 0.89125 0.27375
2 0.9199999999999999 0.265 0.9125 0.265 0.9125 0.27625 0.9199999999999999 0.27625 0.9199999999999999 0.265
2 0.95375 0.25625 0.9425000000000001 0.25625 0.9425000000000001 0.26125 0.95375 0.26125 0.95375 0.25625
2 0.74 0.22374999999999998 0.7262500000000001 0.22374999999999998 0.7262500000000001 0.23125 0.74 0.23125 0.74 0.22374999999999998
2 0.6587500000000001 0.15875 0.65 0.15875 0.65 0.17124999999999999 0.6587500000000001 0.17124999999999999 0.6587500000000001 0.15875
2 0.6525000000000001 0.18625 0.645 0.18625 0.645 0.19875 0.6525000000000001 0.19875 0.6525000000000001 0.18625
2 0.89125 0.23125 0.875 0.23125 0.875 0.2375 0.89125 0.2375 0.89125 0.23125
2 0.9012499999999999 0.0375 0.89375 0.0375 0.89375 0.04875 0.9012499999999999 0.04875 0.9012499999999999 0.0375
2 0.70125 0.025 0.6912499999999999 0.025 0.6912499999999999 0.04 0.70125 0.04 0.70125 0.025
2 0.7275 0.14750000000000002 0.7125 0.14750000000000002 0.7125 0.1525 0.7275 0.1525 0.7275 0.14750000000000002
2 0.6875 0.10500000000000001 0.6799999999999999 0.10500000000000001 0.6799999999999999 0.11750000000000001 0.6875 0.11750000000000001 0.6875 0.10500000000000001
2 0.6637500000000001 0.28500000000000003 0.65625 0.28500000000000003 0.65625 0.3 0.6637500000000001 0.3 0.6637500000000001 0.28500000000000003
2 0.8949999999999999 0.4725 0.8800000000000001 0.4725 0.8800000000000001 0.47874999999999995 0.8949999999999999 0.47874999999999995 0.8949999999999999 0.4725
2 0.44875 0.75 0.4425 0.75 0.4425 0.7625 0.44875 0.7625 0.44875 0.75
2 0.4925 0.9487500000000001 0.485 0.9487500000000001 0.485 0.9637499999999999 0.4925 0.9637499999999999 0.4925 0.9487500000000001
2 0.525 0.76 0.5175 0.76 0.5175 0.7737499999999999 0.525 0.7737499999999999 0.525 0.76
2 0.54 0.7625 0.5337500000000001 0.7625 0.5337500000000001 0.7737499999999999 0.54 0.7737499999999999 0.54 0.7625
2 0.51125 0.75875 0.505 0.75875 0.505 0.7725 0.51125 0.7725 0.51125 0.75875
2 0.495 0.75625 0.48875 0.75625 0.48875 0.7675 0.495 0.7675 0.495 0.75625
2 0.5425 0.8012499999999999 0.5375 0.8012499999999999 0.5375 0.81375 0.5425 0.81375 0.5425 0.8012499999999999
2 0.54125 0.81875 0.5375 0.81875 0.5375 0.8300000000000001 0.54125 0.8300000000000001 0.54125 0.81875
2 0.53625 0.83125 0.53 0.83125 0.53 0.8462500000000001 0.53625 0.8462500000000001 0.53625 0.83125
2 0.48125 0.8462500000000001 0.475 0.8462500000000001 0.475 0.8612500000000001 0.48125 0.8612500000000001 0.48125 0.8462500000000001
2 0.5287499999999999 0.925 0.5175 0.925 0.5175 0.93125 0.5287499999999999 0.93125 0.5287499999999999 0.925
2 1 0.48875 0.9974999999999999 0.48875 0.9974999999999999 0.49375 1 0.49375 1 0.48875
2 0.5275000000000001 0.93125 0.51375 0.93125 0.51375 0.93875 0.5275000000000001 0.93875 0.5275000000000001 0.93125
2 0.5275000000000001 0.93875 0.515 0.93875 0.515 0.945 0.5275000000000001 0.945 0.5275000000000001 0.93875
2 0.5275000000000001 0.94375 0.515 0.94375 0.515 0.95 0.5275000000000001 0.95 0.5275000000000001 0.94375
2 0.53125 0.91375 0.5175 0.91375 0.5175 0.91875 0.53125 0.91875 0.53125 0.91375
2 0.53 0.9199999999999999 0.52 0.9199999999999999 0.52 0.925 0.53 0.925 0.53 0.9199999999999999
2 0.30375 0.94375 0.28875 0.94375 0.28875 0.9487500000000001 0.30375 0.9487500000000001 0.30375 0.94375
2 0.32 0.945 0.30625 0.945 0.30625 0.9512499999999999 0.32 0.9512499999999999 0.32 0.945
2 0.35 0.9512499999999999 0.3375 0.9512499999999999 0.3375 0.9550000000000001 0.35 0.9550000000000001 0.35 0.9512499999999999
2 0.525 0.71875 0.5125 0.71875 0.5125 0.72375 0.525 0.72375 0.525 0.71875
2 0.5275000000000001 0.725 0.515 0.725 0.515 0.73 0.5275000000000001 0.73 0.5275000000000001 0.725
2 0.52625 0.73125 0.51375 0.73125 0.51375 0.73625 0.52625 0.73625 0.52625 0.73125
2 0.5275000000000001 0.7375 0.51375 0.7375 0.51375 0.74125 0.5275000000000001 0.74125 0.5275000000000001 0.7375
2 0.45625 0.765 0.45 0.765 0.45 0.77625 0.45625 0.77625 0.45625 0.765
2 0.47125000000000006 0.75125 0.46375 0.75125 0.46375 0.7625 0.47125000000000006 0.7625 0.47125000000000006 0.75125
2 0.45125000000000004 0.7775000000000001 0.44625000000000004 0.7775000000000001 0.44625000000000004 0.79 0.45125000000000004 0.79 0.45125000000000004 0.7775000000000001
2 0.4525 0.7975 0.44749999999999995 0.7975 0.44749999999999995 0.8087500000000001 0.4525 0.8087500000000001 0.4525 0.7975
2 0.45625 0.81125 0.44875 0.81125 0.44875 0.8225 0.45625 0.8225 0.45625 0.81125
2 0.45625 0.82875 0.45 0.82875 0.45 0.8400000000000001 0.45625 0.8400000000000001 0.45625 0.82875
2 0.47874999999999995 0.8087500000000001 0.47000000000000003 0.8087500000000001 0.47000000000000003 0.8225 0.47874999999999995 0.8225 0.47874999999999995 0.8087500000000001
2 0.49375 0.6950000000000001 0.48125 0.6950000000000001 0.48125 0.69875 0.49375 0.69875 0.49375 0.6950000000000001
2 0.50125 0.6950000000000001 0.495 0.6950000000000001 0.495 0.7075 0.50125 0.7075 0.50125 0.6950000000000001
2 0.495 0.7 0.48125 0.7 0.48125 0.70625 0.495 0.70625 0.495 0.7
2 0.49749999999999994 0.7125 0.49000000000000005 0.7125 0.49000000000000005 0.72375 0.49749999999999994 0.72375 0.49749999999999994 0.7125
2 0.50875 0.72 0.50125 0.72 0.50125 0.73375 0.50875 0.73375 0.50875 0.72
2 0.49124999999999996 0.72 0.48375 0.72 0.48375 0.73375 0.49124999999999996 0.73375 0.49124999999999996 0.72
2 0.51125 0.74875 0.49874999999999997 0.74875 0.49874999999999997 0.7537499999999999 0.51125 0.7537499999999999 0.51125 0.74875
2 0.49874999999999997 0.7474999999999999 0.48375 0.7474999999999999 0.48375 0.7525000000000001 0.49874999999999997 0.7525000000000001 0.49874999999999997 0.7474999999999999
2 0.5275000000000001 0.75 0.51625 0.75 0.51625 0.755 0.5275000000000001 0.755 0.5275000000000001 0.75
2 0.5287499999999999 0.74375 0.51625 0.74375 0.51625 0.74875 0.5287499999999999 0.74875 0.5287499999999999 0.74375
2 0.38375 0.8875 0.37 0.8875 0.37 0.8925000000000001 0.38375 0.8925000000000001 0.38375 0.8875
2 0.3875 0.8724999999999999 0.375 0.8724999999999999 0.375 0.8775000000000001 0.3875 0.8775000000000001 0.3875 0.8724999999999999
2 0.10375000000000001 0.9337500000000001 0.09625 0.9337500000000001 0.09625 0.94625 0.10375000000000001 0.94625 0.10375000000000001 0.9337500000000001
2 0.74875 0.6537499999999999 0.735 0.6537499999999999 0.735 0.6625 0.74875 0.6625 0.74875 0.6537499999999999
2 0.8087500000000001 0.665 0.795 0.665 0.795 0.67 0.8087500000000001 0.67 0.8087500000000001 0.665
2 0.8300000000000001 0.65 0.8237500000000001 0.65 0.8237500000000001 0.6625 0.8300000000000001 0.6625 0.8300000000000001 0.65
2 0.8699999999999999 0.675 0.85625 0.675 0.85625 0.6799999999999999 0.8699999999999999 0.6799999999999999 0.8699999999999999 0.675
2 0.92125 0.6625 0.91625 0.6625 0.91625 0.675 0.92125 0.675 0.92125 0.6625
2 0.86875 0.6912499999999999 0.85375 0.6912499999999999 0.85375 0.6975 0.86875 0.6975 0.86875 0.6912499999999999
2 0.9349999999999999 0.70125 0.9237500000000001 0.70125 0.9237500000000001 0.7075 0.9349999999999999 0.7075 0.9349999999999999 0.70125
2 0.9475 0.7025 0.9349999999999999 0.7025 0.9349999999999999 0.70875 0.9475 0.70875 0.9475 0.7025
2 0.96125 0.705 0.95 0.705 0.95 0.7112499999999999 0.96125 0.7112499999999999 0.96125 0.705
2 0.61875 0.5650000000000001 0.6125 0.5650000000000001 0.6125 0.5775 0.61875 0.5775 0.61875 0.5650000000000001
2 0.6174999999999999 0.58 0.61125 0.58 0.61125 0.5925 0.6174999999999999 0.5925 0.6174999999999999 0.58
2 0.6287499999999999 0.41500000000000004 0.62375 0.41500000000000004 0.62375 0.42874999999999996 0.6287499999999999 0.42874999999999996 0.6287499999999999 0.41500000000000004
2 0.63125 0.385 0.62625 0.385 0.62625 0.3975 0.63125 0.3975 0.63125 0.385
2 0.70125 0.425 0.6875 0.425 0.6875 0.43 0.70125 0.43 0.70125 0.425
2 0.75875 0.43375 0.745 0.43375 0.745 0.44000000000000006 0.75875 0.44000000000000006 0.75875 0.43375
2 0.9275 0.4575 0.91375 0.4575 0.91375 0.46375 0.9275 0.46375 0.9275 0.4575
2 0.9487500000000001 0.45999999999999996 0.9324999999999999 0.45999999999999996 0.9324999999999999 0.46749999999999997 0.9487500000000001 0.46749999999999997 0.9487500000000001 0.45999999999999996
2 0.9949999999999999 0.46749999999999997 0.98125 0.46749999999999997 0.98125 0.47125000000000006 0.9949999999999999 0.47125000000000006 0.9949999999999999 0.46749999999999997
2 0.76 0.675 0.7462500000000001 0.675 0.7462500000000001 0.6837500000000001 0.76 0.6837500000000001 0.76 0.675
2 0.61375 0.6425 0.60875 0.6425 0.60875 0.6537499999999999 0.61375 0.6537499999999999 0.61375 0.6425
2 0.11000000000000001 0.9337500000000001 0.1025 0.9337500000000001 0.1025 0.9487500000000001 0.11000000000000001 0.9487500000000001 0.11000000000000001 0.9337500000000001
2 0.61375 0.65625 0.6075 0.65625 0.6075 0.67 0.61375 0.67 0.61375 0.65625
2 0.11750000000000001 0.9375 0.11125 0.9375 0.11125 0.9512499999999999 0.11750000000000001 0.9512499999999999 0.11750000000000001 0.9375
2 0.13999999999999999 0.9412499999999999 0.13374999999999998 0.9412499999999999 0.13374999999999998 0.9550000000000001 0.13999999999999999 0.9550000000000001 0.13999999999999999 0.9412499999999999
2 0.09125 0.9550000000000001 0.08 0.9550000000000001 0.08 0.9625 0.09125 0.9625 0.09125 0.9550000000000001
2 0.042499999999999996 0.9037499999999999 0.03 0.9037499999999999 0.03 0.9112500000000001 0.042499999999999996 0.9112500000000001 0.042499999999999996 0.9037499999999999
2 0.028749999999999998 0.9037499999999999 0.017499999999999998 0.9037499999999999 0.017499999999999998 0.9099999999999999 0.028749999999999998 0.9099999999999999 0.028749999999999998 0.9037499999999999
2 0.015 0.9099999999999999 0.00375 0.9099999999999999 0.00375 0.9175000000000001 0.015 0.9175000000000001 0.015 0.9099999999999999
2 0.6275000000000001 0.94625 0.6224999999999999 0.94625 0.6224999999999999 0.95875 0.6275000000000001 0.95875 0.6275000000000001 0.94625
2 0.71875 0.89375 0.705 0.89375 0.705 0.9012499999999999 0.71875 0.9012499999999999 0.71875 0.89375
2 0.6825 0.8699999999999999 0.66875 0.8699999999999999 0.66875 0.87625 0.6825 0.87625 0.6825 0.8699999999999999
2 0.7775000000000001 0.9025000000000001 0.76625 0.9025000000000001 0.76625 0.9087500000000001 0.7775000000000001 0.9087500000000001 0.7775000000000001 0.9025000000000001
2 0.825 0.86 0.81875 0.86 0.81875 0.8724999999999999 0.825 0.8724999999999999 0.825 0.86
2 0.825 0.8724999999999999 0.8175000000000001 0.8724999999999999 0.8175000000000001 0.885 0.825 0.885 0.825 0.8724999999999999
2 0.9662499999999999 0.9112500000000001 0.9525 0.9112500000000001 0.9525 0.9175000000000001 0.9662499999999999 0.9175000000000001 0.9662499999999999 0.9112500000000001
2 0.61125 0.7925 0.605 0.7925 0.605 0.805 0.61125 0.805 0.61125 0.7925
2 0.61 0.7325 0.605 0.7325 0.605 0.74375 0.61 0.74375 0.61 0.7325
2 0.6125 0.6725 0.6075 0.6725 0.6075 0.6837500000000001 0.6125 0.6837500000000001 0.6125 0.6725
2 0.40125 0.44125 0.3725 0.44125 0.3725 0.45499999999999996 0.40125 0.45499999999999996 0.40125 0.44125
2 0.41875 0.19875 0.41 0.19875 0.41 0.22999999999999998 0.41875 0.22999999999999998 0.41875 0.19875
2 0.0375 0.17375000000000002 0.03125 0.17375000000000002 0.03125 0.185 0.0375 0.185 0.0375 0.17375000000000002
2 0.25 0.3375 0.24500000000000002 0.3375 0.24500000000000002 0.34750000000000003 0.25 0.34750000000000003 0.25 0.3375
2 0.13999999999999999 0.40499999999999997 0.1275 0.40499999999999997 0.1275 0.4125 0.13999999999999999 0.4125 0.13999999999999999 0.40499999999999997
2 0.375 0.25875 0.35875 0.25875 0.35875 0.26749999999999996 0.375 0.26749999999999996 0.375 0.25875
2 0.4175 0.33875 0.41 0.33875 0.41 0.3525 0.4175 0.3525 0.4175 0.33875
2 0.22374999999999998 0.70375 0.21749999999999997 0.70375 0.21749999999999997 0.7162499999999999 0.22374999999999998 0.7162499999999999 0.22374999999999998 0.70375
2 0.225 0.7275 0.22000000000000003 0.7275 0.22000000000000003 0.74 0.225 0.74 0.225 0.7275
2 0.24874999999999997 0.9375 0.23374999999999999 0.9375 0.23374999999999999 0.9487500000000001 0.24874999999999997 0.9487500000000001 0.24874999999999997 0.9375
2 0.47874999999999995 0.95625 0.4725 0.95625 0.4725 0.9675 0.47874999999999995 0.9675 0.47874999999999995 0.95625
2 0.48375 0.8699999999999999 0.47625 0.8699999999999999 0.47625 0.885 0.48375 0.885 0.48375 0.8699999999999999
2 0.4 0.025 0.39249999999999996 0.025 0.39249999999999996 0.041249999999999995 0.4 0.041249999999999995 0.4 0.025
2 0.865 0.22625 0.85 0.22625 0.85 0.23374999999999999 0.865 0.23374999999999999 0.865 0.22625
2 0.9275 0.23500000000000001 0.91625 0.23500000000000001 0.91625 0.2425 0.9275 0.2425 0.9275 0.23500000000000001
2 0.9412499999999999 0.2375 0.92875 0.2375 0.92875 0.24500000000000002 0.9412499999999999 0.24500000000000002 0.9412499999999999 0.2375
2 0.8487500000000001 0.41 0.8425 0.41 0.8425 0.42125 0.8487500000000001 0.42125 0.8487500000000001 0.41
2 0.8074999999999999 0.8862500000000001 0.79375 0.8862500000000001 0.79375 0.89375 0.8074999999999999 0.89375 0.8074999999999999 0.8862500000000001
2 0.79625 0.8550000000000001 0.79125 0.8550000000000001 0.79125 0.865 0.79625 0.865 0.79625 0.8550000000000001
2 0.67125 0.8862500000000001 0.6575 0.8862500000000001 0.6575 0.8925000000000001 0.67125 0.8925000000000001 0.67125 0.8862500000000001
2 0.665 0.86625 0.65125 0.86625 0.65125 0.875 0.665 0.875 0.665 0.86625
2 0.6275000000000001 0.93125 0.6224999999999999 0.93125 0.6224999999999999 0.94375 0.6275000000000001 0.94375 0.6275000000000001 0.93125