2 1 0.8550000000000001 0.9974999999999999 0.8550000000000001 0.9974999999999999 0.85875 1 0.85875 1 0.8550000000000001
2 0.99875 0.8550000000000001 0.985 0.8550000000000001 0.985 0.8625 0.99875 0.8625 0.99875 0.8550000000000001
2 0.9887499999999999 0.8574999999999999 0.9712500000000001 0.8574999999999999 0.9712500000000001 0.8675 0.9887499999999999 0.8675 0.9887499999999999 0.8574999999999999
2 0.9724999999999999 0.8612500000000001 0.9574999999999999 0.8612500000000001 0.9574999999999999 0.8699999999999999 0.9724999999999999 0.8699999999999999 0.9724999999999999 0.8612500000000001
2 0.96 0.86625 0.94625 0.86625 0.94625 0.875 0.96 0.875 0.96 0.86625
2 1 0.8324999999999999 0.9887499999999999 0.8324999999999999 0.9887499999999999 0.8425 1 0.8425 1 0.8324999999999999
2 0.99 0.8375 0.97625 0.8375 0.97625 0.845 0.99 0.845 0.99 0.8375
2 0.9775 0.8400000000000001 0.9637499999999999 0.8400000000000001 0.9637499999999999 0.8474999999999999 0.9775 0.8474999999999999 0.9775 0.8400000000000001
2 0.9650000000000001 0.8425 0.9512499999999999 0.8425 0.9512499999999999 0.8525 0.9650000000000001 0.8525 0.9650000000000001 0.8425
2 0.9525 0.8474999999999999 0.9375 0.8474999999999999 0.9375 0.8574999999999999 0.9525 0.8574999999999999 0.9525 0.8474999999999999
2 1 0.8462500000000001 0.99 0.8462500000000001 0.99 0.8550000000000001 1 0.8550000000000001 1 0.8462500000000001
2 1 0.8400000000000001 0.985 0.8400000000000001 0.985 0.85 1 0.85 1 0.8400000000000001
2 0.9862500000000001 0.84375 0.97 0.84375 0.97 0.8525 0.9862500000000001 0.8525 0.9862500000000001 0.84375
2 0.9724999999999999 0.8474999999999999 0.95625 0.8474999999999999 0.95625 0.8574999999999999 0.9724999999999999 0.8574999999999999 0.9724999999999999 0.8474999999999999
2 0.95875 0.85125 0.9425000000000001 0.85125 0.9425000000000001 0.8625 0.95875 0.8625 0.95875 0.85125
2 0.96 0.85875 0.94375 0.85875 0.94375 0.8699999999999999 0.96 0.8699999999999999 0.96 0.85875
2 0.9737500000000001 0.8550000000000001 0.96 0.8550000000000001 0.96 0.8625 0.9737500000000001 0.8625 0.9737500000000001 0.8550000000000001
2 0.9887499999999999 0.85 0.9724999999999999 0.85 0.9724999999999999 0.86 0.9887499999999999 0.86 0.9887499999999999 0.85
2 0.9662499999999999 0.885 0.9525 0.885 0.9525 0.89375 0.9662499999999999 0.89375 0.9662499999999999 0.885
2 0.9800000000000001 0.88125 0.9662499999999999 0.88125 0.9662499999999999 0.8887499999999999 0.9800000000000001 0.8887499999999999 0.9800000000000001 0.88125
2 0.99125 0.8775000000000001 0.97875 0.8775000000000001 0.97875 0.885 0.99125 0.885 0.99125 0.8775000000000001
2 0.9925 0.885 0.97875 0.885 0.97875 0.89125 0.9925 0.89125 0.9925 0.885
2 0.9800000000000001 0.8875 0.9675 0.8875 0.9675 0.8949999999999999 0.9800000000000001 0.8949999999999999 0.9800000000000001 0.8875
2 0.9675 0.89125 0.9550000000000001 0.89125 0.9550000000000001 0.8975 0.9675 0.8975 0.9675 0.89125
2 1 0.97625 0.9949999999999999 0.97625 0.9949999999999999 0.98375 1 0.98375 1 0.97625
2 0.9637499999999999 0.8787499999999999 0.95 0.8787499999999999 0.95 0.8875 0.9637499999999999 0.8875 0.9637499999999999 0.8787499999999999
2 0.975 0.87625 0.9625 0.87625 0.9625 0.88375 0.975 0.88375 0.975 0.87625
2 0.9875 0.8712500000000001 0.975 0.8712500000000001 0.975 0.8800000000000001 0.9875 0.8800000000000001 0.9875 0.8712500000000001
2 0.9650000000000001 0.8699999999999999 0.9487500000000001 0.8699999999999999 0.9487500000000001 0.8800000000000001 0.9650000000000001 0.8800000000000001 0.9650000000000001 0.8699999999999999
2 1 0.86 0.9925 0.86 0.9925 0.8675 1 0.8675 1 0.86
2 0.99375 0.8625 0.9800000000000001 0.8625 0.9800000000000001 0.8712500000000001 0.99375 0.8712500000000001 0.99375 0.8625
2 1 0.8675 0.9862500000000001 0.8675 0.9862500000000001 0.87625 1 0.87625 1 0.8675
2 1 0.87375 0.99125 0.87375 0.99125 0.8800000000000001 1 0.8800000000000001 1 0.87375
2 1 0.8800000000000001 0.9925 0.8800000000000001 0.9925 0.8875 1 0.8875 1 0.8800000000000001
2 0.98125 0.8675 0.9650000000000001 0.8675 0.9650000000000001 0.875 0.98125 0.875 0.98125 0.8675
2 0.975 0.6637500000000001 0.95875 0.6637500000000001 0.95875 0.675 0.975 0.675 0.975 0.6637500000000001
2 0.9199999999999999 0.4425 0.905 0.4425 0.905 0.45375 0.9199999999999999 0.45375 0.9199999999999999 0.4425
2 0.91375 0.66125 0.9 0.66125 0.9 0.67 0.91375 0.67 0.91375 0.66125
2 0.89875 0.665 0.885 0.665 0.885 0.67375 0.89875 0.67375 0.89875 0.665
2 0.885 0.66875 0.8712500000000001 0.66875 0.8712500000000001 0.6775 0.885 0.6775 0.885 0.66875
2 0.8712500000000001 0.6725 0.85875 0.6725 0.85875 0.68125 0.8712500000000001 0.68125 0.8712500000000001 0.6725
2 0.87625 0.6775 0.8625 0.6775 0.8625 0.6849999999999999 0.87625 0.6849999999999999 0.87625 0.6775
2 0.875 0.6849999999999999 0.8625 0.6849999999999999 0.8625 0.6950000000000001 0.875 0.6950000000000001 0.875 0.6849999999999999
2 0.8887499999999999 0.67375 0.8775000000000001 0.67375 0.8775000000000001 0.68125 0.8887499999999999 0.68125 0.8887499999999999 0.67375
2 1 0.64125 0.9949999999999999 0.64125 0.9949999999999999 0.6487499999999999 1 0.6487499999999999 1 0.64125
2 0.9962500000000001 0.64125 0.9824999999999999 0.64125 0.9824999999999999 0.65 0.9962500000000001 0.65 0.9962500000000001 0.64125
2 1 0.6487499999999999 0.985 0.6487499999999999 0.985 0.6587500000000001 1 0.6587500000000001 1 0.6487499999999999
2 1 0.655 0.9862500000000001 0.655 0.9862500000000001 0.665 1 0.665 1 0.655
2 0.985 0.64625 0.97 0.64625 0.97 0.65625 0.985 0.65625 0.985 0.64625
2 0.985 0.6525000000000001 0.9712500000000001 0.6525000000000001 0.9712500000000001 0.6625 0.985 0.6625 0.985 0.6525000000000001
2 0.9887499999999999 0.6575 0.975 0.6575 0.975 0.66875 0.9887499999999999 0.66875 0.9887499999999999 0.6575
2 0.9712500000000001 0.6487499999999999 0.9550000000000001 0.6487499999999999 0.9550000000000001 0.66125 0.9712500000000001 0.66125 0.9712500000000001 0.6487499999999999
2 0.92125 0.45625 0.9075 0.45625 0.9075 0.46125 0.92125 0.46125 0.92125 0.45625
2 0.97 0.43499999999999994 0.9574999999999999 0.43499999999999994 0.9574999999999999 0.45125000000000004 0.97 0.45125000000000004 0.97 0.43499999999999994
2 0.9400000000000001 0.39375 0.93125 0.39375 0.93125 0.40625 0.9400000000000001 0.40625 0.9400000000000001 0.39375
2 0.9712500000000001 0.65625 0.95875 0.65625 0.95875 0.665 0.9712500000000001 0.665 0.9712500000000001 0.65625
2 0.95625 0.6537499999999999 0.9425000000000001 0.6537499999999999 0.9425000000000001 0.6625 0.95625 0.6625 0.95625 0.6537499999999999
2 0.95875 0.6599999999999999 0.945 0.6599999999999999 0.945 0.67 0.95875 0.67 0.95875 0.6599999999999999
2 0.89875 0.6912499999999999 0.88375 0.6912499999999999 0.88375 0.7025 0.89875 0.7025 0.89875 0.6912499999999999
2 0.88375 0.69625 0.8699999999999999 0.69625 0.8699999999999999 0.705 0.88375 0.705 0.88375 0.69625
2 0.97875 0.73625 0.9625 0.73625 0.9625 0.7462500000000001 0.97875 0.7462500000000001 0.97875 0.73625
2 0.9625 0.74375 0.9475 0.74375 0.9475 0.755 0.9625 0.755 0.9625 0.74375
2 0.9475 0.8412499999999999 0.93625 0.8412499999999999 0.93625 0.85 0.9475 0.85 0.9475 0.8412499999999999
2 0.96 0.8387499999999999 0.9487500000000001 0.8387499999999999 0.9487500000000001 0.845 0.96 0.845 0.96 0.8387499999999999
2 0.9724999999999999 0.835 0.96 0.835 0.96 0.84375 0.9724999999999999 0.84375 0.9724999999999999 0.835
2 0.985 0.8300000000000001 0.9724999999999999 0.8300000000000001 0.9724999999999999 0.8400000000000001 0.985 0.8400000000000001 0.985 0.8300000000000001
2 0.9962500000000001 0.8275 0.985 0.8275 0.985 0.83625 0.9962500000000001 0.83625 0.9962500000000001 0.8275
2 0.8875 0.6875 0.8724999999999999 0.6875 0.8724999999999999 0.69875 0.8875 0.69875 0.8875 0.6875
2 0.9025000000000001 0.6825 0.8875 0.6825 0.8875 0.6925 0.9025000000000001 0.6925 0.9025000000000001 0.6825
2 0.91375 0.6849999999999999 0.9 0.6849999999999999 0.9 0.69625 0.91375 0.69625 0.91375 0.6849999999999999
2 0.9012499999999999 0.67125 0.8875 0.67125 0.8875 0.67875 0.9012499999999999 0.67875 0.9012499999999999 0.67125
2 0.96 0.6675 0.9475 0.6675 0.9475 0.67625 0.96 0.67625 0.96 0.6675
2 0.9425000000000001 0.6575 0.93 0.6575 0.93 0.6675 0.9425000000000001 0.6675 0.9425000000000001 0.6575
2 0.92875 0.6625 0.91625 0.6625 0.91625 0.67125 0.92875 0.67125 0.92875 0.6625
2 0.94375 0.6637500000000001 0.93125 0.6637500000000001 0.93125 0.67375 0.94375 0.67375 0.94375 0.6637500000000001
2 0.9475 0.67125 0.93125 0.67125 0.93125 0.67875 0.9475 0.67875 0.9475 0.67125
2 0.93125 0.66875 0.9175000000000001 0.66875 0.9175000000000001 0.67625 0.93125 0.67625 0.93125 0.66875
2 0.9337500000000001 0.675 0.91875 0.675 0.91875 0.6825 0.9337500000000001 0.6825 0.9337500000000001 0.675
2 0.9425000000000001 0.6799999999999999 0.9275 0.6799999999999999 0.9275 0.68875 0.9425000000000001 0.68875 0.9425000000000001 0.6799999999999999
2 0.9175000000000001 0.665 0.9025000000000001 0.665 0.9025000000000001 0.675 0.9175000000000001 0.675 0.9175000000000001 0.665
2 0.9175000000000001 0.6725 0.9037499999999999 0.6725 0.9037499999999999 0.68125 0.9175000000000001 0.68125 0.9175000000000001 0.6725
2 0.9175000000000001 0.67875 0.905 0.67875 0.905 0.6875 0.9175000000000001 0.6875 0.9175000000000001 0.67875
2 0.9025000000000001 0.67625 0.89125 0.67625 0.89125 0.6849999999999999 0.9025000000000001 0.6849999999999999 0.9025000000000001 0.67625
2 0.8887499999999999 0.6825 0.87625 0.6825 0.87625 0.6900000000000001 0.8887499999999999 0.6900000000000001 0.8887499999999999 0.6825
2 0.93625 0.6875 0.925 0.6875 0.925 0.69625 0.93625 0.69625 0.93625 0.6875
2 0.9275 0.6825 0.9125 0.6825 0.9125 0.6925 0.9275 0.6925 0.9275 0.6825
2 0.9262499999999999 0.6900000000000001 0.9112500000000001 0.6900000000000001 0.9112500000000001 0.7 0.9262499999999999 0.7 0.9262499999999999 0.6900000000000001
2 0.915 0.6950000000000001 0.9012499999999999 0.6950000000000001 0.9012499999999999 0.7025 0.915 0.7025 0.915 0.6950000000000001
2 0.9025000000000001 0.6975 0.89 0.6975 0.89 0.705 0.9025000000000001 0.705 0.9025000000000001 0.6975
2 0.89 0.7 0.875 0.7 0.875 0.71 0.89 0.71 0.89 0.7
2 0.89 0.70625 0.8775000000000001 0.70625 0.8775000000000001 0.7162499999999999 0.89 0.7162499999999999 0.89 0.70625
2 0.36124999999999996 0.83125 0.35 0.83125 0.35 0.8462500000000001 0.36124999999999996 0.8462500000000001 0.36124999999999996 0.83125
2 0.61375 0.56875 0.60375 0.56875 0.60375 0.58375 0.61375 0.58375 0.61375 0.56875
2 0.60625 0.57125 0.595 0.57125 0.595 0.5875 0.60625 0.5875 0.60625 0.57125
2 0.6012500000000001 0.55625 0.5900000000000001 0.55625 0.5900000000000001 0.575 0.6012500000000001 0.575 0.6012500000000001 0.55625
2 0.6287499999999999 0.5912499999999999 0.61875 0.5912499999999999 0.61875 0.60375 0.6287499999999999 0.60375 0.6287499999999999 0.5912499999999999
2 0.64375 0.5962500000000001 0.63625 0.5962500000000001 0.63625 0.61125 0.64375 0.61125 0.64375 0.5962500000000001
2 0.6525000000000001 0.58 0.64375 0.58 0.64375 0.59375 0.6525000000000001 0.59375 0.6525000000000001 0.58
2 0.6587500000000001 0.5900000000000001 0.6475 0.5900000000000001 0.6475 0.6075 0.6587500000000001 0.6075 0.6587500000000001 0.5900000000000001
2 0.67 0.5862499999999999 0.66125 0.5862499999999999 0.66125 0.6012500000000001 0.67 0.6012500000000001 0.67 0.5862499999999999
2 0.67625 0.585 0.66875 0.585 0.66875 0.5974999999999999 0.67625 0.5974999999999999 0.67625 0.585
2 0.6837500000000001 0.58125 0.67375 0.58125 0.67375 0.5962500000000001 0.6837500000000001 0.5962500000000001 0.6837500000000001 0.58125
2 0.68875 0.57875 0.6799999999999999 0.57875 0.6799999999999999 0.595 0.68875 0.595 0.68875 0.57875
2 0.6837500000000001 0.5662499999999999 0.675 0.5662499999999999 0.675 0.58 0.6837500000000001 0.58 0.6837500000000001 0.5662499999999999
2 0.74375 0.5475 0.7262500000000001 0.5475 0.7262500000000001 0.5599999999999999 0.74375 0.5599999999999999 0.74375 0.5475
2 0.34125 0.81125 0.3325 0.81125 0.3325 0.825 0.34125 0.825 0.34125 0.81125
2 0.38375 0.795 0.37374999999999997 0.795 0.37374999999999997 0.8074999999999999 0.38375 0.8074999999999999 0.38375 0.795
2 0.38875000000000004 0.80625 0.38 0.80625 0.38 0.82 0.38875000000000004 0.82 0.38875000000000004 0.80625
2 0.38 0.805 0.37124999999999997 0.805 0.37124999999999997 0.8175000000000001 0.38 0.8175000000000001 0.38 0.805
2 0.37 0.79875 0.36 0.79875 0.36 0.8125 0.37 0.8125 0.37 0.79875
2 0.365 0.805 0.355 0.805 0.355 0.82125 0.365 0.82125 0.365 0.805
2 0.35875 0.8099999999999999 0.34875 0.8099999999999999 0.34875 0.8225 0.35875 0.8225 0.35875 0.8099999999999999
2 0.35375 0.8150000000000001 0.34500000000000003 0.8150000000000001 0.34500000000000003 0.8300000000000001 0.35375 0.8300000000000001 0.35375 0.8150000000000001
2 0.63125 0.5599999999999999 0.6212500000000001 0.5599999999999999 0.6212500000000001 0.57625 0.63125 0.57625 0.63125 0.5599999999999999
2 0.64375 0.55625 0.63375 0.55625 0.63375 0.57125 0.64375 0.57125 0.64375 0.55625
2 0.65 0.5525 0.64 0.5525 0.64 0.5675 0.65 0.5675 0.65 0.5525
2 0.55 0.5925 0.54125 0.5925 0.54125 0.6075 0.55 0.6075 0.55 0.5925
2 0.7125 0.47750000000000004 0.69625 0.47750000000000004 0.69625 0.49000000000000005 0.7125 0.49000000000000005 0.7125 0.47750000000000004
2 0.7112499999999999 0.47125000000000006 0.6925 0.47125000000000006 0.6925 0.48375 0.7112499999999999 0.48375 0.7112499999999999 0.47125000000000006
2 0.7175 0.49000000000000005 0.70125 0.49000000000000005 0.70125 0.5 0.7175 0.5 0.7175 0.49000000000000005
2 0.72 0.49625 0.70375 0.49625 0.70375 0.50625 0.72 0.50625 0.72 0.49625
2 0.72375 0.50625 0.70875 0.50625 0.70875 0.51875 0.72375 0.51875 0.72375 0.50625
2 0.7262500000000001 0.51375 0.71 0.51375 0.71 0.5237499999999999 0.7262500000000001 0.5237499999999999 0.7262500000000001 0.51375
2 0.735 0.53 0.71875 0.53 0.71875 0.5425 0.735 0.5425 0.735 0.53
2 0.50875 0.61 0.49749999999999994 0.61 0.49749999999999994 0.62625 0.50875 0.62625 0.50875 0.61
2 0.52 0.60625 0.51125 0.60625 0.51125 0.6212500000000001 0.52 0.6212500000000001 0.52 0.60625
2 0.5700000000000001 0.5875 0.5599999999999999 0.5875 0.5599999999999999 0.6012500000000001 0.5700000000000001 0.6012500000000001 0.5700000000000001 0.5875
2 0.66125 0.54875 0.65125 0.54875 0.65125 0.5625 0.66125 0.5625 0.66125 0.54875
2 0.5825 0.5662499999999999 0.5725 0.5662499999999999 0.5725 0.58125 0.5825 0.58125 0.5825 0.5662499999999999
2 0.595 0.5599999999999999 0.585 0.5599999999999999 0.585 0.57625 0.595 0.57625 0.595 0.5599999999999999
2 0.59375 0.5775 0.58375 0.5775 0.58375 0.5900000000000001 0.59375 0.5900000000000001 0.59375 0.5775
2 0.6075 0.5549999999999999 0.5962500000000001 0.5549999999999999 0.5962500000000001 0.57125 0.6075 0.57125 0.6075 0.5549999999999999
2 0.61375 0.5525 0.6025 0.5525 0.6025 0.5662499999999999 0.61375 0.5662499999999999 0.61375 0.5525
2 0.6212500000000001 0.55125 0.61125 0.55125 0.61125 0.5650000000000001 0.6212500000000001 0.5650000000000001 0.6212500000000001 0.55125
2 0.625 0.54875 0.6174999999999999 0.54875 0.6174999999999999 0.56125 0.625 0.56125 0.625 0.54875
2 0.63125 0.5475 0.62375 0.5475 0.62375 0.5587500000000001 0.63125 0.5587500000000001 0.63125 0.5475
2 0.65 0.5375 0.64125 0.5375 0.64125 0.55125 0.65 0.55125 0.65 0.5375
2 0.35 0.82125 0.33999999999999997 0.82125 0.33999999999999997 0.83625 0.35 0.83625 0.35 0.82125
2 0.36375 0.8225 0.35375 0.8225 0.35375 0.83625 0.36375 0.83625 0.36375 0.8225
2 0.37124999999999997 0.82125 0.36124999999999996 0.82125 0.36124999999999996 0.835 0.37124999999999997 0.835 0.37124999999999997 0.82125
2 0.41624999999999995 0.905 0.40750000000000003 0.905 0.40750000000000003 0.9175000000000001 0.41624999999999995 0.9175000000000001 0.41624999999999995 0.905
2 0.42125 0.89875 0.41125 0.89875 0.41125 0.91375 0.42125 0.91375 0.42125 0.89875
2 0.43125 0.9075 0.42125 0.9075 0.42125 0.9199999999999999 0.43125 0.9199999999999999 0.43125 0.9075
2 0.44125 0.9099999999999999 0.43 0.9099999999999999 0.43 0.9225 0.44125 0.9225 0.44125 0.9099999999999999
2 0.44749999999999995 0.9225 0.4375 0.9225 0.4375 0.9375 0.44749999999999995 0.9375 0.44749999999999995 0.9225
2 0.43375 0.9275 0.4225 0.9275 0.4225 0.9400000000000001 0.43375 0.9400000000000001 0.43375 0.9275
2 0.42625 0.915 0.4175 0.915 0.4175 0.9262499999999999 0.42625 0.9262499999999999 0.42625 0.915
2 0.445 0.9324999999999999 0.43499999999999994 0.9324999999999999 0.43499999999999994 0.9475 0.445 0.9475 0.445 0.9324999999999999
2 0.45 0.94375 0.44000000000000006 0.94375 0.44000000000000006 0.9625 0.45 0.9625 0.45 0.94375
2 0.45625 0.9425000000000001 0.44625000000000004 0.9425000000000001 0.44625000000000004 0.95625 0.45625 0.95625 0.45625 0.9425000000000001
2 0.46125 0.9550000000000001 0.4525 0.9550000000000001 0.4525 0.96875 0.46125 0.96875 0.46125 0.9550000000000001
2 0.46749999999999997 0.96875 0.4575 0.96875 0.4575 0.98125 0.46749999999999997 0.98125 0.46749999999999997 0.96875
2 0.69375 0.97625 0.6775 0.97625 0.6775 0.9862500000000001 0.69375 0.9862500000000001 0.69375 0.97625
2 0.67875 0.98125 0.66625 0.98125 0.66625 0.99125 0.67875 0.99125 0.67875 0.98125
2 0.6675 0.9862500000000001 0.6537499999999999 0.9862500000000001 0.6537499999999999 0.9962500000000001 0.6675 0.9962500000000001 0.6675 0.9862500000000001
2 0.655 1 0.655 0.99 0.64125 0.99 0.64125 1 0.655 1
2 0.41875 0.8787499999999999 0.41125 0.8787499999999999 0.41125 0.89 0.41875 0.89 0.41875 0.8787499999999999
2 0.425 0.8925000000000001 0.41500000000000004 0.8925000000000001 0.41500000000000004 0.905 0.425 0.905 0.425 0.8925000000000001
2 0.41500000000000004 0.885 0.40625 0.885 0.40625 0.89875 0.41500000000000004 0.89875 0.41500000000000004 0.885
2 0.40125 0.835 0.39249999999999996 0.835 0.39249999999999996 0.85 0.40125 0.85 0.40125 0.835
2 0.37625000000000003 0.81125 0.3675 0.81125 0.3675 0.825 0.37625000000000003 0.825 0.37625000000000003 0.81125
2 0.3875 0.8162499999999999 0.37625000000000003 0.8162499999999999 0.37625000000000003 0.8324999999999999 0.3875 0.8324999999999999 0.3875 0.8162499999999999
2 0.3825 0.8225 0.37124999999999997 0.8225 0.37124999999999997 0.8387499999999999 0.3825 0.8387499999999999 0.3825 0.8225
2 0.3775 0.83625 0.36875 0.83625 0.36875 0.8487500000000001 0.3775 0.8487500000000001 0.3775 0.83625
2 0.37124999999999997 0.835 0.36124999999999996 0.835 0.36124999999999996 0.8487500000000001 0.37124999999999997 0.8487500000000001 0.37124999999999997 0.835
2 0.3775 0.8474999999999999 0.365 0.8474999999999999 0.365 0.8637499999999999 0.3775 0.8637499999999999 0.3775 0.8474999999999999
2 0.36124999999999996 0.87625 0.34875 0.87625 0.34875 0.89125 0.36124999999999996 0.89125 0.36124999999999996 0.87625
2 0.38625 0.8375 0.3775 0.8375 0.3775 0.85 0.38625 0.85 0.38625 0.8375
2 0.39249999999999996 0.8324999999999999 0.3825 0.8324999999999999 0.3825 0.8462500000000001 0.39249999999999996 0.8462500000000001 0.39249999999999996 0.8324999999999999
2 0.39625 0.8425 0.3875 0.8425 0.3875 0.8574999999999999 0.39625 0.8574999999999999 0.39625 0.8425
2 0.41125 0.89 0.4 0.89 0.4 0.90625 0.41125 0.90625 0.41125 0.89
2 0.39249999999999996 0.85 0.38375 0.85 0.38375 0.865 0.39249999999999996 0.865 0.39249999999999996 0.85
2 0.38625 0.85 0.37625000000000003 0.85 0.37625000000000003 0.8637499999999999 0.38625 0.8637499999999999 0.38625 0.85
2 0.39125 0.8637499999999999 0.38 0.8637499999999999 0.38 0.8775000000000001 0.39125 0.8775000000000001 0.39125 0.8637499999999999
2 0.4 0.8625 0.38875000000000004 0.8625 0.38875000000000004 0.8775000000000001 0.4 0.8775000000000001 0.4 0.8625
2 0.40374999999999994 0.86 0.39375 0.86 0.39375 0.8724999999999999 0.40374999999999994 0.8724999999999999 0.40374999999999994 0.86
2 0.40750000000000003 0.85 0.3975 0.85 0.3975 0.8625 0.40750000000000003 0.8625 0.40750000000000003 0.85
2 0.41375 0.8637499999999999 0.40374999999999994 0.8637499999999999 0.40374999999999994 0.87625 0.41375 0.87625 0.41375 0.8637499999999999
2 0.40875000000000006 0.8699999999999999 0.4 0.8699999999999999 0.4 0.8862500000000001 0.40875000000000006 0.8862500000000001 0.40875000000000006 0.8699999999999999
2 0.40499999999999997 0.87625 0.39375 0.87625 0.39375 0.89 0.40499999999999997 0.89 0.40499999999999997 0.87625
2 0.65625 0.47000000000000003 0.6425 0.47000000000000003 0.6425 0.48624999999999996 0.65625 0.48624999999999996 0.65625 0.47000000000000003
2 0.70125 0.46125 0.6900000000000001 0.46125 0.6900000000000001 0.47125000000000006 0.70125 0.47125000000000006 0.70125 0.46125
2 0.69625 0.44749999999999995 0.6799999999999999 0.44749999999999995 0.6799999999999999 0.45875000000000005 0.69625 0.45875000000000005 0.69625 0.44749999999999995
2 0.7175 0.42750000000000005 0.7075 0.42750000000000005 0.7075 0.44375 0.7175 0.44375 0.7175 0.42750000000000005
2 0.4325 0.5775 0.42374999999999996 0.5775 0.42374999999999996 0.595 0.4325 0.595 0.4325 0.5775
2 0.31875 0.6012500000000001 0.3075 0.6012500000000001 0.3075 0.6212500000000001 0.31875 0.6212500000000001 0.31875 0.6012500000000001
2 0.32625000000000004 0.59875 0.31375000000000003 0.59875 0.31375000000000003 0.61875 0.32625000000000004 0.61875 0.32625000000000004 0.59875
2 0.335 0.5962500000000001 0.32125 0.5962500000000001 0.32125 0.61625 0.335 0.61625 0.335 0.5962500000000001
2 0.36124999999999996 0.57625 0.34875 0.57625 0.34875 0.59375 0.36124999999999996 0.59375 0.36124999999999996 0.57625
2 0.41125 0.57625 0.4 0.57625 0.4 0.59375 0.41125 0.59375 0.41125 0.57625
2 0.42750000000000005 0.5549999999999999 0.41500000000000004 0.5549999999999999 0.41500000000000004 0.575 0.42750000000000005 0.575 0.42750000000000005 0.5549999999999999
2 0.4175 0.5912499999999999 0.40625 0.5912499999999999 0.40625 0.60875 0.4175 0.60875 0.4175 0.5912499999999999
2 0.33375 0.6174999999999999 0.32125 0.6174999999999999 0.32125 0.635 0.33375 0.635 0.33375 0.6174999999999999
2 0.34125 0.63625 0.32875 0.63625 0.32875 0.655 0.34125 0.655 0.34125 0.63625
2 0.35 0.655 0.33625 0.655 0.33625 0.67375 0.35 0.67375 0.35 0.655
2 0.45625 0.62625 0.445 0.62625 0.445 0.64 0.45625 0.64 0.45625 0.62625
2 0.47750000000000004 0.6675 0.46624999999999994 0.6675 0.46624999999999994 0.6849999999999999 0.47750000000000004 0.6849999999999999 0.47750000000000004 0.6675
2 0.5075000000000001 0.49124999999999996 0.49874999999999997 0.49124999999999996 0.49874999999999997 0.5025000000000001 0.5075000000000001 0.5025000000000001 0.5075000000000001 0.49124999999999996
2 0.60875 0.40875000000000006 0.5925 0.40875000000000006 0.5925 0.42000000000000004 0.60875 0.42000000000000004 0.60875 0.40875000000000006
2 0.665 0.42750000000000005 0.6575 0.42750000000000005 0.6575 0.43875000000000003 0.665 0.43875000000000003 0.665 0.42750000000000005
2 0.6575 0.42874999999999996 0.65 0.42874999999999996 0.65 0.44375 0.6575 0.44375 0.6575 0.42874999999999996
2 0.845 1 0.845 0.99125 0.8324999999999999 0.99125 0.8324999999999999 1 0.845 1
2 0.8612500000000001 1 0.8612500000000001 0.99125 0.8474999999999999 0.99125 0.8474999999999999 1 0.8612500000000001 1
2 0.9 0.9824999999999999 0.8862500000000001 0.9824999999999999 0.8862500000000001 0.99375 0.9 0.99375 0.9 0.9824999999999999
2 0.92125 0.9662499999999999 0.9099999999999999 0.9662499999999999 0.9099999999999999 0.97625 0.92125 0.97625 0.92125 0.9662499999999999
2 0.9237500000000001 0.9737500000000001 0.9112500000000001 0.9737500000000001 0.9112500000000001 0.98375 0.9237500000000001 0.98375 0.9237500000000001 0.9737500000000001
2 0.9262499999999999 0.97875 0.915 0.97875 0.915 0.9887499999999999 0.9262499999999999 0.9887499999999999 0.9262499999999999 0.97875
2 0.90625 0.9650000000000001 0.8925000000000001 0.9650000000000001 0.8925000000000001 0.97625 0.90625 0.97625 0.90625 0.9650000000000001
2 0.9087500000000001 0.9712500000000001 0.8975 0.9712500000000001 0.8975 0.98125 0.9087500000000001 0.98125 0.9087500000000001 0.9712500000000001
2 0.9112500000000001 0.9775 0.89875 0.9775 0.89875 0.9875 0.9112500000000001 0.9875 0.9112500000000001 0.9775
2 0.915 0.98375 0.9025000000000001 0.98375 0.9025000000000001 0.99375 0.915 0.99375 0.915 0.98375
2 0.8949999999999999 0.97 0.88125 0.97 0.88125 0.9800000000000001 0.8949999999999999 0.9800000000000001 0.8949999999999999 0.97
2 0.8975 0.9775 0.8825 0.9775 0.8825 0.9875 0.8975 0.9875 0.8975 0.9775
2 0.9025000000000001 0.9887499999999999 0.8887499999999999 0.9887499999999999 0.8887499999999999 0.99875 0.9025000000000001 0.99875 0.9025000000000001 0.9887499999999999
2 0.88125 0.97625 0.86875 0.97625 0.86875 0.9862500000000001 0.88125 0.9862500000000001 0.88125 0.97625
2 0.8862500000000001 0.98125 0.8712500000000001 0.98125 0.8712500000000001 0.9925 0.8862500000000001 0.9925 0.8862500000000001 0.98125
2 0.8875 0.9887499999999999 0.875 0.9887499999999999 0.875 0.9974999999999999 0.8875 0.9974999999999999 0.8875 0.9887499999999999
2 0.89 1 0.89 0.9949999999999999 0.8775000000000001 0.9949999999999999 0.8775000000000001 1 0.89 1
2 0.8699999999999999 0.98125 0.85625 0.98125 0.85625 0.99125 0.8699999999999999 0.99125 0.8699999999999999 0.98125
2 0.8724999999999999 0.9862500000000001 0.86 0.9862500000000001 0.86 0.9974999999999999 0.8724999999999999 0.9974999999999999 0.8724999999999999 0.9862500000000001
2 0.8775000000000001 1 0.8775000000000001 0.9925 0.8625 0.9925 0.8625 1 0.8775000000000001 1
2 0.8574999999999999 0.985 0.845 0.985 0.845 0.9962500000000001 0.8574999999999999 0.9962500000000001 0.8574999999999999 0.985
2 0.9175000000000001 0.96 0.905 0.96 0.905 0.97 0.9175000000000001 0.97 0.9175000000000001 0.96