2 0.03625 0.7575000000000001 0.026250000000000002 0.7575000000000001 0.026250000000000002 0.7887500000000001 0.03625 0.7887500000000001 0.03625 0.7575000000000001
2 0.075 0.48250000000000004 0.06375 0.48250000000000004 0.06375 0.5125 0.075 0.5125 0.075 0.48250000000000004
2 0.04625 0.6950000000000001 0.034999999999999996 0.6950000000000001 0.034999999999999996 0.72375 0.04625 0.72375 0.04625 0.6950000000000001
2 0.041249999999999995 0.7262500000000001 0.03 0.7262500000000001 0.03 0.75625 0.041249999999999995 0.75625 0.041249999999999995 0.7262500000000001
2 0.10375000000000001 0.275 0.09875 0.275 0.09875 0.2875 0.10375000000000001 0.2875 0.10375000000000001 0.275
2 0.06999999999999999 0.35750000000000004 0.06375 0.35750000000000004 0.06375 0.36875 0.06999999999999999 0.36875 0.06999999999999999 0.35750000000000004
2 0.0675 0.37124999999999997 0.06 0.37124999999999997 0.06 0.38625 0.0675 0.38625 0.0675 0.37124999999999997
2 0.09 0.36875 0.08375 0.36875 0.08375 0.38 0.09 0.38 0.09 0.36875
2 0.0925 0.35125 0.08625000000000001 0.35125 0.08625000000000001 0.36375 0.0925 0.36375 0.0925 0.35125
2 0.09625 0.335 0.08875 0.335 0.08875 0.35 0.09625 0.35 0.09625 0.335
2 0.09625 0.3225 0.09125 0.3225 0.09125 0.33375 0.09625 0.33375 0.09625 0.3225
2 0.1 0.30874999999999997 0.0925 0.30874999999999997 0.0925 0.32125 0.1 0.32125 0.1 0.30874999999999997
2 0.10124999999999999 0.29 0.09625 0.29 0.09625 0.3025 0.10124999999999999 0.3025 0.10124999999999999 0.29
2 0.1075 0.1 0.10124999999999999 0.1 0.10124999999999999 0.11625 0.1075 0.11625 0.1075 0.1
2 0.057499999999999996 0.6287499999999999 0.04375 0.6287499999999999 0.04375 0.63375 0.057499999999999996 0.63375 0.057499999999999996 0.6287499999999999
2 0.5912499999999999 0.5974999999999999 0.58375 0.5974999999999999 0.58375 0.61 0.5912499999999999 0.61 0.5912499999999999 0.5974999999999999
2 0.61125 0.6849999999999999 0.6 0.6849999999999999 0.6 0.6975 0.61125 0.6975 0.61125 0.6849999999999999
2 0.55125 0.72375 0.54375 0.72375 0.54375 0.7375 0.55125 0.7375 0.55125 0.72375
2 0.5575 0.75875 0.54875 0.75875 0.54875 0.775 0.5575 0.775 0.5575 0.75875
2 0.6012500000000001 0.745 0.5900000000000001 0.745 0.5900000000000001 0.75875 0.6012500000000001 0.75875 0.6012500000000001 0.745
2 0.59875 0.7725 0.58375 0.7725 0.58375 0.7849999999999999 0.59875 0.7849999999999999 0.59875 0.7725
2 0.59375 0.8 0.58125 0.8 0.58125 0.81125 0.59375 0.81125 0.59375 0.8
2 0.59375 0.8087500000000001 0.58125 0.8087500000000001 0.58125 0.82125 0.59375 0.82125 0.59375 0.8087500000000001
2 0.07125000000000001 0.34125 0.065 0.34125 0.065 0.35625 0.07125000000000001 0.35625 0.07125000000000001 0.34125
2 0.075 0.32625000000000004 0.06875 0.32625000000000004 0.06875 0.33999999999999997 0.075 0.33999999999999997 0.075 0.32625000000000004
2 0.075 0.30874999999999997 0.06999999999999999 0.30874999999999997 0.06999999999999999 0.3225 0.075 0.3225 0.075 0.30874999999999997
2 0.08125 0.27125 0.07625 0.27125 0.07625 0.28625 0.08125 0.28625 0.08125 0.27125
2 0.058750000000000004 0.615 0.045 0.615 0.045 0.62 0.058750000000000004 0.62 0.058750000000000004 0.615
2 0.07375000000000001 0.6275000000000001 0.06875 0.6275000000000001 0.06875 0.64125 0.07375000000000001 0.64125 0.07375000000000001 0.6275000000000001
2 0.09625 0.63 0.08249999999999999 0.63 0.08249999999999999 0.64 0.09625 0.64 0.09625 0.63
2 0.11625 0.58 0.11000000000000001 0.58 0.11000000000000001 0.595 0.11625 0.595 0.11625 0.58
2 0.1625 0.585 0.15625 0.585 0.15625 0.6 0.1625 0.6 0.1625 0.585
2 0.16999999999999998 0.58875 0.16375 0.58875 0.16375 0.6025 0.16999999999999998 0.6025 0.16999999999999998 0.58875
2 0.18 0.5912499999999999 0.16999999999999998 0.5912499999999999 0.16999999999999998 0.60375 0.18 0.60375 0.18 0.5912499999999999
2 0.05500000000000001 0.44749999999999995 0.04875 0.44749999999999995 0.04875 0.45999999999999996 0.05500000000000001 0.45999999999999996 0.05500000000000001 0.44749999999999995
2 0.07875 0.45625 0.06999999999999999 0.45625 0.06999999999999999 0.46749999999999997 0.07875 0.46749999999999997 0.07875 0.45625
2 0.0875 0.39 0.08125 0.39 0.08125 0.40499999999999997 0.0875 0.40499999999999997 0.0875 0.39
2 0.06625 0.39 0.057499999999999996 0.39 0.057499999999999996 0.4025 0.06625 0.4025 0.06625 0.39
2 0.0625 0.40374999999999994 0.05500000000000001 0.40374999999999994 0.05500000000000001 0.41500000000000004 0.0625 0.41500000000000004 0.0625 0.40374999999999994
2 0.06 0.41875 0.05500000000000001 0.41875 0.05500000000000001 0.43375 0.06 0.43375 0.06 0.41875
2 0.05625 0.43375 0.05125 0.43375 0.05125 0.44625000000000004 0.05625 0.44625000000000004 0.05625 0.43375
2 0.08 0.44125 0.0725 0.44125 0.0725 0.4525 0.08 0.4525 0.08 0.44125
2 0.08249999999999999 0.42374999999999996 0.075 0.42374999999999996 0.075 0.43624999999999997 0.08249999999999999 0.43624999999999997 0.08249999999999999 0.42374999999999996
2 0.08499999999999999 0.40875000000000006 0.07875 0.40875000000000006 0.07875 0.4225 0.08499999999999999 0.4225 0.08499999999999999 0.40875000000000006
2 0.54625 0.88125 0.54125 0.88125 0.54125 0.8975 0.54625 0.8975 0.54625 0.88125
2 0.6212500000000001 0.5075000000000001 0.6125 0.5075000000000001 0.6125 0.52 0.6212500000000001 0.52 0.6212500000000001 0.5075000000000001
2 0.6950000000000001 0.2625 0.68875 0.2625 0.68875 0.27625 0.6950000000000001 0.27625 0.6950000000000001 0.2625
2 0.057499999999999996 0.6212500000000001 0.045 0.6212500000000001 0.045 0.6275000000000001 0.057499999999999996 0.6275000000000001 0.057499999999999996 0.6212500000000001
2 0.05500000000000001 0.635 0.042499999999999996 0.635 0.042499999999999996 0.64 0.05500000000000001 0.64 0.05500000000000001 0.635
2 0.05500000000000001 0.64 0.04375 0.64 0.04375 0.645 0.05500000000000001 0.645 0.05500000000000001 0.64
2 0.07375000000000001 0.8025 0.0675 0.8025 0.0675 0.8150000000000001 0.07375000000000001 0.8150000000000001 0.07375000000000001 0.8025
2 0.01125 0.92875 0.00125 0.92875 0.00125 0.9337500000000001 0.01125 0.9337500000000001 0.01125 0.92875
2 0.0125 0.9225 0.00125 0.9225 0.00125 0.92875 0.0125 0.92875 0.0125 0.9225
2 0.015 0.9099999999999999 0.0025 0.9099999999999999 0.0025 0.915 0.015 0.915 0.015 0.9099999999999999
2 0.015 0.9037499999999999 0.0025 0.9037499999999999 0.0025 0.9099999999999999 0.015 0.9099999999999999 0.015 0.9037499999999999
2 0.01625 0.8975 0.00375 0.8975 0.00375 0.9025000000000001 0.01625 0.9025000000000001 0.01625 0.8975
2 0.00625 0.78 0.00125 0.78 0.00125 0.7925 0.00625 0.7925 0.00625 0.78
2 0.0075 0.7675 0.00375 0.7675 0.00375 0.7787499999999999 0.0075 0.7787499999999999 0.0075 0.7675
2 0.01 0.7537499999999999 0.00375 0.7537499999999999 0.00375 0.765 0.01 0.765 0.01 0.7537499999999999
2 0.0125 0.73875 0.00625 0.73875 0.00625 0.75125 0.0125 0.75125 0.0125 0.73875
2 0.015 0.725 0.01 0.725 0.01 0.7375 0.015 0.7375 0.015 0.725
2 0.021249999999999998 0.6837500000000001 0.015 0.6837500000000001 0.015 0.69375 0.021249999999999998 0.69375 0.021249999999999998 0.6837500000000001
2 0.0225 0.66875 0.01625 0.66875 0.01625 0.68125 0.0225 0.68125 0.0225 0.66875
2 0.02375 0.6537499999999999 0.01875 0.6537499999999999 0.01875 0.66625 0.02375 0.66625 0.02375 0.6537499999999999
2 0.095 0.71 0.09 0.71 0.09 0.7212500000000001 0.095 0.7212500000000001 0.095 0.71
2 0.08125 0.705 0.07625 0.705 0.07625 0.71875 0.08125 0.71875 0.08125 0.705
2 0.04625 0.8387499999999999 0.0325 0.8387499999999999 0.0325 0.845 0.04625 0.845 0.04625 0.8387499999999999
2 0.0775 0.85125 0.0725 0.85125 0.0725 0.8625 0.0775 0.8625 0.0775 0.85125
2 0.09875 0.88375 0.09125 0.88375 0.09125 0.89625 0.09875 0.89625 0.09875 0.88375
2 0.0725 0.83625 0.0675 0.83625 0.0675 0.85 0.0725 0.85 0.0725 0.83625
2 0.07875 0.8387499999999999 0.0725 0.8387499999999999 0.0725 0.85125 0.07875 0.85125 0.07875 0.8387499999999999
2 0.08499999999999999 0.8375 0.07875 0.8375 0.07875 0.85125 0.08499999999999999 0.85125 0.08499999999999999 0.8375
2 0.09 0.8375 0.08499999999999999 0.8375 0.08499999999999999 0.85125 0.09 0.85125 0.09 0.8375
2 0.09 0.8800000000000001 0.08499999999999999 0.8800000000000001 0.08499999999999999 0.89375 0.09 0.89375 0.09 0.8800000000000001
2 0.6900000000000001 0.1075 0.6825 0.1075 0.6825 0.12250000000000001 0.6900000000000001 0.12250000000000001 0.6900000000000001 0.1075
2 0.86 0.04625 0.84375 0.04625 0.84375 0.06 0.86 0.06 0.86 0.04625
2 0.915 0.05 0.9012499999999999 0.05 0.9012499999999999 0.0625 0.915 0.0625 0.915 0.05
2 0.90625 0.06375 0.89125 0.06375 0.89125 0.0775 0.90625 0.0775 0.90625 0.06375
2 0.89 0.07125000000000001 0.875 0.07125000000000001 0.875 0.08375 0.89 0.08375 0.89 0.07125000000000001
2 0.9337500000000001 0.07375000000000001 0.9199999999999999 0.07375000000000001 0.9199999999999999 0.08625000000000001 0.9337500000000001 0.08625000000000001 0.9337500000000001 0.07375000000000001
2 0.9550000000000001 0.08 0.9400000000000001 0.08 0.9400000000000001 0.0925 0.9550000000000001 0.0925 0.9550000000000001 0.08
2 0.9925 0.09 0.9800000000000001 0.09 0.9800000000000001 0.1025 0.9925 0.1025 0.9925 0.09
2 0.98375 0.12375 0.97 0.12375 0.97 0.135 0.98375 0.135 0.98375 0.12375
2 0.99375 0.13999999999999999 0.9775 0.13999999999999999 0.9775 0.15375 0.99375 0.15375 0.99375 0.13999999999999999
2 0.9487500000000001 0.10375000000000001 0.93125 0.10375000000000001 0.93125 0.11875 0.9487500000000001 0.11875 0.9487500000000001 0.10375000000000001
2 0.9574999999999999 0.11875 0.93875 0.11875 0.93875 0.1325 0.9574999999999999 0.1325 0.9574999999999999 0.11875
2 0.08249999999999999 0.355 0.07625 0.355 0.07625 0.3675 0.08249999999999999 0.3675 0.08249999999999999 0.355
2 0.017499999999999998 0.885 0.00625 0.885 0.00625 0.89125 0.017499999999999998 0.89125 0.017499999999999998 0.885