2 0.4025 0.11000000000000001 0.39 0.11000000000000001 0.39 0.1275 0.4025 0.1275 0.4025 0.11000000000000001
2 0.7725 0.05625 0.7575000000000001 0.05625 0.7575000000000001 0.065 0.7725 0.065 0.7725 0.05625
2 0.37374999999999997 0.20625 0.3625 0.20625 0.3625 0.2225 0.37374999999999997 0.2225 0.37374999999999997 0.20625
2 0.40875000000000006 0.27875 0.39625 0.27875 0.39625 0.29500000000000004 0.40875000000000006 0.29500000000000004 0.40875000000000006 0.27875
2 0.47375 0.33375 0.46125 0.33375 0.46125 0.35125 0.47375 0.35125 0.47375 0.33375
2 0.5175 0.4375 0.5025000000000001 0.4375 0.5025000000000001 0.44375 0.5175 0.44375 0.5175 0.4375
2 0.5287499999999999 0.41875 0.51875 0.41875 0.51875 0.43624999999999997 0.5287499999999999 0.43624999999999997 0.5287499999999999 0.41875
2 0.5549999999999999 0.47000000000000003 0.54 0.47000000000000003 0.54 0.485 0.5549999999999999 0.485 0.5549999999999999 0.47000000000000003
2 0.60625 0.61875 0.5912499999999999 0.61875 0.5912499999999999 0.635 0.60625 0.635 0.60625 0.61875
2 0.8225 0.61125 0.8087500000000001 0.61125 0.8087500000000001 0.63 0.8225 0.63 0.8225 0.61125
2 0.77 0.8275 0.76375 0.8275 0.76375 0.8425 0.77 0.8425 0.77 0.8275
2 0.79375 0.80375 0.7849999999999999 0.80375 0.7849999999999999 0.82 0.79375 0.82 0.79375 0.80375