2 0.54 0.7575000000000001 0.5275000000000001 0.7575000000000001 0.5275000000000001 0.76375 0.54 0.76375 0.54 0.7575000000000001
2 0.17375000000000002 0.705 0.16 0.705 0.16 0.71 0.17375000000000002 0.71 0.17375000000000002 0.705
2 0.1875 0.7325 0.17250000000000001 0.7325 0.17250000000000001 0.73875 0.1875 0.73875 0.1875 0.7325
2 0.57375 0.86875 0.5675 0.86875 0.5675 0.8825 0.57375 0.8825 0.57375 0.86875
2 0.5375 0.91875 0.53 0.91875 0.53 0.9349999999999999 0.5375 0.9349999999999999 0.5375 0.91875
2 0.40374999999999994 0.97625 0.39625 0.97625 0.39625 0.99125 0.40374999999999994 0.99125 0.40374999999999994 0.97625
2 0.36124999999999996 0.7025 0.355 0.7025 0.355 0.7162499999999999 0.36124999999999996 0.7162499999999999 0.36124999999999996 0.7025
2 0.26125 0.43 0.25625 0.43 0.25625 0.44375 0.26125 0.44375 0.26125 0.43
2 0.08125 0.53625 0.07375000000000001 0.53625 0.07375000000000001 0.55125 0.08125 0.55125 0.08125 0.53625
2 0.15625 0.54125 0.14125000000000001 0.54125 0.14125000000000001 0.55 0.15625 0.55 0.15625 0.54125
2 0.05500000000000001 0.56375 0.042499999999999996 0.56375 0.042499999999999996 0.5700000000000001 0.05500000000000001 0.5700000000000001 0.05500000000000001 0.56375
2 0.21375000000000002 0.595 0.20750000000000002 0.595 0.20750000000000002 0.6075 0.21375000000000002 0.6075 0.21375000000000002 0.595
2 0.5037499999999999 0.54 0.4875 0.54 0.4875 0.54625 0.5037499999999999 0.54625 0.5037499999999999 0.54
2 0.63875 0.54375 0.6224999999999999 0.54375 0.6224999999999999 0.5525 0.63875 0.5525 0.63875 0.54375
2 0.6475 0.5599999999999999 0.63875 0.5599999999999999 0.63875 0.57125 0.6475 0.57125 0.6475 0.5599999999999999
2 0.665 0.5700000000000001 0.6525000000000001 0.5700000000000001 0.6525000000000001 0.58875 0.665 0.58875 0.665 0.5700000000000001
2 0.45375 0.7462500000000001 0.44000000000000006 0.7462500000000001 0.44000000000000006 0.75125 0.45375 0.75125 0.45375 0.7462500000000001
2 0.44000000000000006 0.77125 0.42750000000000005 0.77125 0.42750000000000005 0.77625 0.44000000000000006 0.77625 0.44000000000000006 0.77125
2 0.04625 0.7424999999999999 0.03625 0.7424999999999999 0.03625 0.76 0.04625 0.76 0.04625 0.7424999999999999
2 0.045 0.79 0.034999999999999996 0.79 0.034999999999999996 0.8074999999999999 0.045 0.8074999999999999 0.045 0.79
2 0.065 0.6287499999999999 0.057499999999999996 0.6287499999999999 0.057499999999999996 0.64125 0.065 0.64125 0.065 0.6287499999999999
2 0.06999999999999999 0.64 0.061250000000000006 0.64 0.061250000000000006 0.655 0.06999999999999999 0.655 0.06999999999999999 0.64
2 0.08499999999999999 0.6075 0.07875 0.6075 0.07875 0.62375 0.08499999999999999 0.62375 0.08499999999999999 0.6075
2 0.185 0.9337500000000001 0.17250000000000001 0.9337500000000001 0.17250000000000001 0.9412499999999999 0.185 0.9412499999999999 0.185 0.9337500000000001
2 0.095 0.9650000000000001 0.08625000000000001 0.9650000000000001 0.08625000000000001 0.9800000000000001 0.095 0.9800000000000001 0.095 0.9650000000000001
2 0.58 0.465 0.57375 0.465 0.57375 0.47874999999999995 0.58 0.47874999999999995 0.58 0.465
2 0.495 0.43875000000000003 0.48125 0.43875000000000003 0.48125 0.44625000000000004 0.495 0.44625000000000004 0.495 0.43875000000000003
2 0.445 0.43125 0.4325 0.43125 0.4325 0.43624999999999997 0.445 0.43624999999999997 0.445 0.43125
2 0.40625 0.425 0.39 0.425 0.39 0.43 0.40625 0.43 0.40625 0.425
2 0.2425 0.37374999999999997 0.22875 0.37374999999999997 0.22875 0.38 0.2425 0.38 0.2425 0.37374999999999997
2 0.13125 0.255 0.12375 0.255 0.12375 0.27125 0.13125 0.27125 0.13125 0.255
2 0.13125 0.32875 0.125 0.32875 0.125 0.34625 0.13125 0.34625 0.13125 0.32875
2 0.13999999999999999 0.33125 0.1325 0.33125 0.1325 0.34750000000000003 0.13999999999999999 0.34750000000000003 0.13999999999999999 0.33125
2 0.11499999999999999 0.36875 0.10375000000000001 0.36875 0.10375000000000001 0.3825 0.11499999999999999 0.3825 0.11499999999999999 0.36875
2 0.06999999999999999 0.36875 0.05625 0.36875 0.05625 0.37625000000000003 0.06999999999999999 0.37625000000000003 0.06999999999999999 0.36875
2 0.0775 0.41375 0.07125000000000001 0.41375 0.07125000000000001 0.42750000000000005 0.0775 0.42750000000000005 0.0775 0.41375
2 0.06999999999999999 0.44625000000000004 0.065 0.44625000000000004 0.065 0.45875000000000005 0.06999999999999999 0.45875000000000005 0.06999999999999999 0.44625000000000004
2 0.0775 0.44625000000000004 0.0725 0.44625000000000004 0.0725 0.46125 0.0775 0.46125 0.0775 0.44625000000000004
2 0.22374999999999998 0.37124999999999997 0.21000000000000002 0.37124999999999997 0.21000000000000002 0.3775 0.22374999999999998 0.3775 0.22374999999999998 0.37124999999999997
2 0.265 0.3775 0.25125000000000003 0.3775 0.25125000000000003 0.385 0.265 0.385 0.265 0.3775
2 0.14375 0.1775 0.13874999999999998 0.1775 0.13874999999999998 0.19125 0.14375 0.19125 0.14375 0.1775
2 0.31375000000000003 0.385 0.2975 0.385 0.2975 0.39249999999999996 0.31375000000000003 0.39249999999999996 0.31375000000000003 0.385
2 0.3325 0.385 0.3175 0.385 0.3175 0.39375 0.3325 0.39375 0.3325 0.385
2 0.36 0.39125 0.34500000000000003 0.39125 0.34500000000000003 0.3975 0.36 0.3975 0.36 0.39125
2 0.39125 0.3975 0.38 0.3975 0.38 0.4025 0.39125 0.4025 0.39125 0.3975
2 0.445 0.40374999999999994 0.42874999999999996 0.40374999999999994 0.42874999999999996 0.41125 0.445 0.41125 0.445 0.40374999999999994
2 0.375 0.41 0.36 0.41 0.36 0.41624999999999995 0.375 0.41624999999999995 0.375 0.41
2 0.2575 0.40374999999999994 0.2425 0.40374999999999994 0.2425 0.41 0.2575 0.41 0.2575 0.40374999999999994
2 0.33625 0.41375 0.3175 0.41375 0.3175 0.42000000000000004 0.33625 0.42000000000000004 0.33625 0.41375
2 0.365 0.41875 0.35 0.41875 0.35 0.42625 0.365 0.42625 0.365 0.41875
2 0.155 0.215 0.14750000000000002 0.215 0.14750000000000002 0.2325 0.155 0.2325 0.155 0.215
2 0.16125 0.09875 0.15375 0.09875 0.15375 0.11499999999999999 0.16125 0.11499999999999999 0.16125 0.09875
2 0.82125 0.395 0.81375 0.395 0.81375 0.40875000000000006 0.82125 0.40875000000000006 0.82125 0.395
2 0.7375 0.3625 0.725 0.3625 0.725 0.37 0.7375 0.37 0.7375 0.3625
2 0.7537499999999999 0.3625 0.73875 0.3625 0.73875 0.37124999999999997 0.7537499999999999 0.37124999999999997 0.7537499999999999 0.3625
2 0.68125 0.4425 0.665 0.4425 0.665 0.45499999999999996 0.68125 0.45499999999999996 0.68125 0.4425
2 0.7162499999999999 0.4225 0.7075 0.4225 0.7075 0.43624999999999997 0.7162499999999999 0.43624999999999997 0.7162499999999999 0.4225
2 0.7224999999999999 0.42374999999999996 0.71375 0.42374999999999996 0.71375 0.43875000000000003 0.7224999999999999 0.43875000000000003 0.7224999999999999 0.42374999999999996
2 0.7275 0.42625 0.72 0.42625 0.72 0.43875000000000003 0.7275 0.43875000000000003 0.7275 0.42625
2 0.76125 0.42874999999999996 0.7537499999999999 0.42874999999999996 0.7537499999999999 0.4425 0.76125 0.4425 0.76125 0.42874999999999996
2 0.78625 0.4325 0.7787499999999999 0.4325 0.7787499999999999 0.44625000000000004 0.78625 0.44625000000000004 0.78625 0.4325
2 0.79875 0.40625 0.79125 0.40625 0.79125 0.42000000000000004 0.79875 0.42000000000000004 0.79875 0.40625
2 0.795 0.39125 0.79 0.39125 0.79 0.40374999999999994 0.795 0.40374999999999994 0.795 0.39125
2 0.5662499999999999 0.5599999999999999 0.55125 0.5599999999999999 0.55125 0.5700000000000001 0.5662499999999999 0.5700000000000001 0.5662499999999999 0.5599999999999999
2 0.7875 0.39 0.7825 0.39 0.7825 0.40374999999999994 0.7875 0.40374999999999994 0.7875 0.39
2 0.78125 0.39 0.77625 0.39 0.77625 0.40374999999999994 0.78125 0.40374999999999994 0.78125 0.39
2 0.77625 0.38875000000000004 0.76875 0.38875000000000004 0.76875 0.4025 0.77625 0.4025 0.77625 0.38875000000000004
2 0.7675 0.40125 0.76 0.40125 0.76 0.41375 0.7675 0.41375 0.7675 0.40125
2 0.73875 0.395 0.73125 0.395 0.73125 0.41125 0.73875 0.41125 0.73875 0.395
2 0.73 0.39625 0.72375 0.39625 0.72375 0.41125 0.73 0.41125 0.73 0.39625
2 0.78625 0.3675 0.77125 0.3675 0.77125 0.37625000000000003 0.78625 0.37625000000000003 0.78625 0.3675
2 0.81375 0.3725 0.8 0.3725 0.8 0.37875000000000003 0.81375 0.37875000000000003 0.81375 0.3725
2 0.9112500000000001 0.385 0.8975 0.385 0.8975 0.39249999999999996 0.9112500000000001 0.39249999999999996 0.9112500000000001 0.385
2 0.135 0.14750000000000002 0.125 0.14750000000000002 0.125 0.15625 0.135 0.15625 0.135 0.14750000000000002
2 0.145 0.22875 0.13874999999999998 0.22875 0.13874999999999998 0.24125000000000002 0.145 0.24125000000000002 0.145 0.22875
2 0.1325 0.3125 0.1275 0.3125 0.1275 0.3275 0.1325 0.3275 0.1325 0.3125
2 0.1375 0.28875 0.13 0.28875 0.13 0.30375 0.1375 0.30375 0.1375 0.28875
2 0.14125000000000001 0.26749999999999996 0.13374999999999998 0.26749999999999996 0.13374999999999998 0.28125 0.14125000000000001 0.28125 0.14125000000000001 0.26749999999999996
2 0.065 0.9375 0.05500000000000001 0.9375 0.05500000000000001 0.95 0.065 0.95 0.065 0.9375
2 0.5912499999999999 0.7725 0.58 0.7725 0.58 0.79375 0.5912499999999999 0.79375 0.5912499999999999 0.7725