2 0.11625 0.13 0.08375 0.13 0.08375 0.17124999999999999 0.11625 0.17124999999999999 0.11625 0.13
2 0.27999999999999997 0.18 0.23374999999999999 0.18 0.23374999999999999 0.20750000000000002 0.27999999999999997 0.20750000000000002 0.27999999999999997 0.18
2 0.3725 0.14750000000000002 0.325 0.14750000000000002 0.325 0.1825 0.3725 0.1825 0.3725 0.14750000000000002
2 0.4375 0.2325 0.42625 0.2325 0.42625 0.2475 0.4375 0.2475 0.4375 0.2325
2 0.5349999999999999 0.00375 0.5225 0.00375 0.5225 0.01125 0.5349999999999999 0.01125 0.5349999999999999 0.00375
2 0.5225 0.0075 0.51125 0.0075 0.51125 0.013750000000000002 0.5225 0.013750000000000002 0.5225 0.0075
2 0.5125 0.01125 0.50125 0.01125 0.50125 0.01625 0.5125 0.01625 0.5125 0.01125
2 0.5 0.0125 0.49000000000000005 0.0125 0.49000000000000005 0.02 0.5 0.02 0.5 0.0125
2 0.53625 0.008749999999999999 0.52125 0.008749999999999999 0.52125 0.017499999999999998 0.53625 0.017499999999999998 0.53625 0.008749999999999999
2 0.5225 0.013750000000000002 0.50875 0.013750000000000002 0.50875 0.0225 0.5225 0.0225 0.5225 0.013750000000000002
2 0.50625 0.017499999999999998 0.4925 0.017499999999999998 0.4925 0.027500000000000004 0.50625 0.027500000000000004 0.50625 0.017499999999999998
2 0.50875 0.02375 0.49375 0.02375 0.49375 0.034999999999999996 0.50875 0.034999999999999996 0.50875 0.02375
2 0.53625 0.01625 0.5225 0.01625 0.5225 0.025 0.53625 0.025 0.53625 0.01625
2 0.5237499999999999 0.021249999999999998 0.50875 0.021249999999999998 0.50875 0.03 0.5237499999999999 0.03 0.5237499999999999 0.021249999999999998
2 0.5387500000000001 0.021249999999999998 0.5237499999999999 0.021249999999999998 0.5237499999999999 0.03125 0.5387500000000001 0.03125 0.5387500000000001 0.021249999999999998
2 0.525 0.026250000000000002 0.5125 0.026250000000000002 0.5125 0.034999999999999996 0.525 0.034999999999999996 0.525 0.026250000000000002
2 0.5125 0.03 0.5 0.03 0.5 0.03875 0.5125 0.03875 0.5125 0.03
2 0.54125 0.027500000000000004 0.5287499999999999 0.027500000000000004 0.5287499999999999 0.03625 0.54125 0.03625 0.54125 0.027500000000000004
2 0.545 0.03375 0.53125 0.03375 0.53125 0.04375 0.545 0.04375 0.545 0.03375
2 0.5287499999999999 0.03125 0.51625 0.03125 0.51625 0.041249999999999995 0.5287499999999999 0.041249999999999995 0.5287499999999999 0.03125
2 0.53125 0.03875 0.52 0.03875 0.52 0.04625 0.53125 0.04625 0.53125 0.03875
2 0.53 0.052500000000000005 0.51375 0.052500000000000005 0.51375 0.061250000000000006 0.53 0.061250000000000006 0.53 0.052500000000000005
2 0.35 0.6375 0.33625 0.6375 0.33625 0.65125 0.35 0.65125 0.35 0.6375
2 0.185 0.2225 0.17124999999999999 0.2225 0.17124999999999999 0.22999999999999998 0.185 0.22999999999999998 0.185 0.2225
2 0.42000000000000004 0.21625 0.41125 0.21625 0.41125 0.22875 0.42000000000000004 0.22875 0.42000000000000004 0.21625
2 0.5325 0.00125 0.5237499999999999 0.00125 0.5237499999999999 0.005 0.5325 0.005 0.5325 0.00125
2 0.5237499999999999 0.00125 0.51 0.00125 0.51 0.0075 0.5237499999999999 0.0075 0.5237499999999999 0.00125
2 0.51125 0.00375 0.49874999999999997 0.00375 0.49874999999999997 0.01 0.51125 0.01 0.51125 0.00375
2 0.5 0.00625 0.4875 0.00625 0.4875 0.013750000000000002 0.5 0.013750000000000002 0.5 0.00625
2 0.51 0.00125 0.49625 0.00125 0.49625 0.005 0.51 0.005 0.51 0.00125
2 0.49749999999999994 0.00125 0.485 0.00125 0.485 0.008749999999999999 0.49749999999999994 0.008749999999999999 0.49749999999999994 0.00125
2 0.43125 0.2225 0.42000000000000004 0.2225 0.42000000000000004 0.23500000000000001 0.43125 0.23500000000000001 0.43125 0.2225
2 0.44125 0.24500000000000002 0.43125 0.24500000000000002 0.43125 0.2575 0.44125 0.2575 0.44125 0.24500000000000002
2 0.45375 0.33625 0.44375 0.33625 0.44375 0.34750000000000003 0.45375 0.34750000000000003 0.45375 0.33625
2 0.44875 0.2525 0.4375 0.2525 0.4375 0.26875 0.44875 0.26875 0.44875 0.2525
2 0.4375 0.27375 0.42625 0.27375 0.42625 0.28875 0.4375 0.28875 0.4375 0.27375
2 0.43125 0.27625 0.41875 0.27625 0.41875 0.29 0.43125 0.29 0.43125 0.27625
2 0.45 0.28375 0.43875000000000003 0.28375 0.43875000000000003 0.29874999999999996 0.45 0.29874999999999996 0.45 0.28375
2 0.4425 0.2875 0.43125 0.2875 0.43125 0.29874999999999996 0.4425 0.29874999999999996 0.4425 0.2875
2 0.43499999999999994 0.2875 0.425 0.2875 0.425 0.30125 0.43499999999999994 0.30125 0.43499999999999994 0.2875
2 0.42874999999999996 0.29125 0.41875 0.29125 0.41875 0.30375 0.42874999999999996 0.30375 0.42874999999999996 0.29125
2 0.43499999999999994 0.3025 0.425 0.3025 0.425 0.31375000000000003 0.43499999999999994 0.31375000000000003 0.43499999999999994 0.3025
2 0.44125 0.29874999999999996 0.4325 0.29874999999999996 0.4325 0.31 0.44125 0.31 0.44125 0.29874999999999996
2 0.45499999999999996 0.29625 0.445 0.29625 0.445 0.3075 0.45499999999999996 0.3075 0.45499999999999996 0.29625
2 0.44749999999999995 0.2975 0.43875000000000003 0.2975 0.43875000000000003 0.31 0.44749999999999995 0.31 0.44749999999999995 0.2975
2 0.44000000000000006 0.3125 0.43125 0.3125 0.43125 0.325 0.44000000000000006 0.325 0.44000000000000006 0.3125
2 0.44625000000000004 0.30874999999999997 0.4375 0.30874999999999997 0.4375 0.3225 0.44625000000000004 0.3225 0.44625000000000004 0.30874999999999997
2 0.4525 0.3075 0.44375 0.3075 0.44375 0.32125 0.4525 0.32125 0.4525 0.3075
2 0.45875000000000005 0.30625 0.45 0.30625 0.45 0.3175 0.45875000000000005 0.3175 0.45875000000000005 0.30625
2 0.465 0.305 0.4575 0.305 0.4575 0.31625000000000003 0.465 0.31625000000000003 0.465 0.305
2 0.4725 0.3025 0.46375 0.3025 0.46375 0.315 0.4725 0.315 0.4725 0.3025
2 0.47874999999999995 0.3125 0.46875 0.3125 0.46875 0.325 0.47874999999999995 0.325 0.47874999999999995 0.3125
2 0.4725 0.315 0.4625 0.315 0.4625 0.32875 0.4725 0.32875 0.4725 0.315
2 0.46749999999999997 0.31875 0.45625 0.31875 0.45625 0.32999999999999996 0.46749999999999997 0.32999999999999996 0.46749999999999997 0.31875
2 0.46125 0.32 0.45 0.32 0.45 0.3325 0.46125 0.3325 0.46125 0.32
2 0.45375 0.3225 0.4425 0.3225 0.4425 0.33375 0.45375 0.33375 0.45375 0.3225
2 0.4425 0.2725 0.4325 0.2725 0.4325 0.28500000000000003 0.4425 0.28500000000000003 0.4425 0.2725
2 0.43624999999999997 0.26375000000000004 0.42750000000000005 0.26375000000000004 0.42750000000000005 0.275 0.43624999999999997 0.275 0.43624999999999997 0.26375000000000004
2 0.43 0.265 0.42125 0.265 0.42125 0.27625 0.43 0.27625 0.43 0.265
2 0.45999999999999996 0.2925 0.45 0.2925 0.45 0.30625 0.45999999999999996 0.30625 0.45999999999999996 0.2925
2 0.45625 0.26749999999999996 0.445 0.26749999999999996 0.445 0.28250000000000003 0.45625 0.28250000000000003 0.45625 0.26749999999999996
2 0.40875000000000006 0.2225 0.4 0.2225 0.4 0.23625 0.40875000000000006 0.23625 0.40875000000000006 0.2225
2 0.41624999999999995 0.22125 0.40750000000000003 0.22125 0.40750000000000003 0.23500000000000001 0.41624999999999995 0.23500000000000001 0.41624999999999995 0.22125
2 0.425 0.22749999999999998 0.41624999999999995 0.22749999999999998 0.41624999999999995 0.23875000000000002 0.425 0.23875000000000002 0.425 0.22749999999999998
2 0.43125 0.2375 0.42125 0.2375 0.42125 0.25 0.43125 0.25 0.43125 0.2375
2 0.43624999999999997 0.2475 0.42750000000000005 0.2475 0.42750000000000005 0.26125 0.43624999999999997 0.26125 0.43624999999999997 0.2475
2 0.44125 0.25875 0.4325 0.25875 0.4325 0.27125 0.44125 0.27125 0.44125 0.25875
2 0.44875 0.27 0.4375 0.27 0.4375 0.28125 0.44875 0.28125 0.44875 0.27
2 0.45375 0.27999999999999997 0.445 0.27999999999999997 0.445 0.29500000000000004 0.45375 0.29500000000000004 0.45375 0.27999999999999997
2 0.46749999999999997 0.29 0.45625 0.29 0.45625 0.30375 0.46749999999999997 0.30375 0.46749999999999997 0.29
2 0.42374999999999996 0.26625 0.41375 0.26625 0.41375 0.27875 0.42374999999999996 0.27875 0.42374999999999996 0.26625
2 0.42125 0.2325 0.41125 0.2325 0.41125 0.24625 0.42125 0.24625 0.42125 0.2325
2 0.41500000000000004 0.23500000000000001 0.40499999999999997 0.23500000000000001 0.40499999999999997 0.24625 0.41500000000000004 0.24625 0.41500000000000004 0.23500000000000001
2 0.42000000000000004 0.24500000000000002 0.41 0.24500000000000002 0.41 0.25875 0.42000000000000004 0.25875 0.42000000000000004 0.24500000000000002
2 0.40750000000000003 0.2325 0.39625 0.2325 0.39625 0.2475 0.40750000000000003 0.2475 0.40750000000000003 0.2325
2 0.41375 0.24625 0.40374999999999994 0.24625 0.40374999999999994 0.2575 0.41375 0.2575 0.41375 0.24625
2 0.42750000000000005 0.2425 0.41624999999999995 0.2425 0.41624999999999995 0.255 0.42750000000000005 0.255 0.42750000000000005 0.2425
2 0.4325 0.25375000000000003 0.4225 0.25375000000000003 0.4225 0.265 0.4325 0.265 0.4325 0.25375000000000003
2 0.42625 0.25625 0.41624999999999995 0.25625 0.41624999999999995 0.26749999999999996 0.42625 0.26749999999999996 0.42625 0.25625
2 0.42000000000000004 0.2575 0.41125 0.2575 0.41125 0.26875 0.42000000000000004 0.26875 0.42000000000000004 0.2575
2 0.44875 0.32375 0.43624999999999997 0.32375 0.43624999999999997 0.3375 0.44875 0.3375 0.44875 0.32375
2 0.45875000000000005 0.33375 0.44875 0.33375 0.44875 0.34500000000000003 0.45875000000000005 0.34500000000000003 0.45875000000000005 0.33375
2 0.5175 0.55125 0.5075000000000001 0.55125 0.5075000000000001 0.56375 0.5175 0.56375 0.5175 0.55125
2 0.53625 0.54125 0.52625 0.54125 0.52625 0.55375 0.53625 0.55375 0.53625 0.54125
2 0.54625 0.55375 0.53625 0.55375 0.53625 0.5662499999999999 0.54625 0.5662499999999999 0.54625 0.55375
2 0.55375 0.54875 0.54 0.54875 0.54 0.56375 0.55375 0.56375 0.55375 0.54875
2 0.5337500000000001 0.5587500000000001 0.5225 0.5587500000000001 0.5225 0.57375 0.5337500000000001 0.57375 0.5337500000000001 0.5587500000000001
2 0.5275000000000001 0.56125 0.51375 0.56125 0.51375 0.5775 0.5275000000000001 0.5775 0.5275000000000001 0.56125
2 0.56125 0.57625 0.54875 0.57625 0.54875 0.58875 0.56125 0.58875 0.56125 0.57625
2 0.55375 0.58125 0.54125 0.58125 0.54125 0.59875 0.55375 0.59875 0.55375 0.58125
2 0.545 0.585 0.53125 0.585 0.53125 0.6012500000000001 0.545 0.6012500000000001 0.545 0.585
2 0.54 0.58875 0.525 0.58875 0.525 0.60625 0.54 0.60625 0.54 0.58875
2 0.5287499999999999 0.595 0.515 0.595 0.515 0.61125 0.5287499999999999 0.61125 0.5287499999999999 0.595
2 0.5225 0.6025 0.51 0.6025 0.51 0.615 0.5225 0.615 0.5225 0.6025
2 0.52125 0.60375 0.505 0.60375 0.505 0.6174999999999999 0.52125 0.6174999999999999 0.52125 0.60375
2 0.51 0.60875 0.49874999999999997 0.60875 0.49874999999999997 0.62375 0.51 0.62375 0.51 0.60875
2 0.505 0.61125 0.49375 0.61125 0.49375 0.62625 0.505 0.62625 0.505 0.61125
2 0.49874999999999997 0.61375 0.48624999999999996 0.61375 0.48624999999999996 0.63 0.49874999999999997 0.63 0.49874999999999997 0.61375
2 0.49000000000000005 0.62 0.47625 0.62 0.47625 0.63625 0.49000000000000005 0.63625 0.49000000000000005 0.62
2 0.48250000000000004 0.625 0.46875 0.625 0.46875 0.64125 0.48250000000000004 0.64125 0.48250000000000004 0.625
2 0.57875 0.73 0.5650000000000001 0.73 0.5650000000000001 0.7424999999999999 0.57875 0.7424999999999999 0.57875 0.73
2 0.58375 0.7375 0.5700000000000001 0.7375 0.5700000000000001 0.75 0.58375 0.75 0.58375 0.7375
2 0.6012500000000001 0.745 0.5825 0.745 0.5825 0.75875 0.6012500000000001 0.75875 0.6012500000000001 0.745
2 0.54125 0.55625 0.53 0.55625 0.53 0.56875 0.54125 0.56875 0.54125 0.55625
2 0.52125 0.56875 0.50875 0.56875 0.50875 0.58125 0.52125 0.58125 0.52125 0.56875
2 0.5125 0.5725 0.49874999999999997 0.5725 0.49874999999999997 0.58875 0.5125 0.58875 0.5125 0.5725
2 0.51625 0.51875 0.505 0.51875 0.505 0.5337500000000001 0.51625 0.5337500000000001 0.51625 0.51875
2 0.4525 0.44875 0.4425 0.44875 0.4425 0.46125 0.4525 0.46125 0.4525 0.44875
2 0.465 0.4575 0.45375 0.4575 0.45375 0.46875 0.465 0.46875 0.465 0.4575
2 0.4725 0.46624999999999994 0.45875000000000005 0.46624999999999994 0.45875000000000005 0.48125 0.4725 0.48125 0.4725 0.46624999999999994
2 0.465 0.47125000000000006 0.45499999999999996 0.47125000000000006 0.45499999999999996 0.485 0.465 0.485 0.465 0.47125000000000006
2 0.38125 0.4525 0.37124999999999997 0.4525 0.37124999999999997 0.46749999999999997 0.38125 0.46749999999999997 0.38125 0.4525
2 0.39375 0.45125000000000004 0.38375 0.45125000000000004 0.38375 0.46624999999999994 0.39375 0.46624999999999994 0.39375 0.45125000000000004
2 0.48875 0.53625 0.47625 0.53625 0.47625 0.5525 0.48875 0.5525 0.48875 0.53625
2 0.49874999999999997 0.5287499999999999 0.48624999999999996 0.5287499999999999 0.48624999999999996 0.54375 0.49874999999999997 0.54375 0.49874999999999997 0.5287499999999999
2 0.47375 0.54875 0.45999999999999996 0.54875 0.45999999999999996 0.56125 0.47375 0.56125 0.47375 0.54875
2 0.5237499999999999 0.515 0.5125 0.515 0.5125 0.5287499999999999 0.5237499999999999 0.5287499999999999 0.5237499999999999 0.515
2 0.5037499999999999 0.5775 0.4925 0.5775 0.4925 0.59375 0.5037499999999999 0.59375 0.5037499999999999 0.5775
2 0.5325 0.51 0.52125 0.51 0.52125 0.5237499999999999 0.5325 0.5237499999999999 0.5325 0.51
2 0.505 0.5587500000000001 0.4925 0.5587500000000001 0.4925 0.57375 0.505 0.57375 0.505 0.5587500000000001
2 0.475 0.57875 0.46375 0.57875 0.46375 0.59375 0.475 0.59375 0.475 0.57875
2 0.44625000000000004 0.5962500000000001 0.43624999999999997 0.5962500000000001 0.43624999999999997 0.60875 0.44625000000000004 0.60875 0.44625000000000004 0.5962500000000001
2 0.465 0.6025 0.45125000000000004 0.6025 0.45125000000000004 0.6174999999999999 0.465 0.6174999999999999 0.465 0.6025
2 0.47125000000000006 0.5974999999999999 0.45875000000000005 0.5974999999999999 0.45875000000000005 0.61625 0.47125000000000006 0.61625 0.47125000000000006 0.5974999999999999
2 0.48375 0.5912499999999999 0.47375 0.5912499999999999 0.47375 0.60375 0.48375 0.60375 0.48375 0.5912499999999999
2 0.49124999999999996 0.585 0.48125 0.585 0.48125 0.59875 0.49124999999999996 0.59875 0.49124999999999996 0.585
2 0.49874999999999997 0.58125 0.48624999999999996 0.58125 0.48624999999999996 0.5962500000000001 0.49874999999999997 0.5962500000000001 0.49874999999999997 0.58125
2 0.65 0.8724999999999999 0.6375 0.8724999999999999 0.6375 0.885 0.65 0.885 0.65 0.8724999999999999
2 0.465 0.33125 0.45499999999999996 0.33125 0.45499999999999996 0.34375 0.465 0.34375 0.465 0.33125
2 0.45875000000000005 0.45875000000000005 0.44875 0.45875000000000005 0.44875 0.47375 0.45875000000000005 0.47375 0.45875000000000005 0.45875000000000005
2 0.47625 0.45 0.46624999999999994 0.45 0.46624999999999994 0.465 0.47625 0.465 0.47625 0.45
2 0.47125000000000006 0.4375 0.45875000000000005 0.4375 0.45875000000000005 0.45125000000000004 0.47125000000000006 0.45125000000000004 0.47125000000000006 0.4375
2 0.44875 0.43624999999999997 0.43875000000000003 0.43624999999999997 0.43875000000000003 0.45125000000000004 0.44875 0.45125000000000004 0.44875 0.43624999999999997
2 0.48375 0.37625000000000003 0.4725 0.37625000000000003 0.4725 0.39 0.48375 0.39 0.48375 0.37625000000000003
2 0.47874999999999995 0.37875000000000003 0.465 0.37875000000000003 0.465 0.39249999999999996 0.47874999999999995 0.39249999999999996 0.47874999999999995 0.37875000000000003
2 0.48375 0.39125 0.47375 0.39125 0.47375 0.4025 0.48375 0.4025 0.48375 0.39125
2 0.48875 0.3875 0.47750000000000004 0.3875 0.47750000000000004 0.40125 0.48875 0.40125 0.48875 0.3875
2 0.4925 0.38375 0.485 0.38375 0.485 0.39625 0.4925 0.39625 0.4925 0.38375
2 0.5 0.3825 0.49124999999999996 0.3825 0.49124999999999996 0.395 0.5 0.395 0.5 0.3825
2 0.51 0.385 0.49749999999999994 0.385 0.49749999999999994 0.39875 0.51 0.39875 0.51 0.385
2 0.51625 0.3825 0.505 0.3825 0.505 0.3975 0.51625 0.3975 0.51625 0.3825
2 0.505 0.39375 0.49625 0.39375 0.49625 0.40499999999999997 0.505 0.40499999999999997 0.505 0.39375
2 0.5 0.395 0.48875 0.395 0.48875 0.40750000000000003 0.5 0.40750000000000003 0.5 0.395
2 0.49375 0.3975 0.48250000000000004 0.3975 0.48250000000000004 0.4125 0.49375 0.4125 0.49375 0.3975
2 0.505 0.40625 0.495 0.40625 0.495 0.41875 0.505 0.41875 0.505 0.40625
2 0.51 0.40125 0.5 0.40125 0.5 0.4125 0.51 0.4125 0.51 0.40125
2 0.51625 0.39625 0.505 0.39625 0.505 0.41 0.51625 0.41 0.51625 0.39625
2 0.52125 0.39375 0.5125 0.39375 0.5125 0.40750000000000003 0.52125 0.40750000000000003 0.52125 0.39375
2 0.5275000000000001 0.40625 0.51625 0.40625 0.51625 0.42000000000000004 0.5275000000000001 0.42000000000000004 0.5275000000000001 0.40625
2 0.5237499999999999 0.40750000000000003 0.51 0.40750000000000003 0.51 0.4225 0.5237499999999999 0.4225 0.5237499999999999 0.40750000000000003
2 0.51625 0.41 0.505 0.41 0.505 0.42625 0.51625 0.42625 0.51625 0.41
2 0.51 0.41624999999999995 0.5 0.41624999999999995 0.5 0.42874999999999996 0.51 0.42874999999999996 0.51 0.41624999999999995
2 0.5037499999999999 0.41875 0.495 0.41875 0.495 0.43 0.5037499999999999 0.43 0.5037499999999999 0.41875
2 0.50625 0.43499999999999994 0.495 0.43499999999999994 0.495 0.45 0.50625 0.45 0.50625 0.43499999999999994
2 0.48875 0.375 0.47750000000000004 0.375 0.47750000000000004 0.3875 0.48875 0.3875 0.48875 0.375
2 0.49625 0.3725 0.48375 0.3725 0.48375 0.385 0.49625 0.385 0.49625 0.3725
2 0.5037499999999999 0.3725 0.49124999999999996 0.3725 0.49124999999999996 0.38625 0.5037499999999999 0.38625 0.5037499999999999 0.3725
2 0.47000000000000003 0.355 0.46125 0.355 0.46125 0.3675 0.47000000000000003 0.3675 0.47000000000000003 0.355
2 0.47125000000000006 0.32999999999999996 0.4625 0.32999999999999996 0.4625 0.33999999999999997 0.47125000000000006 0.33999999999999997 0.47125000000000006 0.32999999999999996
2 0.47625 0.3275 0.46875 0.3275 0.46875 0.33999999999999997 0.47625 0.33999999999999997 0.47625 0.3275
2 0.485 0.325 0.47375 0.325 0.47375 0.33875 0.485 0.33875 0.485 0.325
2 0.485 0.33875 0.47375 0.33875 0.47375 0.3525 0.485 0.3525 0.485 0.33875
2 0.47874999999999995 0.34125 0.46749999999999997 0.34125 0.46749999999999997 0.35375 0.47874999999999995 0.35375 0.47874999999999995 0.34125
2 0.4725 0.34249999999999997 0.46125 0.34249999999999997 0.46125 0.355 0.4725 0.355 0.4725 0.34249999999999997
2 0.46624999999999994 0.34500000000000003 0.45499999999999996 0.34500000000000003 0.45499999999999996 0.35750000000000004 0.46624999999999994 0.35750000000000004 0.46624999999999994 0.34500000000000003
2 0.45875000000000005 0.34500000000000003 0.44875 0.34500000000000003 0.44875 0.35875 0.45875000000000005 0.35875 0.45875000000000005 0.34500000000000003
2 0.46375 0.35875 0.45375 0.35875 0.45375 0.37 0.46375 0.37 0.46375 0.35875
2 0.47625 0.3525 0.46749999999999997 0.3525 0.46749999999999997 0.36375 0.47625 0.36375 0.47625 0.3525
2 0.50875 0.37 0.49749999999999994 0.37 0.49749999999999994 0.38375 0.50875 0.38375 0.50875 0.37
2 0.48125 0.35125 0.47375 0.35125 0.47375 0.36124999999999996 0.48125 0.36124999999999996 0.48125 0.35125
2 0.48875 0.35 0.48125 0.35 0.48125 0.36 0.48875 0.36 0.48875 0.35
2 0.49625 0.34875 0.4875 0.34875 0.4875 0.35750000000000004 0.49625 0.35750000000000004 0.49625 0.34875
2 0.5037499999999999 0.35750000000000004 0.4925 0.35750000000000004 0.4925 0.37124999999999997 0.5037499999999999 0.37124999999999997 0.5037499999999999 0.35750000000000004
2 0.47000000000000003 0.3675 0.45999999999999996 0.3675 0.45999999999999996 0.38 0.47000000000000003 0.38 0.47000000000000003 0.3675
2 0.47625 0.365 0.465 0.365 0.465 0.37875000000000003 0.47625 0.37875000000000003 0.47625 0.365
2 0.48250000000000004 0.3625 0.4725 0.3625 0.4725 0.375 0.48250000000000004 0.375 0.48250000000000004 0.3625
2 0.48624999999999996 0.36 0.47874999999999995 0.36 0.47874999999999995 0.37374999999999997 0.48624999999999996 0.37374999999999997 0.48624999999999996 0.36
2 0.495 0.36 0.485 0.36 0.485 0.37625000000000003 0.495 0.37625000000000003 0.495 0.36
2 0.51125 0.42750000000000005 0.5 0.42750000000000005 0.5 0.4425 0.51125 0.4425 0.51125 0.42750000000000005
2 0.515 0.42750000000000005 0.505 0.42750000000000005 0.505 0.43624999999999997 0.515 0.43624999999999997 0.515 0.42750000000000005
2 0.52125 0.42374999999999996 0.51125 0.42374999999999996 0.51125 0.43499999999999994 0.52125 0.43499999999999994 0.52125 0.42374999999999996
2 0.46875 0.39249999999999996 0.4575 0.39249999999999996 0.4575 0.40875000000000006 0.46875 0.40875000000000006 0.46875 0.39249999999999996
2 0.41375 0.34625 0.40499999999999997 0.34625 0.40499999999999997 0.35750000000000004 0.41375 0.35750000000000004 0.41375 0.34625
2 0.42125 0.35625 0.40875000000000006 0.35625 0.40875000000000006 0.37124999999999997 0.42125 0.37124999999999997 0.42125 0.35625
2 0.43 0.35750000000000004 0.4175 0.35750000000000004 0.4175 0.3725 0.43 0.3725 0.43 0.35750000000000004
2 0.43624999999999997 0.37 0.42374999999999996 0.37 0.42374999999999996 0.38625 0.43624999999999997 0.38625 0.43624999999999997 0.37
2 0.41125 0.3675 0.39875 0.3675 0.39875 0.3825 0.41125 0.3825 0.41125 0.3675
2 0.4225 0.375 0.41125 0.375 0.41125 0.3875 0.4225 0.3875 0.4225 0.375
2 0.44125 0.385 0.43125 0.385 0.43125 0.4 0.44125 0.4 0.44125 0.385
2 0.45 0.3975 0.43875000000000003 0.3975 0.43875000000000003 0.41375 0.45 0.41375 0.45 0.3975
2 0.45999999999999996 0.39375 0.44875 0.39375 0.44875 0.40875000000000006 0.45999999999999996 0.40875000000000006 0.45999999999999996 0.39375
2 0.42750000000000005 0.38625 0.41624999999999995 0.38625 0.41624999999999995 0.39875 0.42750000000000005 0.39875 0.42750000000000005 0.38625
2 0.3975 0.33125 0.38875000000000004 0.33125 0.38875000000000004 0.34375 0.3975 0.34375 0.3975 0.33125
2 0.42125 0.39125 0.41125 0.39125 0.41125 0.40374999999999994 0.42125 0.40374999999999994 0.42125 0.39125
2 0.43375 0.39875 0.425 0.39875 0.425 0.41 0.43375 0.41 0.43375 0.39875
2 0.42750000000000005 0.4025 0.41875 0.4025 0.41875 0.41375 0.42750000000000005 0.41375 0.42750000000000005 0.4025
2 0.43375 0.4125 0.4225 0.4125 0.4225 0.42750000000000005 0.43375 0.42750000000000005 0.43375 0.4125
2 0.44000000000000006 0.40750000000000003 0.42874999999999996 0.40750000000000003 0.42874999999999996 0.42125 0.44000000000000006 0.42125 0.44000000000000006 0.40750000000000003
2 0.45125000000000004 0.41500000000000004 0.44000000000000006 0.41500000000000004 0.44000000000000006 0.43125 0.45125000000000004 0.43125 0.45125000000000004 0.41500000000000004
2 0.44875 0.42000000000000004 0.43499999999999994 0.42000000000000004 0.43499999999999994 0.43624999999999997 0.44875 0.43624999999999997 0.44875 0.42000000000000004
2 0.4425 0.425 0.43125 0.425 0.43125 0.43875000000000003 0.4425 0.43875000000000003 0.4425 0.425
2 0.45375 0.43375 0.44375 0.43375 0.44375 0.44625000000000004 0.45375 0.44625000000000004 0.45375 0.43375
2 0.40374999999999994 0.32999999999999996 0.39625 0.32999999999999996 0.39625 0.34125 0.40374999999999994 0.34125 0.40374999999999994 0.32999999999999996
2 0.39249999999999996 0.31875 0.38125 0.31875 0.38125 0.3325 0.39249999999999996 0.3325 0.39249999999999996 0.31875
2 0.52625 0.42000000000000004 0.5175 0.42000000000000004 0.5175 0.43125 0.52625 0.43125 0.52625 0.42000000000000004
2 0.3675 0.27375 0.35750000000000004 0.27375 0.35750000000000004 0.28625 0.3675 0.28625 0.3675 0.27375
2 0.52625 0.4325 0.51625 0.4325 0.51625 0.44375 0.52625 0.44375 0.52625 0.4325
2 0.52125 0.43499999999999994 0.51 0.43499999999999994 0.51 0.44875 0.52125 0.44875 0.52125 0.43499999999999994
2 0.51625 0.44000000000000006 0.505 0.44000000000000006 0.505 0.4525 0.51625 0.4525 0.51625 0.44000000000000006
2 0.35625 0.24874999999999997 0.34625 0.24874999999999997 0.34625 0.26125 0.35625 0.26125 0.35625 0.24874999999999997
2 0.3625 0.2425 0.35125 0.2425 0.35125 0.26 0.3625 0.26 0.3625 0.2425
2 0.36875 0.24125000000000002 0.35750000000000004 0.24125000000000002 0.35750000000000004 0.2575 0.36875 0.2575 0.36875 0.24125000000000002
2 0.37 0.25625 0.35750000000000004 0.25625 0.35750000000000004 0.2725 0.37 0.2725 0.37 0.25625
2 0.37374999999999997 0.25625 0.365 0.25625 0.365 0.27 0.37374999999999997 0.27 0.37374999999999997 0.25625
2 0.3625 0.26125 0.35125 0.26125 0.35125 0.275 0.3625 0.275 0.3625 0.26125
2 0.3775 0.27125 0.365 0.27125 0.365 0.28500000000000003 0.3775 0.28500000000000003 0.3775 0.27125
2 0.40625 0.3175 0.3975 0.3175 0.3975 0.32999999999999996 0.40625 0.32999999999999996 0.40625 0.3175
2 0.3825 0.26875 0.37124999999999997 0.26875 0.37124999999999997 0.28500000000000003 0.3825 0.28500000000000003 0.3825 0.26875
2 0.37374999999999997 0.28500000000000003 0.36375 0.28500000000000003 0.36375 0.2975 0.37374999999999997 0.2975 0.37374999999999997 0.28500000000000003
2 0.3825 0.28500000000000003 0.3725 0.28500000000000003 0.3725 0.2975 0.3825 0.2975 0.3825 0.28500000000000003
2 0.38 0.2975 0.3725 0.2975 0.3725 0.30874999999999997 0.38 0.30874999999999997 0.38 0.2975
2 0.3875 0.29625 0.37875000000000003 0.29625 0.37875000000000003 0.30874999999999997 0.3875 0.30874999999999997 0.3875 0.29625
2 0.395 0.29375 0.38375 0.29375 0.38375 0.305 0.395 0.305 0.395 0.29375
2 0.40125 0.30375 0.39 0.30375 0.39 0.31875 0.40125 0.31875 0.40125 0.30375
2 0.395 0.30625 0.38375 0.30625 0.38375 0.32125 0.395 0.32125 0.395 0.30625
2 0.4 0.3175 0.39125 0.3175 0.39125 0.33125 0.4 0.33125 0.4 0.3175
2 0.3275 0.20375000000000001 0.315 0.20375000000000001 0.315 0.21625 0.3275 0.21625 0.3275 0.20375000000000001
2 0.46875 0.20875 0.45625 0.20875 0.45625 0.21749999999999997 0.46875 0.21749999999999997 0.46875 0.20875
2 0.37625000000000003 0.465 0.3675 0.465 0.3675 0.47874999999999995 0.37625000000000003 0.47874999999999995 0.37625000000000003 0.465
2 0.8400000000000001 0.8087500000000001 0.8262499999999999 0.8087500000000001 0.8262499999999999 0.83125 0.8400000000000001 0.83125 0.8400000000000001 0.8087500000000001