2 0.6825 0.25375000000000003 0.66625 0.25375000000000003 0.66625 0.28125 0.6825 0.28125 0.6825 0.25375000000000003
2 0.7025 0.16999999999999998 0.6825 0.16999999999999998 0.6825 0.21625 0.7025 0.21625 0.7025 0.16999999999999998
2 0.3775 0.057499999999999996 0.3525 0.057499999999999996 0.3525 0.07125000000000001 0.3775 0.07125000000000001 0.3775 0.057499999999999996
2 0.17375000000000002 0.042499999999999996 0.13874999999999998 0.042499999999999996 0.13874999999999998 0.0925 0.17375000000000002 0.0925 0.17375000000000002 0.042499999999999996
2 0.40374999999999994 0.065 0.35750000000000004 0.065 0.35750000000000004 0.08249999999999999 0.40374999999999994 0.08249999999999999 0.40374999999999994 0.065
2 0.3975 0.03875 0.35 0.03875 0.35 0.057499999999999996 0.3975 0.057499999999999996 0.3975 0.03875
2 0.26875 0.9800000000000001 0.25375000000000003 0.9800000000000001 0.25375000000000003 0.99125 0.26875 0.99125 0.26875 0.9800000000000001
2 0.28250000000000003 0.9737500000000001 0.26749999999999996 0.9737500000000001 0.26749999999999996 0.985 0.28250000000000003 0.985 0.28250000000000003 0.9737500000000001
2 0.06375 0.9375 0.05375 0.9375 0.05375 0.9512499999999999 0.06375 0.9512499999999999 0.06375 0.9375
2 0.05375 0.91625 0.042499999999999996 0.91625 0.042499999999999996 0.93 0.05375 0.93 0.05375 0.91625
2 0.04625 0.9037499999999999 0.0375 0.9037499999999999 0.0375 0.91625 0.04625 0.91625 0.04625 0.9037499999999999
2 0.15125 0.93 0.1375 0.93 0.1375 0.9425000000000001 0.15125 0.9425000000000001 0.15125 0.93
2 0.155 0.9375 0.13999999999999999 0.9375 0.13999999999999999 0.95 0.155 0.95 0.155 0.9375
2 0.91875 0.6825 0.9075 0.6825 0.9075 0.6950000000000001 0.91875 0.6950000000000001 0.91875 0.6825
2 0.5587500000000001 0.125 0.5525 0.125 0.5525 0.1375 0.5587500000000001 0.1375 0.5587500000000001 0.125
2 0.5525 0.125 0.54625 0.125 0.54625 0.14125000000000001 0.5525 0.14125000000000001 0.5525 0.125
2 0.5175 0.1275 0.51125 0.1275 0.51125 0.14375 0.5175 0.14375 0.5175 0.1275
2 0.5075000000000001 0.1325 0.5025000000000001 0.1325 0.5025000000000001 0.14625 0.5075000000000001 0.14625 0.5075000000000001 0.1325
2 0.495 0.13625 0.4875 0.13625 0.4875 0.15125 0.495 0.15125 0.495 0.13625
2 0.7125 0.24 0.705 0.24 0.705 0.255 0.7125 0.255 0.7125 0.24
2 0.86625 0.29500000000000004 0.85875 0.29500000000000004 0.85875 0.30874999999999997 0.86625 0.30874999999999997 0.86625 0.29500000000000004
2 0.8637499999999999 0.31875 0.85375 0.31875 0.85375 0.33375 0.8637499999999999 0.33375 0.8637499999999999 0.31875
2 0.8175000000000001 0.51875 0.80625 0.51875 0.80625 0.5349999999999999 0.8175000000000001 0.5349999999999999 0.8175000000000001 0.51875
2 0.8625 0.5525 0.85 0.5525 0.85 0.5675 0.8625 0.5675 0.8625 0.5525
2 0.78125 0.7224999999999999 0.76875 0.7224999999999999 0.76875 0.74125 0.78125 0.74125 0.78125 0.7224999999999999
2 0.99375 0.63625 0.98125 0.63625 0.98125 0.6475 0.99375 0.6475 0.99375 0.63625
2 0.9862500000000001 0.63875 0.97625 0.63875 0.97625 0.65125 0.9862500000000001 0.65125 0.9862500000000001 0.63875
2 0.98125 0.64125 0.97 0.64125 0.97 0.6537499999999999 0.98125 0.6537499999999999 0.98125 0.64125
2 0.9775 0.64625 0.9650000000000001 0.64625 0.9650000000000001 0.6599999999999999 0.9775 0.6599999999999999 0.9775 0.64625
2 0.9724999999999999 0.65 0.96 0.65 0.96 0.6637500000000001 0.9724999999999999 0.6637500000000001 0.9724999999999999 0.65
2 0.9637499999999999 0.6537499999999999 0.95375 0.6537499999999999 0.95375 0.6675 0.9637499999999999 0.6675 0.9637499999999999 0.6537499999999999
2 0.9574999999999999 0.65625 0.9475 0.65625 0.9475 0.67 0.9574999999999999 0.67 0.9574999999999999 0.65625
2 0.95375 0.6587500000000001 0.9412499999999999 0.6587500000000001 0.9412499999999999 0.675 0.95375 0.675 0.95375 0.6587500000000001
2 0.9487500000000001 0.66625 0.93625 0.66625 0.93625 0.67875 0.9487500000000001 0.67875 0.9487500000000001 0.66625
2 0.9412499999999999 0.66875 0.93 0.66875 0.93 0.68125 0.9412499999999999 0.68125 0.9412499999999999 0.66875
2 0.5650000000000001 0.12125 0.5587500000000001 0.12125 0.5587500000000001 0.135 0.5650000000000001 0.135 0.5650000000000001 0.12125
2 0.57125 0.12 0.5650000000000001 0.12 0.5650000000000001 0.1325 0.57125 0.1325 0.57125 0.12
2 0.58 0.11750000000000001 0.5725 0.11750000000000001 0.5725 0.1325 0.58 0.1325 0.58 0.11750000000000001
2 0.52 0.095 0.51375 0.095 0.51375 0.1075 0.52 0.1075 0.52 0.095
2 0.525 0.08 0.5175 0.08 0.5175 0.09375 0.525 0.09375 0.525 0.08
2 0.53125 0.08 0.52625 0.08 0.52625 0.09375 0.53125 0.09375 0.53125 0.08
2 0.5387500000000001 0.07875 0.5325 0.07875 0.5325 0.0925 0.5387500000000001 0.0925 0.5387500000000001 0.07875
2 0.55 0.07625 0.54375 0.07625 0.54375 0.0875 0.55 0.0875 0.55 0.07625
2 0.5575 0.075 0.55 0.075 0.55 0.08625000000000001 0.5575 0.08625000000000001 0.5575 0.075
2 0.5675 0.075 0.5587500000000001 0.075 0.5587500000000001 0.08875 0.5675 0.08875 0.5675 0.075
2 0.495 0.1 0.48875 0.1 0.48875 0.1125 0.495 0.1125 0.495 0.1
2 0.5075000000000001 0.09625 0.50125 0.09625 0.50125 0.11000000000000001 0.5075000000000001 0.11000000000000001 0.5075000000000001 0.09625
2 0.51375 0.095 0.50875 0.095 0.50875 0.1075 0.51375 0.1075 0.51375 0.095
2 0.52625 0.09375 0.52125 0.09375 0.52125 0.1075 0.52625 0.1075 0.52625 0.09375
2 0.5962500000000001 0.11499999999999999 0.5862499999999999 0.11499999999999999 0.5862499999999999 0.13 0.5962500000000001 0.13 0.5962500000000001 0.11499999999999999
2 0.5325 0.0925 0.52625 0.0925 0.52625 0.10500000000000001 0.5325 0.10500000000000001 0.5325 0.0925
2 0.54 0.0925 0.5337500000000001 0.0925 0.5337500000000001 0.10375000000000001 0.54 0.10375000000000001 0.54 0.0925
2 0.54625 0.09 0.54 0.09 0.54 0.1025 0.54625 0.1025 0.54625 0.09
2 0.55375 0.0875 0.5475 0.0875 0.5475 0.1025 0.55375 0.1025 0.55375 0.0875
2 0.5599999999999999 0.0875 0.55375 0.0875 0.55375 0.10124999999999999 0.5599999999999999 0.10124999999999999 0.5599999999999999 0.0875
2 0.6212500000000001 0.05500000000000001 0.6075 0.05500000000000001 0.6075 0.061250000000000006 0.6212500000000001 0.061250000000000006 0.6212500000000001 0.05500000000000001
2 0.6212500000000001 0.0625 0.6075 0.0625 0.6075 0.07125000000000001 0.6212500000000001 0.07125000000000001 0.6212500000000001 0.0625
2 0.625 0.0675 0.61125 0.0675 0.61125 0.0775 0.625 0.0775 0.625 0.0675
2 0.6275000000000001 0.07625 0.61875 0.07625 0.61875 0.08875 0.6275000000000001 0.08875 0.6275000000000001 0.07625
2 0.9262499999999999 0.67875 0.91375 0.67875 0.91375 0.6912499999999999 0.9262499999999999 0.6912499999999999 0.9262499999999999 0.67875
2 0.91375 0.6837500000000001 0.9025000000000001 0.6837500000000001 0.9025000000000001 0.69875 0.91375 0.69875 0.91375 0.6837500000000001
2 0.9087500000000001 0.68875 0.89625 0.68875 0.89625 0.7025 0.9087500000000001 0.7025 0.9087500000000001 0.68875
2 0.9037499999999999 0.69625 0.8925000000000001 0.69625 0.8925000000000001 0.7112499999999999 0.9037499999999999 0.7112499999999999 0.9037499999999999 0.69625
2 0.89625 0.72875 0.8887499999999999 0.72875 0.8887499999999999 0.7424999999999999 0.89625 0.7424999999999999 0.89625 0.72875
2 0.64 0.8612500000000001 0.6325000000000001 0.8612500000000001 0.6325000000000001 0.8775000000000001 0.64 0.8775000000000001 0.64 0.8612500000000001
2 0.7125 0.945 0.7025 0.945 0.7025 0.96125 0.7125 0.96125 0.7125 0.945
2 0.6912499999999999 1 0.6912499999999999 0.99125 0.6825 0.99125 0.6825 1 0.6912499999999999 1
2 0.1575 0.9425000000000001 0.14375 0.9425000000000001 0.14375 0.9550000000000001 0.1575 0.9550000000000001 0.1575 0.9425000000000001
2 0.19 0.875 0.1775 0.875 0.1775 0.8887499999999999 0.19 0.8887499999999999 0.19 0.875
2 0.20125 0.8724999999999999 0.19125 0.8724999999999999 0.19125 0.885 0.20125 0.885 0.20125 0.8724999999999999
2 0.17124999999999999 0.9 0.15625 0.9 0.15625 0.915 0.17124999999999999 0.915 0.17124999999999999 0.9
2 0.005 0.04625 0.00125 0.04625 0.00125 0.061250000000000006 0.005 0.061250000000000006 0.005 0.04625
2 0.0125 0.045 0.00625 0.045 0.00625 0.058750000000000004 0.0125 0.058750000000000004 0.0125 0.045
2 0.01875 0.04375 0.01125 0.04375 0.01125 0.058750000000000004 0.01875 0.058750000000000004 0.01875 0.04375
2 0.025 0.041249999999999995 0.017499999999999998 0.041249999999999995 0.017499999999999998 0.05500000000000001 0.025 0.05500000000000001 0.025 0.041249999999999995
2 0.03125 0.04 0.025 0.04 0.025 0.05500000000000001 0.03125 0.05500000000000001 0.03125 0.04
2 0.03625 0.03875 0.0325 0.03875 0.0325 0.05375 0.03625 0.05375 0.03625 0.03875
2 0.058750000000000004 0.04875 0.05125 0.04875 0.05125 0.065 0.058750000000000004 0.065 0.058750000000000004 0.04875
2 0.04875 0.05 0.041249999999999995 0.05 0.041249999999999995 0.06625 0.04875 0.06625 0.04875 0.05
2 0.24874999999999997 0.8925000000000001 0.23500000000000001 0.8925000000000001 0.23500000000000001 0.9075 0.24874999999999997 0.9075 0.24874999999999997 0.8925000000000001
2 0.175 0.90625 0.16 0.90625 0.16 0.9199999999999999 0.175 0.9199999999999999 0.175 0.90625
2 0.17625 0.91375 0.1625 0.91375 0.1625 0.925 0.17625 0.925 0.17625 0.91375
2 0.1975 0.9225 0.18625 0.9225 0.18625 0.93625 0.1975 0.93625 0.1975 0.9225
2 0.205 0.9175000000000001 0.19 0.9175000000000001 0.19 0.9349999999999999 0.205 0.9349999999999999 0.205 0.9175000000000001
2 0.2125 0.915 0.1975 0.915 0.1975 0.9337500000000001 0.2125 0.9337500000000001 0.2125 0.915
2 0.22000000000000003 0.9087500000000001 0.20625 0.9087500000000001 0.20625 0.9262499999999999 0.22000000000000003 0.9262499999999999 0.22000000000000003 0.9087500000000001
2 0.22625 0.90625 0.21375000000000002 0.90625 0.21375000000000002 0.9225 0.22625 0.9225 0.22625 0.90625
2 0.23500000000000001 0.9012499999999999 0.22374999999999998 0.9012499999999999 0.22374999999999998 0.91625 0.23500000000000001 0.91625 0.23500000000000001 0.9012499999999999
2 0.24125000000000002 0.89625 0.22875 0.89625 0.22875 0.9112500000000001 0.24125000000000002 0.9112500000000001 0.24125000000000002 0.89625
2 0.2525 0.89125 0.24 0.89125 0.24 0.9075 0.2525 0.9075 0.2525 0.89125
2 0.25625 0.8875 0.24625 0.8875 0.24625 0.9037499999999999 0.25625 0.9037499999999999 0.25625 0.8875
2 0.26749999999999996 0.88125 0.255 0.88125 0.255 0.9 0.26749999999999996 0.9 0.26749999999999996 0.88125
2 0.19624999999999998 0.8862500000000001 0.185 0.8862500000000001 0.185 0.9012499999999999 0.19624999999999998 0.9012499999999999 0.19624999999999998 0.8862500000000001
2 0.20375000000000001 0.8862500000000001 0.1925 0.8862500000000001 0.1925 0.9025000000000001 0.20375000000000001 0.9025000000000001 0.20375000000000001 0.8862500000000001
2 0.20750000000000002 0.88375 0.1975 0.88375 0.1975 0.8975 0.20750000000000002 0.8975 0.20750000000000002 0.88375
2 0.21875 0.87625 0.20750000000000002 0.87625 0.20750000000000002 0.8925000000000001 0.21875 0.8925000000000001 0.21875 0.87625
2 0.225 0.8712500000000001 0.21375000000000002 0.8712500000000001 0.21375000000000002 0.8887499999999999 0.225 0.8887499999999999 0.225 0.8712500000000001
2 0.23125 0.8699999999999999 0.21875 0.8699999999999999 0.21875 0.8862500000000001 0.23125 0.8862500000000001 0.23125 0.8699999999999999
2 0.00375 0.061250000000000006 0.00125 0.061250000000000006 0.00125 0.07375000000000001 0.00375 0.07375000000000001 0.00375 0.061250000000000006
2 0.01 0.058750000000000004 0.005 0.058750000000000004 0.005 0.0725 0.01 0.0725 0.01 0.058750000000000004
2 0.01625 0.057499999999999996 0.01 0.057499999999999996 0.01 0.07125000000000001 0.01625 0.07125000000000001 0.01625 0.057499999999999996
2 0.026250000000000002 0.05500000000000001 0.02 0.05500000000000001 0.02 0.06999999999999999 0.026250000000000002 0.06999999999999999 0.026250000000000002 0.05500000000000001
2 0.05625 0.0975 0.03875 0.0975 0.03875 0.1075 0.05625 0.1075 0.05625 0.0975
2 0.0325 0.05500000000000001 0.027500000000000004 0.05500000000000001 0.027500000000000004 0.0675 0.0325 0.0675 0.0325 0.05500000000000001
2 0.03875 0.052500000000000005 0.0325 0.052500000000000005 0.0325 0.0675 0.03875 0.0675 0.03875 0.052500000000000005
2 0.10625 0.0675 0.09875 0.0675 0.09875 0.08249999999999999 0.10625 0.08249999999999999 0.10625 0.0675
2 0.09875 0.06999999999999999 0.09125 0.06999999999999999 0.09125 0.08375 0.09875 0.08375 0.09875 0.06999999999999999
2 0.0725 0.0775 0.06625 0.0775 0.06625 0.09125 0.0725 0.09125 0.0725 0.0775
2 0.061250000000000006 0.07875 0.05625 0.07875 0.05625 0.0925 0.061250000000000006 0.0925 0.061250000000000006 0.07875
2 0.05625 0.07875 0.04875 0.07875 0.04875 0.09375 0.05625 0.09375 0.05625 0.07875
2 0.04875 0.08375 0.041249999999999995 0.08375 0.041249999999999995 0.0975 0.04875 0.0975 0.04875 0.08375
2 0.0375 0.08249999999999999 0.028749999999999998 0.08249999999999999 0.028749999999999998 0.09875 0.0375 0.09875 0.0375 0.08249999999999999
2 0.03 0.08625000000000001 0.021249999999999998 0.08625000000000001 0.021249999999999998 0.1025 0.03 0.1025 0.03 0.08625000000000001
2 0.0225 0.0875 0.01625 0.0875 0.01625 0.10375000000000001 0.0225 0.10375000000000001 0.0225 0.0875
2 0.017499999999999998 0.09 0.01 0.09 0.01 0.10625 0.017499999999999998 0.10625 0.017499999999999998 0.09
2 0.01125 0.09125 0.00125 0.09125 0.00125 0.10874999999999999 0.01125 0.10874999999999999 0.01125 0.09125
2 0.0025 0.0925 0.00125 0.0925 0.00125 0.10874999999999999 0.0025 0.10874999999999999 0.0025 0.0925
2 0.51625 0.08249999999999999 0.51125 0.08249999999999999 0.51125 0.095 0.51625 0.095 0.51625 0.08249999999999999
2 0.5125 0.08249999999999999 0.505 0.08249999999999999 0.505 0.09625 0.5125 0.09625 0.5125 0.08249999999999999
2 0.505 0.08375 0.49874999999999997 0.08375 0.49874999999999997 0.09625 0.505 0.09625 0.505 0.08375
2 0.49874999999999997 0.08249999999999999 0.4925 0.08249999999999999 0.4925 0.09875 0.49874999999999997 0.09875 0.49874999999999997 0.08249999999999999
2 0.4925 0.08499999999999999 0.4875 0.08499999999999999 0.4875 0.0975 0.4925 0.0975 0.4925 0.08499999999999999
2 0.12125 0.9225 0.10874999999999999 0.9225 0.10874999999999999 0.93625 0.12125 0.93625 0.12125 0.9225
2 0.17875000000000002 0.92125 0.1675 0.92125 0.1675 0.92875 0.17875000000000002 0.92875 0.17875000000000002 0.92125
2 0.84375 0.07125000000000001 0.83625 0.07125000000000001 0.83625 0.08625000000000001 0.84375 0.08625000000000001 0.84375 0.07125000000000001
2 0.335 0.44749999999999995 0.32125 0.44749999999999995 0.32125 0.4575 0.335 0.4575 0.335 0.44749999999999995
2 0.72375 0.265 0.71 0.265 0.71 0.29 0.72375 0.29 0.72375 0.265