2 0.18875 0.26375000000000004 0.16999999999999998 0.26375000000000004 0.16999999999999998 0.31 0.18875 0.31 0.18875 0.26375000000000004
2 0.185 0.8474999999999999 0.17875000000000002 0.8474999999999999 0.17875000000000002 0.8625 0.185 0.8625 0.185 0.8474999999999999
2 0.20375000000000001 0.8574999999999999 0.1875 0.8574999999999999 0.1875 0.86625 0.20375000000000001 0.86625 0.20375000000000001 0.8574999999999999
2 0.20625 0.8412499999999999 0.1925 0.8412499999999999 0.1925 0.85 0.20625 0.85 0.20625 0.8412499999999999
2 0.20875 0.835 0.19375 0.835 0.19375 0.8425 0.20875 0.8425 0.20875 0.835
2 0.2125 0.82875 0.19375 0.82875 0.19375 0.8375 0.2125 0.8375 0.2125 0.82875
2 0.21125 0.82 0.19375 0.82 0.19375 0.8300000000000001 0.21125 0.8300000000000001 0.21125 0.82
2 0.24500000000000002 0.69375 0.22999999999999998 0.69375 0.22999999999999998 0.70125 0.24500000000000002 0.70125 0.24500000000000002 0.69375
2 0.25375000000000003 0.6575 0.24 0.6575 0.24 0.665 0.25375000000000003 0.665 0.25375000000000003 0.6575
2 0.27999999999999997 0.68625 0.27 0.68625 0.27 0.70375 0.27999999999999997 0.70375 0.27999999999999997 0.68625
2 0.325 0.6725 0.30874999999999997 0.6725 0.30874999999999997 0.6799999999999999 0.325 0.6799999999999999 0.325 0.6725
2 0.34500000000000003 0.67625 0.32875 0.67625 0.32875 0.6849999999999999 0.34500000000000003 0.6849999999999999 0.34500000000000003 0.67625
2 0.22000000000000003 0.6375 0.205 0.6375 0.205 0.645 0.22000000000000003 0.645 0.22000000000000003 0.6375
2 0.48 0.35125 0.46749999999999997 0.35125 0.46749999999999997 0.35625 0.48 0.35625 0.48 0.35125
2 0.48125 0.365 0.47000000000000003 0.365 0.47000000000000003 0.37374999999999997 0.48125 0.37374999999999997 0.48125 0.365
2 0.49124999999999996 0.3975 0.47874999999999995 0.3975 0.47874999999999995 0.40374999999999994 0.49124999999999996 0.40374999999999994 0.49124999999999996 0.3975
2 0.49124999999999996 0.4125 0.47750000000000004 0.4125 0.47750000000000004 0.42125 0.49124999999999996 0.42125 0.49124999999999996 0.4125
2 0.48875 0.41875 0.475 0.41875 0.475 0.42874999999999996 0.48875 0.42874999999999996 0.48875 0.41875
2 0.48250000000000004 0.42374999999999996 0.47000000000000003 0.42374999999999996 0.47000000000000003 0.4375 0.48250000000000004 0.4375 0.48250000000000004 0.42374999999999996
2 0.47750000000000004 0.42750000000000005 0.465 0.42750000000000005 0.465 0.44125 0.47750000000000004 0.44125 0.47750000000000004 0.42750000000000005
2 0.4725 0.43125 0.45999999999999996 0.43125 0.45999999999999996 0.44375 0.4725 0.44375 0.4725 0.43125
2 0.46375 0.43624999999999997 0.45499999999999996 0.43624999999999997 0.45499999999999996 0.45 0.46375 0.45 0.46375 0.43624999999999997
2 0.4575 0.43375 0.44875 0.43375 0.44875 0.45 0.4575 0.45 0.4575 0.43375
2 0.45 0.43624999999999997 0.4425 0.43624999999999997 0.4425 0.45 0.45 0.45 0.45 0.43624999999999997
2 0.4425 0.43499999999999994 0.43624999999999997 0.43499999999999994 0.43624999999999997 0.4525 0.4425 0.4525 0.4425 0.43499999999999994
2 0.43499999999999994 0.43375 0.42874999999999996 0.43375 0.42874999999999996 0.44749999999999995 0.43499999999999994 0.44749999999999995 0.43499999999999994 0.43375
2 0.42750000000000005 0.43375 0.4225 0.43375 0.4225 0.44749999999999995 0.42750000000000005 0.44749999999999995 0.42750000000000005 0.43375
2 0.41875 0.43125 0.4125 0.43125 0.4125 0.44625000000000004 0.41875 0.44625000000000004 0.41875 0.43125
2 0.48 0.35875 0.46875 0.35875 0.46875 0.365 0.48 0.365 0.48 0.35875
2 0.48 0.34249999999999997 0.465 0.34249999999999997 0.465 0.35 0.48 0.35 0.48 0.34249999999999997
2 0.22000000000000003 0.60875 0.20875 0.60875 0.20875 0.61375 0.22000000000000003 0.61375 0.22000000000000003 0.60875
2 0.2725 0.58 0.255 0.58 0.255 0.5875 0.2725 0.5875 0.2725 0.58
2 0.26875 0.58875 0.25625 0.58875 0.25625 0.595 0.26875 0.595 0.26875 0.58875
2 0.25 0.49749999999999994 0.23500000000000001 0.49749999999999994 0.23500000000000001 0.5025000000000001 0.25 0.5025000000000001 0.25 0.49749999999999994
2 0.36375 0.21875 0.34875 0.21875 0.34875 0.22875 0.36375 0.22875 0.36375 0.21875
2 0.38 0.25625 0.3725 0.25625 0.3725 0.27125 0.38 0.27125 0.38 0.25625
2 0.3675 0.255 0.3625 0.255 0.3625 0.27 0.3675 0.27 0.3675 0.255
2 0.36124999999999996 0.255 0.35625 0.255 0.35625 0.26875 0.36124999999999996 0.26875 0.36124999999999996 0.255
2 0.355 0.255 0.34875 0.255 0.34875 0.27 0.355 0.27 0.355 0.255
2 0.35125 0.27875 0.34500000000000003 0.27875 0.34500000000000003 0.29500000000000004 0.35125 0.29500000000000004 0.35125 0.27875
2 0.35750000000000004 0.27999999999999997 0.3525 0.27999999999999997 0.3525 0.29375 0.35750000000000004 0.29375 0.35750000000000004 0.27999999999999997
2 0.3625 0.28250000000000003 0.35875 0.28250000000000003 0.35875 0.29500000000000004 0.3625 0.29500000000000004 0.3625 0.28250000000000003
2 0.36875 0.28375 0.36375 0.28375 0.36375 0.29500000000000004 0.36875 0.29500000000000004 0.36875 0.28375
2 0.375 0.28500000000000003 0.37 0.28500000000000003 0.37 0.2975 0.375 0.2975 0.375 0.28500000000000003
2 0.36 0.43125 0.3525 0.43125 0.3525 0.44749999999999995 0.36 0.44749999999999995 0.36 0.43125
2 0.205 0.745 0.195 0.745 0.195 0.755 0.205 0.755 0.205 0.745