2 0.04625 0.8712500000000001 0.0325 0.8712500000000001 0.0325 0.91625 0.04625 0.91625 0.04625 0.8712500000000001
2 0.03625 0.85875 0.02375 0.85875 0.02375 0.8949999999999999 0.03625 0.8949999999999999 0.03625 0.85875
2 0.026250000000000002 0.8550000000000001 0.015 0.8550000000000001 0.015 0.8949999999999999 0.026250000000000002 0.8949999999999999 0.026250000000000002 0.8550000000000001
2 0.01625 0.8550000000000001 0.0025 0.8550000000000001 0.0025 0.89875 0.01625 0.89875 0.01625 0.8550000000000001
2 0.135 1 0.135 0.9949999999999999 0.0975 0.9949999999999999 0.0975 1 0.135 1
2 0.5662499999999999 0.7625 0.5225 0.7625 0.5225 0.775 0.5662499999999999 0.775 0.5662499999999999 0.7625
2 0.68875 0.21000000000000002 0.6837500000000001 0.21000000000000002 0.6837500000000001 0.2225 0.68875 0.2225 0.68875 0.21000000000000002
2 0.6975 0.20875 0.6912499999999999 0.20875 0.6912499999999999 0.22374999999999998 0.6975 0.22374999999999998 0.6975 0.20875
2 0.70875 0.21125 0.70125 0.21125 0.70125 0.2225 0.70875 0.2225 0.70875 0.21125
2 0.585 0.3 0.57125 0.3 0.57125 0.31375000000000003 0.585 0.31375000000000003 0.585 0.3
2 0.58875 0.29375 0.5775 0.29375 0.5775 0.3075 0.58875 0.3075 0.58875 0.29375
2 0.99125 0.17875000000000002 0.97875 0.17875000000000002 0.97875 0.18375 0.99125 0.18375 0.99125 0.17875000000000002
2 0.9925 0.17250000000000001 0.97875 0.17250000000000001 0.97875 0.17875000000000002 0.9925 0.17875000000000002 0.9925 0.17250000000000001
2 0.9949999999999999 0.16 0.9824999999999999 0.16 0.9824999999999999 0.16499999999999998 0.9949999999999999 0.16499999999999998 0.9949999999999999 0.16
2 0.9949999999999999 0.15375 0.9824999999999999 0.15375 0.9824999999999999 0.16 0.9949999999999999 0.16 0.9949999999999999 0.15375
2 0.9962500000000001 0.14750000000000002 0.98375 0.14750000000000002 0.98375 0.1525 0.9962500000000001 0.1525 0.9962500000000001 0.14750000000000002
2 0.9800000000000001 0.07375000000000001 0.9737500000000001 0.07375000000000001 0.9737500000000001 0.08499999999999999 0.9800000000000001 0.08499999999999999 0.9800000000000001 0.07375000000000001
2 0.9824999999999999 0.058750000000000004 0.97625 0.058750000000000004 0.97625 0.07125000000000001 0.9824999999999999 0.07125000000000001 0.9824999999999999 0.058750000000000004
2 0.9862500000000001 0.03 0.97875 0.03 0.97875 0.042499999999999996 0.9862500000000001 0.042499999999999996 0.9862500000000001 0.03
2 0.9875 0.017499999999999998 0.98375 0.017499999999999998 0.98375 0.028749999999999998 0.9875 0.028749999999999998 0.9875 0.017499999999999998
2 0.99 0.00375 0.98375 0.00375 0.98375 0.015 0.99 0.015 0.99 0.00375
2 0.59375 0.29125 0.585 0.29125 0.585 0.3 0.59375 0.3 0.59375 0.29125
2 0.6012500000000001 0.2875 0.5912499999999999 0.2875 0.5912499999999999 0.29874999999999996 0.6012500000000001 0.29874999999999996 0.6012500000000001 0.2875
2 0.64125 0.29874999999999996 0.6287499999999999 0.29874999999999996 0.6287499999999999 0.31124999999999997 0.64125 0.31124999999999997 0.64125 0.29874999999999996
2 0.64625 0.30375 0.63375 0.30375 0.63375 0.31625000000000003 0.64625 0.31625000000000003 0.64625 0.30375
2 0.65125 0.31124999999999997 0.6375 0.31124999999999997 0.6375 0.32375 0.65125 0.32375 0.65125 0.31124999999999997
2 0.975 0.10124999999999999 0.96875 0.10124999999999999 0.96875 0.11499999999999999 0.975 0.11499999999999999 0.975 0.10124999999999999
2 0.9737500000000001 0.11499999999999999 0.9662499999999999 0.11499999999999999 0.9662499999999999 0.12875 0.9737500000000001 0.12875 0.9737500000000001 0.11499999999999999
2 0.9712500000000001 0.13125 0.9637499999999999 0.13125 0.9637499999999999 0.145 0.9712500000000001 0.145 0.9712500000000001 0.13125
2 0.96875 0.145 0.9637499999999999 0.145 0.9637499999999999 0.1575 0.96875 0.1575 0.96875 0.145
2 0.9675 0.15875 0.9625 0.15875 0.9625 0.17124999999999999 0.9675 0.17124999999999999 0.9675 0.15875
2 0.03 1 0.03 0.99375 0.01625 0.99375 0.01625 1 0.03 1
2 0.06625 0.9425000000000001 0.05125 0.9425000000000001 0.05125 0.95 0.06625 0.95 0.06625 0.9425000000000001
2 0.2375 0.12875 0.225 0.12875 0.225 0.13625 0.2375 0.13625 0.2375 0.12875
2 0.25375000000000003 0.1325 0.23875000000000002 0.1325 0.23875000000000002 0.13999999999999999 0.25375000000000003 0.13999999999999999 0.25375000000000003 0.1325
2 0.2225 0.12625 0.21000000000000002 0.12625 0.21000000000000002 0.135 0.2225 0.135 0.2225 0.12625
2 0.20750000000000002 0.125 0.19624999999999998 0.125 0.19624999999999998 0.1325 0.20750000000000002 0.1325 0.20750000000000002 0.125
2 0.195 0.12250000000000001 0.18125 0.12250000000000001 0.18125 0.13125 0.195 0.13125 0.195 0.12250000000000001
2 0.17875000000000002 0.12250000000000001 0.16625 0.12250000000000001 0.16625 0.12875 0.17875000000000002 0.12875 0.17875000000000002 0.12250000000000001
2 0.03875 0.03375 0.0325 0.03375 0.0325 0.04625 0.03875 0.04625 0.03875 0.03375
2 0.27875 0.03625 0.265 0.03625 0.265 0.042499999999999996 0.27875 0.042499999999999996 0.27875 0.03625
2 0.2375 0.06375 0.22875 0.06375 0.22875 0.0775 0.2375 0.0775 0.2375 0.06375
2 0.23374999999999999 0.08375 0.22625 0.08375 0.22625 0.09625 0.23374999999999999 0.09625 0.23374999999999999 0.08375
2 0.1875 0.08499999999999999 0.18125 0.08499999999999999 0.18125 0.09875 0.1875 0.09875 0.1875 0.08499999999999999
2 0.03375 0.10124999999999999 0.0225 0.10124999999999999 0.0225 0.1075 0.03375 0.1075 0.03375 0.10124999999999999
2 0.04875 0.10124999999999999 0.03625 0.10124999999999999 0.03625 0.10874999999999999 0.04875 0.10874999999999999 0.04875 0.10124999999999999
2 0.08 0.10625 0.06375 0.10625 0.06375 0.11374999999999999 0.08 0.11374999999999999 0.08 0.10625
2 0.09375 0.10874999999999999 0.08125 0.10874999999999999 0.08125 0.11625 0.09375 0.11625 0.09375 0.10874999999999999
2 0.12125 0.11374999999999999 0.1075 0.11374999999999999 0.1075 0.12 0.12125 0.12 0.12125 0.11374999999999999
2 0.1325 0.11625 0.12 0.11625 0.12 0.12250000000000001 0.1325 0.12250000000000001 0.1325 0.11625
2 0.25875 0.00125 0.25125000000000003 0.00125 0.25125000000000003 0.0075 0.25875 0.0075 0.25875 0.00125
2 0.042499999999999996 0.021249999999999998 0.03375 0.021249999999999998 0.03375 0.034999999999999996 0.042499999999999996 0.034999999999999996 0.042499999999999996 0.021249999999999998
2 0.028749999999999998 0.01 0.01625 0.01 0.01625 0.015 0.028749999999999998 0.015 0.028749999999999998 0.01
2 0.03125 0.00125 0.021249999999999998 0.00125 0.021249999999999998 0.0025 0.03125 0.0025 0.03125 0.00125
2 0.43375 0.027500000000000004 0.42625 0.027500000000000004 0.42625 0.03875 0.43375 0.03875 0.43375 0.027500000000000004
2 1 0.135 0.985 0.135 0.985 0.14250000000000002 1 0.14250000000000002 1 0.135