2 0.02 0.225 0.00625 0.225 0.00625 0.23374999999999999 0.02 0.23374999999999999 0.02 0.225
2 0.01875 0.24375 0.0025 0.24375 0.0025 0.25 0.01875 0.25 0.01875 0.24375
2 0.00625 0.645 0.00125 0.645 0.00125 0.6537499999999999 0.00625 0.6537499999999999 0.00625 0.645
2 0.0225 0.21375000000000002 0.0075 0.21375000000000002 0.0075 0.22000000000000003 0.0225 0.22000000000000003 0.0225 0.21375000000000002
2 0.0225 0.205 0.01 0.205 0.01 0.2125 0.0225 0.2125 0.0225 0.205
2 0.03625 0.16875 0.0225 0.16875 0.0225 0.17625 0.03625 0.17625 0.03625 0.16875
2 0.03625 0.16125 0.021249999999999998 0.16125 0.021249999999999998 0.16875 0.03625 0.16875 0.03625 0.16125
2 0.04375 0.12375 0.028749999999999998 0.12375 0.028749999999999998 0.1325 0.04375 0.1325 0.04375 0.12375
2 0.041249999999999995 0.13999999999999999 0.027500000000000004 0.13999999999999999 0.027500000000000004 0.14750000000000002 0.041249999999999995 0.14750000000000002 0.041249999999999995 0.13999999999999999
2 0.04 0.155 0.025 0.155 0.025 0.1625 0.04 0.1625 0.04 0.155
2 0.21625 1 0.21625 0.9962500000000001 0.21125 0.9962500000000001 0.21125 1 0.21625 1
2 0.20249999999999999 1 0.20249999999999999 0.9925 0.1975 0.9925 0.1975 1 0.20249999999999999 1
2 0.1925 1 0.1925 0.99125 0.18875 0.99125 0.18875 1 0.1925 1
2 0.32999999999999996 0.98375 0.31375000000000003 0.98375 0.31375000000000003 0.99125 0.32999999999999996 0.99125 0.32999999999999996 0.98375
2 0.34875 0.9862500000000001 0.33375 0.9862500000000001 0.33375 0.9949999999999999 0.34875 0.9949999999999999 0.34875 0.9862500000000001
2 0.37374999999999997 0.99 0.35875 0.99 0.35875 0.9974999999999999 0.37374999999999997 0.9974999999999999 0.37374999999999997 0.99
2 0.5325 0.9487500000000001 0.52625 0.9487500000000001 0.52625 0.96125 0.5325 0.96125 0.5325 0.9487500000000001
2 0.5599999999999999 0.93875 0.55375 0.93875 0.55375 0.9512499999999999 0.5599999999999999 0.9512499999999999 0.5599999999999999 0.93875
2 0.53625 0.9225 0.5287499999999999 0.9225 0.5287499999999999 0.93625 0.53625 0.93625 0.53625 0.9225
2 0.54 0.9037499999999999 0.5337500000000001 0.9037499999999999 0.5337500000000001 0.91875 0.54 0.91875 0.54 0.9037499999999999
2 0.5175 0.91625 0.5037499999999999 0.91625 0.5037499999999999 0.9237500000000001 0.5175 0.9237500000000001 0.5175 0.91625
2 0.5425 0.8887499999999999 0.53625 0.8887499999999999 0.53625 0.9012499999999999 0.5425 0.9012499999999999 0.5425 0.8887499999999999
2 0.56875 0.8699999999999999 0.5625 0.8699999999999999 0.5625 0.8825 0.56875 0.8825 0.56875 0.8699999999999999
2 0.255 0.9475 0.24125000000000002 0.9475 0.24125000000000002 0.95625 0.255 0.95625 0.255 0.9475
2 0.21000000000000002 1 0.21000000000000002 0.99375 0.205 0.99375 0.205 1 0.21000000000000002 1
2 0.225 1 0.225 0.9962500000000001 0.22000000000000003 0.9962500000000001 0.22000000000000003 1 0.225 1
2 0.2325 1 0.2325 0.9974999999999999 0.22875 0.9974999999999999 0.22875 1 0.2325 1
2 0.1925 0.80625 0.18375 0.80625 0.18375 0.82 0.1925 0.82 0.1925 0.80625
2 0.18125 0.8525 0.175 0.8525 0.175 0.86625 0.18125 0.86625 0.18125 0.8525
2 0.17625 0.8825 0.1675 0.8825 0.1675 0.89625 0.17625 0.89625 0.17625 0.8825
2 0.17250000000000001 0.89625 0.16375 0.89625 0.16375 0.9112500000000001 0.17250000000000001 0.9112500000000001 0.17250000000000001 0.89625
2 0.16125 0.93 0.14875 0.93 0.14875 0.95375 0.16125 0.95375 0.16125 0.93
2 0.1825 0.96125 0.16375 0.96125 0.16375 0.9675 0.1825 0.9675 0.1825 0.96125
2 0.24874999999999997 1 0.24874999999999997 0.9974999999999999 0.2425 0.9974999999999999 0.2425 1 0.24874999999999997 1
2 0.24 1 0.24 0.9974999999999999 0.23500000000000001 0.9974999999999999 0.23500000000000001 1 0.24 1
2 0.79625 0.8712500000000001 0.7825 0.8712500000000001 0.7825 0.91625 0.79625 0.91625 0.79625 0.8712500000000001
2 0.78625 0.85875 0.7737499999999999 0.85875 0.7737499999999999 0.8949999999999999 0.78625 0.8949999999999999 0.78625 0.85875
2 0.77625 0.8550000000000001 0.765 0.8550000000000001 0.765 0.8949999999999999 0.77625 0.8949999999999999 0.77625 0.8550000000000001
2 0.76625 0.8550000000000001 0.7525000000000001 0.8550000000000001 0.7525000000000001 0.89875 0.76625 0.89875 0.76625 0.8550000000000001
2 0.74375 0.355 0.70125 0.355 0.70125 0.36875 0.74375 0.36875 0.74375 0.355
2 0.885 1 0.885 0.9949999999999999 0.8474999999999999 0.9949999999999999 0.8474999999999999 1 0.885 1
2 0.0725 0.00375 0.06625 0.00375 0.06625 0.01625 0.0725 0.01625 0.0725 0.00375
2 0.058750000000000004 0.00125 0.05125 0.00125 0.05125 0.013750000000000002 0.058750000000000004 0.013750000000000002 0.058750000000000004 0.00125
2 0.042499999999999996 0.00125 0.0375 0.00125 0.0375 0.0075 0.042499999999999996 0.0075 0.042499999999999996 0.00125
2 0.034999999999999996 0.00125 0.03 0.00125 0.03 0.00625 0.034999999999999996 0.00625 0.034999999999999996 0.00125
2 0.028749999999999998 0.00125 0.02375 0.00125 0.02375 0.00375 0.028749999999999998 0.00375 0.028749999999999998 0.00125
2 0.01125 0.01125 0.005 0.01125 0.005 0.026250000000000002 0.01125 0.026250000000000002 0.01125 0.01125
2 0.01875 0.015 0.01125 0.015 0.01125 0.027500000000000004 0.01875 0.027500000000000004 0.01875 0.015
2 0.027500000000000004 0.015 0.02 0.015 0.02 0.027500000000000004 0.027500000000000004 0.027500000000000004 0.027500000000000004 0.015
2 0.0375 0.028749999999999998 0.03 0.028749999999999998 0.03 0.04375 0.0375 0.04375 0.0375 0.028749999999999998
2 0.04625 0.027500000000000004 0.03625 0.027500000000000004 0.03625 0.04375 0.04625 0.04375 0.04625 0.027500000000000004
2 0.052500000000000005 0.0325 0.042499999999999996 0.0325 0.042499999999999996 0.04625 0.052500000000000005 0.04625 0.052500000000000005 0.0325
2 0.057499999999999996 0.03625 0.04875 0.03625 0.04875 0.04875 0.057499999999999996 0.04875 0.057499999999999996 0.03625
2 0.06625 0.03625 0.057499999999999996 0.03625 0.057499999999999996 0.05 0.06625 0.05 0.06625 0.03625
2 0.065 0.065 0.05625 0.065 0.05625 0.08 0.065 0.08 0.065 0.065
2 0.03 0.027500000000000004 0.025 0.027500000000000004 0.025 0.041249999999999995 0.03 0.041249999999999995 0.03 0.027500000000000004
2 0.25625 0.9412499999999999 0.2425 0.9412499999999999 0.2425 0.9487500000000001 0.25625 0.9487500000000001 0.25625 0.9412499999999999
2 0.2975 0.915 0.28250000000000003 0.915 0.28250000000000003 0.9199999999999999 0.2975 0.9199999999999999 0.2975 0.915
2 0.2975 0.90625 0.28500000000000003 0.90625 0.28500000000000003 0.9125 0.2975 0.9125 0.2975 0.90625
2 0.265 0.89875 0.25375000000000003 0.89875 0.25375000000000003 0.905 0.265 0.905 0.265 0.89875
2 0.5037499999999999 0.43125 0.495 0.43125 0.495 0.44375 0.5037499999999999 0.44375 0.5037499999999999 0.43125
2 0.49874999999999997 0.5549999999999999 0.485 0.5549999999999999 0.485 0.5625 0.49874999999999997 0.5625 0.49874999999999997 0.5549999999999999
2 0.5925 0.54 0.5862499999999999 0.54 0.5862499999999999 0.5525 0.5925 0.5525 0.5925 0.54
2 0.6125 0.5475 0.60625 0.5475 0.60625 0.5625 0.6125 0.5625 0.6125 0.5475
2 0.59875 0.5 0.5912499999999999 0.5 0.5912499999999999 0.51625 0.59875 0.51625 0.59875 0.5
2 0.25625 0.505 0.24874999999999997 0.505 0.24874999999999997 0.52 0.25625 0.52 0.25625 0.505
2 0.265 0.4725 0.255 0.4725 0.255 0.4875 0.265 0.4875 0.265 0.4725
2 0.25375000000000003 0.475 0.2475 0.475 0.2475 0.48875 0.25375000000000003 0.48875 0.25375000000000003 0.475
2 0.50125 0.44875 0.495 0.44875 0.495 0.465 0.50125 0.465 0.50125 0.44875
2 0.32 0.38 0.30874999999999997 0.38 0.30874999999999997 0.385 0.32 0.385 0.32 0.38
2 0.47625 0.34375 0.4625 0.34375 0.4625 0.34875 0.47625 0.34875 0.47625 0.34375
2 0.47375 0.37625000000000003 0.46125 0.37625000000000003 0.46125 0.38125 0.47375 0.38125 0.47375 0.37625000000000003
2 0.48250000000000004 0.33625 0.46749999999999997 0.33625 0.46749999999999997 0.34125 0.48250000000000004 0.34125 0.48250000000000004 0.33625
2 0.51125 0.28875 0.5037499999999999 0.28875 0.5037499999999999 0.30375 0.51125 0.30375 0.51125 0.28875
2 0.515 0.26 0.5075000000000001 0.26 0.5075000000000001 0.27375 0.515 0.27375 0.515 0.26
2 0.53 0.24500000000000002 0.5237499999999999 0.24500000000000002 0.5237499999999999 0.25875 0.53 0.25875 0.53 0.24500000000000002
2 0.52 0.21625 0.515 0.21625 0.515 0.22875 0.52 0.22875 0.52 0.21625
2 0.315 0.22875 0.31 0.22875 0.31 0.2425 0.315 0.2425 0.315 0.22875
2 0.32375 0.5675 0.31375000000000003 0.5675 0.31375000000000003 0.58375 0.32375 0.58375 0.32375 0.5675
2 0.34500000000000003 0.65 0.32999999999999996 0.65 0.32999999999999996 0.6537499999999999 0.34500000000000003 0.6537499999999999 0.34500000000000003 0.65
2 0.34249999999999997 0.6587500000000001 0.32875 0.6587500000000001 0.32875 0.66625 0.34249999999999997 0.66625 0.34249999999999997 0.6587500000000001
2 0.34125 0.665 0.32625000000000004 0.665 0.32625000000000004 0.67375 0.34125 0.67375 0.34125 0.665
2 0.26749999999999996 0.8925000000000001 0.255 0.8925000000000001 0.255 0.89875 0.26749999999999996 0.89875 0.26749999999999996 0.8925000000000001
2 0.26875 0.885 0.255 0.885 0.255 0.89125 0.26875 0.89125 0.26875 0.885
2 0.26875 0.8787499999999999 0.255 0.8787499999999999 0.255 0.885 0.26875 0.885 0.26875 0.8787499999999999
2 0.27375 0.8612500000000001 0.26 0.8612500000000001 0.26 0.8675 0.27375 0.8675 0.27375 0.8612500000000001
2 0.27625 0.85625 0.26 0.85625 0.26 0.8625 0.27625 0.8625 0.27625 0.85625
2 0.305 0.8625 0.29 0.8625 0.29 0.8699999999999999 0.305 0.8699999999999999 0.305 0.8625
2 0.31625000000000003 0.9400000000000001 0.31124999999999997 0.9400000000000001 0.31124999999999997 0.9525 0.31625000000000003 0.9525 0.31625000000000003 0.9400000000000001
2 0.4875 0.9012499999999999 0.47375 0.9012499999999999 0.47375 0.9099999999999999 0.4875 0.9099999999999999 0.4875 0.9012499999999999
2 0.3125 0.8175000000000001 0.29625 0.8175000000000001 0.29625 0.8275 0.3125 0.8275 0.3125 0.8175000000000001
2 0.49749999999999994 0.8387499999999999 0.48250000000000004 0.8387499999999999 0.48250000000000004 0.8462500000000001 0.49749999999999994 0.8462500000000001 0.49749999999999994 0.8387499999999999
2 0.49749999999999994 0.83375 0.48375 0.83375 0.48375 0.8400000000000001 0.49749999999999994 0.8400000000000001 0.49749999999999994 0.83375
2 0.5037499999999999 0.7887500000000001 0.49124999999999996 0.7887500000000001 0.49124999999999996 0.79625 0.5037499999999999 0.79625 0.5037499999999999 0.7887500000000001
2 0.47625 0.73125 0.46875 0.73125 0.46875 0.74375 0.47625 0.74375 0.47625 0.73125
2 0.3325 0.7 0.3175 0.7 0.3175 0.7075 0.3325 0.7075 0.3325 0.7
2 0.33625 0.6837500000000001 0.3225 0.6837500000000001 0.3225 0.6925 0.33625 0.6925 0.33625 0.6837500000000001
2 0.33625 0.6799999999999999 0.32375 0.6799999999999999 0.32375 0.6875 0.33625 0.6875 0.33625 0.6799999999999999
2 0.33999999999999997 0.6725 0.32625000000000004 0.6725 0.32625000000000004 0.67875 0.33999999999999997 0.67875 0.33999999999999997 0.6725
2 0.31875 0.21625 0.31124999999999997 0.21625 0.31124999999999997 0.22749999999999998 0.31875 0.22749999999999998 0.31875 0.21625
2 0.32375 0.18875 0.3175 0.18875 0.3175 0.20375000000000001 0.32375 0.20375000000000001 0.32375 0.18875
2 0.32875 0.15875 0.3225 0.15875 0.3225 0.175 0.32875 0.175 0.32875 0.15875
2 0.58875 0.025 0.58375 0.025 0.58375 0.0375 0.58875 0.0375 0.58875 0.025
2 0.5337500000000001 0.02375 0.52 0.02375 0.52 0.03 0.5337500000000001 0.03 0.5337500000000001 0.02375
2 0.53625 0.01625 0.5225 0.01625 0.5225 0.02375 0.53625 0.02375 0.53625 0.01625
2 0.5349999999999999 0.01 0.5225 0.01 0.5225 0.01625 0.5349999999999999 0.01625 0.5349999999999999 0.01
2 0.5337500000000001 0.00375 0.52125 0.00375 0.52125 0.01 0.5337500000000001 0.01 0.5337500000000001 0.00375
2 0.53625 0.00125 0.525 0.00125 0.525 0.0025 0.53625 0.0025 0.53625 0.00125
2 0.3975 0.05375 0.38625 0.05375 0.38625 0.061250000000000006 0.3975 0.061250000000000006 0.3975 0.05375
2 0.41500000000000004 0.05625 0.4 0.05625 0.4 0.0625 0.41500000000000004 0.0625 0.41500000000000004 0.05625
2 0.40125 0.03 0.38875000000000004 0.03 0.38875000000000004 0.03625 0.40125 0.03625 0.40125 0.03
2 0.41875 0.0325 0.40625 0.0325 0.40625 0.03875 0.41875 0.03875 0.41875 0.0325
2 0.43375 0.034999999999999996 0.42125 0.034999999999999996 0.42125 0.04375 0.43375 0.04375 0.43375 0.034999999999999996
2 0.46375 0.03875 0.44875 0.03875 0.44875 0.04625 0.46375 0.04625 0.46375 0.03875
2 0.4875 0.042499999999999996 0.475 0.042499999999999996 0.475 0.04875 0.4875 0.04875 0.4875 0.042499999999999996
2 0.5875 0.0025 0.5725 0.0025 0.5725 0.0075 0.5875 0.0075 0.5875 0.0025
2 0.5825 0.008749999999999999 0.5725 0.008749999999999999 0.5725 0.015 0.5825 0.015 0.5825 0.008749999999999999
2 0.58 0.025 0.575 0.025 0.575 0.0375 0.58 0.0375 0.58 0.025
2 0.2975 0.17625 0.29125 0.17625 0.29125 0.19125 0.2975 0.19125 0.2975 0.17625
2 0.5725 0.02375 0.5662499999999999 0.02375 0.5662499999999999 0.034999999999999996 0.5725 0.034999999999999996 0.5725 0.02375
2 0.30375 0.14750000000000002 0.3 0.14750000000000002 0.3 0.16 0.30375 0.16 0.30375 0.14750000000000002
2 0.54 0.17375000000000002 0.5349999999999999 0.17375000000000002 0.5349999999999999 0.18625 0.54 0.18625 0.54 0.17375000000000002
2 0.54125 0.15875 0.53625 0.15875 0.53625 0.16999999999999998 0.54125 0.16999999999999998 0.54125 0.15875
2 0.5349999999999999 0.12375 0.5287499999999999 0.12375 0.5287499999999999 0.13625 0.5349999999999999 0.13625 0.5349999999999999 0.12375
2 0.5375 0.1075 0.53 0.1075 0.53 0.12125 0.5375 0.12125 0.5375 0.1075
2 0.31 0.12625 0.3025 0.12625 0.3025 0.13999999999999999 0.31 0.13999999999999999 0.31 0.12625
2 0.3125 0.11125 0.30625 0.11125 0.30625 0.12375 0.3125 0.12375 0.3125 0.11125
2 0.31625000000000003 0.09625 0.30874999999999997 0.09625 0.30874999999999997 0.10874999999999999 0.31625000000000003 0.10874999999999999 0.31625000000000003 0.09625
2 0.32 0.07875 0.3125 0.07875 0.3125 0.09 0.32 0.09 0.32 0.07875
2 0.3225 0.06625 0.315 0.06625 0.315 0.0775 0.3225 0.0775 0.3225 0.06625
2 0.325 0.05 0.3175 0.05 0.3175 0.0625 0.325 0.0625 0.325 0.05
2 0.33999999999999997 0.1075 0.33375 0.1075 0.33375 0.12125 0.33999999999999997 0.12125 0.33999999999999997 0.1075
2 0.34375 0.0925 0.33625 0.0925 0.33625 0.10625 0.34375 0.10625 0.34375 0.0925
2 0.4725 0.12375 0.4575 0.12375 0.4575 0.13125 0.4725 0.13125 0.4725 0.12375
2 0.47125000000000006 0.065 0.4575 0.065 0.4575 0.07125000000000001 0.47125000000000006 0.07125000000000001 0.47125000000000006 0.065
2 0.59375 0.08249999999999999 0.58375 0.08249999999999999 0.58375 0.09 0.59375 0.09 0.59375 0.08249999999999999
2 0.6025 0.06 0.58875 0.06 0.58875 0.0675 0.6025 0.0675 0.6025 0.06
2 0.7462500000000001 0.9662499999999999 0.74 0.9662499999999999 0.74 0.9800000000000001 0.7462500000000001 0.9800000000000001 0.7462500000000001 0.9662499999999999
2 0.78 1 0.78 0.99375 0.76625 0.99375 0.76625 1 0.78 1
2 0.8162499999999999 0.9425000000000001 0.8012499999999999 0.9425000000000001 0.8012499999999999 0.95 0.8162499999999999 0.95 0.8162499999999999 0.9425000000000001
2 0.9875 0.12875 0.975 0.12875 0.975 0.13625 0.9875 0.13625 0.9875 0.12875
2 1 0.1325 0.9887499999999999 0.1325 0.9887499999999999 0.13874999999999998 1 0.13874999999999998 1 0.1325
2 0.66625 0.1825 0.6587500000000001 0.1825 0.6587500000000001 0.195 0.66625 0.195 0.66625 0.1825
2 0.63875 0.22625 0.6325000000000001 0.22625 0.6325000000000001 0.23875000000000002 0.63875 0.23875000000000002 0.63875 0.22625
2 0.6375 0.24125000000000002 0.63 0.24125000000000002 0.63 0.255 0.6375 0.255 0.6375 0.24125000000000002
2 0.65625 0.2475 0.65 0.2475 0.65 0.2575 0.65625 0.2575 0.65625 0.2475
2 0.655 0.26 0.6487499999999999 0.26 0.6487499999999999 0.27125 0.655 0.27125 0.655 0.26
2 0.6325000000000001 0.27625 0.625 0.27625 0.625 0.29 0.6325000000000001 0.29 0.6325000000000001 0.27625
2 0.65125 0.27625 0.645 0.27625 0.645 0.28875 0.65125 0.28875 0.65125 0.27625
2 0.65 0.2925 0.64375 0.2925 0.64375 0.30375 0.65 0.30375 0.65 0.2925
2 0.9724999999999999 0.12625 0.96 0.12625 0.96 0.135 0.9724999999999999 0.135 0.9724999999999999 0.12625
2 0.9574999999999999 0.125 0.94625 0.125 0.94625 0.1325 0.9574999999999999 0.1325 0.9574999999999999 0.125
2 0.945 0.12250000000000001 0.93125 0.12250000000000001 0.93125 0.13125 0.945 0.13125 0.945 0.12250000000000001
2 0.92875 0.12250000000000001 0.91625 0.12250000000000001 0.91625 0.12875 0.92875 0.12875 0.92875 0.12250000000000001
2 0.7887500000000001 0.03375 0.7825 0.03375 0.7825 0.04625 0.7887500000000001 0.04625 0.7887500000000001 0.03375
2 0.9875 0.06375 0.97875 0.06375 0.97875 0.0775 0.9875 0.0775 0.9875 0.06375
2 0.98375 0.08375 0.97625 0.08375 0.97625 0.09625 0.98375 0.09625 0.98375 0.08375
2 0.9375 0.08499999999999999 0.93125 0.08499999999999999 0.93125 0.09875 0.9375 0.09875 0.9375 0.08499999999999999
2 0.67375 0.06875 0.6625 0.06875 0.6625 0.075 0.67375 0.075 0.67375 0.06875
2 0.65125 0.135 0.6425 0.135 0.6425 0.14875 0.65125 0.14875 0.65125 0.135
2 0.6675 0.16625 0.6625 0.16625 0.6625 0.1775 0.6675 0.1775 0.6675 0.16625
2 0.645 0.1675 0.64 0.1675 0.64 0.18 0.645 0.18 0.645 0.1675
2 0.64375 0.18375 0.6375 0.18375 0.6375 0.195 0.64375 0.195 0.64375 0.18375
2 0.71375 0.09125 0.7025 0.09125 0.7025 0.095 0.71375 0.095 0.71375 0.09125
2 0.73 0.09375 0.7175 0.09375 0.7175 0.1 0.73 0.1 0.73 0.09375
2 0.7837500000000001 0.10124999999999999 0.7725 0.10124999999999999 0.7725 0.1075 0.7837500000000001 0.1075 0.7837500000000001 0.10124999999999999
2 0.79875 0.10124999999999999 0.78625 0.10124999999999999 0.78625 0.10874999999999999 0.79875 0.10874999999999999 0.79875 0.10124999999999999
2 0.8300000000000001 0.10625 0.81375 0.10625 0.81375 0.11374999999999999 0.8300000000000001 0.11374999999999999 0.8300000000000001 0.10625
2 0.84375 0.10874999999999999 0.83125 0.10874999999999999 0.83125 0.11625 0.84375 0.11625 0.84375 0.10874999999999999
2 0.8712500000000001 0.11374999999999999 0.8574999999999999 0.11374999999999999 0.8574999999999999 0.12 0.8712500000000001 0.12 0.8712500000000001 0.11374999999999999
2 0.8825 0.11625 0.8699999999999999 0.11625 0.8699999999999999 0.12250000000000001 0.8825 0.12250000000000001 0.8825 0.11625
2 0.7925 0.021249999999999998 0.7837500000000001 0.021249999999999998 0.7837500000000001 0.034999999999999996 0.7925 0.034999999999999996 0.7925 0.021249999999999998
2 0.7787499999999999 0.01 0.76625 0.01 0.76625 0.015 0.7787499999999999 0.015 0.7787499999999999 0.01
2 0.78125 0.00125 0.77125 0.00125 0.77125 0.0025 0.78125 0.0025 0.78125 0.00125
2 0.51375 0.97 0.49749999999999994 0.97 0.49749999999999994 0.9800000000000001 0.51375 0.9800000000000001 0.51375 0.97