2 0.14125000000000001 0.28375 0.1275 0.28375 0.1275 0.29375 0.14125000000000001 0.29375 0.14125000000000001 0.28375
2 0.1025 0.28500000000000003 0.095 0.28500000000000003 0.095 0.29874999999999996 0.1025 0.29874999999999996 0.1025 0.28500000000000003
2 0.14875 0.2625 0.1325 0.2625 0.1325 0.2725 0.14875 0.2725 0.14875 0.2625
2 0.14375 0.27375 0.13125 0.27375 0.13125 0.28250000000000003 0.14375 0.28250000000000003 0.14375 0.27375
2 0.16499999999999998 0.29874999999999996 0.15125 0.29874999999999996 0.15125 0.305 0.16499999999999998 0.305 0.16499999999999998 0.29874999999999996
2 0.16375 0.31 0.15 0.31 0.15 0.31625000000000003 0.16375 0.31625000000000003 0.16375 0.31
2 0.1625 0.315 0.14625 0.315 0.14625 0.3225 0.1625 0.3225 0.1625 0.315
2 0.16999999999999998 0.27875 0.1575 0.27875 0.1575 0.28625 0.16999999999999998 0.28625 0.16999999999999998 0.27875
2 0.185 0.0975 0.17875000000000002 0.0975 0.17875000000000002 0.1125 0.185 0.1125 0.185 0.0975
2 0.20375000000000001 0.1075 0.1875 0.1075 0.1875 0.11625 0.20375000000000001 0.11625 0.20375000000000001 0.1075
2 0.20625 0.09125 0.1925 0.09125 0.1925 0.1 0.20625 0.1 0.20625 0.09125
2 0.20875 0.08499999999999999 0.19375 0.08499999999999999 0.19375 0.0925 0.20875 0.0925 0.20875 0.08499999999999999
2 0.2125 0.07875 0.19375 0.07875 0.19375 0.0875 0.2125 0.0875 0.2125 0.07875
2 0.21125 0.06999999999999999 0.19375 0.06999999999999999 0.19375 0.08 0.21125 0.08 0.21125 0.06999999999999999
2 0.03875 0.925 0.03375 0.925 0.03375 0.93875 0.03875 0.93875 0.03875 0.925
2 0.07625 0.885 0.07125000000000001 0.885 0.07125000000000001 0.9 0.07625 0.9 0.07625 0.885
2 0.04 0.9574999999999999 0.025 0.9574999999999999 0.025 0.9625 0.04 0.9625 0.04 0.9574999999999999
2 0.041249999999999995 0.9775 0.03 0.9775 0.03 0.9925 0.041249999999999995 0.9925 0.041249999999999995 0.9775
2 0.19875 0.9175000000000001 0.185 0.9175000000000001 0.185 0.9237500000000001 0.19875 0.9237500000000001 0.19875 0.9175000000000001
2 0.22374999999999998 0.9412499999999999 0.21000000000000002 0.9412499999999999 0.21000000000000002 0.9475 0.22374999999999998 0.9475 0.22374999999999998 0.9412499999999999
2 0.22374999999999998 0.9550000000000001 0.20875 0.9550000000000001 0.20875 0.96125 0.22374999999999998 0.96125 0.22374999999999998 0.9550000000000001
2 0.21875 0.9662499999999999 0.20625 0.9662499999999999 0.20625 0.97 0.21875 0.97 0.21875 0.9662499999999999
2 0.21875 0.9724999999999999 0.20625 0.9724999999999999 0.20625 0.97625 0.21875 0.97625 0.21875 0.9724999999999999
2 0.1525 0.23500000000000001 0.13874999999999998 0.23500000000000001 0.13874999999999998 0.2425 0.1525 0.2425 0.1525 0.23500000000000001
2 0.15 0.2425 0.1375 0.2425 0.1375 0.25125000000000003 0.15 0.25125000000000003 0.15 0.2425
2 0.16999999999999998 0.26625 0.15875 0.26625 0.15875 0.27375 0.16999999999999998 0.27375 0.16999999999999998 0.26625
2 0.17375000000000002 0.2575 0.16 0.2575 0.16 0.26625 0.17375000000000002 0.26625 0.17375000000000002 0.2575