2 0.53125 0.6975 0.52125 0.6975 0.52125 0.71 0.53125 0.71 0.53125 0.6975
2 0.5325 0.70875 0.51875 0.70875 0.51875 0.7224999999999999 0.5325 0.7224999999999999 0.5325 0.70875
2 0.53 0.72 0.51625 0.72 0.51625 0.7325 0.53 0.7325 0.53 0.72
2 0.52625 0.73125 0.51625 0.73125 0.51625 0.74375 0.52625 0.74375 0.52625 0.73125
2 0.5275000000000001 0.74 0.515 0.74 0.515 0.755 0.5275000000000001 0.755 0.5275000000000001 0.74
2 0.525 0.75 0.51375 0.75 0.51375 0.765 0.525 0.765 0.525 0.75
2 0.5225 0.7625 0.51125 0.7625 0.51125 0.7737499999999999 0.5225 0.7737499999999999 0.5225 0.7625
2 0.5225 0.7725 0.51125 0.7725 0.51125 0.7837500000000001 0.5225 0.7837500000000001 0.5225 0.7725
2 0.61 0.64 0.5974999999999999 0.64 0.5974999999999999 0.65125 0.61 0.65125 0.61 0.64
2 0.61125 0.6599999999999999 0.5962500000000001 0.6599999999999999 0.5962500000000001 0.67125 0.61125 0.67125 0.61125 0.6599999999999999
2 0.60875 0.67 0.5962500000000001 0.67 0.5962500000000001 0.6837500000000001 0.60875 0.6837500000000001 0.60875 0.67
2 0.60625 0.6799999999999999 0.595 0.6799999999999999 0.595 0.6912499999999999 0.60625 0.6912499999999999 0.60625 0.6799999999999999
2 0.6012500000000001 0.7325 0.5875 0.7325 0.5875 0.745 0.6012500000000001 0.745 0.6012500000000001 0.7325
2 0.5974999999999999 0.7537499999999999 0.58 0.7537499999999999 0.58 0.76875 0.5974999999999999 0.76875 0.5974999999999999 0.7537499999999999
2 0.59375 0.76625 0.58125 0.76625 0.58125 0.7775000000000001 0.59375 0.7775000000000001 0.59375 0.76625
2 0.59375 0.77625 0.5825 0.77625 0.5825 0.78625 0.59375 0.78625 0.59375 0.77625
2 0.5912499999999999 0.8612500000000001 0.58 0.8612500000000001 0.58 0.8675 0.5912499999999999 0.8675 0.5912499999999999 0.8612500000000001
2 0.63375 0.8712500000000001 0.6287499999999999 0.8712500000000001 0.6287499999999999 0.88375 0.63375 0.88375 0.63375 0.8712500000000001
2 0.6525000000000001 0.86625 0.64375 0.86625 0.64375 0.8825 0.6525000000000001 0.8825 0.6525000000000001 0.86625
2 0.5325 0.6875 0.52125 0.6875 0.52125 0.69875 0.5325 0.69875 0.5325 0.6875
2 0.5387500000000001 0.68125 0.52625 0.68125 0.52625 0.69375 0.5387500000000001 0.69375 0.5387500000000001 0.68125
2 0.44749999999999995 0.71875 0.4375 0.71875 0.4375 0.735 0.44749999999999995 0.735 0.44749999999999995 0.71875
2 0.07125000000000001 0.395 0.06375 0.395 0.06375 0.40875000000000006 0.07125000000000001 0.40875000000000006 0.07125000000000001 0.395
2 0.00375 0.365 0.00125 0.365 0.00125 0.37124999999999997 0.00375 0.37124999999999997 0.00375 0.365
2 0.01125 0.42874999999999996 0.00375 0.42874999999999996 0.00375 0.4425 0.01125 0.4425 0.01125 0.42874999999999996
2 0.03625 0.4325 0.028749999999999998 0.4325 0.028749999999999998 0.44625000000000004 0.03625 0.44625000000000004 0.03625 0.4325
2 0.04875 0.40625 0.041249999999999995 0.40625 0.041249999999999995 0.42000000000000004 0.04875 0.42000000000000004 0.04875 0.40625
2 0.045 0.39125 0.04 0.39125 0.04 0.40374999999999994 0.045 0.40374999999999994 0.045 0.39125
2 0.0375 0.39 0.0325 0.39 0.0325 0.40374999999999994 0.0375 0.40374999999999994 0.0375 0.39
2 0.03125 0.39 0.026250000000000002 0.39 0.026250000000000002 0.40374999999999994 0.03125 0.40374999999999994 0.03125 0.39
2 0.026250000000000002 0.38875000000000004 0.01875 0.38875000000000004 0.01875 0.4025 0.026250000000000002 0.4025 0.026250000000000002 0.38875000000000004
2 0.017499999999999998 0.40125 0.01 0.40125 0.01 0.41375 0.017499999999999998 0.41375 0.017499999999999998 0.40125
2 0.03625 0.3675 0.021249999999999998 0.3675 0.021249999999999998 0.37625000000000003 0.03625 0.37625000000000003 0.03625 0.3675
2 0.06375 0.3725 0.05 0.3725 0.05 0.37875000000000003 0.06375 0.37875000000000003 0.06375 0.3725
2 0.1625 0.38375 0.14750000000000002 0.38375 0.14750000000000002 0.39249999999999996 0.1625 0.39249999999999996 0.1625 0.38375
2 0.4575 0.6599999999999999 0.44625000000000004 0.6599999999999999 0.44625000000000004 0.6825 0.4575 0.6825 0.4575 0.6599999999999999
2 0.6 0.7212500000000001 0.5875 0.7212500000000001 0.5875 0.73375 0.6 0.73375 0.6 0.7212500000000001
2 0.6125 0.86 0.5962500000000001 0.86 0.5962500000000001 0.86875 0.6125 0.86875 0.6125 0.86