2 0.40499999999999997 0.89125 0.39625 0.89125 0.39625 0.905 0.40499999999999997 0.905 0.40499999999999997 0.89125
2 0.2875 0.9349999999999999 0.27999999999999997 0.9349999999999999 0.27999999999999997 0.9475 0.2875 0.9475 0.2875 0.9349999999999999
2 0.16625 0.9512499999999999 0.15125 0.9512499999999999 0.15125 0.96125 0.16625 0.96125 0.16625 0.9512499999999999
2 0.13999999999999999 0.925 0.125 0.925 0.125 0.93 0.13999999999999999 0.93 0.13999999999999999 0.925
2 0.17625 0.91875 0.1625 0.91875 0.1625 0.925 0.17625 0.925 0.17625 0.91875
2 0.0375 0.52125 0.0325 0.52125 0.0325 0.5349999999999999 0.0375 0.5349999999999999 0.0375 0.52125
2 0.07625 0.48125 0.07125000000000001 0.48125 0.07125000000000001 0.49625 0.07625 0.49625 0.07625 0.48125
2 0.04 0.55375 0.025 0.55375 0.025 0.5587500000000001 0.04 0.5587500000000001 0.04 0.55375
2 0.041249999999999995 0.57375 0.03 0.57375 0.03 0.58875 0.041249999999999995 0.58875 0.041249999999999995 0.57375
2 0.19875 0.51375 0.185 0.51375 0.185 0.52 0.19875 0.52 0.19875 0.51375
2 0.22374999999999998 0.5375 0.21000000000000002 0.5375 0.21000000000000002 0.54375 0.22374999999999998 0.54375 0.22374999999999998 0.5375
2 0.22374999999999998 0.55125 0.20875 0.55125 0.20875 0.5575 0.22374999999999998 0.5575 0.22374999999999998 0.55125
2 0.21875 0.5625 0.20625 0.5625 0.20625 0.5662499999999999 0.21875 0.5662499999999999 0.21875 0.5625
2 0.21875 0.56875 0.20625 0.56875 0.20625 0.5725 0.21875 0.5725 0.21875 0.56875
2 0.21625 0.59375 0.2 0.59375 0.2 0.6012500000000001 0.21625 0.6012500000000001 0.21625 0.59375
2 0.21375000000000002 0.6 0.19875 0.6 0.19875 0.6075 0.21375000000000002 0.6075 0.21375000000000002 0.6
2 0.2125 0.60875 0.1975 0.60875 0.1975 0.615 0.2125 0.615 0.2125 0.60875
2 0.1775 0.8225 0.1625 0.8225 0.1625 0.8300000000000001 0.1775 0.8300000000000001 0.1775 0.8225
2 0.1875 0.8324999999999999 0.175 0.8324999999999999 0.175 0.8387499999999999 0.1875 0.8387499999999999 0.1875 0.8324999999999999
2 0.18375 0.8412499999999999 0.16875 0.8412499999999999 0.16875 0.8487500000000001 0.18375 0.8487500000000001 0.18375 0.8412499999999999
2 0.1825 0.85375 0.1675 0.85375 0.1675 0.86 0.1825 0.86 0.1825 0.85375
2 0.18 0.9125 0.16499999999999998 0.9125 0.16499999999999998 0.91875 0.18 0.91875 0.18 0.9125