2 0.07375000000000001 0.16499999999999998 0.065 0.16499999999999998 0.065 0.18375 0.07375000000000001 0.18375 0.07375000000000001 0.16499999999999998
2 0.37875000000000003 0.6224999999999999 0.36 0.6224999999999999 0.36 0.6575 0.37875000000000003 0.6575 0.37875000000000003 0.6224999999999999
2 0.325 0.5075000000000001 0.315 0.5075000000000001 0.315 0.525 0.325 0.525 0.325 0.5075000000000001
2 0.32125 0.43624999999999997 0.31 0.43624999999999997 0.31 0.45499999999999996 0.32125 0.45499999999999996 0.32125 0.43624999999999997
2 0.34125 0.4875 0.33125 0.4875 0.33125 0.5 0.34125 0.5 0.34125 0.4875
2 0.39125 0.65625 0.3775 0.65625 0.3775 0.67875 0.39125 0.67875 0.39125 0.65625
2 0.375 0.5237499999999999 0.3525 0.5237499999999999 0.3525 0.56125 0.375 0.56125 0.375 0.5237499999999999
2 0.135 0.485 0.12375 0.485 0.12375 0.5037499999999999 0.135 0.5037499999999999 0.135 0.485
2 0.0725 0.5075000000000001 0.06 0.5075000000000001 0.06 0.5225 0.0725 0.5225 0.0725 0.5075000000000001
2 0.08249999999999999 0.5025000000000001 0.07125000000000001 0.5025000000000001 0.07125000000000001 0.52 0.08249999999999999 0.52 0.08249999999999999 0.5025000000000001
2 0.09875 0.49625 0.08875 0.49625 0.08875 0.5125 0.09875 0.5125 0.09875 0.49625
2 0.23125 0.32999999999999996 0.21875 0.32999999999999996 0.21875 0.34249999999999997 0.23125 0.34249999999999997 0.23125 0.32999999999999996
2 0.1925 0.16625 0.185 0.16625 0.185 0.185 0.1925 0.185 0.1925 0.16625
2 0.19125 0.09125 0.185 0.09125 0.185 0.11000000000000001 0.19125 0.11000000000000001 0.19125 0.09125
2 0.14125000000000001 0.35875 0.12625 0.35875 0.12625 0.37 0.14125000000000001 0.37 0.14125000000000001 0.35875
2 0.1 0.35 0.08625000000000001 0.35 0.08625000000000001 0.36 0.1 0.36 0.1 0.35
2 0.058750000000000004 0.32875 0.04625 0.32875 0.04625 0.34125 0.058750000000000004 0.34125 0.058750000000000004 0.32875
2 0.41125 0.72375 0.39875 0.72375 0.39875 0.7462500000000001 0.41125 0.7462500000000001 0.41125 0.72375
2 0.0125 0.8462500000000001 0.00125 0.8462500000000001 0.00125 0.8574999999999999 0.0125 0.8574999999999999 0.0125 0.8462500000000001
2 0.015 0.8550000000000001 0.00125 0.8550000000000001 0.00125 0.8612500000000001 0.015 0.8612500000000001 0.015 0.8550000000000001
2 0.01875 0.8612500000000001 0.00375 0.8612500000000001 0.00375 0.8712500000000001 0.01875 0.8712500000000001 0.01875 0.8612500000000001
2 0.15 0.79375 0.135 0.79375 0.135 0.8025 0.15 0.8025 0.15 0.79375
2 0.29 0.67125 0.2725 0.67125 0.2725 0.6825 0.29 0.6825 0.29 0.67125
2 0.40125 0.6425 0.3825 0.6425 0.3825 0.6775 0.40125 0.6775 0.40125 0.6425
2 0.45625 0.8099999999999999 0.44375 0.8099999999999999 0.44375 0.8375 0.45625 0.8375 0.45625 0.8099999999999999
2 0.46375 0.8375 0.44875 0.8375 0.44875 0.8612500000000001 0.46375 0.8612500000000001 0.46375 0.8375
2 0.46875 0.8975 0.4575 0.8975 0.4575 0.91625 0.46875 0.91625 0.46875 0.8975
2 0.49000000000000005 0.9675 0.48 0.9675 0.48 0.9887499999999999 0.49000000000000005 0.9887499999999999 0.49000000000000005 0.9675
2 0.11125 0.042499999999999996 0.1025 0.042499999999999996 0.1025 0.05125 0.11125 0.05125 0.11125 0.042499999999999996
2 0.04875 0.04375 0.03875 0.04375 0.03875 0.05500000000000001 0.04875 0.05500000000000001 0.04875 0.04375
2 0.08375 0.0625 0.07375000000000001 0.0625 0.07375000000000001 0.07625 0.08375 0.07625 0.08375 0.0625
2 0.09125 0.057499999999999996 0.07875 0.057499999999999996 0.07875 0.06875 0.09125 0.06875 0.09125 0.057499999999999996
2 0.12625 0.05500000000000001 0.11499999999999999 0.05500000000000001 0.11499999999999999 0.06625 0.12625 0.06625 0.12625 0.05500000000000001
2 0.10874999999999999 0.0725 0.0925 0.0725 0.0925 0.08249999999999999 0.10874999999999999 0.08249999999999999 0.10874999999999999 0.0725
2 0.09625 0.07875 0.08625000000000001 0.07875 0.08625000000000001 0.0875 0.09625 0.0875 0.09625 0.07875
2 0.0875 0.08625000000000001 0.07375000000000001 0.08625000000000001 0.07375000000000001 0.095 0.0875 0.095 0.0875 0.08625000000000001
2 0.05375 0.10874999999999999 0.045 0.10874999999999999 0.045 0.12 0.05375 0.12 0.05375 0.10874999999999999
2 0.04875 0.11125 0.03625 0.11125 0.03625 0.125 0.04875 0.125 0.04875 0.11125
2 0.03875 0.12125 0.03 0.12125 0.03 0.13374999999999998 0.03875 0.13374999999999998 0.03875 0.12125
2 0.0325 0.1275 0.025 0.1275 0.025 0.1375 0.0325 0.1375 0.0325 0.1275
2 0.026250000000000002 0.13 0.02 0.13 0.02 0.14250000000000002 0.026250000000000002 0.14250000000000002 0.026250000000000002 0.13
2 0.01875 0.1375 0.008749999999999999 0.1375 0.008749999999999999 0.15375 0.01875 0.15375 0.01875 0.1375
2 0.0125 0.14250000000000002 0.0025 0.14250000000000002 0.0025 0.15875 0.0125 0.15875 0.0125 0.14250000000000002
2 0.06375 0.13874999999999998 0.052500000000000005 0.13874999999999998 0.052500000000000005 0.15 0.06375 0.15 0.06375 0.13874999999999998
2 0.058750000000000004 0.145 0.04875 0.145 0.04875 0.15625 0.058750000000000004 0.15625 0.058750000000000004 0.145
2 0.052500000000000005 0.14875 0.042499999999999996 0.14875 0.042499999999999996 0.15875 0.052500000000000005 0.15875 0.052500000000000005 0.14875
2 0.0475 0.1525 0.0375 0.1525 0.0375 0.1625 0.0475 0.1625 0.0475 0.1525
2 0.03875 0.16 0.025 0.16 0.025 0.17250000000000001 0.03875 0.17250000000000001 0.03875 0.16
2 0.03125 0.16499999999999998 0.02 0.16499999999999998 0.02 0.17625 0.03125 0.17625 0.03125 0.16499999999999998
2 0.021249999999999998 0.17250000000000001 0.01125 0.17250000000000001 0.01125 0.18375 0.021249999999999998 0.18375 0.021249999999999998 0.17250000000000001
2 0.015 0.17875000000000002 0.005 0.17875000000000002 0.005 0.1875 0.015 0.1875 0.015 0.17875000000000002
2 0.01 0.18125 0.00125 0.18125 0.00125 0.1925 0.01 0.1925 0.01 0.18125
2 0.013750000000000002 0.21375000000000002 0.0075 0.21375000000000002 0.0075 0.22875 0.013750000000000002 0.22875 0.013750000000000002 0.21375000000000002
2 0.052500000000000005 0.18125 0.042499999999999996 0.18125 0.042499999999999996 0.1975 0.052500000000000005 0.1975 0.052500000000000005 0.18125
2 0.057499999999999996 0.18125 0.05 0.18125 0.05 0.1925 0.057499999999999996 0.1925 0.057499999999999996 0.18125
2 0.0775 0.1625 0.07125000000000001 0.1625 0.07125000000000001 0.175 0.0775 0.175 0.0775 0.1625
2 0.09125 0.1525 0.08125 0.1525 0.08125 0.16625 0.09125 0.16625 0.09125 0.1525
2 0.095 0.14875 0.08625000000000001 0.14875 0.08625000000000001 0.16125 0.095 0.16125 0.095 0.14875
2 0.14375 0.10375000000000001 0.1325 0.10375000000000001 0.1325 0.11750000000000001 0.14375 0.11750000000000001 0.14375 0.10375000000000001
2 0.14750000000000002 0.1025 0.13874999999999998 0.1025 0.13874999999999998 0.11125 0.14750000000000002 0.11125 0.14750000000000002 0.1025
2 0.1525 0.0975 0.13999999999999999 0.0975 0.13999999999999999 0.1075 0.1525 0.1075 0.1525 0.0975
2 0.1575 0.08125 0.145 0.08125 0.145 0.09 0.1575 0.09 0.1575 0.08125
2 0.11499999999999999 0.24 0.10625 0.24 0.10625 0.25125000000000003 0.11499999999999999 0.25125000000000003 0.11499999999999999 0.24
2 0.11000000000000001 0.24375 0.1 0.24375 0.1 0.25625 0.11000000000000001 0.25625 0.11000000000000001 0.24375
2 0.095 0.25125000000000003 0.08625000000000001 0.25125000000000003 0.08625000000000001 0.26625 0.095 0.26625 0.095 0.25125000000000003
2 0.0875 0.255 0.08 0.255 0.08 0.26875 0.0875 0.26875 0.0875 0.255
2 0.08249999999999999 0.25875 0.075 0.25875 0.075 0.27125 0.08249999999999999 0.27125 0.08249999999999999 0.25875
2 0.07875 0.26125 0.06875 0.26125 0.06875 0.275 0.07875 0.275 0.07875 0.26125
2 0.0725 0.265 0.0625 0.265 0.0625 0.27999999999999997 0.0725 0.27999999999999997 0.0725 0.265
2 0.06625 0.26625 0.057499999999999996 0.26625 0.057499999999999996 0.28125 0.06625 0.28125 0.06625 0.26625
2 0.0625 0.27125 0.05375 0.27125 0.05375 0.28500000000000003 0.0625 0.28500000000000003 0.0625 0.27125
2 0.05625 0.27375 0.04875 0.27375 0.04875 0.28875 0.05625 0.28875 0.05625 0.27375
2 0.05125 0.275 0.042499999999999996 0.275 0.042499999999999996 0.29125 0.05125 0.29125 0.05125 0.275
2 0.0475 0.28250000000000003 0.0375 0.28250000000000003 0.0375 0.29500000000000004 0.0475 0.29500000000000004 0.0475 0.28250000000000003
2 0.04 0.28625 0.03 0.28625 0.03 0.3 0.04 0.3 0.04 0.28625
2 0.03625 0.29 0.026250000000000002 0.29 0.026250000000000002 0.3025 0.03625 0.3025 0.03625 0.29
2 0.03125 0.2925 0.021249999999999998 0.2925 0.021249999999999998 0.305 0.03125 0.305 0.03125 0.2925
2 0.025 0.29625 0.01625 0.29625 0.01625 0.31124999999999997 0.025 0.31124999999999997 0.025 0.29625
2 0.01875 0.29874999999999996 0.01 0.29874999999999996 0.01 0.3125 0.01875 0.3125 0.01875 0.29874999999999996
2 0.15 0.47750000000000004 0.14250000000000002 0.47750000000000004 0.14250000000000002 0.495 0.15 0.495 0.15 0.47750000000000004
2 0.15625 0.475 0.15 0.475 0.15 0.49375 0.15625 0.49375 0.15625 0.475
2 0.1675 0.4725 0.16 0.4725 0.16 0.49000000000000005 0.1675 0.49000000000000005 0.1675 0.4725
2 0.17375000000000002 0.46875 0.16625 0.46875 0.16625 0.485 0.17375000000000002 0.485 0.17375000000000002 0.46875
2 0.18 0.47000000000000003 0.17250000000000001 0.47000000000000003 0.17250000000000001 0.485 0.18 0.485 0.18 0.47000000000000003
2 0.18625 0.46749999999999997 0.18 0.46749999999999997 0.18 0.48125 0.18625 0.48125 0.18625 0.46749999999999997
2 0.1925 0.46624999999999994 0.18625 0.46624999999999994 0.18625 0.48250000000000004 0.1925 0.48250000000000004 0.1925 0.46624999999999994
2 0.19875 0.46375 0.19125 0.46375 0.19125 0.47874999999999995 0.19875 0.47874999999999995 0.19875 0.46375
2 0.20375000000000001 0.45999999999999996 0.19624999999999998 0.45999999999999996 0.19624999999999998 0.47625 0.20375000000000001 0.47625 0.20375000000000001 0.45999999999999996
2 0.21000000000000002 0.45875000000000005 0.20125 0.45875000000000005 0.20125 0.47375 0.21000000000000002 0.47375 0.21000000000000002 0.45875000000000005
2 0.215 0.45499999999999996 0.20625 0.45499999999999996 0.20625 0.47125000000000006 0.215 0.47125000000000006 0.215 0.45499999999999996
2 0.22374999999999998 0.45499999999999996 0.215 0.45499999999999996 0.215 0.46875 0.22374999999999998 0.46875 0.22374999999999998 0.45499999999999996
2 0.15375 0.51 0.14625 0.51 0.14625 0.5237499999999999 0.15375 0.5237499999999999 0.15375 0.51
2 0.16 0.51 0.1525 0.51 0.1525 0.5225 0.16 0.5225 0.16 0.51
2 0.1775 0.5025000000000001 0.16999999999999998 0.5025000000000001 0.16999999999999998 0.5175 0.1775 0.5175 0.1775 0.5025000000000001
2 0.19125 0.49874999999999997 0.1825 0.49874999999999997 0.1825 0.5125 0.19125 0.5125 0.19125 0.49874999999999997
2 0.1975 0.49625 0.18875 0.49625 0.18875 0.51 0.1975 0.51 0.1975 0.49625
2 0.215 0.49000000000000005 0.20750000000000002 0.49000000000000005 0.20750000000000002 0.5037499999999999 0.215 0.5037499999999999 0.215 0.49000000000000005
2 0.22000000000000003 0.49000000000000005 0.2125 0.49000000000000005 0.2125 0.5025000000000001 0.22000000000000003 0.5025000000000001 0.22000000000000003 0.49000000000000005
2 0.20625 0.5287499999999999 0.19875 0.5287499999999999 0.19875 0.54125 0.20625 0.54125 0.20625 0.5287499999999999
2 0.1775 0.5387500000000001 0.16999999999999998 0.5387500000000001 0.16999999999999998 0.55375 0.1775 0.55375 0.1775 0.5387500000000001
2 0.195 0.5325 0.18625 0.5325 0.18625 0.5475 0.195 0.5475 0.195 0.5325
2 0.12375 0.5575 0.11499999999999999 0.5575 0.11499999999999999 0.57125 0.12375 0.57125 0.12375 0.5575
2 0.11625 0.5587500000000001 0.10874999999999999 0.5587500000000001 0.10874999999999999 0.57625 0.11625 0.57625 0.11625 0.5587500000000001
2 0.10500000000000001 0.56375 0.09625 0.56375 0.09625 0.58 0.10500000000000001 0.58 0.10500000000000001 0.56375