2 0.7849999999999999 0.53625 0.7737499999999999 0.53625 0.7737499999999999 0.55625 0.7849999999999999 0.55625 0.7849999999999999 0.53625
2 1 0.9737500000000001 0.9887499999999999 0.9737500000000001 0.9887499999999999 0.9974999999999999 1 0.9974999999999999 1 0.9737500000000001
2 0.025 0.395 0.0025 0.395 0.0025 0.40625 0.025 0.40625 0.025 0.395
2 0.255 0.43125 0.23125 0.43125 0.23125 0.4425 0.255 0.4425 0.255 0.43125
2 0.32625000000000004 0.44125 0.30625 0.44125 0.30625 0.45125000000000004 0.32625000000000004 0.45125000000000004 0.32625000000000004 0.44125
2 0.6425 0.47874999999999995 0.6212500000000001 0.47874999999999995 0.6212500000000001 0.49124999999999996 0.6425 0.49124999999999996 0.6425 0.47874999999999995
2 0.885 0.49625 0.865 0.49625 0.865 0.505 0.885 0.505 0.885 0.49625
2 1 0.51125 0.9824999999999999 0.51125 0.9824999999999999 0.5225 1 0.5225 1 0.51125
2 0.3725 0.8262499999999999 0.35125 0.8262499999999999 0.35125 0.8387499999999999 0.3725 0.8387499999999999 0.3725 0.8262499999999999
2 0.71 0.7849999999999999 0.69875 0.7849999999999999 0.69875 0.8025 0.71 0.8025 0.71 0.7849999999999999
2 0.47000000000000003 0.8550000000000001 0.445 0.8550000000000001 0.445 0.8712500000000001 0.47000000000000003 0.8712500000000001 0.47000000000000003 0.8550000000000001
2 0.76875 0.47874999999999995 0.7474999999999999 0.47874999999999995 0.7474999999999999 0.4925 0.76875 0.4925 0.76875 0.47874999999999995
2 0.6075 0.47625 0.585 0.47625 0.585 0.48875 0.6075 0.48875 0.6075 0.47625
2 0.13125 0.50125 0.11625 0.50125 0.11625 0.525 0.13125 0.525 0.13125 0.50125
2 0.42000000000000004 0.34249999999999997 0.41 0.34249999999999997 0.41 0.3625 0.42000000000000004 0.3625 0.42000000000000004 0.34249999999999997
2 0.43499999999999994 0.18875 0.42625 0.18875 0.42625 0.21000000000000002 0.43499999999999994 0.21000000000000002 0.43499999999999994 0.18875
2 0.42874999999999996 0.31875 0.41875 0.31875 0.41875 0.34125 0.42874999999999996 0.34125 0.42874999999999996 0.31875
2 0.47750000000000004 0.2925 0.45625 0.2925 0.45625 0.3125 0.47750000000000004 0.3125 0.47750000000000004 0.2925
2 0.475 0.33375 0.45499999999999996 0.33375 0.45499999999999996 0.3525 0.475 0.3525 0.475 0.33375
2 0.795 0.14625 0.77 0.14625 0.77 0.16 0.795 0.16 0.795 0.14625
2 0.9525 0.3275 0.93 0.3275 0.93 0.33999999999999997 0.9525 0.33999999999999997 0.9525 0.3275
2 0.7837500000000001 0.51125 0.765 0.51125 0.765 0.5337500000000001 0.7837500000000001 0.5337500000000001 0.7837500000000001 0.51125
2 0.54125 0.6775 0.52625 0.6775 0.52625 0.70375 0.54125 0.70375 0.54125 0.6775
2 0.4325 0.29625 0.42000000000000004 0.29625 0.42000000000000004 0.3175 0.4325 0.3175 0.4325 0.29625
2 0.44625000000000004 0.315 0.43125 0.315 0.43125 0.33875 0.44625000000000004 0.33875 0.44625000000000004 0.315
2 0.5775 0.41875 0.5599999999999999 0.41875 0.5599999999999999 0.42625 0.5775 0.42625 0.5775 0.41875
2 0.7849999999999999 0.3075 0.7625 0.3075 0.7625 0.31875 0.7849999999999999 0.31875 0.7849999999999999 0.3075
2 0.39 0.01 0.3775 0.01 0.3775 0.028749999999999998 0.39 0.028749999999999998 0.39 0.01
2 0.33125 0.8074999999999999 0.31124999999999997 0.8074999999999999 0.31124999999999997 0.82125 0.33125 0.82125 0.33125 0.8074999999999999
2 0.665 0.9724999999999999 0.65 0.9724999999999999 0.65 0.98125 0.665 0.98125 0.665 0.9724999999999999
2 0.7175 0.43624999999999997 0.6950000000000001 0.43624999999999997 0.6950000000000001 0.44625000000000004 0.7175 0.44625000000000004 0.7175 0.43624999999999997
2 0.8275 0.4525 0.8074999999999999 0.4525 0.8074999999999999 0.46375 0.8275 0.46375 0.8275 0.4525
2 0.8612500000000001 0.31875 0.8400000000000001 0.31875 0.8400000000000001 0.32875 0.8612500000000001 0.32875 0.8612500000000001 0.31875
2 0.8150000000000001 0.025 0.79375 0.025 0.79375 0.03625 0.8150000000000001 0.03625 0.8150000000000001 0.025