2 0.7725 0.575 0.7525000000000001 0.575 0.7525000000000001 0.59375 0.7725 0.59375 0.7725 0.575
2 0.7325 0.38625 0.7112499999999999 0.38625 0.7112499999999999 0.40499999999999997 0.7325 0.40499999999999997 0.7325 0.38625
2 0.755 0.35750000000000004 0.7325 0.35750000000000004 0.7325 0.375 0.755 0.375 0.755 0.35750000000000004
2 0.7925 0.30125 0.77 0.30125 0.77 0.32125 0.7925 0.32125 0.7925 0.30125
2 0.64125 0.4025 0.62 0.4025 0.62 0.42000000000000004 0.64125 0.42000000000000004 0.64125 0.4025
2 0.63625 0.4125 0.61375 0.4125 0.61375 0.43125 0.63625 0.43125 0.63625 0.4125
2 0.66125 0.37374999999999997 0.6375 0.37374999999999997 0.6375 0.395 0.66125 0.395 0.66125 0.37374999999999997
2 0.67625 0.495 0.6537499999999999 0.495 0.6537499999999999 0.51125 0.67625 0.51125 0.67625 0.495
2 0.6825 0.34750000000000003 0.66125 0.34750000000000003 0.66125 0.365 0.6825 0.365 0.6825 0.34750000000000003
2 0.9375 0.62625 0.91625 0.62625 0.91625 0.64 0.9375 0.64 0.9375 0.62625
2 0.9650000000000001 0.63625 0.9487500000000001 0.63625 0.9487500000000001 0.6487499999999999 0.9650000000000001 0.6487499999999999 0.9650000000000001 0.63625
2 0.66875 0.35375 0.65 0.35375 0.65 0.37 0.66875 0.37 0.66875 0.35375
2 0.6675 0.3625 0.645 0.3625 0.645 0.38375 0.6675 0.38375 0.6675 0.3625
2 0.65625 0.48875 0.63375 0.48875 0.63375 0.5025000000000001 0.65625 0.5025000000000001 0.65625 0.48875
2 0.8175000000000001 0.5900000000000001 0.7975 0.5900000000000001 0.7975 0.60375 0.8175000000000001 0.60375 0.8175000000000001 0.5900000000000001
2 0.99375 0.6425 0.97 0.6425 0.97 0.65625 0.99375 0.65625 0.99375 0.6425
2 0.52 0.44749999999999995 0.5 0.44749999999999995 0.5 0.45999999999999996 0.52 0.45999999999999996 0.52 0.44749999999999995
2 0.57125 0.46375 0.54875 0.46375 0.54875 0.47874999999999995 0.57125 0.47874999999999995 0.57125 0.46375
2 0.5962500000000001 0.47000000000000003 0.5725 0.47000000000000003 0.5725 0.48624999999999996 0.5962500000000001 0.48624999999999996 0.5962500000000001 0.47000000000000003
2 0.49874999999999997 0.495 0.47625 0.495 0.47625 0.5125 0.49874999999999997 0.5125 0.49874999999999997 0.495
2 0.6975 0.50125 0.67875 0.50125 0.67875 0.5175 0.6975 0.5175 0.6975 0.50125
2 0.74125 0.375 0.7175 0.375 0.7175 0.39375 0.74125 0.39375 0.74125 0.375
2 0.7224999999999999 0.50875 0.70125 0.50875 0.70125 0.525 0.7224999999999999 0.525 0.7224999999999999 0.50875
2 0.765 0.52 0.74 0.52 0.74 0.5375 0.765 0.5375 0.765 0.52
2 0.7875 0.5275000000000001 0.7675 0.5275000000000001 0.7675 0.5425 0.7875 0.5425 0.7875 0.5275000000000001
2 0.8400000000000001 0.54625 0.8150000000000001 0.54625 0.8150000000000001 0.5625 0.8400000000000001 0.5625 0.8400000000000001 0.54625
2 0.8675 0.55125 0.84375 0.55125 0.84375 0.5675 0.8675 0.5675 0.8675 0.55125
2 0.8925000000000001 0.5587500000000001 0.86875 0.5587500000000001 0.86875 0.57375 0.8925000000000001 0.57375 0.8925000000000001 0.5587500000000001
2 0.8125 0.5375 0.78625 0.5375 0.78625 0.5525 0.8125 0.5525 0.8125 0.5375
2 0.68875 0.45125000000000004 0.6725 0.45125000000000004 0.6725 0.4725 0.68875 0.4725 0.68875 0.45125000000000004
2 0.70625 0.4525 0.68875 0.4525 0.68875 0.47625 0.70625 0.47625 0.70625 0.4525
2 0.73625 0.4575 0.71875 0.4575 0.71875 0.48375 0.73625 0.48375 0.73625 0.4575
2 0.79375 0.58375 0.76875 0.58375 0.76875 0.59875 0.79375 0.59875 0.79375 0.58375
2 0.75 0.56875 0.73125 0.56875 0.73125 0.585 0.75 0.585 0.75 0.56875
2 0.7224999999999999 0.5625 0.70125 0.5625 0.70125 0.57875 0.7224999999999999 0.57875 0.7224999999999999 0.5625
2 0.325 0.6849999999999999 0.3075 0.6849999999999999 0.3075 0.71375 0.325 0.71375 0.325 0.6849999999999999
2 0.20750000000000002 0.79375 0.18875 0.79375 0.18875 0.825 0.20750000000000002 0.825 0.20750000000000002 0.79375
2 0.5575 0.505 0.50625 0.505 0.50625 0.5287499999999999 0.5575 0.5287499999999999 0.5575 0.505
2 0.8712500000000001 0.5925 0.8262499999999999 0.5925 0.8262499999999999 0.6174999999999999 0.8712500000000001 0.6174999999999999 0.8712500000000001 0.5925
2 0.9275 0.5700000000000001 0.89375 0.5700000000000001 0.89375 0.58875 0.9275 0.58875 0.9275 0.5700000000000001
2 0.8474999999999999 0.49874999999999997 0.82 0.49874999999999997 0.82 0.515 0.8474999999999999 0.515 0.8474999999999999 0.49874999999999997
2 0.48 0.44375 0.44625000000000004 0.44375 0.44625000000000004 0.46375 0.48 0.46375 0.48 0.44375
2 0.42000000000000004 0.00125 0.40750000000000003 0.00125 0.40750000000000003 0.017499999999999998 0.42000000000000004 0.017499999999999998 0.42000000000000004 0.00125
2 0.445 0.00125 0.43375 0.00125 0.43375 0.01 0.445 0.01 0.445 0.00125
2 0.4575 0.00125 0.445 0.00125 0.445 0.01625 0.4575 0.01625 0.4575 0.00125
2 0.52125 0.00125 0.51125 0.00125 0.51125 0.00375 0.52125 0.00375 0.52125 0.00125
2 0.52 0.00375 0.5037499999999999 0.00375 0.5037499999999999 0.026250000000000002 0.52 0.026250000000000002 0.52 0.00375
2 0.51125 0.027500000000000004 0.49749999999999994 0.027500000000000004 0.49749999999999994 0.05375 0.51125 0.05375 0.51125 0.027500000000000004
2 0.41 0.04 0.39625 0.04 0.39625 0.0625 0.41 0.0625 0.41 0.04
2 0.5025000000000001 0.05500000000000001 0.48875 0.05500000000000001 0.48875 0.07375000000000001 0.5025000000000001 0.07375000000000001 0.5025000000000001 0.05500000000000001
2 0.49749999999999994 0.08125 0.48 0.08125 0.48 0.10375000000000001 0.49749999999999994 0.10375000000000001 0.49749999999999994 0.08125
2 0.395 0.0925 0.38125 0.0925 0.38125 0.11499999999999999 0.395 0.11499999999999999 0.395 0.0925
2 0.4425 0.05375 0.42750000000000005 0.05375 0.42750000000000005 0.08 0.4425 0.08 0.4425 0.05375
2 0.48875 0.1075 0.47375 0.1075 0.47375 0.13125 0.48875 0.13125 0.48875 0.1075
2 0.48250000000000004 0.13374999999999998 0.46749999999999997 0.13374999999999998 0.46749999999999997 0.155 0.48250000000000004 0.155 0.48250000000000004 0.13374999999999998
2 0.475 0.155 0.45999999999999996 0.155 0.45999999999999996 0.1775 0.475 0.1775 0.475 0.155
2 0.44625000000000004 0.2575 0.43 0.2575 0.43 0.27999999999999997 0.44625000000000004 0.27999999999999997 0.44625000000000004 0.2575
2 0.45999999999999996 0.205 0.44749999999999995 0.205 0.44749999999999995 0.23125 0.45999999999999996 0.23125 0.45999999999999996 0.205
2 0.43875000000000003 0.28125 0.42374999999999996 0.28125 0.42374999999999996 0.305 0.43875000000000003 0.305 0.43875000000000003 0.28125
2 0.3175 0.71375 0.3 0.71375 0.3 0.73625 0.3175 0.73625 0.3175 0.71375
2 0.06375 0.9724999999999999 0.045 0.9724999999999999 0.045 0.99 0.06375 0.99 0.06375 0.9724999999999999
2 0.05375 0.9087500000000001 0.03875 0.9087500000000001 0.03875 0.92875 0.05375 0.92875 0.05375 0.9087500000000001
2 0.16125 0.9112500000000001 0.14625 0.9112500000000001 0.14625 0.9349999999999999 0.16125 0.9349999999999999 0.16125 0.9112500000000001
2 0.24375 0.9650000000000001 0.22999999999999998 0.9650000000000001 0.22999999999999998 0.9862500000000001 0.24375 0.9862500000000001 0.24375 0.9650000000000001
2 0.26 0.9099999999999999 0.2425 0.9099999999999999 0.2425 0.9324999999999999 0.26 0.9324999999999999 0.26 0.9099999999999999
2 0.26749999999999996 0.8875 0.2525 0.8875 0.2525 0.9075 0.26749999999999996 0.9075 0.26749999999999996 0.8875
2 0.275 0.86 0.25875 0.86 0.25875 0.88375 0.275 0.88375 0.275 0.86
2 0.27999999999999997 0.8324999999999999 0.26375000000000004 0.8324999999999999 0.26375000000000004 0.8550000000000001 0.27999999999999997 0.8550000000000001 0.27999999999999997 0.8324999999999999
2 0.3075 0.7375 0.29500000000000004 0.7375 0.29500000000000004 0.7575000000000001 0.3075 0.7575000000000001 0.3075 0.7375
2 0.33125 0.6575 0.31375000000000003 0.6575 0.31375000000000003 0.6849999999999999 0.33125 0.6849999999999999 0.33125 0.6575
2 0.3375 0.635 0.32125 0.635 0.32125 0.65625 0.3375 0.65625 0.3375 0.635
2 0.35375 0.5825 0.33625 0.5825 0.33625 0.60625 0.35375 0.60625 0.35375 0.5825
2 0.35750000000000004 0.56125 0.34249999999999997 0.56125 0.34249999999999997 0.5825 0.35750000000000004 0.5825 0.35750000000000004 0.56125
2 0.365 0.5387500000000001 0.34750000000000003 0.5387500000000001 0.34750000000000003 0.56125 0.365 0.56125 0.365 0.5387500000000001
2 0.3025 0.5425 0.28500000000000003 0.5425 0.28500000000000003 0.5650000000000001 0.3025 0.5650000000000001 0.3025 0.5425
2 0.34375 0.605 0.32999999999999996 0.605 0.32999999999999996 0.62625 0.34375 0.62625 0.34375 0.605
2 0.60625 0.525 0.58125 0.525 0.58125 0.5425 0.60625 0.5425 0.60625 0.525
2 0.6375 0.5325 0.61125 0.5325 0.61125 0.55125 0.6375 0.55125 0.6375 0.5325
2 0.6575 0.54 0.63625 0.54 0.63625 0.5549999999999999 0.6575 0.5549999999999999 0.6575 0.54
2 0.6837500000000001 0.54625 0.6575 0.54625 0.6575 0.56125 0.6837500000000001 0.56125 0.6837500000000001 0.54625
2 0.43 0.30375 0.4175 0.30375 0.4175 0.3275 0.43 0.3275 0.43 0.30375
2 0.36625 0.1875 0.35375 0.1875 0.35375 0.215 0.36625 0.215 0.36625 0.1875
2 0.41624999999999995 0.35625 0.40374999999999994 0.35625 0.40374999999999994 0.3775 0.41624999999999995 0.3775 0.41624999999999995 0.35625
2 0.33999999999999997 0.29 0.32625000000000004 0.29 0.32625000000000004 0.31124999999999997 0.33999999999999997 0.31124999999999997 0.33999999999999997 0.29
2 0.34625 0.26375000000000004 0.33125 0.26375000000000004 0.33125 0.28625 0.34625 0.28625 0.34625 0.26375000000000004
2 0.35625 0.2375 0.3375 0.2375 0.3375 0.26125 0.35625 0.26125 0.35625 0.2375
2 0.38875000000000004 0.11625 0.375 0.11625 0.375 0.13999999999999999 0.38875000000000004 0.13999999999999999 0.38875000000000004 0.11625
2 0.47000000000000003 0.1775 0.45375 0.1775 0.45375 0.20249999999999999 0.47000000000000003 0.20249999999999999 0.47000000000000003 0.1775
2 0.38125 0.14625 0.3675 0.14625 0.3675 0.16625 0.38125 0.16625 0.38125 0.14625
2 0.4 0.06625 0.38875000000000004 0.06625 0.38875000000000004 0.0875 0.4 0.0875 0.4 0.06625
2 0.45499999999999996 0.23374999999999999 0.43875000000000003 0.23374999999999999 0.43875000000000003 0.25625 0.45499999999999996 0.25625 0.45499999999999996 0.23374999999999999
2 0.37374999999999997 0.1675 0.35875 0.1675 0.35875 0.18875 0.37374999999999997 0.18875 0.37374999999999997 0.1675
2 0.385 0.24625 0.37124999999999997 0.24625 0.37124999999999997 0.26749999999999996 0.385 0.26749999999999996 0.385 0.24625
2 0.32999999999999996 0.3175 0.3175 0.3175 0.3175 0.33999999999999997 0.32999999999999996 0.33999999999999997 0.32999999999999996 0.3175
2 0.36375 0.32625000000000004 0.34625 0.32625000000000004 0.34625 0.3525 0.36375 0.3525 0.36375 0.32625000000000004
2 0.425 0.33125 0.41 0.33125 0.41 0.3525 0.425 0.3525 0.425 0.33125
2 0.32375 0.47125000000000006 0.31 0.47125000000000006 0.31 0.4925 0.32375 0.4925 0.32375 0.47125000000000006
2 0.44125 0.47750000000000004 0.41875 0.47750000000000004 0.41875 0.49625 0.44125 0.49625 0.44125 0.47750000000000004
2 0.145 0.9400000000000001 0.12625 0.9400000000000001 0.12625 0.95375 0.145 0.95375 0.145 0.9400000000000001
2 0.26749999999999996 0.4525 0.255 0.4525 0.255 0.47125000000000006 0.26749999999999996 0.47125000000000006 0.26749999999999996 0.4525
2 0.43624999999999997 0.41624999999999995 0.40125 0.41624999999999995 0.40125 0.43875000000000003 0.43624999999999997 0.43875000000000003 0.43624999999999997 0.41624999999999995