2 0.2325 0.06375 0.22374999999999998 0.06375 0.22374999999999998 0.08375 0.2325 0.08375 0.2325 0.06375
2 0.22875 0.77125 0.22000000000000003 0.77125 0.22000000000000003 0.79125 0.22875 0.79125 0.22875 0.77125
2 0.28500000000000003 0.7737499999999999 0.26749999999999996 0.7737499999999999 0.26749999999999996 0.7925 0.28500000000000003 0.7925 0.28500000000000003 0.7737499999999999
2 0.31875 0.79125 0.3 0.79125 0.3 0.8012499999999999 0.31875 0.8012499999999999 0.31875 0.79125
2 0.065 0.27999999999999997 0.04375 0.27999999999999997 0.04375 0.29125 0.065 0.29125 0.065 0.27999999999999997
2 0.6825 0.60625 0.6725 0.60625 0.6725 0.63125 0.6825 0.63125 0.6825 0.60625
2 0.6825 0.6325000000000001 0.67125 0.6325000000000001 0.67125 0.655 0.6825 0.655 0.6825 0.6325000000000001
2 0.465 0.605 0.45375 0.605 0.45375 0.6287499999999999 0.465 0.6287499999999999 0.465 0.605
2 0.465 0.545 0.4525 0.545 0.4525 0.57125 0.465 0.57125 0.465 0.545
2 0.46375 0.475 0.4525 0.475 0.4525 0.5 0.46375 0.5 0.46375 0.475
2 0.6912499999999999 0.185 0.6725 0.185 0.6725 0.195 0.6912499999999999 0.195 0.6912499999999999 0.185
2 0.63 0.1975 0.6075 0.1975 0.6075 0.20875 0.63 0.20875 0.63 0.1975
2 0.80625 0.175 0.7875 0.175 0.7875 0.1875 0.80625 0.1875 0.80625 0.175
2 0.67625 0.24625 0.6675 0.24625 0.6675 0.26749999999999996 0.67625 0.26749999999999996 0.67625 0.24625
2 0.67625 0.2925 0.6675 0.2925 0.6675 0.31124999999999997 0.67625 0.31124999999999997 0.67625 0.2925
2 0.6725 0.3775 0.6637500000000001 0.3775 0.6637500000000001 0.39625 0.6725 0.39625 0.6725 0.3775
2 0.67125 0.4175 0.6637500000000001 0.4175 0.6637500000000001 0.4375 0.67125 0.4375 0.67125 0.4175
2 0.73625 0.058750000000000004 0.7262500000000001 0.058750000000000004 0.7262500000000001 0.08249999999999999 0.73625 0.08249999999999999 0.73625 0.058750000000000004
2 0.735 0.09 0.7275 0.09 0.7275 0.11125 0.735 0.11125 0.735 0.09
2 0.73625 0.11499999999999999 0.7262500000000001 0.11499999999999999 0.7262500000000001 0.135 0.73625 0.135 0.73625 0.11499999999999999
2 0.81875 0.85875 0.79625 0.85875 0.79625 0.87375 0.81875 0.87375 0.81875 0.85875
2 0.8400000000000001 0.69875 0.81875 0.69875 0.81875 0.7112499999999999 0.8400000000000001 0.7112499999999999 0.8400000000000001 0.69875
2 0.8625 0.7025 0.8425 0.7025 0.8425 0.71375 0.8625 0.71375 0.8625 0.7025
2 0.7575000000000001 0.6925 0.73625 0.6925 0.73625 0.705 0.7575000000000001 0.705 0.7575000000000001 0.6925
2 0.41125 0.805 0.39 0.805 0.39 0.81375 0.41125 0.81375 0.41125 0.805
2 0.53625 0.82 0.51375 0.82 0.51375 0.8324999999999999 0.53625 0.8324999999999999 0.53625 0.82
2 0.5575 0.84375 0.5349999999999999 0.84375 0.5349999999999999 0.85875 0.5575 0.85875 0.5575 0.84375
2 0.6012500000000001 0.8262499999999999 0.57875 0.8262499999999999 0.57875 0.8387499999999999 0.6012500000000001 0.8387499999999999 0.6012500000000001 0.8262499999999999
2 0.7175 0.84375 0.6925 0.84375 0.6925 0.85875 0.7175 0.85875 0.7175 0.84375
2 0.745 0.8474999999999999 0.7212500000000001 0.8474999999999999 0.7212500000000001 0.8612500000000001 0.745 0.8612500000000001 0.745 0.8474999999999999
2 0.79375 0.85375 0.7725 0.85375 0.7725 0.86875 0.79375 0.86875 0.79375 0.85375
2 0.84375 0.8625 0.8262499999999999 0.8625 0.8262499999999999 0.875 0.84375 0.875 0.84375 0.8625
2 0.91375 0.62375 0.9037499999999999 0.62375 0.9037499999999999 0.645 0.91375 0.645 0.91375 0.62375
2 0.8712500000000001 0.865 0.8487500000000001 0.865 0.8487500000000001 0.8775000000000001 0.8712500000000001 0.8775000000000001 0.8712500000000001 0.865
2 0.9 0.86875 0.87625 0.86875 0.87625 0.8800000000000001 0.9 0.8800000000000001 0.9 0.86875
2 0.9262499999999999 0.8724999999999999 0.9025000000000001 0.8724999999999999 0.9025000000000001 0.8875 0.9262499999999999 0.8875 0.9262499999999999 0.8724999999999999
2 0.79125 0.89 0.76875 0.89 0.76875 0.9012499999999999 0.79125 0.9012499999999999 0.79125 0.89
2 0.7875 0.91375 0.76625 0.91375 0.76625 0.9237500000000001 0.7875 0.9237500000000001 0.7875 0.91375
2 0.9425000000000001 0.9324999999999999 0.9225 0.9324999999999999 0.9225 0.945 0.9425000000000001 0.945 0.9425000000000001 0.9324999999999999
2 0.9625 0.93625 0.9400000000000001 0.93625 0.9400000000000001 0.9487500000000001 0.9625 0.9487500000000001 0.9625 0.93625
2 0.9862500000000001 0.9375 0.9650000000000001 0.9375 0.9650000000000001 0.95 0.9862500000000001 0.95 0.9862500000000001 0.9375
2 1 0.9412499999999999 0.99 0.9412499999999999 0.99 0.9525 1 0.9525 1 0.9412499999999999
2 0.9125 0.66875 0.9025000000000001 0.66875 0.9025000000000001 0.6912499999999999 0.9125 0.6912499999999999 0.9125 0.66875
2 0.95375 0.70875 0.9349999999999999 0.70875 0.9349999999999999 0.72 0.95375 0.72 0.95375 0.70875
2 0.8175000000000001 0.69875 0.7975 0.69875 0.7975 0.70875 0.8175000000000001 0.70875 0.8175000000000001 0.69875
2 1 0.7125 0.9775 0.7125 0.9775 0.7262500000000001 1 0.7262500000000001 1 0.7125
2 1 0.68875 0.9862500000000001 0.68875 0.9862500000000001 0.69875 1 0.69875 1 0.68875
2 0.89125 0.4225 0.8800000000000001 0.4225 0.8800000000000001 0.44375 0.89125 0.44375 0.89125 0.4225
2 0.59875 0.67625 0.5775 0.67625 0.5775 0.68875 0.59875 0.68875 0.59875 0.67625
2 0.61875 0.67875 0.6 0.67875 0.6 0.6900000000000001 0.61875 0.6900000000000001 0.61875 0.67875
2 0.645 0.6799999999999999 0.62375 0.6799999999999999 0.62375 0.6912499999999999 0.645 0.6912499999999999 0.645 0.6799999999999999
2 0.77625 0.6950000000000001 0.75625 0.6950000000000001 0.75625 0.7075 0.77625 0.7075 0.77625 0.6950000000000001
2 0.7975 0.6975 0.7775000000000001 0.6975 0.7775000000000001 0.70875 0.7975 0.70875 0.7975 0.6975
2 0.91375 0.6012500000000001 0.9012499999999999 0.6012500000000001 0.9012499999999999 0.62 0.91375 0.62 0.91375 0.6012500000000001
2 0.93875 0.69375 0.91875 0.69375 0.91875 0.70375 0.93875 0.70375 0.93875 0.69375
2 0.93875 0.61375 0.915 0.61375 0.915 0.625 0.93875 0.625 0.93875 0.61375
2 1 0.61125 0.97625 0.61125 0.97625 0.6224999999999999 1 0.6224999999999999 1 0.61125
2 1 0.6587500000000001 0.9862500000000001 0.6587500000000001 0.9862500000000001 0.665 1 0.665 1 0.6587500000000001
2 1 0.6675 0.9875 0.6675 0.9875 0.67625 1 0.67625 1 0.6675
2 1 0.67875 0.9875 0.67875 0.9875 0.6875 1 0.6875 1 0.67875
2 0.93625 0.6287499999999999 0.91625 0.6287499999999999 0.91625 0.63875 0.93625 0.63875 0.93625 0.6287499999999999
2 0.93875 0.63875 0.915 0.63875 0.915 0.6525000000000001 0.93875 0.6525000000000001 0.93875 0.63875
2 0.9375 0.6575 0.915 0.6575 0.915 0.67125 0.9375 0.67125 0.9375 0.6575
2 0.9375 0.67375 0.9125 0.67375 0.9125 0.6837500000000001 0.9375 0.6837500000000001 0.9375 0.67375
2 0.9400000000000001 0.6837500000000001 0.9175000000000001 0.6837500000000001 0.9175000000000001 0.6950000000000001 0.9400000000000001 0.6950000000000001 0.9400000000000001 0.6837500000000001
2 0.18375 0.40374999999999994 0.17625 0.40374999999999994 0.17625 0.4225 0.18375 0.4225 0.18375 0.40374999999999994
2 0.18375 0.43 0.17375000000000002 0.43 0.17375000000000002 0.4525 0.18375 0.4525 0.18375 0.43
2 0.30375 0.40499999999999997 0.29375 0.40499999999999997 0.29375 0.42625 0.30375 0.42625 0.30375 0.40499999999999997
2 0.3325 0.40499999999999997 0.32375 0.40499999999999997 0.32375 0.42750000000000005 0.3325 0.42750000000000005 0.3325 0.40499999999999997
2 0.33375 0.4525 0.32375 0.4525 0.32375 0.47125000000000006 0.33375 0.47125000000000006 0.33375 0.4525
2 0.25625 0.33125 0.24625 0.33125 0.24625 0.3525 0.25625 0.3525 0.25625 0.33125
2 0.2575 0.2625 0.24625 0.2625 0.24625 0.28375 0.2575 0.28375 0.2575 0.2625
2 0.48875 0.77125 0.46624999999999994 0.77125 0.46624999999999994 0.79375 0.48875 0.79375 0.48875 0.77125
2 0.27749999999999997 0.4525 0.26625 0.4525 0.26625 0.46875 0.27749999999999997 0.46875 0.27749999999999997 0.4525
2 0.255 0.4025 0.24500000000000002 0.4025 0.24500000000000002 0.4225 0.255 0.4225 0.255 0.4025
2 0.25625 0.37374999999999997 0.24625 0.37374999999999997 0.24625 0.39625 0.25625 0.39625 0.25625 0.37374999999999997
2 0.18375 0.37875000000000003 0.17375000000000002 0.37875000000000003 0.17375000000000002 0.3975 0.18375 0.3975 0.18375 0.37875000000000003
2 0.255 0.55 0.24500000000000002 0.55 0.24500000000000002 0.5700000000000001 0.255 0.5700000000000001 0.255 0.55
2 0.3525 0.40875000000000006 0.34375 0.40875000000000006 0.34375 0.43 0.3525 0.43 0.3525 0.40875000000000006
2 0.3125 0.40374999999999994 0.30375 0.40374999999999994 0.30375 0.42374999999999996 0.3125 0.42374999999999996 0.3125 0.40374999999999994
2 0.25375000000000003 0.30625 0.24500000000000002 0.30625 0.24500000000000002 0.32625000000000004 0.25375000000000003 0.32625000000000004 0.25375000000000003 0.30625
2 0.25875 0.11374999999999999 0.24625 0.11374999999999999 0.24625 0.135 0.25875 0.135 0.25875 0.11374999999999999
2 0.25875 0.14750000000000002 0.2475 0.14750000000000002 0.2475 0.1675 0.25875 0.1675 0.25875 0.14750000000000002
2 0.185 0.06999999999999999 0.17250000000000001 0.06999999999999999 0.17250000000000001 0.0925 0.185 0.0925 0.185 0.06999999999999999
2 0.18375 0.10124999999999999 0.17250000000000001 0.10124999999999999 0.17250000000000001 0.12 0.18375 0.12 0.18375 0.10124999999999999
2 0.18375 0.12625 0.175 0.12625 0.175 0.14250000000000002 0.18375 0.14250000000000002 0.18375 0.12625
2 0.185 0.14625 0.175 0.14625 0.175 0.16499999999999998 0.185 0.16499999999999998 0.185 0.14625
2 0.155 0.14625 0.145 0.14625 0.145 0.16875 0.155 0.16875 0.155 0.14625
2 0.25625 0.49375 0.24625 0.49375 0.24625 0.51625 0.25625 0.51625 0.25625 0.49375
2 0.1825 0.6125 0.17250000000000001 0.6125 0.17250000000000001 0.63375 0.1825 0.63375 0.1825 0.6125
2 0.013750000000000002 0.805 0.00125 0.805 0.00125 0.8162499999999999 0.013750000000000002 0.8162499999999999 0.013750000000000002 0.805
2 0.04 0.8087500000000001 0.017499999999999998 0.8087500000000001 0.017499999999999998 0.8175000000000001 0.04 0.8175000000000001 0.04 0.8087500000000001
2 0.10124999999999999 0.76 0.07875 0.76 0.07875 0.77125 0.10124999999999999 0.77125 0.10124999999999999 0.76
2 0.1625 0.8012499999999999 0.13999999999999999 0.8012499999999999 0.13999999999999999 0.81375 0.1625 0.81375 0.1625 0.8012499999999999
2 0.0375 0.75125 0.01 0.75125 0.01 0.7675 0.0375 0.7675 0.0375 0.75125
2 0.255 0.6587500000000001 0.2475 0.6587500000000001 0.2475 0.67875 0.255 0.67875 0.255 0.6587500000000001
2 0.1275 0.7975 0.1025 0.7975 0.1025 0.8099999999999999 0.1275 0.8099999999999999 0.1275 0.7975
2 0.12625 1 0.12625 0.98375 0.1125 0.98375 0.1125 1 0.12625 1
2 0.1825 0.735 0.17124999999999999 0.735 0.17124999999999999 0.755 0.1825 0.755 0.1825 0.735
2 0.20375000000000001 0.72 0.19624999999999998 0.72 0.19624999999999998 0.74125 0.20375000000000001 0.74125 0.20375000000000001 0.72
2 0.25625 0.5875 0.24625 0.5875 0.24625 0.605 0.25625 0.605 0.25625 0.5875
2 0.20125 0.7625 0.19 0.7625 0.19 0.7849999999999999 0.20125 0.7849999999999999 0.20125 0.7625
2 0.2325 0.71875 0.2225 0.71875 0.2225 0.7375 0.2325 0.7375 0.2325 0.71875
2 0.2575 0.6925 0.24500000000000002 0.6925 0.24500000000000002 0.7162499999999999 0.2575 0.7162499999999999 0.2575 0.6925
2 0.25875 0.17375000000000002 0.24874999999999997 0.17375000000000002 0.24874999999999997 0.19125 0.25875 0.19125 0.25875 0.17375000000000002
2 0.01125 0.27875 0.00125 0.27875 0.00125 0.28625 0.01125 0.28625 0.01125 0.27875
2 0.041249999999999995 0.27625 0.015 0.27625 0.015 0.2875 0.041249999999999995 0.2875 0.041249999999999995 0.27625
2 0.225 0.8387499999999999 0.2125 0.8387499999999999 0.2125 0.86 0.225 0.86 0.225 0.8387499999999999
2 0.19624999999999998 0.8300000000000001 0.1825 0.8300000000000001 0.1825 0.85 0.19624999999999998 0.85 0.19624999999999998 0.8300000000000001
2 0.135 0.9525 0.12375 0.9525 0.12375 0.97 0.135 0.97 0.135 0.9525
2 0.14125000000000001 0.9337500000000001 0.13 0.9337500000000001 0.13 0.9525 0.14125000000000001 0.9525 0.14125000000000001 0.9337500000000001
2 0.18375 0.8724999999999999 0.16875 0.8724999999999999 0.16875 0.89625 0.18375 0.89625 0.18375 0.8724999999999999
2 0.2875 0.4525 0.27749999999999997 0.4525 0.27749999999999997 0.46875 0.2875 0.46875 0.2875 0.4525
2 0.315 0.45125000000000004 0.305 0.45125000000000004 0.305 0.47000000000000003 0.315 0.47000000000000003 0.315 0.45125000000000004
2 0.7150000000000001 0.2625 0.69875 0.2625 0.69875 0.2725 0.7150000000000001 0.2725 0.7150000000000001 0.2625