2 0.5 0.72 0.47750000000000004 0.72 0.47750000000000004 0.73625 0.5 0.73625 0.5 0.72
2 0.5275000000000001 0.76625 0.51 0.76625 0.51 0.78625 0.5275000000000001 0.78625 0.5275000000000001 0.76625
2 0.28500000000000003 1 0.28500000000000003 0.985 0.275 0.985 0.275 1 0.28500000000000003 1
2 0.29375 0.94625 0.275 0.94625 0.275 0.9625 0.29375 0.9625 0.29375 0.94625
2 0.28250000000000003 0.92875 0.27125 0.92875 0.27125 0.95 0.28250000000000003 0.95 0.28250000000000003 0.92875
2 0.1825 0.8574999999999999 0.17124999999999999 0.8574999999999999 0.17124999999999999 0.87625 0.1825 0.87625 0.1825 0.8574999999999999
2 0.3625 0.50625 0.34500000000000003 0.50625 0.34500000000000003 0.5275000000000001 0.3625 0.5275000000000001 0.3625 0.50625
2 0.5625 0.0075 0.54875 0.0075 0.54875 0.027500000000000004 0.5625 0.027500000000000004 0.5625 0.0075
2 0.39375 0.20125 0.37875000000000003 0.20125 0.37875000000000003 0.22374999999999998 0.39375 0.22374999999999998 0.39375 0.20125
2 0.35750000000000004 0.3025 0.34625 0.3025 0.34625 0.3225 0.35750000000000004 0.3225 0.35750000000000004 0.3025
2 0.22999999999999998 0.5549999999999999 0.21875 0.5549999999999999 0.21875 0.5775 0.22999999999999998 0.5775 0.22999999999999998 0.5549999999999999
2 0.275 0.56375 0.2625 0.56375 0.2625 0.5900000000000001 0.275 0.5900000000000001 0.275 0.56375
2 0.32875 0.49749999999999994 0.31375000000000003 0.49749999999999994 0.31375000000000003 0.52 0.32875 0.52 0.32875 0.49749999999999994
2 0.36375 0.545 0.34125 0.545 0.34125 0.5587500000000001 0.36375 0.5587500000000001 0.36375 0.545
2 0.41500000000000004 0.52125 0.39625 0.52125 0.39625 0.5387500000000001 0.41500000000000004 0.5387500000000001 0.41500000000000004 0.52125
2 0.43499999999999994 0.54375 0.41125 0.54375 0.41125 0.5549999999999999 0.43499999999999994 0.5549999999999999 0.43499999999999994 0.54375
2 0.36375 0.27875 0.3525 0.27875 0.3525 0.29625 0.36375 0.29625 0.36375 0.27875
2 0.375 0.23625 0.3625 0.23625 0.3625 0.2575 0.375 0.2575 0.375 0.23625
2 0.37 0.25625 0.355 0.25625 0.355 0.27625 0.37 0.27625 0.37 0.25625
2 0.63125 0.042499999999999996 0.61 0.042499999999999996 0.61 0.05500000000000001 0.63125 0.05500000000000001 0.63125 0.042499999999999996
2 0.65625 0.01 0.64125 0.01 0.64125 0.034999999999999996 0.65625 0.034999999999999996 0.65625 0.01
2 0.23125 0.765 0.22374999999999998 0.765 0.22374999999999998 0.7849999999999999 0.23125 0.7849999999999999 0.23125 0.765
2 0.22625 0.8525 0.20625 0.8525 0.20625 0.8612500000000001 0.22625 0.8612500000000001 0.22625 0.8525
2 0.2425 0.81375 0.23125 0.81375 0.23125 0.83625 0.2425 0.83625 0.2425 0.81375
2 0.025 0.5525 0.005 0.5525 0.005 0.56375 0.025 0.56375 0.025 0.5525
2 0.03375 0.72375 0.02375 0.72375 0.02375 0.7462500000000001 0.03375 0.7462500000000001 0.03375 0.72375
2 0.00625 0.5349999999999999 0.00125 0.5349999999999999 0.00125 0.5425 0.00625 0.5425 0.00625 0.5349999999999999
2 0.01625 0.5425 0.00125 0.5425 0.00125 0.55375 0.01625 0.55375 0.01625 0.5425
2 0.06375 0.5962500000000001 0.042499999999999996 0.5962500000000001 0.042499999999999996 0.60625 0.06375 0.60625 0.06375 0.5962500000000001
2 0.0325 0.56375 0.013750000000000002 0.56375 0.013750000000000002 0.575 0.0325 0.575 0.0325 0.56375
2 0.05625 0.58375 0.03625 0.58375 0.03625 0.5974999999999999 0.05625 0.5974999999999999 0.05625 0.58375
2 0.22999999999999998 0.625 0.22000000000000003 0.625 0.22000000000000003 0.64375 0.22999999999999998 0.64375 0.22999999999999998 0.625
2 0.22875 0.5900000000000001 0.22000000000000003 0.5900000000000001 0.22000000000000003 0.6174999999999999 0.22875 0.6174999999999999 0.22875 0.5900000000000001
2 0.03625 0.4525 0.0125 0.4525 0.0125 0.46624999999999994 0.03625 0.46624999999999994 0.03625 0.4525
2 0.05625 0.4575 0.03625 0.4575 0.03625 0.47000000000000003 0.05625 0.47000000000000003 0.05625 0.4575
2 0.08499999999999999 0.46125 0.06 0.46125 0.06 0.475 0.08499999999999999 0.475 0.08499999999999999 0.46125
2 0.1075 0.46749999999999997 0.09 0.46749999999999997 0.09 0.48 0.1075 0.48 0.1075 0.46749999999999997
2 0.12875 0.47000000000000003 0.1075 0.47000000000000003 0.1075 0.48375 0.12875 0.48375 0.12875 0.47000000000000003
2 0.89625 0.13874999999999998 0.88375 0.13874999999999998 0.88375 0.1625 0.89625 0.1625 0.89625 0.13874999999999998
2 0.9625 0.00125 0.94375 0.00125 0.94375 0.0075 0.9625 0.0075 0.9625 0.00125
2 0.6375 0.09125 0.62625 0.09125 0.62625 0.1125 0.6375 0.1125 0.6375 0.09125
2 0.9175000000000001 0.11125 0.9025000000000001 0.11125 0.9025000000000001 0.13625 0.9175000000000001 0.13625 0.9175000000000001 0.11125
2 0.9275 0.1325 0.91375 0.1325 0.91375 0.15375 0.9275 0.15375 0.9275 0.1325
2 0.48624999999999996 0.1875 0.46125 0.1875 0.46125 0.2 0.48624999999999996 0.2 0.48624999999999996 0.1875
2 0.85375 0.36375 0.8412499999999999 0.36375 0.8412499999999999 0.38625 0.85375 0.38625 0.85375 0.36375
2 0.8787499999999999 0.41875 0.8637499999999999 0.41875 0.8637499999999999 0.44375 0.8787499999999999 0.44375 0.8787499999999999 0.41875
2 0.8375 0.49124999999999996 0.82125 0.49124999999999996 0.82125 0.51375 0.8375 0.51375 0.8375 0.49124999999999996
2 0.82 0.5625 0.8087500000000001 0.5625 0.8087500000000001 0.5875 0.82 0.5875 0.82 0.5625
2 0.81375 0.61625 0.8 0.61625 0.8 0.64 0.81375 0.64 0.81375 0.61625
2 0.84375 0.655 0.8324999999999999 0.655 0.8324999999999999 0.67625 0.84375 0.67625 0.84375 0.655
2 0.89125 0.6325000000000001 0.86875 0.6325000000000001 0.86875 0.645 0.89125 0.645 0.89125 0.6325000000000001
2 0.60625 0.75125 0.5962500000000001 0.75125 0.5962500000000001 0.7725 0.60625 0.7725 0.60625 0.75125
2 0.8412499999999999 0.82 0.82 0.82 0.82 0.8412499999999999 0.8412499999999999 0.8412499999999999 0.8412499999999999 0.82
2 0.8862500000000001 0.85375 0.8625 0.85375 0.8625 0.8712500000000001 0.8862500000000001 0.8712500000000001 0.8862500000000001 0.85375
2 0.8275 0.74375 0.8162499999999999 0.74375 0.8162499999999999 0.77 0.8275 0.77 0.8275 0.74375
2 0.835 0.70625 0.8237500000000001 0.70625 0.8237500000000001 0.72875 0.835 0.72875 0.835 0.70625
2 0.55625 0.825 0.54375 0.825 0.54375 0.84375 0.55625 0.84375 0.55625 0.825
2 0.5912499999999999 0.9075 0.575 0.9075 0.575 0.9275 0.5912499999999999 0.9275 0.5912499999999999 0.9075
2 0.5625 0.85875 0.54375 0.85875 0.54375 0.8787499999999999 0.5625 0.8787499999999999 0.5625 0.85875
2 0.6425 0.9324999999999999 0.61875 0.9324999999999999 0.61875 0.9512499999999999 0.6425 0.9512499999999999 0.6425 0.9324999999999999
2 0.6799999999999999 0.9012499999999999 0.655 0.9012499999999999 0.655 0.91875 0.6799999999999999 0.91875 0.6799999999999999 0.9012499999999999
2 0.6975 0.89125 0.67625 0.89125 0.67625 0.9099999999999999 0.6975 0.9099999999999999 0.6975 0.89125
2 0.7162499999999999 0.8787499999999999 0.69625 0.8787499999999999 0.69625 0.8949999999999999 0.7162499999999999 0.8949999999999999 0.7162499999999999 0.8787499999999999
2 0.8012499999999999 0.8787499999999999 0.77625 0.8787499999999999 0.77625 0.89625 0.8012499999999999 0.89625 0.8012499999999999 0.8787499999999999
2 0.9637499999999999 0.91375 0.94625 0.91375 0.94625 0.93625 0.9637499999999999 0.93625 0.9637499999999999 0.91375
2 0.99 0.9237500000000001 0.9737500000000001 0.9237500000000001 0.9737500000000001 0.945 0.99 0.945 0.99 0.9237500000000001
2 0.9824999999999999 0.9199999999999999 0.9637499999999999 0.9199999999999999 0.9637499999999999 0.945 0.9824999999999999 0.945 0.9824999999999999 0.9199999999999999
2 0.975 0.915 0.95375 0.915 0.95375 0.9400000000000001 0.975 0.9400000000000001 0.975 0.915
2 0.60375 1 0.60375 0.99 0.5862499999999999 0.99 0.5862499999999999 1 0.60375 1
2 0.8487500000000001 0.3875 0.8375 0.3875 0.8375 0.41 0.8487500000000001 0.41 0.8487500000000001 0.3875
2 0.9412499999999999 0.9099999999999999 0.9324999999999999 0.9099999999999999 0.9324999999999999 0.9262499999999999 0.9412499999999999 0.9262499999999999 0.9412499999999999 0.9099999999999999
2 0.7424999999999999 0.86875 0.7224999999999999 0.86875 0.7224999999999999 0.885 0.7424999999999999 0.885 0.7424999999999999 0.86875
2 0.58125 0.96125 0.5625 0.96125 0.5625 0.975 0.58125 0.975 0.58125 0.96125
2 0.175 0.48375 0.1525 0.48375 0.1525 0.495 0.175 0.495 0.175 0.48375
2 0.4725 0.4175 0.45625 0.4175 0.45625 0.43 0.4725 0.43 0.4725 0.4175