2 0.15 0.7575000000000001 0.135 0.7575000000000001 0.135 0.78125 0.15 0.78125 0.15 0.7575000000000001
2 0.12125 0.73875 0.10500000000000001 0.73875 0.10500000000000001 0.76125 0.12125 0.76125 0.12125 0.73875
2 0.1275 0.74875 0.11625 0.74875 0.11625 0.7675 0.1275 0.7675 0.1275 0.74875
2 0.37625000000000003 0.81125 0.35125 0.81125 0.35125 0.8262499999999999 0.37625000000000003 0.8262499999999999 0.37625000000000003 0.81125
2 0.08125 0.61875 0.058750000000000004 0.61875 0.058750000000000004 0.63875 0.08125 0.63875 0.08125 0.61875
2 0.017499999999999998 0.385 0.00125 0.385 0.00125 0.4025 0.017499999999999998 0.4025 0.017499999999999998 0.385
2 0.10625 0.73625 0.09125 0.73625 0.09125 0.75875 0.10625 0.75875 0.10625 0.73625
2 0.0975 0.73125 0.07875 0.73125 0.07875 0.75625 0.0975 0.75625 0.0975 0.73125
2 0.058750000000000004 0.6900000000000001 0.03875 0.6900000000000001 0.03875 0.705 0.058750000000000004 0.705 0.058750000000000004 0.6900000000000001
2 0.0375 0.67875 0.013750000000000002 0.67875 0.013750000000000002 0.69375 0.0375 0.69375 0.0375 0.67875
2 0.3275 0.013750000000000002 0.31124999999999997 0.013750000000000002 0.31124999999999997 0.0375 0.3275 0.0375 0.3275 0.013750000000000002
2 0.19125 0.4625 0.16875 0.4625 0.16875 0.47874999999999995 0.19125 0.47874999999999995 0.19125 0.4625
2 0.0775 0.06875 0.057499999999999996 0.06875 0.057499999999999996 0.09125 0.0775 0.09125 0.0775 0.06875
2 0.061250000000000006 0.09 0.045 0.09 0.045 0.10874999999999999 0.061250000000000006 0.10874999999999999 0.061250000000000006 0.09
2 0.05125 0.1075 0.03625 0.1075 0.03625 0.12875 0.05125 0.12875 0.05125 0.1075
2 0.06625 0.10500000000000001 0.05 0.10500000000000001 0.05 0.125 0.06625 0.125 0.06625 0.10500000000000001
2 0.05625 0.12250000000000001 0.04 0.12250000000000001 0.04 0.14250000000000002 0.05625 0.14250000000000002 0.05625 0.12250000000000001
2 0.07625 0.08499999999999999 0.0625 0.08499999999999999 0.0625 0.10375000000000001 0.07625 0.10375000000000001 0.07625 0.08499999999999999
2 0.11625 0.00125 0.09875 0.00125 0.09875 0.015 0.11625 0.015 0.11625 0.00125
2 0.12375 0.00125 0.10625 0.00125 0.10625 0.02 0.12375 0.02 0.12375 0.00125
2 0.09875 0.025 0.08499999999999999 0.025 0.08499999999999999 0.04 0.09875 0.04 0.09875 0.025
2 0.09 0.041249999999999995 0.07125000000000001 0.041249999999999995 0.07125000000000001 0.06625 0.09 0.06625 0.09 0.041249999999999995
2 0.09125 0.08 0.0725 0.08 0.0725 0.10124999999999999 0.09125 0.10124999999999999 0.09125 0.08
2 0.08125 0.10124999999999999 0.065 0.10124999999999999 0.065 0.12125 0.08125 0.12125 0.08125 0.10124999999999999
2 0.06875 0.12 0.05125 0.12 0.05125 0.14375 0.06875 0.14375 0.06875 0.12
2 0.057499999999999996 0.00125 0.045 0.00125 0.045 0.00625 0.057499999999999996 0.00625 0.057499999999999996 0.00125
2 0.29500000000000004 0.03625 0.27375 0.03625 0.27375 0.04875 0.29500000000000004 0.04875 0.29500000000000004 0.03625
2 0.315 0.025 0.29375 0.025 0.29375 0.04375 0.315 0.04375 0.315 0.025
2 0.34750000000000003 0.0025 0.32999999999999996 0.0025 0.32999999999999996 0.02375 0.34750000000000003 0.02375 0.34750000000000003 0.0025
2 0.875 0.27999999999999997 0.85875 0.27999999999999997 0.85875 0.30125 0.875 0.30125 0.875 0.27999999999999997
2 0.9862500000000001 0.00125 0.9737500000000001 0.00125 0.9737500000000001 0.01 0.9862500000000001 0.01 0.9862500000000001 0.00125
2 0.985 0.33875 0.9712500000000001 0.33875 0.9712500000000001 0.35625 0.985 0.35625 0.985 0.33875
2 0.99375 0.3225 0.97875 0.3225 0.97875 0.34125 0.99375 0.34125 0.99375 0.3225
2 0.8 0.14250000000000002 0.78 0.14250000000000002 0.78 0.16 0.8 0.16 0.8 0.14250000000000002
2 0.8262499999999999 0.15375 0.8012499999999999 0.15375 0.8012499999999999 0.17250000000000001 0.8262499999999999 0.17250000000000001 0.8262499999999999 0.15375
2 0.8487500000000001 0.16625 0.8275 0.16625 0.8275 0.18125 0.8487500000000001 0.18125 0.8487500000000001 0.16625
2 0.8699999999999999 0.175 0.85125 0.175 0.85125 0.1925 0.8699999999999999 0.1925 0.8699999999999999 0.175
2 0.915 0.1025 0.8887499999999999 0.1025 0.8887499999999999 0.12250000000000001 0.915 0.12250000000000001 0.915 0.1025
2 0.9887499999999999 0.14375 0.96875 0.14375 0.96875 0.16 0.9887499999999999 0.16 0.9887499999999999 0.14375
2 0.78 0.065 0.75625 0.065 0.75625 0.08625000000000001 0.78 0.08625000000000001 0.78 0.065
2 0.6950000000000001 0.86875 0.67375 0.86875 0.67375 0.8875 0.6950000000000001 0.8875 0.6950000000000001 0.86875
2 0.5 0.7825 0.47750000000000004 0.7825 0.47750000000000004 0.79875 0.5 0.79875 0.5 0.7825
2 0.89625 0.61375 0.875 0.61375 0.875 0.625 0.89625 0.625 0.89625 0.61375
2 0.9550000000000001 0.96125 0.9337500000000001 0.96125 0.9337500000000001 0.9737500000000001 0.9550000000000001 0.9737500000000001 0.9550000000000001 0.96125
2 0.9275 0.9662499999999999 0.90625 0.9662499999999999 0.90625 0.9824999999999999 0.9275 0.9824999999999999 0.9275 0.9662499999999999
2 0.9 0.9675 0.8800000000000001 0.9675 0.8800000000000001 0.98375 0.9 0.98375 0.9 0.9675
2 0.8412499999999999 0.905 0.8162499999999999 0.905 0.8162499999999999 0.925 0.8412499999999999 0.925 0.8412499999999999 0.905
2 1 0.68125 0.99 0.68125 0.99 0.69375 1 0.69375 1 0.68125
2 0.8875 0.10124999999999999 0.8625 0.10124999999999999 0.8625 0.11750000000000001 0.8875 0.11750000000000001 0.8875 0.10124999999999999
2 0.9012499999999999 0.495 0.88125 0.495 0.88125 0.51875 0.9012499999999999 0.51875 0.9012499999999999 0.495
2 1 0.355 0.97625 0.355 0.97625 0.38 1 0.38 1 0.355
2 0.97875 0.35375 0.96 0.35375 0.96 0.3775 0.97875 0.3775 0.97875 0.35375
2 0.8574999999999999 0.26625 0.8425 0.26625 0.8425 0.29 0.8574999999999999 0.29 0.8574999999999999 0.26625
2 0.93625 0.20750000000000002 0.915 0.20750000000000002 0.915 0.22625 0.93625 0.22625 0.93625 0.20750000000000002
2 0.7725 0.0775 0.7537499999999999 0.0775 0.7537499999999999 0.09375 0.7725 0.09375 0.7725 0.0775
2 0.89 0.09125 0.8675 0.09125 0.8675 0.10874999999999999 0.89 0.10874999999999999 0.89 0.09125
2 0.63375 0.025 0.60875 0.025 0.60875 0.04375 0.63375 0.04375 0.63375 0.025
2 0.68875 0.76 0.67875 0.76 0.67875 0.78 0.68875 0.78 0.68875 0.76
2 0.74375 0.7262500000000001 0.725 0.7262500000000001 0.725 0.75 0.74375 0.75 0.74375 0.7262500000000001
2 0.7162499999999999 0.7787499999999999 0.6975 0.7787499999999999 0.6975 0.79875 0.7162499999999999 0.79875 0.7162499999999999 0.7787499999999999
2 0.7625 0.7537499999999999 0.7462500000000001 0.7537499999999999 0.7462500000000001 0.775 0.7625 0.775 0.7625 0.7537499999999999
2 0.8 0.6900000000000001 0.7825 0.6900000000000001 0.7825 0.7112499999999999 0.8 0.7112499999999999 0.8 0.6900000000000001
2 0.6425 0.375 0.63375 0.375 0.63375 0.39249999999999996 0.6425 0.39249999999999996 0.6425 0.375
2 0.64625 0.35375 0.63375 0.35375 0.63375 0.375 0.64625 0.375 0.64625 0.35375
2 0.6775 0.23125 0.6625 0.23125 0.6625 0.25375000000000003 0.6775 0.25375000000000003 0.6775 0.23125
2 0.67625 0.00625 0.65625 0.00625 0.65625 0.0225 0.67625 0.0225 0.67625 0.00625
2 0.65625 0.00125 0.63125 0.00125 0.63125 0.01125 0.65625 0.01125 0.65625 0.00125
2 0.6637500000000001 0.04 0.6425 0.04 0.6425 0.05625 0.6637500000000001 0.05625 0.6637500000000001 0.04
2 0.5375 0.65 0.515 0.65 0.515 0.665 0.5375 0.665 0.5375 0.65
2 0.5287499999999999 0.6875 0.5075000000000001 0.6875 0.5075000000000001 0.69625 0.5287499999999999 0.69625 0.5287499999999999 0.6875
2 0.5337500000000001 0.6625 0.51375 0.6625 0.51375 0.67625 0.5337500000000001 0.67625 0.5337500000000001 0.6625
2 0.52625 0.675 0.51 0.675 0.51 0.6849999999999999 0.52625 0.6849999999999999 0.52625 0.675
2 0.49749999999999994 0.67375 0.47874999999999995 0.67375 0.47874999999999995 0.6837500000000001 0.49749999999999994 0.6837500000000001 0.49749999999999994 0.67375
2 0.545 0.67625 0.5287499999999999 0.67625 0.5287499999999999 0.6975 0.545 0.6975 0.545 0.67625
2 0.44875 0.735 0.4325 0.735 0.4325 0.75625 0.44875 0.75625 0.44875 0.735
2 0.42874999999999996 0.73 0.41375 0.73 0.41375 0.7525000000000001 0.42874999999999996 0.7525000000000001 0.42874999999999996 0.73
2 0.4375 0.7325 0.4225 0.7325 0.4225 0.7537499999999999 0.4375 0.7537499999999999 0.4375 0.7325
2 0.33375 0.6325000000000001 0.31625000000000003 0.6325000000000001 0.31625000000000003 0.6537499999999999 0.33375 0.6537499999999999 0.33375 0.6325000000000001
2 0.5912499999999999 0.8087500000000001 0.56875 0.8087500000000001 0.56875 0.8225 0.5912499999999999 0.8225 0.5912499999999999 0.8087500000000001
2 0.33625 0.7224999999999999 0.31375000000000003 0.7224999999999999 0.31375000000000003 0.73875 0.33625 0.73875 0.33625 0.7224999999999999
2 0.155 0.58375 0.135 0.58375 0.135 0.6025 0.155 0.6025 0.155 0.58375
2 0.44375 0.00375 0.43125 0.00375 0.43125 0.026250000000000002 0.44375 0.026250000000000002 0.44375 0.00375
2 0.4575 0.005 0.44749999999999995 0.005 0.44749999999999995 0.027500000000000004 0.4575 0.027500000000000004 0.4575 0.005
2 0.75625 0.77625 0.74125 0.77625 0.74125 0.795 0.75625 0.795 0.75625 0.77625
2 0.73625 0.8025 0.7224999999999999 0.8025 0.7224999999999999 0.825 0.73625 0.825 0.73625 0.8025
2 0.7175 0.9199999999999999 0.6925 0.9199999999999999 0.6925 0.9337500000000001 0.7175 0.9337500000000001 0.7175 0.9199999999999999
2 0.54375 0.8712500000000001 0.52125 0.8712500000000001 0.52125 0.885 0.54375 0.885 0.54375 0.8712500000000001
2 0.26 0.775 0.24125000000000002 0.775 0.24125000000000002 0.79125 0.26 0.79125 0.26 0.775
2 0.2525 0.31625000000000003 0.23500000000000001 0.31625000000000003 0.23500000000000001 0.32625000000000004 0.2525 0.32625000000000004 0.2525 0.31625000000000003
2 0.83625 0.2625 0.82125 0.2625 0.82125 0.27875 0.83625 0.27875 0.83625 0.2625