2 0.1525 0.015 0.13125 0.015 0.13125 0.025 0.1525 0.025 0.1525 0.015
2 0.155 0.02375 0.1375 0.02375 0.1375 0.0375 0.155 0.0375 0.155 0.02375
2 0.13625 0.03125 0.11499999999999999 0.03125 0.11499999999999999 0.04375 0.13625 0.04375 0.13625 0.03125
2 0.052500000000000005 0.0725 0.04 0.0725 0.04 0.09625 0.052500000000000005 0.09625 0.052500000000000005 0.0725
2 0.30874999999999997 0.15875 0.28625 0.15875 0.28625 0.17124999999999999 0.30874999999999997 0.17124999999999999 0.30874999999999997 0.15875
2 0.3125 0.16875 0.2875 0.16875 0.2875 0.18125 0.3125 0.18125 0.3125 0.16875
2 0.3125 0.17875000000000002 0.2925 0.17875000000000002 0.2925 0.1925 0.3125 0.1925 0.3125 0.17875000000000002
2 0.315 0.19125 0.2925 0.19125 0.2925 0.20249999999999999 0.315 0.20249999999999999 0.315 0.19125
2 0.32 0.2125 0.29874999999999996 0.2125 0.29874999999999996 0.225 0.32 0.225 0.32 0.2125
2 0.32375 0.23500000000000001 0.305 0.23500000000000001 0.305 0.24625 0.32375 0.24625 0.32375 0.23500000000000001
2 0.5125 0.26749999999999996 0.48624999999999996 0.26749999999999996 0.48624999999999996 0.27999999999999997 0.5125 0.27999999999999997 0.5125 0.26749999999999996
2 0.22125 0.17375000000000002 0.1975 0.17375000000000002 0.1975 0.18375 0.22125 0.18375 0.22125 0.17375000000000002
2 0.21749999999999997 0.14625 0.195 0.14625 0.195 0.155 0.21749999999999997 0.155 0.21749999999999997 0.14625
2 0.10874999999999999 0.028749999999999998 0.08499999999999999 0.028749999999999998 0.08499999999999999 0.045 0.10874999999999999 0.045 0.10874999999999999 0.028749999999999998
2 0.22000000000000003 0.15375 0.195 0.15375 0.195 0.16499999999999998 0.22000000000000003 0.16499999999999998 0.22000000000000003 0.15375
2 0.2125 0.13374999999999998 0.19375 0.13374999999999998 0.19375 0.145 0.2125 0.145 0.2125 0.13374999999999998
2 0.2125 0.12375 0.1925 0.12375 0.1925 0.13374999999999998 0.2125 0.13374999999999998 0.2125 0.12375
2 0.21125 0.10874999999999999 0.19125 0.10874999999999999 0.19125 0.12125 0.21125 0.12125 0.21125 0.10874999999999999
2 0.21125 0.0975 0.1875 0.0975 0.1875 0.11125 0.21125 0.11125 0.21125 0.0975
2 0.3525 0.04875 0.34375 0.04875 0.34375 0.06875 0.3525 0.06875 0.3525 0.04875
2 0.365 0.04875 0.35750000000000004 0.04875 0.35750000000000004 0.07125000000000001 0.365 0.07125000000000001 0.365 0.04875
2 0.37374999999999997 0.04875 0.3675 0.04875 0.3675 0.0675 0.37374999999999997 0.0675 0.37374999999999997 0.04875
2 0.385 0.04875 0.37625000000000003 0.04875 0.37625000000000003 0.0675 0.385 0.0675 0.385 0.04875
2 0.41375 0.04625 0.4025 0.04625 0.4025 0.06875 0.41375 0.06875 0.41375 0.04625
2 0.39625 0.04875 0.3875 0.04875 0.3875 0.06875 0.39625 0.06875 0.39625 0.04875
2 0.42625 0.0475 0.4175 0.0475 0.4175 0.06875 0.42625 0.06875 0.42625 0.0475
2 0.44375 0.05 0.43375 0.05 0.43375 0.07375000000000001 0.44375 0.07375000000000001 0.44375 0.05
2 0.45499999999999996 0.04625 0.44625000000000004 0.04625 0.44625000000000004 0.0725 0.45499999999999996 0.0725 0.45499999999999996 0.04625
2 0.64125 0.08375 0.6224999999999999 0.08375 0.6224999999999999 0.09375 0.64125 0.09375 0.64125 0.08375
2 0.515 0.29625 0.49000000000000005 0.29625 0.49000000000000005 0.31 0.515 0.31 0.515 0.29625
2 0.7725 0.22374999999999998 0.74875 0.22374999999999998 0.74875 0.23374999999999999 0.7725 0.23374999999999999 0.7725 0.22374999999999998
2 0.8712500000000001 0.17124999999999999 0.85875 0.17124999999999999 0.85875 0.2 0.8712500000000001 0.2 0.8712500000000001 0.17124999999999999
2 0.9025000000000001 0.18375 0.89 0.18375 0.89 0.20625 0.9025000000000001 0.20625 0.9025000000000001 0.18375
2 0.99125 0.12625 0.97 0.12625 0.97 0.13874999999999998 0.99125 0.13874999999999998 0.99125 0.12625
2 0.8862500000000001 0.057499999999999996 0.8712500000000001 0.057499999999999996 0.8712500000000001 0.08125 0.8862500000000001 0.08125 0.8862500000000001 0.057499999999999996
2 0.86625 0.09 0.84375 0.09 0.84375 0.10124999999999999 0.86625 0.10124999999999999 0.86625 0.09
2 0.71875 0.08625000000000001 0.69875 0.08625000000000001 0.69875 0.09875 0.71875 0.09875 0.71875 0.08625000000000001
2 0.77 0.23374999999999999 0.75125 0.23374999999999999 0.75125 0.24375 0.77 0.24375 0.77 0.23374999999999999
2 0.85875 0.10874999999999999 0.8387499999999999 0.10874999999999999 0.8387499999999999 0.11750000000000001 0.85875 0.11750000000000001 0.85875 0.10874999999999999
2 0.77 0.24625 0.75125 0.24625 0.75125 0.25625 0.77 0.25625 0.77 0.24625
2 0.89875 0.058750000000000004 0.8862500000000001 0.058750000000000004 0.8862500000000001 0.08375 0.89875 0.08375 0.89875 0.058750000000000004
2 0.0625 0.07125000000000001 0.052500000000000005 0.07125000000000001 0.052500000000000005 0.0875 0.0625 0.0875 0.0625 0.07125000000000001
2 0.1325 0.02 0.1125 0.02 0.1125 0.0325 0.1325 0.0325 0.1325 0.02
2 0.29500000000000004 0.04375 0.28625 0.04375 0.28625 0.057499999999999996 0.29500000000000004 0.057499999999999996 0.29500000000000004 0.04375
2 0.06375 0.008749999999999999 0.05125 0.008749999999999999 0.05125 0.03125 0.06375 0.03125 0.06375 0.008749999999999999
2 0.1875 0.005 0.1775 0.005 0.1775 0.02 0.1875 0.02 0.1875 0.005
2 0.87625 0.13625 0.8574999999999999 0.13625 0.8574999999999999 0.15 0.87625 0.15 0.87625 0.13625