2 0.615 0.08249999999999999 0.57125 0.08249999999999999 0.57125 0.10124999999999999 0.615 0.10124999999999999 0.615 0.08249999999999999
2 0.60875 0.10124999999999999 0.5675 0.10124999999999999 0.5675 0.11875 0.60875 0.11875 0.60875 0.10124999999999999
2 0.97875 0.021249999999999998 0.97 0.021249999999999998 0.97 0.041249999999999995 0.97875 0.041249999999999995 0.97875 0.021249999999999998
2 0.805 0.54625 0.7887500000000001 0.54625 0.7887500000000001 0.5700000000000001 0.805 0.5700000000000001 0.805 0.54625
2 0.47874999999999995 0.9 0.45875000000000005 0.9 0.45875000000000005 0.9125 0.47874999999999995 0.9125 0.47874999999999995 0.9
2 0.54875 0.88375 0.5325 0.88375 0.5325 0.8975 0.54875 0.8975 0.54875 0.88375
2 0.5337500000000001 0.8787499999999999 0.515 0.8787499999999999 0.515 0.89375 0.5337500000000001 0.89375 0.5337500000000001 0.8787499999999999
2 0.18125 0.9400000000000001 0.1675 0.9400000000000001 0.1675 0.9625 0.18125 0.9625 0.18125 0.9400000000000001
2 0.16625 1 0.16625 0.98125 0.1525 0.98125 0.1525 1 0.16625 1
2 0.50625 0.9037499999999999 0.48375 0.9037499999999999 0.48375 0.91875 0.50625 0.91875 0.50625 0.9037499999999999
2 0.09375 0.985 0.07375000000000001 0.985 0.07375000000000001 0.99875 0.09375 0.99875 0.09375 0.985
2 0.60625 0.925 0.57875 0.925 0.57875 0.945 0.60625 0.945 0.60625 0.925
2 0.57375 0.89125 0.5525 0.89125 0.5525 0.9025000000000001 0.57375 0.9025000000000001 0.57375 0.89125
2 0.57125 0.9199999999999999 0.54875 0.9199999999999999 0.54875 0.9349999999999999 0.57125 0.9349999999999999 0.57125 0.9199999999999999
2 0.5475 0.915 0.5275000000000001 0.915 0.5275000000000001 0.9262499999999999 0.5475 0.9262499999999999 0.5475 0.915
2 0.24874999999999997 0.40374999999999994 0.22749999999999998 0.40374999999999994 0.22749999999999998 0.41500000000000004 0.24874999999999997 0.41500000000000004 0.24874999999999997 0.40374999999999994
2 0.19 0.14875 0.1775 0.14875 0.1775 0.17250000000000001 0.19 0.17250000000000001 0.19 0.14875
2 0.5625 0.23500000000000001 0.54125 0.23500000000000001 0.54125 0.25 0.5625 0.25 0.5625 0.23500000000000001
2 0.5875 0.24125000000000002 0.5650000000000001 0.24125000000000002 0.5650000000000001 0.255 0.5875 0.255 0.5875 0.24125000000000002
2 0.4925 0.24874999999999997 0.46624999999999994 0.24874999999999997 0.46624999999999994 0.26125 0.4925 0.26125 0.4925 0.24874999999999997
2 0.52125 0.25125000000000003 0.49625 0.25125000000000003 0.49625 0.26749999999999996 0.52125 0.26749999999999996 0.52125 0.25125000000000003
2 0.06999999999999999 0.55125 0.04875 0.55125 0.04875 0.56375 0.06999999999999999 0.56375 0.06999999999999999 0.55125
2 0.08 0.51 0.06 0.51 0.06 0.5225 0.08 0.5225 0.08 0.51
2 0.15125 0.25625 0.13625 0.25625 0.13625 0.27749999999999997 0.15125 0.27749999999999997 0.15125 0.25625
2 0.13625 0.585 0.11374999999999999 0.585 0.11374999999999999 0.59875 0.13625 0.59875 0.13625 0.585
2 0.27125 0.61375 0.24625 0.61375 0.24625 0.63125 0.27125 0.63125 0.27125 0.61375
2 0.59375 0.3025 0.58125 0.3025 0.58125 0.32125 0.59375 0.32125 0.59375 0.3025
2 0.2225 0.135 0.20625 0.135 0.20625 0.15625 0.2225 0.15625 0.2225 0.135
2 0.5725 0.39 0.55625 0.39 0.55625 0.41624999999999995 0.5725 0.41624999999999995 0.5725 0.39
2 0.515 0.56375 0.5 0.56375 0.5 0.5862499999999999 0.515 0.5862499999999999 0.515 0.56375
2 0.51125 0.5875 0.49375 0.5875 0.49375 0.60875 0.51125 0.60875 0.51125 0.5875
2 0.49375 0.6287499999999999 0.47000000000000003 0.6287499999999999 0.47000000000000003 0.65 0.49375 0.65 0.49375 0.6287499999999999
2 0.55 0.5175 0.53625 0.5175 0.53625 0.5425 0.55 0.5425 0.55 0.5175
2 0.0475 0.68875 0.0325 0.68875 0.0325 0.7112499999999999 0.0475 0.7112499999999999 0.0475 0.68875
2 0.24500000000000002 0.8387499999999999 0.22374999999999998 0.8387499999999999 0.22374999999999998 0.85125 0.24500000000000002 0.85125 0.24500000000000002 0.8387499999999999
2 0.30625 0.85375 0.28500000000000003 0.85375 0.28500000000000003 0.8675 0.30625 0.8675 0.30625 0.85375
2 0.32875 0.8574999999999999 0.30625 0.8574999999999999 0.30625 0.87375 0.32875 0.87375 0.32875 0.8574999999999999
2 0.35625 0.8574999999999999 0.335 0.8574999999999999 0.335 0.8724999999999999 0.35625 0.8724999999999999 0.35625 0.8574999999999999
2 0.23374999999999999 0.0925 0.21625 0.0925 0.21625 0.11625 0.23374999999999999 0.11625 0.23374999999999999 0.0925
2 0.25 0.0325 0.23625 0.0325 0.23625 0.05375 0.25 0.05375 0.25 0.0325
2 0.24375 0.05375 0.22875 0.05375 0.22875 0.06999999999999999 0.24375 0.06999999999999999 0.24375 0.05375
2 0.27999999999999997 0.08125 0.26 0.08125 0.26 0.0925 0.27999999999999997 0.0925 0.27999999999999997 0.08125
2 0.27749999999999997 0.10625 0.25625 0.10625 0.25625 0.11875 0.27749999999999997 0.11875 0.27749999999999997 0.10625
2 0.23875000000000002 0.06999999999999999 0.225 0.06999999999999999 0.225 0.09125 0.23875000000000002 0.09125 0.23875000000000002 0.06999999999999999
2 0.50625 0.00125 0.48875 0.00125 0.48875 0.0075 0.50625 0.0075 0.50625 0.00125
2 0.69625 0.00125 0.67875 0.00125 0.67875 0.005 0.69625 0.005 0.69625 0.00125
2 0.745 0.052500000000000005 0.72 0.052500000000000005 0.72 0.06375 0.745 0.06375 0.745 0.052500000000000005
2 0.76375 0.05500000000000001 0.7462500000000001 0.05500000000000001 0.7462500000000001 0.06625 0.76375 0.06625 0.76375 0.05500000000000001
2 0.79125 0.058750000000000004 0.7675 0.058750000000000004 0.7675 0.0725 0.79125 0.0725 0.79125 0.058750000000000004
2 0.85125 0.01 0.82875 0.01 0.82875 0.021249999999999998 0.85125 0.021249999999999998 0.85125 0.01
2 0.9125 0.05125 0.89 0.05125 0.89 0.06375 0.9125 0.06375 0.9125 0.05125
2 0.6325000000000001 0.0375 0.61375 0.0375 0.61375 0.05 0.6325000000000001 0.05 0.6325000000000001 0.0375
2 0.7875 0.00125 0.76375 0.00125 0.76375 0.015 0.7875 0.015 0.7875 0.00125
2 0.54875 0.00125 0.52625 0.00125 0.52625 0.017499999999999998 0.54875 0.017499999999999998 0.54875 0.00125
2 0.51125 0.02 0.48875 0.02 0.48875 0.034999999999999996 0.51125 0.034999999999999996 0.51125 0.02
2 0.8775000000000001 0.0475 0.8525 0.0475 0.8525 0.06 0.8775000000000001 0.06 0.8775000000000001 0.0475
2 0.87625 0.23374999999999999 0.8625 0.23374999999999999 0.8625 0.2525 0.87625 0.2525 0.87625 0.23374999999999999
2 0.93125 0.00125 0.92125 0.00125 0.92125 0.005 0.93125 0.005 0.93125 0.00125
2 0.9512499999999999 0.0125 0.9400000000000001 0.0125 0.9400000000000001 0.034999999999999996 0.9512499999999999 0.034999999999999996 0.9512499999999999 0.0125
2 0.975 0.08875 0.9625 0.08875 0.9625 0.11000000000000001 0.975 0.11000000000000001 0.975 0.08875
2 0.68125 0.86 0.6675 0.86 0.6675 0.88125 0.68125 0.88125 0.68125 0.86
2 0.6849999999999999 0.83375 0.675 0.83375 0.675 0.85875 0.6849999999999999 0.85875 0.6849999999999999 0.83375
2 0.7675 0.7849999999999999 0.755 0.7849999999999999 0.755 0.81125 0.7675 0.81125 0.7675 0.7849999999999999
2 0.7675 0.5775 0.755 0.5775 0.755 0.59875 0.7675 0.59875 0.7675 0.5775
2 0.83125 0.63125 0.8175000000000001 0.63125 0.8175000000000001 0.65125 0.83125 0.65125 0.83125 0.63125
2 0.915 0.5862499999999999 0.89125 0.5862499999999999 0.89125 0.6 0.915 0.6 0.915 0.5862499999999999
2 0.8975 0.635 0.8787499999999999 0.635 0.8787499999999999 0.65 0.8975 0.65 0.8975 0.635
2 0.8925000000000001 0.64375 0.8675 0.64375 0.8675 0.6599999999999999 0.8925000000000001 0.6599999999999999 0.8925000000000001 0.64375
2 0.95375 0.6375 0.93125 0.6375 0.93125 0.65125 0.95375 0.65125 0.95375 0.6375
2 0.9475 0.6575 0.9275 0.6575 0.9275 0.67 0.9475 0.67 0.9475 0.6575
2 0.9525 0.645 0.93 0.645 0.93 0.6587500000000001 0.9525 0.6587500000000001 0.9525 0.645
2 0.9400000000000001 0.6900000000000001 0.915 0.6900000000000001 0.915 0.70375 0.9400000000000001 0.70375 0.9400000000000001 0.6900000000000001
2 0.94625 0.08 0.9324999999999999 0.08 0.9324999999999999 0.1 0.94625 0.1 0.94625 0.08
2 0.9275 0.32625000000000004 0.91375 0.32625000000000004 0.91375 0.34500000000000003 0.9275 0.34500000000000003 0.9275 0.32625000000000004
2 0.725 0.4225 0.7112499999999999 0.4225 0.7112499999999999 0.44625000000000004 0.725 0.44625000000000004 0.725 0.4225
2 0.77 0.43375 0.755 0.43375 0.755 0.45499999999999996 0.77 0.45499999999999996 0.77 0.43375
2 0.69875 0.4025 0.675 0.4025 0.675 0.41875 0.69875 0.41875 0.69875 0.4025
2 0.6849999999999999 0.48125 0.66875 0.48125 0.66875 0.5025000000000001 0.6849999999999999 0.5025000000000001 0.6849999999999999 0.48125
2 0.97875 0.37625000000000003 0.9550000000000001 0.37625000000000003 0.9550000000000001 0.39125 0.97875 0.39125 0.97875 0.37625000000000003
2 0.9675 0.40750000000000003 0.9487500000000001 0.40750000000000003 0.9487500000000001 0.42125 0.9675 0.42125 0.9675 0.40750000000000003
2 0.9637499999999999 0.42750000000000005 0.945 0.42750000000000005 0.945 0.44375 0.9637499999999999 0.44375 0.9637499999999999 0.42750000000000005
2 0.95625 0.43875000000000003 0.93875 0.43875000000000003 0.93875 0.45125000000000004 0.95625 0.45125000000000004 0.95625 0.43875000000000003
2 0.70875 0.36 0.6849999999999999 0.36 0.6849999999999999 0.375 0.70875 0.375 0.70875 0.36
2 0.95625 0.44749999999999995 0.9349999999999999 0.44749999999999995 0.9349999999999999 0.46375 0.95625 0.46375 0.95625 0.44749999999999995
2 0.9550000000000001 0.45499999999999996 0.9324999999999999 0.45499999999999996 0.9324999999999999 0.4725 0.9550000000000001 0.4725 0.9550000000000001 0.45499999999999996
2 0.95 0.47000000000000003 0.92875 0.47000000000000003 0.92875 0.48250000000000004 0.95 0.48250000000000004 0.95 0.47000000000000003
2 0.945 0.48 0.9262499999999999 0.48 0.9262499999999999 0.4925 0.945 0.4925 0.945 0.48
2 1 0.4625 0.9824999999999999 0.4625 0.9824999999999999 0.47625 1 0.47625 1 0.4625
2 1 0.47375 0.9824999999999999 0.47375 0.9824999999999999 0.4875 1 0.4875 1 0.47375
2 1 0.48624999999999996 0.97875 0.48624999999999996 0.97875 0.49749999999999994 1 0.49749999999999994 1 0.48624999999999996
2 0.885 0.20249999999999999 0.87375 0.20249999999999999 0.87375 0.22000000000000003 0.885 0.22000000000000003 0.885 0.20249999999999999
2 0.89125 0.18375 0.8800000000000001 0.18375 0.8800000000000001 0.20249999999999999 0.89125 0.20249999999999999 0.89125 0.18375
2 0.9337500000000001 0.12250000000000001 0.91875 0.12250000000000001 0.91875 0.14625 0.9337500000000001 0.14625 0.9337500000000001 0.12250000000000001
2 0.70875 0.37124999999999997 0.6825 0.37124999999999997 0.6825 0.39 0.70875 0.39 0.70875 0.37124999999999997
2 0.76875 0.365 0.7537499999999999 0.365 0.7537499999999999 0.3875 0.76875 0.3875 0.76875 0.365
2 0.96 0.61375 0.9375 0.61375 0.9375 0.6275000000000001 0.96 0.6275000000000001 0.96 0.61375
2 0.745 0.29375 0.73 0.29375 0.73 0.3175 0.745 0.3175 0.745 0.29375
2 0.9574999999999999 0.625 0.9324999999999999 0.625 0.9324999999999999 0.6425 0.9574999999999999 0.6425 0.9574999999999999 0.625
2 0.93 0.71 0.9075 0.71 0.9075 0.725 0.93 0.725 0.93 0.71
2 0.89 0.6587500000000001 0.86625 0.6587500000000001 0.86625 0.67125 0.89 0.67125 0.89 0.6587500000000001
2 0.8862500000000001 0.66875 0.8612500000000001 0.66875 0.8612500000000001 0.6837500000000001 0.8862500000000001 0.6837500000000001 0.8862500000000001 0.66875
2 0.8825 0.6799999999999999 0.8574999999999999 0.6799999999999999 0.8574999999999999 0.6925 0.8825 0.6925 0.8825 0.6799999999999999
2 0.9962500000000001 0.495 0.975 0.495 0.975 0.50875 0.9962500000000001 0.50875 0.9962500000000001 0.495
2 0.9800000000000001 0.36625 0.96 0.36625 0.96 0.3775 0.9800000000000001 0.3775 0.9800000000000001 0.36625
2 0.9862500000000001 0.3525 0.9625 0.3525 0.9625 0.3675 0.9862500000000001 0.3675 0.9862500000000001 0.3525
2 0.9112500000000001 0.37625000000000003 0.8949999999999999 0.37625000000000003 0.8949999999999999 0.395 0.9112500000000001 0.395 0.9112500000000001 0.37625000000000003
2 0.91875 0.34500000000000003 0.90625 0.34500000000000003 0.90625 0.3625 0.91875 0.3625 0.91875 0.34500000000000003
2 0.7675 0.29874999999999996 0.7525000000000001 0.29874999999999996 0.7525000000000001 0.32125 0.7675 0.32125 0.7675 0.29874999999999996
2 0.81375 0.33999999999999997 0.795 0.33999999999999997 0.795 0.3525 0.81375 0.3525 0.81375 0.33999999999999997
2 0.7125 0.34875 0.68625 0.34875 0.68625 0.36375 0.7125 0.36375 0.7125 0.34875
2 0.70375 0.3825 0.68125 0.3825 0.68125 0.39625 0.70375 0.39625 0.70375 0.3825
2 0.74 0.38 0.72375 0.38 0.72375 0.4 0.74 0.4 0.74 0.38
2 0.7462500000000001 0.35750000000000004 0.73 0.35750000000000004 0.73 0.38125 0.7462500000000001 0.38125 0.7462500000000001 0.35750000000000004
2 0.73625 0.42625 0.725 0.42625 0.725 0.44375 0.73625 0.44375 0.73625 0.42625
2 0.6950000000000001 0.4125 0.67125 0.4125 0.67125 0.42874999999999996 0.6950000000000001 0.42874999999999996 0.6950000000000001 0.4125
2 0.69875 0.39375 0.6775 0.39375 0.6775 0.40750000000000003 0.69875 0.40750000000000003 0.69875 0.39375
2 0.7212500000000001 0.31875 0.69875 0.31875 0.69875 0.3375 0.7212500000000001 0.3375 0.7212500000000001 0.31875
2 0.7875 0.3 0.7725 0.3 0.7725 0.3225 0.7875 0.3225 0.7875 0.3
2 0.82 0.32875 0.79875 0.32875 0.79875 0.34500000000000003 0.82 0.34500000000000003 0.82 0.32875
2 0.27375 0.11625 0.2525 0.11625 0.2525 0.125 0.27375 0.125 0.27375 0.11625
2 0.27 0.14750000000000002 0.26 0.14750000000000002 0.26 0.1675 0.27 0.1675 0.27 0.14750000000000002
2 0.2575 0.14750000000000002 0.24625 0.14750000000000002 0.24625 0.17124999999999999 0.2575 0.17124999999999999 0.2575 0.14750000000000002
2 0.225 0.11625 0.21375000000000002 0.11625 0.21375000000000002 0.135 0.225 0.135 0.225 0.11625
2 0.12375 0.355 0.1125 0.355 0.1125 0.37374999999999997 0.12375 0.37374999999999997 0.12375 0.355
2 0.38875000000000004 0.21000000000000002 0.36875 0.21000000000000002 0.36875 0.22374999999999998 0.38875000000000004 0.22374999999999998 0.38875000000000004 0.21000000000000002
2 0.03375 0.72 0.02 0.72 0.02 0.74125 0.03375 0.74125 0.03375 0.72
2 0.39125 0.875 0.37 0.875 0.37 0.8862500000000001 0.39125 0.8862500000000001 0.39125 0.875
2 0.7625 0.49874999999999997 0.75 0.49874999999999997 0.75 0.5225 0.7625 0.5225 0.7625 0.49874999999999997
2 0.60875 0.0325 0.58375 0.0325 0.58375 0.04625 0.60875 0.04625 0.60875 0.0325
2 0.5337500000000001 0.0225 0.51375 0.0225 0.51375 0.0325 0.5337500000000001 0.0325 0.5337500000000001 0.0225