2 0.41875 0.23500000000000001 0.39875 0.23500000000000001 0.39875 0.2475 0.41875 0.2475 0.41875 0.23500000000000001
2 0.53 0.2125 0.50875 0.2125 0.50875 0.22374999999999998 0.53 0.22374999999999998 0.53 0.2125
2 0.54875 0.1325 0.53 0.1325 0.53 0.15625 0.54875 0.15625 0.54875 0.1325
2 0.5862499999999999 0.1125 0.56125 0.1125 0.56125 0.12625 0.5862499999999999 0.12625 0.5862499999999999 0.1125
2 0.5375 0.15625 0.51125 0.15625 0.51125 0.17124999999999999 0.5375 0.17124999999999999 0.5375 0.15625
2 0.5075000000000001 0.16625 0.48375 0.16625 0.48375 0.18125 0.5075000000000001 0.18125 0.5075000000000001 0.16625
2 0.46375 0.22625 0.44125 0.22625 0.44125 0.24125000000000002 0.46375 0.24125000000000002 0.46375 0.22625
2 0.44375 0.22999999999999998 0.42125 0.22999999999999998 0.42125 0.24500000000000002 0.44375 0.24500000000000002 0.44375 0.22999999999999998
2 0.17124999999999999 0.18 0.1575 0.18 0.1575 0.20249999999999999 0.17124999999999999 0.20249999999999999 0.17124999999999999 0.18
2 0.18125 0.1775 0.16999999999999998 0.1775 0.16999999999999998 0.2 0.18125 0.2 0.18125 0.1775
2 0.1925 0.17250000000000001 0.1775 0.17250000000000001 0.1775 0.1975 0.1925 0.1975 0.1925 0.17250000000000001
2 0.20750000000000002 0.17375000000000002 0.19 0.17375000000000002 0.19 0.1975 0.20750000000000002 0.1975 0.20750000000000002 0.17375000000000002
2 0.21375000000000002 0.17124999999999999 0.19875 0.17124999999999999 0.19875 0.19375 0.21375000000000002 0.19375 0.21375000000000002 0.17124999999999999
2 0.22875 0.1675 0.21125 0.1675 0.21125 0.19125 0.22875 0.19125 0.22875 0.1675
2 0.24500000000000002 0.16625 0.22374999999999998 0.16625 0.22374999999999998 0.1875 0.24500000000000002 0.1875 0.24500000000000002 0.16625
2 0.25875 0.16499999999999998 0.24 0.16499999999999998 0.24 0.1875 0.25875 0.1875 0.25875 0.16499999999999998
2 0.27125 0.16375 0.25125000000000003 0.16375 0.25125000000000003 0.1875 0.27125 0.1875 0.27125 0.16375
2 0.3375 0.01625 0.32625000000000004 0.01625 0.32625000000000004 0.034999999999999996 0.3375 0.034999999999999996 0.3375 0.01625
2 0.41375 0.18875 0.39125 0.18875 0.39125 0.2 0.41375 0.2 0.41375 0.18875