2 0.51625 0.6925 0.49625 0.6925 0.49625 0.7212500000000001 0.51625 0.7212500000000001 0.51625 0.6925
2 0.92125 0.93 0.9075 0.93 0.9075 0.9525 0.92125 0.9525 0.92125 0.93
2 0.93125 0.9275 0.9199999999999999 0.9275 0.9199999999999999 0.95 0.93125 0.95 0.93125 0.9275
2 0.9425000000000001 0.9225 0.9275 0.9225 0.9275 0.9475 0.9425000000000001 0.9475 0.9425000000000001 0.9225
2 0.9574999999999999 0.9237500000000001 0.9400000000000001 0.9237500000000001 0.9400000000000001 0.9475 0.9574999999999999 0.9475 0.9574999999999999 0.9237500000000001
2 0.9637499999999999 0.92125 0.9487500000000001 0.92125 0.9487500000000001 0.94375 0.9637499999999999 0.94375 0.9637499999999999 0.92125
2 0.97875 0.9175000000000001 0.96125 0.9175000000000001 0.96125 0.9412499999999999 0.97875 0.9412499999999999 0.97875 0.9175000000000001
2 0.9949999999999999 0.91625 0.9737500000000001 0.91625 0.9737500000000001 0.9375 0.9949999999999999 0.9375 0.9949999999999999 0.91625
2 1 0.915 0.99 0.915 0.99 0.93625 1 0.93625 1 0.915
2 0.53625 0.75 0.51375 0.75 0.51375 0.7737499999999999 0.53625 0.7737499999999999 0.53625 0.75
2 0.86875 0.04375 0.8525 0.04375 0.8525 0.06625 0.86875 0.06625 0.86875 0.04375
2 0.8487500000000001 0.07375000000000001 0.8375 0.07375000000000001 0.8375 0.09625 0.8487500000000001 0.09625 0.8487500000000001 0.07375000000000001
2 0.33999999999999997 0.50125 0.29500000000000004 0.50125 0.29500000000000004 0.54125 0.33999999999999997 0.54125 0.33999999999999997 0.50125
2 0.33875 0.5237499999999999 0.29375 0.5237499999999999 0.29375 0.56375 0.33875 0.56375 0.33875 0.5237499999999999
2 0.45625 0.0675 0.4325 0.0675 0.4325 0.07625 0.45625 0.07625 0.45625 0.0675
2 0.4525 0.0775 0.43 0.0775 0.43 0.0875 0.4525 0.0875 0.4525 0.0775
2 0.45 0.09 0.43 0.09 0.43 0.09875 0.45 0.09875 0.45 0.09
2 0.44625000000000004 0.11125 0.4225 0.11125 0.4225 0.12250000000000001 0.44625000000000004 0.12250000000000001 0.44625000000000004 0.11125
2 0.4425 0.13125 0.4225 0.13125 0.4225 0.14375 0.4425 0.14375 0.4425 0.13125
2 0.44375 0.14250000000000002 0.42125 0.14250000000000002 0.42125 0.15625 0.44375 0.15625 0.44375 0.14250000000000002
2 0.39249999999999996 0.11499999999999999 0.36875 0.11499999999999999 0.36875 0.125 0.39249999999999996 0.125 0.39249999999999996 0.11499999999999999
2 0.44000000000000006 0.16625 0.41624999999999995 0.16625 0.41624999999999995 0.17875000000000002 0.44000000000000006 0.17875000000000002 0.44000000000000006 0.16625
2 0.44875 0.1025 0.42874999999999996 0.1025 0.42874999999999996 0.11499999999999999 0.44875 0.11499999999999999 0.44875 0.1025
2 0.44125 0.15625 0.41875 0.15625 0.41875 0.16625 0.44125 0.16625 0.44125 0.15625
2 0.44000000000000006 0.175 0.4175 0.175 0.4175 0.18875 0.44000000000000006 0.18875 0.44000000000000006 0.175
2 0.34875 0.48375 0.3025 0.48375 0.3025 0.52625 0.34875 0.52625 0.34875 0.48375
2 0.39875 0.04 0.37875000000000003 0.04 0.37875000000000003 0.05375 0.39875 0.05375 0.39875 0.04