2 0.17625 0.8625 0.1525 0.8625 0.1525 0.8787499999999999 0.17625 0.8787499999999999 0.17625 0.8625
2 0.20875 0.8775000000000001 0.18375 0.8775000000000001 0.18375 0.89125 0.20875 0.89125 0.20875 0.8775000000000001
2 0.13874999999999998 0.8875 0.11499999999999999 0.8875 0.11499999999999999 0.9025000000000001 0.13874999999999998 0.9025000000000001 0.13874999999999998 0.8875
2 0.16375 0.89875 0.13999999999999999 0.89875 0.13999999999999999 0.9125 0.16375 0.9125 0.16375 0.89875
2 0.0975 0.8625 0.07375000000000001 0.8625 0.07375000000000001 0.8800000000000001 0.0975 0.8800000000000001 0.0975 0.8625
2 0.14625 0.52125 0.12875 0.52125 0.12875 0.5337500000000001 0.14625 0.5337500000000001 0.14625 0.52125
2 0.01125 0.44125 0.00125 0.44125 0.00125 0.45499999999999996 0.01125 0.45499999999999996 0.01125 0.44125
2 0.075 0.8525 0.04875 0.8525 0.04875 0.8712500000000001 0.075 0.8712500000000001 0.075 0.8525
2 0.03125 0.83125 0.0075 0.83125 0.0075 0.8487500000000001 0.03125 0.8487500000000001 0.03125 0.83125
2 0.04875 0.8162499999999999 0.021249999999999998 0.8162499999999999 0.021249999999999998 0.83625 0.04875 0.83625 0.04875 0.8162499999999999
2 0.15875 0.8400000000000001 0.135 0.8400000000000001 0.135 0.8550000000000001 0.15875 0.8550000000000001 0.15875 0.8400000000000001
2 0.3075 0.8474999999999999 0.29 0.8474999999999999 0.29 0.8699999999999999 0.3075 0.8699999999999999 0.3075 0.8474999999999999
2 0.25 0.89625 0.22625 0.89625 0.22625 0.91625 0.25 0.91625 0.25 0.89625
2 0.25125000000000003 0.8825 0.22999999999999998 0.8825 0.22999999999999998 0.9012499999999999 0.25125000000000003 0.9012499999999999 0.25125000000000003 0.8825
2 0.2 0.8875 0.1775 0.8875 0.1775 0.9075 0.2 0.9075 0.2 0.8875
2 0.1975 0.9112500000000001 0.17375000000000002 0.9112500000000001 0.17375000000000002 0.93 0.1975 0.93 0.1975 0.9112500000000001
2 0.5575 1 0.5575 0.99 0.53625 0.99 0.53625 1 0.5575 1
2 0.58875 1 0.58875 0.9875 0.575 0.9875 0.575 1 0.58875 1
2 0.59875 1 0.59875 0.99 0.585 0.99 0.585 1 0.59875 1
2 0.63125 0.8975 0.6212500000000001 0.8975 0.6212500000000001 0.91875 0.63125 0.91875 0.63125 0.8975
2 0.61625 0.8300000000000001 0.5974999999999999 0.8300000000000001 0.5974999999999999 0.85375 0.61625 0.85375 0.61625 0.8300000000000001
2 0.3675 0.675 0.35375 0.675 0.35375 0.6925 0.3675 0.6925 0.3675 0.675
2 0.4 0.5325 0.38625 0.5325 0.38625 0.5549999999999999 0.4 0.5549999999999999 0.4 0.5325
2 0.63625 0.8775000000000001 0.625 0.8775000000000001 0.625 0.8975 0.63625 0.8975 0.63625 0.8775000000000001
2 0.645 0.8462500000000001 0.63 0.8462500000000001 0.63 0.875 0.645 0.875 0.645 0.8462500000000001
2 0.6537499999999999 0.82125 0.64 0.82125 0.64 0.8462500000000001 0.6537499999999999 0.8462500000000001 0.6537499999999999 0.82125
2 0.01625 0.18375 0.00125 0.18375 0.00125 0.20125 0.01625 0.20125 0.01625 0.18375
2 0.06625 0.20625 0.045 0.20625 0.045 0.22374999999999998 0.06625 0.22374999999999998 0.06625 0.20625
2 0.09 0.21749999999999997 0.06625 0.21749999999999997 0.06625 0.23374999999999999 0.09 0.23374999999999999 0.09 0.21749999999999997
2 0.32875 0.9112500000000001 0.29375 0.9112500000000001 0.29375 0.9400000000000001 0.32875 0.9400000000000001 0.32875 0.9112500000000001
2 0.31124999999999997 0.5962500000000001 0.29125 0.5962500000000001 0.29125 0.6125 0.31124999999999997 0.6125 0.31124999999999997 0.5962500000000001
2 0.625 0.4225 0.6 0.4225 0.6 0.4375 0.625 0.4375 0.625 0.4225
2 0.9125 0.23625 0.89 0.23625 0.89 0.25 0.9125 0.25 0.9125 0.23625
2 0.9625 0.27999999999999997 0.9475 0.27999999999999997 0.9475 0.29874999999999996 0.9625 0.29874999999999996 0.9625 0.27999999999999997
2 0.93125 0.9675 0.915 0.9675 0.915 0.9925 0.93125 0.9925 0.93125 0.9675
2 0.9550000000000001 0.29625 0.9425000000000001 0.29625 0.9425000000000001 0.31625000000000003 0.9550000000000001 0.31625000000000003 0.9550000000000001 0.29625
2 0.6575 0.14125000000000001 0.635 0.14125000000000001 0.635 0.1575 0.6575 0.1575 0.6575 0.14125000000000001
2 0.6625 0.10874999999999999 0.64125 0.10874999999999999 0.64125 0.12375 0.6625 0.12375 0.6625 0.10874999999999999
2 0.51875 0.14750000000000002 0.5075000000000001 0.14750000000000002 0.5075000000000001 0.16875 0.51875 0.16875 0.51875 0.14750000000000002
2 0.425 0.025 0.40625 0.025 0.40625 0.03875 0.425 0.03875 0.425 0.025
2 0.05125 0.335 0.03125 0.335 0.03125 0.34625 0.05125 0.34625 0.05125 0.335
2 0.1875 0.45625 0.1775 0.45625 0.1775 0.475 0.1875 0.475 0.1875 0.45625
2 0.0675 0.81375 0.04625 0.81375 0.04625 0.82875 0.0675 0.82875 0.0675 0.81375
2 0.095 0.8275 0.075 0.8275 0.075 0.845 0.095 0.845 0.095 0.8275
2 0.12625 0.79 0.10874999999999999 0.79 0.10874999999999999 0.8025 0.12625 0.8025 0.12625 0.79
2 0.6487499999999999 0.7262500000000001 0.63 0.7262500000000001 0.63 0.7375 0.6487499999999999 0.7375 0.6487499999999999 0.7262500000000001
2 0.9962500000000001 0.23875000000000002 0.9737500000000001 0.23875000000000002 0.9737500000000001 0.2525 0.9962500000000001 0.2525 0.9962500000000001 0.23875000000000002