2 0.8474999999999999 0.37124999999999997 0.795 0.37124999999999997 0.795 0.39375 0.8474999999999999 0.39375 0.8474999999999999 0.37124999999999997
2 0.35125 0.84375 0.3 0.84375 0.3 0.8612500000000001 0.35125 0.8612500000000001 0.35125 0.84375
2 0.1625 1 0.1625 0.9862500000000001 0.13999999999999999 0.9862500000000001 0.13999999999999999 1 0.1625 1
2 0.8887499999999999 0.69375 0.8800000000000001 0.69375 0.8800000000000001 0.7150000000000001 0.8887499999999999 0.7150000000000001 0.8887499999999999 0.69375
2 0.8887499999999999 0.865 0.8800000000000001 0.865 0.8800000000000001 0.8875 0.8887499999999999 0.8875 0.8887499999999999 0.865
2 0.89 0.8412499999999999 0.8800000000000001 0.8412499999999999 0.8800000000000001 0.85625 0.89 0.85625 0.89 0.8412499999999999
2 0.8925000000000001 0.67375 0.8825 0.67375 0.8825 0.69375 0.8925000000000001 0.69375 0.8925000000000001 0.67375
2 0.34375 0.44749999999999995 0.32999999999999996 0.44749999999999995 0.32999999999999996 0.47000000000000003 0.34375 0.47000000000000003 0.34375 0.44749999999999995
2 0.33375 0.40125 0.3175 0.40125 0.3175 0.42374999999999996 0.33375 0.42374999999999996 0.33375 0.40125
2 0.3125 0.46125 0.2975 0.46125 0.2975 0.48375 0.3125 0.48375 0.3125 0.46125
2 0.32 0.43624999999999997 0.30625 0.43624999999999997 0.30625 0.4575 0.32 0.4575 0.32 0.43624999999999997
2 0.35625 0.40374999999999994 0.34500000000000003 0.40374999999999994 0.34500000000000003 0.42374999999999996 0.35625 0.42374999999999996 0.35625 0.40374999999999994
2 0.35 0.42625 0.33625 0.42625 0.33625 0.44625000000000004 0.35 0.44625000000000004 0.35 0.42625
2 0.29375 0.5962500000000001 0.27875 0.5962500000000001 0.27875 0.6212500000000001 0.29375 0.6212500000000001 0.29375 0.5962500000000001
2 0.32375 0.50875 0.3125 0.50875 0.3125 0.52625 0.32375 0.52625 0.32375 0.50875
2 0.3175 0.53125 0.30125 0.53125 0.30125 0.55625 0.3175 0.55625 0.3175 0.53125
2 0.305 0.5650000000000001 0.29 0.5650000000000001 0.29 0.585 0.305 0.585 0.305 0.5650000000000001
2 0.365 0.3825 0.34875 0.3825 0.34875 0.40374999999999994 0.365 0.40374999999999994 0.365 0.3825
2 0.27875 0.65 0.25875 0.65 0.25875 0.6775 0.27875 0.6775 0.27875 0.65
2 0.355 0.97 0.33875 0.97 0.33875 0.9925 0.355 0.9925 0.355 0.97
2 0.365 0.975 0.35 0.975 0.35 0.9962500000000001 0.365 0.9962500000000001 0.365 0.975
2 0.38375 0.97625 0.37 0.97625 0.37 0.9974999999999999 0.38375 0.9974999999999999 0.38375 0.97625
2 0.4325 0.9112500000000001 0.41875 0.9112500000000001 0.41875 0.9337500000000001 0.4325 0.9337500000000001 0.4325 0.9112500000000001
2 0.485 0.9112500000000001 0.46749999999999997 0.9112500000000001 0.46749999999999997 0.9337500000000001 0.485 0.9337500000000001 0.485 0.9112500000000001
2 0.5025000000000001 0.92875 0.4875 0.92875 0.4875 0.9487500000000001 0.5025000000000001 0.9487500000000001 0.5025000000000001 0.92875
2 0.33875 0.37374999999999997 0.32625000000000004 0.37374999999999997 0.32625000000000004 0.395 0.33875 0.395 0.33875 0.37374999999999997
2 0.08375 0.2575 0.06 0.2575 0.06 0.2725 0.08375 0.2725 0.08375 0.2575
2 0.39375 0.95375 0.3775 0.95375 0.3775 0.97875 0.39375 0.97875 0.39375 0.95375
2 0.47874999999999995 0.15 0.45875000000000005 0.15 0.45875000000000005 0.1625 0.47874999999999995 0.1625 0.47874999999999995 0.15
2 0.54875 0.13374999999999998 0.5325 0.13374999999999998 0.5325 0.14750000000000002 0.54875 0.14750000000000002 0.54875 0.13374999999999998
2 0.5337500000000001 0.12875 0.515 0.12875 0.515 0.14375 0.5337500000000001 0.14375 0.5337500000000001 0.12875
2 0.18125 0.19 0.1675 0.19 0.1675 0.2125 0.18125 0.2125 0.18125 0.19
2 0.10124999999999999 0.26375000000000004 0.08249999999999999 0.26375000000000004 0.08249999999999999 0.27875 0.10124999999999999 0.27875 0.10124999999999999 0.26375000000000004
2 0.16625 0.23125 0.1525 0.23125 0.1525 0.2525 0.16625 0.2525 0.16625 0.23125
2 0.0375 0.24625 0.013750000000000002 0.24625 0.013750000000000002 0.26 0.0375 0.26 0.0375 0.24625
2 0.24625 0.30375 0.22374999999999998 0.30375 0.22374999999999998 0.31875 0.24625 0.31875 0.24625 0.30375
2 0.27 0.31375000000000003 0.2475 0.31375000000000003 0.2475 0.32875 0.27 0.32875 0.27 0.31375000000000003
2 0.2725 0.28625 0.24874999999999997 0.28625 0.24874999999999997 0.3 0.2725 0.3 0.2725 0.28625
2 0.33125 0.3325 0.30874999999999997 0.3325 0.30874999999999997 0.34750000000000003 0.33125 0.34750000000000003 0.33125 0.3325
2 0.50625 0.15375 0.48375 0.15375 0.48375 0.16875 0.50625 0.16875 0.50625 0.15375
2 0.057499999999999996 0.25125000000000003 0.0375 0.25125000000000003 0.0375 0.26375000000000004 0.057499999999999996 0.26375000000000004 0.057499999999999996 0.25125000000000003
2 0.09375 0.23500000000000001 0.07375000000000001 0.23500000000000001 0.07375000000000001 0.24874999999999997 0.09375 0.24874999999999997 0.09375 0.23500000000000001
2 0.1275 0.26875 0.10500000000000001 0.26875 0.10500000000000001 0.28625 0.1275 0.28625 0.1275 0.26875
2 0.15125 0.27749999999999997 0.13 0.27749999999999997 0.13 0.2925 0.15125 0.2925 0.15125 0.27749999999999997
2 0.17250000000000001 0.28375 0.15125 0.28375 0.15125 0.29874999999999996 0.17250000000000001 0.29874999999999996 0.17250000000000001 0.28375
2 0.195 0.28875 0.175 0.28875 0.175 0.30625 0.195 0.30625 0.195 0.28875
2 0.22125 0.2975 0.19624999999999998 0.2975 0.19624999999999998 0.3125 0.22125 0.3125 0.22125 0.2975
2 0.29 0.32125 0.26875 0.32125 0.26875 0.33375 0.29 0.33375 0.29 0.32125
2 0.31 0.325 0.28875 0.325 0.28875 0.34125 0.31 0.34125 0.31 0.325
2 0.2475 0.27875 0.2225 0.27875 0.2225 0.2925 0.2475 0.2925 0.2475 0.27875
2 0.29375 0.29375 0.27625 0.29375 0.27625 0.30874999999999997 0.29375 0.30874999999999997 0.29375 0.29375
2 0.37 0.9525 0.35750000000000004 0.9525 0.35750000000000004 0.9737500000000001 0.37 0.9737500000000001 0.37 0.9525
2 0.5225 0.8712500000000001 0.5025000000000001 0.8712500000000001 0.5025000000000001 0.8949999999999999 0.5225 0.8949999999999999 0.5225 0.8712500000000001
2 0.60625 0.175 0.57875 0.175 0.57875 0.195 0.60625 0.195 0.60625 0.175
2 0.57375 0.14125000000000001 0.5525 0.14125000000000001 0.5525 0.1525 0.57375 0.1525 0.57375 0.14125000000000001
2 0.57125 0.16999999999999998 0.54875 0.16999999999999998 0.54875 0.185 0.57125 0.185 0.57125 0.16999999999999998
2 0.01125 0.6525000000000001 0.00125 0.6525000000000001 0.00125 0.665 0.01125 0.665 0.01125 0.6525000000000001
2 0.03625 0.6587500000000001 0.015 0.6587500000000001 0.015 0.67 0.03625 0.67 0.03625 0.6587500000000001
2 0.20750000000000002 0.7150000000000001 0.18375 0.7150000000000001 0.18375 0.7275 0.20750000000000002 0.7275 0.20750000000000002 0.7150000000000001
2 0.16875 0.7025 0.14625 0.7025 0.14625 0.7162499999999999 0.16875 0.7162499999999999 0.16875 0.7025
2 0.5475 0.16499999999999998 0.5275000000000001 0.16499999999999998 0.5275000000000001 0.17625 0.5475 0.17625 0.5475 0.16499999999999998
2 0.24500000000000002 0.08875 0.22000000000000003 0.08875 0.22000000000000003 0.10375000000000001 0.24500000000000002 0.10375000000000001 0.24500000000000002 0.08875
2 0.30625 0.10375000000000001 0.28500000000000003 0.10375000000000001 0.28500000000000003 0.11750000000000001 0.30625 0.11750000000000001 0.30625 0.10375000000000001
2 0.32875 0.1075 0.30625 0.1075 0.30625 0.12375 0.32875 0.12375 0.32875 0.1075
2 0.35625 0.1075 0.335 0.1075 0.335 0.12250000000000001 0.35625 0.12250000000000001 0.35625 0.1075
2 0.83625 0.41 0.8237500000000001 0.41 0.8237500000000001 0.43375 0.83625 0.43375 0.83625 0.41
2 0.69375 0.48250000000000004 0.67125 0.48250000000000004 0.67125 0.49874999999999997 0.69375 0.49874999999999997 0.69375 0.48250000000000004
2 0.6950000000000001 0.47375 0.675 0.47375 0.675 0.485 0.6950000000000001 0.485 0.6950000000000001 0.47375
2 0.7025 0.44625000000000004 0.6799999999999999 0.44625000000000004 0.6799999999999999 0.46125 0.7025 0.46125 0.7025 0.44625000000000004
2 0.7025 0.42000000000000004 0.6849999999999999 0.42000000000000004 0.6849999999999999 0.43125 0.7025 0.43125 0.7025 0.42000000000000004
2 0.72375 0.40125 0.71375 0.40125 0.71375 0.42125 0.72375 0.42125 0.72375 0.40125
2 0.73375 0.4 0.7262500000000001 0.4 0.7262500000000001 0.4175 0.73375 0.4175 0.73375 0.4
2 0.745 0.39625 0.73375 0.39625 0.73375 0.4175 0.745 0.4175 0.745 0.39625
2 0.7675 0.40625 0.75875 0.40625 0.75875 0.42750000000000005 0.7675 0.42750000000000005 0.7675 0.40625
2 0.78 0.41500000000000004 0.76875 0.41500000000000004 0.76875 0.4425 0.78 0.4425 0.78 0.41500000000000004
2 0.8125 0.40499999999999997 0.8012499999999999 0.40499999999999997 0.8012499999999999 0.42750000000000005 0.8125 0.42750000000000005 0.8125 0.40499999999999997
2 0.84375 0.42000000000000004 0.8324999999999999 0.42000000000000004 0.8324999999999999 0.44125 0.84375 0.44125 0.84375 0.42000000000000004
2 0.8225 0.35625 0.80375 0.35625 0.80375 0.37 0.8225 0.37 0.8225 0.35625
2 0.8875 0.42374999999999996 0.875 0.42374999999999996 0.875 0.44875 0.8875 0.44875 0.8875 0.42374999999999996
2 0.68125 0.11000000000000001 0.6675 0.11000000000000001 0.6675 0.13125 0.68125 0.13125 0.68125 0.11000000000000001
2 0.6849999999999999 0.08375 0.675 0.08375 0.675 0.10874999999999999 0.6849999999999999 0.10874999999999999 0.6849999999999999 0.08375
2 0.7675 0.034999999999999996 0.755 0.034999999999999996 0.755 0.061250000000000006 0.7675 0.061250000000000006 0.7675 0.034999999999999996
2 0.6912499999999999 0.49375 0.67 0.49375 0.67 0.5075000000000001 0.6912499999999999 0.5075000000000001 0.6912499999999999 0.49375
2 0.8025 0.35 0.78 0.35 0.78 0.36375 0.8025 0.36375 0.8025 0.35
2 0.5862499999999999 0.655 0.57125 0.655 0.57125 0.6775 0.5862499999999999 0.6775 0.5862499999999999 0.655
2 0.655 1 0.655 0.9800000000000001 0.6325000000000001 0.9800000000000001 0.6325000000000001 1 0.655 1
2 0.675 0.9412499999999999 0.655 0.9412499999999999 0.655 0.9637499999999999 0.675 0.9637499999999999 0.675 0.9412499999999999
2 0.68875 0.9225 0.66875 0.9225 0.66875 0.945 0.68875 0.945 0.68875 0.9225
2 0.70125 0.905 0.6825 0.905 0.6825 0.92875 0.70125 0.92875 0.70125 0.905
2 0.5974999999999999 0.3775 0.585 0.3775 0.585 0.39625 0.5974999999999999 0.39625 0.5974999999999999 0.3775
2 0.7787499999999999 0.34375 0.7575000000000001 0.34375 0.7575000000000001 0.36 0.7787499999999999 0.36 0.7787499999999999 0.34375
2 0.67375 0.365 0.6575 0.365 0.6575 0.385 0.67375 0.385 0.67375 0.365
2 0.72875 0.43624999999999997 0.7125 0.43624999999999997 0.7125 0.45625 0.72875 0.45625 0.72875 0.43624999999999997
2 0.69625 0.46125 0.675 0.46125 0.675 0.47625 0.69625 0.47625 0.69625 0.46125
2 0.7112499999999999 0.4 0.7025 0.4 0.7025 0.42000000000000004 0.7112499999999999 0.42000000000000004 0.7112499999999999 0.4
2 0.7 0.43 0.67875 0.43 0.67875 0.44749999999999995 0.7 0.44749999999999995 0.7 0.43
2 0.75875 0.40374999999999994 0.745 0.40374999999999994 0.745 0.42625 0.75875 0.42625 0.75875 0.40374999999999994
2 0.79125 0.41125 0.78 0.41125 0.78 0.43375 0.79125 0.43375 0.79125 0.41125
2 0.8025 0.40750000000000003 0.79125 0.40750000000000003 0.79125 0.43 0.8025 0.43 0.8025 0.40750000000000003
2 0.8675 0.42374999999999996 0.85625 0.42374999999999996 0.85625 0.44625000000000004 0.8675 0.44625000000000004 0.8675 0.42374999999999996
2 0.8574999999999999 0.42125 0.845 0.42125 0.845 0.445 0.8574999999999999 0.445 0.8574999999999999 0.42125
2 0.39249999999999996 0.12375 0.3725 0.12375 0.3725 0.13625 0.39249999999999996 0.13625 0.39249999999999996 0.12375
2 0.17250000000000001 0.2125 0.16 0.2125 0.16 0.23125 0.17250000000000001 0.23125 0.17250000000000001 0.2125
2 0.7625 0.8975 0.7424999999999999 0.8975 0.7424999999999999 0.9075 0.7625 0.9075 0.7625 0.8975
2 0.9349999999999999 0.645 0.91375 0.645 0.91375 0.65625 0.9349999999999999 0.65625 0.9349999999999999 0.645