2 0.82125 0.72 0.79875 0.72 0.79875 0.73625 0.82125 0.73625 0.82125 0.72
2 0.0975 0.37124999999999997 0.045 0.37124999999999997 0.045 0.39375 0.0975 0.39375 0.0975 0.37124999999999997
2 0.8487500000000001 0.76625 0.83125 0.76625 0.83125 0.78625 0.8487500000000001 0.78625 0.8487500000000001 0.76625
2 0.60625 1 0.60625 0.985 0.5962500000000001 0.985 0.5962500000000001 1 0.60625 1
2 0.615 0.94625 0.5962500000000001 0.94625 0.5962500000000001 0.9625 0.615 0.9625 0.615 0.94625
2 0.60375 0.92875 0.5925 0.92875 0.5925 0.95 0.60375 0.95 0.60375 0.92875
2 0.5037499999999999 0.8574999999999999 0.4925 0.8574999999999999 0.4925 0.87625 0.5037499999999999 0.87625 0.5037499999999999 0.8574999999999999
2 0.6837500000000001 0.50625 0.66625 0.50625 0.66625 0.5275000000000001 0.6837500000000001 0.5275000000000001 0.6837500000000001 0.50625
2 0.88375 0.0075 0.8699999999999999 0.0075 0.8699999999999999 0.027500000000000004 0.88375 0.027500000000000004 0.88375 0.0075
2 0.7150000000000001 0.20125 0.7 0.20125 0.7 0.22374999999999998 0.7150000000000001 0.22374999999999998 0.7150000000000001 0.20125
2 0.67875 0.3025 0.6675 0.3025 0.6675 0.3225 0.67875 0.3225 0.67875 0.3025
2 0.55125 0.5549999999999999 0.54 0.5549999999999999 0.54 0.5775 0.55125 0.5775 0.55125 0.5549999999999999
2 0.5962500000000001 0.56375 0.58375 0.56375 0.58375 0.5900000000000001 0.5962500000000001 0.5900000000000001 0.5962500000000001 0.56375
2 0.65 0.49749999999999994 0.635 0.49749999999999994 0.635 0.52 0.65 0.52 0.65 0.49749999999999994
2 0.6849999999999999 0.545 0.6625 0.545 0.6625 0.5587500000000001 0.6849999999999999 0.5587500000000001 0.6849999999999999 0.545
2 0.73625 0.52125 0.7175 0.52125 0.7175 0.5387500000000001 0.73625 0.5387500000000001 0.73625 0.52125
2 0.75625 0.54375 0.7325 0.54375 0.7325 0.5549999999999999 0.75625 0.5549999999999999 0.75625 0.54375
2 0.6837500000000001 0.28250000000000003 0.6725 0.28250000000000003 0.6725 0.3 0.6837500000000001 0.3 0.6837500000000001 0.28250000000000003
2 0.69625 0.23625 0.6837500000000001 0.23625 0.6837500000000001 0.2575 0.69625 0.2575 0.69625 0.23625
2 0.6912499999999999 0.25625 0.67625 0.25625 0.67625 0.27625 0.6912499999999999 0.27625 0.6912499999999999 0.25625
2 0.9525 0.042499999999999996 0.93125 0.042499999999999996 0.93125 0.05500000000000001 0.9525 0.05500000000000001 0.9525 0.042499999999999996
2 0.9775 0.01 0.9625 0.01 0.9625 0.034999999999999996 0.9775 0.034999999999999996 0.9775 0.01
2 0.5525 0.765 0.545 0.765 0.545 0.7849999999999999 0.5525 0.7849999999999999 0.5525 0.765
2 0.5475 0.8525 0.5275000000000001 0.8525 0.5275000000000001 0.8612500000000001 0.5475 0.8612500000000001 0.5475 0.8525
2 0.56375 0.81375 0.5525 0.81375 0.5525 0.83625 0.56375 0.83625 0.56375 0.81375
2 0.34625 0.5525 0.32625000000000004 0.5525 0.32625000000000004 0.56375 0.34625 0.56375 0.34625 0.5525
2 0.13874999999999998 0.69375 0.13 0.69375 0.13 0.7150000000000001 0.13874999999999998 0.7150000000000001 0.13874999999999998 0.69375
2 0.13874999999999998 0.865 0.13 0.865 0.13 0.8875 0.13874999999999998 0.8875 0.13874999999999998 0.865
2 0.13999999999999999 0.8412499999999999 0.13 0.8412499999999999 0.13 0.85625 0.13999999999999999 0.85625 0.13999999999999999 0.8412499999999999
2 0.14250000000000002 0.67375 0.1325 0.67375 0.1325 0.69375 0.14250000000000002 0.69375 0.14250000000000002 0.67375
2 0.31875 0.68625 0.3 0.68625 0.3 0.6975 0.31875 0.6975 0.31875 0.68625
2 0.355 0.72375 0.34500000000000003 0.72375 0.34500000000000003 0.7462500000000001 0.355 0.7462500000000001 0.355 0.72375
2 0.3225 0.5237499999999999 0.3025 0.5237499999999999 0.3025 0.5375 0.3225 0.5375 0.3225 0.5237499999999999
2 0.28250000000000003 0.5575 0.26375000000000004 0.5575 0.26375000000000004 0.57375 0.28250000000000003 0.57375 0.28250000000000003 0.5575
2 0.3275 0.5349999999999999 0.3075 0.5349999999999999 0.3075 0.545 0.3275 0.545 0.3275 0.5349999999999999
2 0.3375 0.5425 0.3175 0.5425 0.3175 0.5549999999999999 0.3375 0.5549999999999999 0.3375 0.5425
2 0.385 0.5962500000000001 0.36375 0.5962500000000001 0.36375 0.60625 0.385 0.60625 0.385 0.5962500000000001
2 0.31375000000000003 0.51625 0.29375 0.51625 0.29375 0.52625 0.31375000000000003 0.52625 0.31375000000000003 0.51625
2 0.35375 0.56375 0.335 0.56375 0.335 0.575 0.35375 0.575 0.35375 0.56375
2 0.3775 0.58375 0.35750000000000004 0.58375 0.35750000000000004 0.5974999999999999 0.3775 0.5974999999999999 0.3775 0.58375
2 0.55125 0.625 0.54125 0.625 0.54125 0.64375 0.55125 0.64375 0.55125 0.625
2 0.55 0.5900000000000001 0.54125 0.5900000000000001 0.54125 0.6174999999999999 0.55 0.6174999999999999 0.55 0.5900000000000001
2 0.35750000000000004 0.4525 0.33375 0.4525 0.33375 0.46624999999999994 0.35750000000000004 0.46624999999999994 0.35750000000000004 0.4525
2 0.3775 0.4575 0.35750000000000004 0.4575 0.35750000000000004 0.47000000000000003 0.3775 0.47000000000000003 0.3775 0.4575
2 0.40625 0.46125 0.38125 0.46125 0.38125 0.475 0.40625 0.475 0.40625 0.46125
2 0.42874999999999996 0.46749999999999997 0.41125 0.46749999999999997 0.41125 0.48 0.42874999999999996 0.48 0.42874999999999996 0.46749999999999997
2 0.45 0.47000000000000003 0.42874999999999996 0.47000000000000003 0.42874999999999996 0.48375 0.45 0.48375 0.45 0.47000000000000003
2 0.95875 0.09125 0.9475 0.09125 0.9475 0.1125 0.95875 0.1125 0.95875 0.09125
2 0.8074999999999999 0.1875 0.7825 0.1875 0.7825 0.2 0.8074999999999999 0.2 0.8074999999999999 0.1875
2 0.9275 0.75125 0.9175000000000001 0.75125 0.9175000000000001 0.7725 0.9275 0.7725 0.9275 0.75125
2 0.8775000000000001 0.825 0.865 0.825 0.865 0.84375 0.8775000000000001 0.84375 0.8775000000000001 0.825
2 0.9125 0.9075 0.89625 0.9075 0.89625 0.9275 0.9125 0.9275 0.9125 0.9075
2 0.88375 0.85875 0.865 0.85875 0.865 0.8787499999999999 0.88375 0.8787499999999999 0.88375 0.85875
2 0.9637499999999999 0.9349999999999999 0.9425000000000001 0.9349999999999999 0.9425000000000001 0.9512499999999999 0.9637499999999999 0.9512499999999999 0.9637499999999999 0.9349999999999999
2 1 0.9012499999999999 0.97625 0.9012499999999999 0.97625 0.91875 1 0.91875 1 0.9012499999999999
2 0.925 1 0.925 0.99 0.9075 0.99 0.9075 1 0.925 1
2 0.08625000000000001 0.41 0.07375000000000001 0.41 0.07375000000000001 0.43375 0.08625000000000001 0.43375 0.08625000000000001 0.41
2 0.017499999999999998 0.40625 0.008749999999999999 0.40625 0.008749999999999999 0.42750000000000005 0.017499999999999998 0.42750000000000005 0.017499999999999998 0.40625
2 0.03 0.41500000000000004 0.01875 0.41500000000000004 0.01875 0.4425 0.03 0.4425 0.03 0.41500000000000004
2 0.0625 0.40499999999999997 0.05125 0.40499999999999997 0.05125 0.42750000000000005 0.0625 0.42750000000000005 0.0625 0.40499999999999997
2 0.09375 0.42000000000000004 0.08249999999999999 0.42000000000000004 0.08249999999999999 0.44125 0.09375 0.44125 0.09375 0.42000000000000004
2 0.0725 0.35625 0.05375 0.35625 0.05375 0.37 0.0725 0.37 0.0725 0.35625
2 0.1375 0.42374999999999996 0.125 0.42374999999999996 0.125 0.44875 0.1375 0.44875 0.1375 0.42374999999999996
2 0.017499999999999998 0.034999999999999996 0.005 0.034999999999999996 0.005 0.061250000000000006 0.017499999999999998 0.061250000000000006 0.017499999999999998 0.034999999999999996
2 0.052500000000000005 0.35 0.03 0.35 0.03 0.36375 0.052500000000000005 0.36375 0.052500000000000005 0.35
2 0.028749999999999998 0.34375 0.0075 0.34375 0.0075 0.36 0.028749999999999998 0.36 0.028749999999999998 0.34375
2 0.008749999999999999 0.40374999999999994 0.00125 0.40374999999999994 0.00125 0.42625 0.008749999999999999 0.42625 0.008749999999999999 0.40374999999999994
2 0.041249999999999995 0.41125 0.03 0.41125 0.03 0.43375 0.041249999999999995 0.43375 0.041249999999999995 0.41125
2 0.052500000000000005 0.40750000000000003 0.041249999999999995 0.40750000000000003 0.041249999999999995 0.43 0.052500000000000005 0.43 0.052500000000000005 0.40750000000000003
2 0.11750000000000001 0.42374999999999996 0.10625 0.42374999999999996 0.10625 0.44625000000000004 0.11750000000000001 0.44625000000000004 0.11750000000000001 0.42374999999999996
2 0.1075 0.42125 0.095 0.42125 0.095 0.445 0.1075 0.445 0.1075 0.42125
2 0.79375 0.41624999999999995 0.775 0.41624999999999995 0.775 0.42874999999999996 0.79375 0.42874999999999996 0.79375 0.41624999999999995
2 0.705 0.81375 0.6950000000000001 0.81375 0.6950000000000001 0.8275 0.705 0.8275 0.705 0.81375
2 0.9012499999999999 0.96125 0.88375 0.96125 0.88375 0.9737500000000001 0.9012499999999999 0.9737500000000001 0.9012499999999999 0.96125
2 0.495 0.48375 0.4725 0.48375 0.4725 0.49375 0.495 0.49375 0.495 0.48375
2 0.3525 0.8675 0.34249999999999997 0.8675 0.34249999999999997 0.8875 0.3525 0.8875 0.3525 0.8675
2 0.18625 0.645 0.16499999999999998 0.645 0.16499999999999998 0.65625 0.18625 0.65625 0.18625 0.645