2 0.052500000000000005 0.85875 0.028749999999999998 0.85875 0.028749999999999998 0.86875 0.052500000000000005 0.86875 0.052500000000000005 0.85875
2 0.052500000000000005 0.8675 0.0325 0.8675 0.0325 0.8800000000000001 0.052500000000000005 0.8800000000000001 0.052500000000000005 0.8675
2 0.052500000000000005 0.88125 0.03 0.88125 0.03 0.89125 0.052500000000000005 0.89125 0.052500000000000005 0.88125
2 0.05125 0.8925000000000001 0.028749999999999998 0.8925000000000001 0.028749999999999998 0.9012499999999999 0.05125 0.9012499999999999 0.05125 0.8925000000000001
2 0.08 0.8637499999999999 0.06999999999999999 0.8637499999999999 0.06999999999999999 0.8925000000000001 0.08 0.8925000000000001 0.08 0.8637499999999999
2 0.05125 0.95875 0.027500000000000004 0.95875 0.027500000000000004 0.9675 0.05125 0.9675 0.05125 0.95875
2 0.05 0.9712500000000001 0.03 0.9712500000000001 0.03 0.9800000000000001 0.05 0.9800000000000001 0.05 0.9712500000000001
2 0.05125 1 0.05125 0.99 0.03125 0.99 0.03125 1 0.05125 1
2 0.1125 0.8699999999999999 0.10124999999999999 0.8699999999999999 0.10124999999999999 0.89125 0.1125 0.89125 0.1125 0.8699999999999999
2 0.14250000000000002 0.865 0.13125 0.865 0.13125 0.8875 0.14250000000000002 0.8875 0.14250000000000002 0.865
2 0.17250000000000001 0.8612500000000001 0.16 0.8612500000000001 0.16 0.8875 0.17250000000000001 0.8875 0.17250000000000001 0.8612500000000001
2 0.18625 0.8625 0.17625 0.8625 0.17625 0.8887499999999999 0.18625 0.8887499999999999 0.18625 0.8625
2 0.0925 0.9087500000000001 0.08249999999999999 0.9087500000000001 0.08249999999999999 0.93125 0.0925 0.93125 0.0925 0.9087500000000001
2 0.11125 0.9075 0.1 0.9075 0.1 0.9324999999999999 0.11125 0.9324999999999999 0.11125 0.9075
2 0.10375000000000001 0.9324999999999999 0.09 0.9324999999999999 0.09 0.9574999999999999 0.10375000000000001 0.9574999999999999 0.10375000000000001 0.9324999999999999
2 0.13125 0.9087500000000001 0.12250000000000001 0.9087500000000001 0.12250000000000001 0.93125 0.13125 0.93125 0.13125 0.9087500000000001
2 0.145 0.9075 0.13125 0.9075 0.13125 0.9324999999999999 0.145 0.9324999999999999 0.145 0.9075
2 0.17250000000000001 0.9087500000000001 0.16125 0.9087500000000001 0.16125 0.93125 0.17250000000000001 0.93125 0.17250000000000001 0.9087500000000001
2 0.13125 0.9337500000000001 0.12 0.9337500000000001 0.12 0.9550000000000001 0.13125 0.9550000000000001 0.13125 0.9337500000000001
2 0.145 0.93125 0.13125 0.93125 0.13125 0.9550000000000001 0.145 0.9550000000000001 0.145 0.93125
2 0.17250000000000001 0.93 0.16 0.93 0.16 0.95375 0.17250000000000001 0.95375 0.17250000000000001 0.93
2 0.18125 0.93 0.17124999999999999 0.93 0.17124999999999999 0.9525 0.18125 0.9525 0.18125 0.93
2 0.19375 0.93 0.18125 0.93 0.18125 0.9512499999999999 0.19375 0.9512499999999999 0.19375 0.93
2 0.2125 0.9262499999999999 0.20125 0.9262499999999999 0.20125 0.9512499999999999 0.2125 0.9512499999999999 0.2125 0.9262499999999999
2 0.12 0.9724999999999999 0.10874999999999999 0.9724999999999999 0.10874999999999999 0.99375 0.12 0.99375 0.12 0.9724999999999999
2 0.13874999999999998 0.9712500000000001 0.13 0.9712500000000001 0.13 0.99375 0.13874999999999998 0.99375 0.13874999999999998 0.9712500000000001
2 0.15 0.9724999999999999 0.13999999999999999 0.9724999999999999 0.13999999999999999 0.99375 0.15 0.99375 0.15 0.9724999999999999
2 0.16 0.9712500000000001 0.14875 0.9712500000000001 0.14875 0.99375 0.16 0.99375 0.16 0.9712500000000001
2 0.17124999999999999 0.9737500000000001 0.16125 0.9737500000000001 0.16125 0.9925 0.17124999999999999 0.9925 0.17124999999999999 0.9737500000000001
2 0.18125 0.9737500000000001 0.17124999999999999 0.9737500000000001 0.17124999999999999 0.9925 0.18125 0.9925 0.18125 0.9737500000000001
2 0.20125 0.9724999999999999 0.19125 0.9724999999999999 0.19125 0.99375 0.20125 0.99375 0.20125 0.9724999999999999
2 0.2125 0.9712500000000001 0.20249999999999999 0.9712500000000001 0.20249999999999999 0.99375 0.2125 0.99375 0.2125 0.9712500000000001
2 0.24 0.9724999999999999 0.22875 0.9724999999999999 0.22875 0.9949999999999999 0.24 0.9949999999999999 0.24 0.9724999999999999
2 0.25125000000000003 0.9737500000000001 0.24 0.9737500000000001 0.24 0.9974999999999999 0.25125000000000003 0.9974999999999999 0.25125000000000003 0.9737500000000001
2 0.8175000000000001 0.5 0.80375 0.5 0.80375 0.52125 0.8175000000000001 0.52125 0.8175000000000001 0.5
2 0.78 0.1875 0.77125 0.1875 0.77125 0.2125 0.78 0.2125 0.78 0.1875