2 0.53625 0.88375 0.51125 0.88375 0.51125 0.8975 0.53625 0.8975 0.53625 0.88375
2 0.5337500000000001 0.8975 0.51125 0.8975 0.51125 0.9112500000000001 0.5337500000000001 0.9112500000000001 0.5337500000000001 0.8975
2 0.53625 0.9237500000000001 0.51 0.9237500000000001 0.51 0.93625 0.53625 0.93625 0.53625 0.9237500000000001
2 0.53625 0.9337500000000001 0.5125 0.9337500000000001 0.5125 0.94625 0.53625 0.94625 0.53625 0.9337500000000001
2 0.5349999999999999 0.945 0.51375 0.945 0.51375 0.95625 0.5349999999999999 0.95625 0.5349999999999999 0.945
2 0.5337500000000001 0.9662499999999999 0.5125 0.9662499999999999 0.5125 0.97875 0.5337500000000001 0.97875 0.5337500000000001 0.9662499999999999
2 0.5337500000000001 0.97875 0.515 0.97875 0.515 0.9887499999999999 0.5337500000000001 0.9887499999999999 0.5337500000000001 0.97875
2 0.53625 1 0.53625 0.9887499999999999 0.5125 0.9887499999999999 0.5125 1 0.53625 1
2 0.60875 0.8574999999999999 0.5862499999999999 0.8574999999999999 0.5862499999999999 0.86875 0.60875 0.86875 0.60875 0.8574999999999999
2 0.60875 0.8699999999999999 0.5875 0.8699999999999999 0.5875 0.88125 0.60875 0.88125 0.60875 0.8699999999999999
2 0.6075 0.88125 0.5875 0.88125 0.5875 0.89125 0.6075 0.89125 0.6075 0.88125
2 0.6075 0.8925000000000001 0.585 0.8925000000000001 0.585 0.9025000000000001 0.6075 0.9025000000000001 0.6075 0.8925000000000001
2 0.60625 0.96 0.585 0.96 0.585 0.97 0.60625 0.97 0.60625 0.96
2 0.6075 0.97 0.5862499999999999 0.97 0.5862499999999999 0.9800000000000001 0.6075 0.9800000000000001 0.6075 0.97
2 0.66875 0.86875 0.655 0.86875 0.655 0.89 0.66875 0.89 0.66875 0.86875
2 0.7275 0.8637499999999999 0.7150000000000001 0.8637499999999999 0.7150000000000001 0.8875 0.7275 0.8875 0.7275 0.8637499999999999
2 0.69875 0.8675 0.6875 0.8675 0.6875 0.8887499999999999 0.69875 0.8887499999999999 0.69875 0.8675
2 0.6475 0.9112500000000001 0.6375 0.9112500000000001 0.6375 0.9337500000000001 0.6475 0.9337500000000001 0.6475 0.9112500000000001
2 0.66875 0.9087500000000001 0.6587500000000001 0.9087500000000001 0.6587500000000001 0.93125 0.66875 0.93125 0.66875 0.9087500000000001
2 0.6587500000000001 0.93625 0.6475 0.93625 0.6475 0.95375 0.6587500000000001 0.95375 0.6587500000000001 0.93625
2 0.6875 0.9324999999999999 0.67625 0.9324999999999999 0.67625 0.95375 0.6875 0.95375 0.6875 0.9324999999999999
2 0.6912499999999999 0.9087500000000001 0.6775 0.9087500000000001 0.6775 0.9324999999999999 0.6912499999999999 0.9324999999999999 0.6912499999999999 0.9087500000000001
2 0.7025 0.90625 0.68875 0.90625 0.68875 0.93125 0.7025 0.93125 0.7025 0.90625
2 0.72875 0.9075 0.7175 0.9075 0.7175 0.9275 0.72875 0.9275 0.72875 0.9075
2 0.7 0.9337500000000001 0.68875 0.9337500000000001 0.68875 0.9550000000000001 0.7 0.9550000000000001 0.7 0.9337500000000001
2 0.73 0.93125 0.71875 0.93125 0.71875 0.95 0.73 0.95 0.73 0.93125
2 0.7375 0.93125 0.7275 0.93125 0.7275 0.9525 0.7375 0.9525 0.7375 0.93125
2 0.75 0.93 0.7375 0.93 0.7375 0.95375 0.75 0.95375 0.75 0.93
2 0.77125 0.93125 0.76 0.93125 0.76 0.9525 0.77125 0.9525 0.77125 0.93125
2 0.67875 0.9737500000000001 0.665 0.9737500000000001 0.665 0.9962500000000001 0.67875 0.9962500000000001 0.67875 0.9737500000000001
2 0.6950000000000001 0.9737500000000001 0.68625 0.9737500000000001 0.68625 0.9925 0.6950000000000001 0.9925 0.6950000000000001 0.9737500000000001
2 0.70375 0.9724999999999999 0.6950000000000001 0.9724999999999999 0.6950000000000001 0.99375 0.70375 0.99375 0.70375 0.9724999999999999
2 0.7150000000000001 0.9724999999999999 0.70625 0.9724999999999999 0.70625 0.99375 0.7150000000000001 0.99375 0.7150000000000001 0.9724999999999999
2 0.7275 0.9737500000000001 0.7162499999999999 0.9737500000000001 0.7162499999999999 0.9925 0.7275 0.9925 0.7275 0.9737500000000001
2 0.73875 0.9737500000000001 0.7275 0.9737500000000001 0.7275 0.9925 0.73875 0.9925 0.73875 0.9737500000000001
2 0.7575000000000001 0.9724999999999999 0.7462500000000001 0.9724999999999999 0.7462500000000001 0.99375 0.7575000000000001 0.99375 0.7575000000000001 0.9724999999999999
2 0.76875 0.9712500000000001 0.7575000000000001 0.9712500000000001 0.7575000000000001 0.9949999999999999 0.76875 0.9949999999999999 0.76875 0.9712500000000001
2 0.7975 0.9724999999999999 0.7875 0.9724999999999999 0.7875 0.9949999999999999 0.7975 0.9949999999999999 0.7975 0.9724999999999999
2 0.80625 0.9724999999999999 0.795 0.9724999999999999 0.795 0.9949999999999999 0.80625 0.9949999999999999 0.80625 0.9724999999999999
2 0.63375 0.13 0.6125 0.13 0.6125 0.1375 0.63375 0.1375 0.63375 0.13